/*--------------------------------*- C++ -*----------------------------------*\
| =========                 |                                                 |
| \\      /  F ield         | OpenFOAM: The Open Source CFD Toolbox           |
|  \\    /   O peration     | Version:  5.x                                   |
|   \\  /    A nd           | Web:      www.OpenFOAM.org                      |
|    \\/     M anipulation  |                                                 |
\*---------------------------------------------------------------------------*/
FoamFile
{
    version     2.0;
    format      ascii;
    class       volScalarField;
    location    "6.45";
    object      p;
}
// * * * * * * * * * * * * * * * * * * * * * * * * * * * * * * * * * * * * * //

dimensions      [0 2 -2 0 0 0 0];

internalField   nonuniform List<scalar> 
10571
(
53.8571
89.1045
78.3551
69.0466
103.915
91.1251
136.211
164.901
174.498
155.482
91.6255
121.017
172.103
204.295
199.015
149.852
147.444
167.508
172.207
132.664
110.95
103.137
67.6545
71.1097
49.0119
52.3262
50.7673
48.8362
48.0612
52.43
46.3277
42.8406
39.8837
58.8199
52.6039
51.4173
24.0879
15.4386
23.4571
46.8061
49.8258
9.23252
10.8296
25.415
26.5168
12.533
10.7189
11.6945
43.9194
11.486
38.3868
41.2868
38.9024
18.5367
3.33104
3.37227
2.71288
4.90578
5.6612
6.27727
1.48624
1.89751
2.19881
3.32974
2.09626
1.88215
2.22574
3.0175
4.22693
3.31149
9.37652
9.383
2.06423
2.45738
2.11361
2.18354
2.06044
2.4781
2.11529
2.22374
2.36941
2.80315
2.74264
2.71536
2.74141
2.71453
2.60672
2.82769
2.42632
2.54743
2.36234
2.57744
2.78235
2.46774
1.77254
2.13501
2.70916
2.51083
2.55116
2.67668
2.56758
2.53946
2.7819
2.84297
2.5804
2.58411
2.51637
2.53784
2.62301
2.60267
2.56711
2.60104
2.47611
2.47102
2.51673
2.49171
2.54395
2.49061
2.56177
2.50287
2.58782
2.5501
2.57431
2.5967
2.60087
2.55503
2.53463
2.59332
2.54275
2.55164
2.56245
2.5225
2.5289
2.53428
2.5455
2.54205
2.57333
2.55871
2.49552
2.45279
2.50366
2.47787
2.51536
2.43375
2.47494
2.44769
2.59039
2.5566
2.56537
2.58692
2.60267
2.54942
2.55303
2.58109
2.53994
2.54642
2.55884
2.53511
2.53612
2.54239
2.55791
2.57681
2.54896
2.56016
2.50784
2.46664
2.51457
2.50159
2.54158
2.56079
2.39751
2.48814
2.43761
2.56796
2.5499
2.56551
2.57195
2.58015
2.53561
2.5536
2.56894
2.53992
2.5539
2.56435
2.54075
2.53847
2.55826
2.56094
2.59355
2.55433
2.56384
2.51977
2.48394
2.53419
2.51401
2.54171
2.55875
2.40064
2.49061
2.42949
2.56497
2.54281
2.5648
2.56408
2.56474
2.52411
2.5434
2.54688
2.55883
2.5585
2.58069
2.53876
2.53369
2.56346
2.56316
2.58191
2.55456
2.574
2.5289
2.50789
2.53451
2.55234
2.55218
2.49584
2.52333
2.54878
2.57435
2.53598
2.55072
2.55702
2.55953
2.52274
2.53385
2.53288
2.56076
2.54616
2.53658
2.5303
2.55438
2.55594
2.55695
2.55477
2.53317
2.55049
2.54729
2.57432
2.55661
2.57629
2.53558
2.66599
2.56648
2.52911
2.52928
2.54546
2.55577
2.52819
2.52198
2.52898
2.55068
2.55206
2.54051
2.53114
2.54785
2.54852
2.54032
2.54508
2.53501
2.5716
2.54153
2.56397
2.55328
2.57638
2.55253
2.62331
2.55237
2.52955
2.51624
2.53434
2.55135
2.53416
2.51996
2.53373
2.54981
2.55272
2.55026
2.53704
2.54611
2.54783
2.5454
2.54864
2.53871
2.5647
2.54046
2.55088
2.55046
2.58174
2.59575
2.58453
2.5485
2.54614
2.52478
2.53511
2.54911
2.53944
2.53065
2.54659
2.55791
2.55662
2.56064
2.54916
2.54283
2.54874
2.55666
2.55898
2.54237
2.56237
2.55526
2.55089
2.55417
2.56917
2.57684
2.56979
2.55567
2.56883
2.54521
2.54512
2.55013
2.55522
2.54681
2.56101
2.57109
2.56451
2.57202
2.56072
2.5497
2.56309
2.56651
2.56723
2.54434
2.55941
2.56594
2.55744
2.56151
2.56049
2.56955
2.56644
2.56947
2.5887
2.56577
2.56277
2.55325
2.57377
2.56405
2.57069
2.57837
2.57017
2.57182
2.56438
2.56043
2.57273
2.56958
2.57225
2.55049
2.55317
2.56934
2.56231
2.56778
2.56059
2.56811
2.56692
2.57807
2.59965
2.58116
2.57677
2.5617
2.59178
2.5719
2.57334
2.57661
2.57164
2.58154
2.57355
2.55856
2.57335
2.57009
2.57482
2.55513
2.54802
2.56954
2.56728
2.57147
2.56417
2.56899
2.56836
2.58134
2.60348
2.58746
2.57852
2.57131
2.60688
2.57972
2.57292
2.57447
2.57081
2.59023
2.58038
2.55785
2.5697
2.57199
2.57348
2.55782
2.54517
2.56863
2.57137
2.57473
2.56846
2.57112
2.57038
2.58344
2.60275
2.58968
2.57995
2.57547
2.60924
2.58702
2.57055
2.57354
2.56962
2.599
2.59619
2.56385
2.56647
2.57063
2.57163
2.58426
2.55323
2.56794
2.57201
2.57572
2.57256
2.5733
2.57242
2.58392
2.59798
2.59024
2.58447
2.57935
2.5997
2.58918
2.57025
2.57086
2.56915
2.60813
2.60959
2.57449
2.56773
2.57329
2.57251
2.60167
2.56589
2.56867
2.57185
2.57613
2.57462
2.57311
2.57262
2.58218
2.59
2.58476
2.58407
2.57902
2.59074
2.58058
2.56974
2.56921
2.5711
2.6012
2.59835
2.56924
2.56802
2.57279
2.57241
2.58978
2.55933
2.56457
2.56909
2.57438
2.56831
2.56862
2.56966
2.57779
2.58093
2.5767
2.57867
2.57494
2.57932
2.56734
2.56837
2.56687
2.57163
2.58068
2.57461
2.55553
2.56345
2.57176
2.56768
2.57346
2.55269
2.55796
2.56729
2.57115
2.56302
2.56308
2.56711
2.57502
2.57205
2.57088
2.5728
2.56983
2.56829
2.55953
2.56495
2.56244
2.56602
2.56765
2.56213
2.55145
2.55593
2.56731
2.56101
2.56373
2.55306
2.55378
2.56619
2.56753
2.55938
2.55797
2.56645
2.56866
2.56374
2.56457
2.56445
2.56451
2.55864
2.55259
2.55759
2.55764
2.5597
2.55895
2.55465
2.54946
2.55081
2.55947
2.55596
2.55823
2.55369
2.55134
2.56494
2.56428
2.5578
2.55464
2.56629
2.56069
2.5565
2.558
2.55684
2.56134
2.55149
2.54448
2.54939
2.55733
2.5566
2.55246
2.54818
2.54439
2.5481
2.55302
2.55381
2.55414
2.55018
2.55224
2.56382
2.5624
2.55662
2.55455
2.56628
2.55454
2.55129
2.55059
2.55091
2.55753
2.54699
2.54033
2.54486
2.5591
2.5554
2.54808
2.54336
2.54087
2.54839
2.54968
2.5532
2.55235
2.5476
2.5568
2.56283
2.56187
2.55664
2.55776
2.56584
2.54979
2.55
2.5465
2.54544
2.55349
2.54628
2.54203
2.54388
2.55416
2.55498
2.54665
2.54137
2.54175
2.55066
2.55363
2.55389
2.55296
2.54876
2.56141
2.56234
2.56228
2.55705
2.56095
2.56466
2.54758
2.5524
2.54723
2.54289
2.55085
2.54943
2.54852
2.54338
2.5495
2.55589
2.54836
2.54223
2.54582
2.55488
2.55944
2.55647
2.55419
2.551
2.56269
2.5622
2.56449
2.55743
2.56252
2.56432
2.54978
2.55654
2.55164
2.54433
2.55204
2.55471
2.55464
2.55075
2.54895
2.5585
2.55256
2.54726
2.55018
2.55674
2.56311
2.56237
2.55494
2.55318
2.56209
2.56474
2.56726
2.5586
2.56234
2.5647
2.55544
2.56027
2.55687
2.55131
2.55687
2.55929
2.55655
2.56214
2.55303
2.56137
2.55714
2.5552
2.55748
2.56
2.56507
2.57392
2.55418
2.55763
2.56177
2.56353
2.5678
2.56134
2.56206
2.56468
2.56074
2.56328
2.56121
2.55926
2.56122
2.56142
2.55733
2.56734
2.55715
2.56281
2.56025
2.55923
2.56333
2.57055
2.56827
2.57188
2.55215
2.5605
2.565
2.56207
2.56868
2.56528
2.56559
2.56584
2.56408
2.56543
2.56417
2.5635
2.56279
2.56199
2.55903
2.56548
2.56131
2.56366
2.56217
2.55955
2.56682
2.57659
2.57001
2.57116
2.55192
2.56122
2.56337
2.56596
2.57097
2.56949
2.56932
2.56797
2.5665
2.56711
2.56593
2.56571
2.55941
2.56148
2.56187
2.5639
2.56239
2.56366
2.56398
2.55933
2.56658
2.56901
2.56455
2.57005
2.55302
2.56126
2.56184
2.56953
2.58252
2.57073
2.56935
2.56888
2.56908
2.56893
2.56742
2.56712
2.55544
2.56127
2.5641
2.56348
2.55962
2.56278
2.56658
2.56
2.56455
2.5613
2.56175
2.56592
2.55651
2.5604
2.56578
2.57239
2.57559
2.56822
2.56825
2.57117
2.57268
2.57095
2.56936
2.56939
2.55647
2.56204
2.5655
2.56377
2.55515
2.56136
2.56985
2.56306
2.56427
2.56139
2.55831
2.56273
2.56266
2.55923
2.56533
2.57035
2.57142
2.56681
2.56896
2.57823
2.57572
2.57272
2.57209
2.57237
2.56331
2.56425
2.56606
2.56354
2.55316
2.56075
2.57271
2.56725
2.56468
2.56142
2.55505
2.56068
2.56775
2.55922
2.5628
2.56574
2.56692
2.5672
2.57269
2.57734
2.57583
2.57364
2.57521
2.57537
2.57003
2.5666
2.56592
2.56369
2.55711
2.56188
2.5738
2.57011
2.56475
2.56221
2.55537
2.56044
2.57444
2.55767
2.55673
2.56144
2.5642
2.56497
2.56269
2.56516
2.57298
2.57182
2.57235
2.57337
2.5714
2.56959
2.56736
2.56632
2.56123
2.56449
2.57283
2.57122
2.56377
2.56416
2.55745
2.56197
2.57895
2.561
2.55405
2.56099
2.56417
2.56212
2.55116
2.55865
2.5704
2.56941
2.56891
2.57039
2.57123
2.56848
2.56793
2.56574
2.56384
2.56647
2.57006
2.56897
2.56447
2.56801
2.55966
2.56367
2.57556
2.56578
2.55638
2.5632
2.5656
2.56275
2.54775
2.56053
2.56862
2.56751
2.56748
2.56863
2.56982
2.56525
2.56906
2.56432
2.56406
2.56529
2.56637
2.56575
2.56453
2.56817
2.56199
2.56462
2.57073
2.56626
2.55931
2.56507
2.56654
2.57052
2.55681
2.56656
2.56682
2.56542
2.56585
2.56572
2.5659
2.56359
2.56814
2.56265
2.5631
2.5631
2.56328
2.56203
2.56325
2.56529
2.56282
2.56414
2.56613
2.5636
2.56221
2.56467
2.5657
2.56888
2.5651
2.5677
2.56523
2.56298
2.56287
2.5639
2.56339
2.56116
2.56389
2.56186
2.56246
2.56127
2.56079
2.55859
2.56102
2.56243
2.56162
2.5627
2.56298
2.56238
2.56114
2.56271
2.5639
2.56419
2.56632
2.56592
2.56174
2.56056
2.56012
2.56152
2.56152
2.5586
2.56026
2.56133
2.56132
2.56001
2.55821
2.55557
2.55891
2.55913
2.55912
2.56094
2.56052
2.56037
2.55826
2.56036
2.5619
2.56138
2.56344
2.56374
2.55853
2.5582
2.55761
2.55864
2.55943
2.55647
2.55764
2.56195
2.55961
2.55883
2.55596
2.55318
2.55633
2.55615
2.5562
2.55887
2.55862
2.55838
2.55627
2.55822
2.55985
2.55942
2.5605
2.56193
2.55576
2.55597
2.55522
2.55543
2.55707
2.55486
2.55545
2.56203
2.55523
2.55586
2.55374
2.55214
2.55378
2.55372
2.55289
2.55572
2.55696
2.55684
2.55513
2.55649
2.55726
2.55788
2.55834
2.56003
2.55357
2.55426
2.55329
2.55227
2.55476
2.55348
2.55379
2.55779
2.55123
2.55144
2.55279
2.55199
2.5518
2.55184
2.54975
2.55269
2.55546
2.55546
2.55426
2.55455
2.55412
2.55663
2.55614
2.55789
2.55182
2.55291
2.55141
2.54984
2.55281
2.55212
2.55199
2.55412
2.54775
2.54888
2.55257
2.55164
2.5504
2.55129
2.54674
2.55045
2.55406
2.55372
2.55328
2.55243
2.5511
2.55478
2.55435
2.55504
2.5502
2.55171
2.54972
2.54857
2.5511
2.55104
2.54961
2.5513
2.54546
2.54839
2.55364
2.55179
2.54852
2.55049
2.54473
2.54923
2.55315
2.55192
2.55185
2.54993
2.54906
2.55292
2.55262
2.55212
2.54853
2.55097
2.54833
2.54714
2.54939
2.55045
2.54708
2.54853
2.54412
2.54981
2.55396
2.55283
2.54772
2.54836
2.54469
2.54878
2.55372
2.55011
2.54975
2.54781
2.54858
2.55043
2.55049
2.55026
2.54719
2.55036
2.54707
2.54598
2.54787
2.55012
2.54527
2.5457
2.54389
2.55069
2.55208
2.55219
2.54839
2.54653
2.54593
2.54997
2.55221
2.54795
2.54715
2.54611
2.54848
2.54799
2.54827
2.54901
2.54655
2.5496
2.54648
2.54592
2.54681
2.54924
2.5434
2.54378
2.54381
2.54966
2.55002
2.54981
2.5483
2.54568
2.5464
2.55095
2.54815
2.54493
2.54472
2.54479
2.54931
2.54507
2.54627
2.54804
2.54657
2.54879
2.54665
2.54625
2.54604
2.54792
2.54333
2.542
2.54294
2.54716
2.54873
2.54801
2.54717
2.54515
2.54641
2.55013
2.54614
2.54308
2.54237
2.54582
2.55142
2.54381
2.54494
2.54707
2.54678
2.5482
2.54712
2.54629
2.54535
2.54739
2.54349
2.54162
2.54264
2.54446
2.54828
2.54723
2.54701
2.54381
2.54438
2.54677
2.54666
2.54224
2.54246
2.54479
2.54909
2.54418
2.5445
2.54585
2.54675
2.54803
2.5474
2.54644
2.54446
2.54844
2.54527
2.54254
2.54222
2.54218
2.54836
2.54728
2.5471
2.54312
2.54144
2.54254
2.54807
2.54239
2.54242
2.54188
2.54335
2.54679
2.54574
2.54459
2.5461
2.54849
2.54768
2.54581
2.54305
2.54784
2.54888
2.54205
2.54108
2.53978
2.54921
2.5479
2.54659
2.54188
2.53814
2.53853
2.54858
2.54489
2.5414
2.54135
2.53971
2.54947
2.54595
2.54387
2.54499
2.54961
2.54747
2.5447
2.54107
2.5505
2.54904
2.54034
2.53862
2.53657
2.55087
2.5499
2.5455
2.53955
2.53377
2.53428
2.54881
2.54565
2.53946
2.53989
2.53612
2.54867
2.54482
2.54071
2.54368
2.55022
2.54691
2.54322
2.53846
2.55221
2.54805
2.53792
2.53407
2.5319
2.55267
2.55164
2.54537
2.53643
2.52867
2.52856
2.54936
2.54412
2.53594
2.53447
2.53088
2.54598
2.54232
2.53656
2.54236
2.55067
2.54649
2.54164
2.5351
2.55365
2.54716
2.53487
2.52698
2.52495
2.55533
2.55318
2.54589
2.53258
2.52154
2.52077
2.55094
2.54406
2.53229
2.52754
2.5234
2.54405
2.53819
2.53166
2.54123
2.55199
2.54653
2.54026
2.53064
2.55518
2.54723
2.52977
2.51706
2.514
2.5584
2.55402
2.54699
2.52934
2.51182
2.50892
2.55343
2.5463
2.52905
2.51994
2.51322
2.54409
2.53493
2.52642
2.54027
2.55452
2.5471
2.53907
2.52489
2.55847
2.54896
2.52475
2.50162
2.49682
2.55991
2.55567
2.54972
2.52516
2.49635
2.48939
2.55665
2.5481
2.5271
2.51085
2.49841
2.54593
2.53277
2.52159
2.53909
2.5577
2.5478
2.53761
2.51721
2.5639
2.54886
2.51928
2.48012
2.46502
2.56589
2.5653
2.55799
2.52226
2.47306
2.45133
2.56207
2.55079
2.52341
2.49937
2.47541
2.54948
2.53157
2.5167
2.5364
2.56011
2.54798
2.53391
2.50673
2.56839
2.54797
2.51058
2.44446
2.40451
2.57775
2.58112
2.57561
2.51933
2.43697
2.36682
2.57252
2.55675
2.51903
2.481
2.43496
2.55568
2.52993
2.51152
2.53208
2.56068
2.5462
2.52714
2.49332
2.569
2.54661
2.50305
2.39625
2.2516
2.58543
2.5838
2.58667
2.51676
2.38775
2.16306
2.58603
2.56596
2.51633
2.45466
2.35281
2.56565
2.52959
2.50669
2.52818
2.56023
2.54305
2.52078
2.47974
2.57071
2.54132
2.48621
2.34777
1.86808
2.58972
2.58674
2.57675
2.51083
2.33627
1.8429
-2.09978
2.60077
2.57178
2.51675
2.42292
2.16526
2.56946
2.53223
2.5089
2.52706
2.55374
2.53919
2.51723
2.47329
2.56168
2.53277
2.48172
2.33681
1.66576
0.0289205
2.58769
2.57894
2.54493
2.49826
2.32653
1.83196
0.0100421
2.61446
2.56513
2.50698
2.40849
1.96277
2.56505
2.53448
2.51416
2.52923
2.53056
2.53377
2.51814
2.48166
2.54545
2.51903
2.49244
2.38764
1.90542
0.470685
2.57365
2.56287
2.52436
2.48241
2.37166
1.92017
0.513795
2.59048
2.55314
2.50624
2.43644
2.1402
0.732827
2.56096
2.53651
2.52169
2.53242
2.54903
2.5346
2.51965
2.50346
2.54027
2.51338
2.49428
2.42579
2.0028
0.610448
2.55866
2.54787
2.5214
2.48214
2.40292
2.13775
0.462156
2.57041
2.53788
2.51993
2.45308
2.30523
2.57874
2.54174
2.52745
2.53312
2.54967
2.54022
2.52126
2.52216
2.53919
2.51642
2.51067
2.46972
2.2549
2.54883
2.53916
2.51909
2.48497
2.44744
2.25806
-0.535747
2.55475
2.53793
2.5213
2.48365
2.5235
2.57557
2.54488
2.53541
2.52717
2.54355
2.53371
2.52129
2.53164
2.53439
2.51403
2.53152
2.50156
2.50958
2.5425
2.53274
2.51039
2.5022
2.47944
2.51455
2.54365
2.52553
2.51696
2.5097
2.55935
2.55877
2.54944
2.54219
2.50952
2.52928
2.51163
2.51216
2.52916
2.52052
2.50398
2.52171
2.51307
2.57908
2.53594
2.52477
2.50519
2.50738
2.48859
2.56174
2.53619
2.51563
2.51483
2.50979
2.55415
2.54487
2.54646
2.54668
2.48785
2.51297
2.49014
2.49574
2.52054
2.50546
2.49757
2.50858
2.51943
2.58739
2.52891
2.51441
2.49921
2.49893
2.49849
2.56123
2.52951
2.51327
2.50892
2.50541
2.55058
2.5333
2.53357
2.55043
2.48463
2.50954
2.48321
2.48532
2.51069
2.50386
2.49834
2.50398
2.51987
2.58631
2.52447
2.50744
2.50089
2.49989
2.50052
2.55199
2.52327
2.5087
2.50913
2.50956
2.54651
2.52523
2.52283
2.54342
2.49559
2.52374
2.48967
2.48418
2.5169
2.51673
2.50544
2.51068
2.52846
2.58477
2.52747
2.5128
2.5062
2.50195
2.50267
2.54802
2.51805
2.50959
2.50592
2.50626
2.53566
2.51854
2.51493
2.52828
2.50422
2.55582
2.51039
2.49767
2.54546
2.53623
2.51437
2.52803
2.54394
2.58561
2.54217
2.52621
2.51428
2.51612
2.50365
2.54773
2.51865
2.5005
2.50973
2.50699
2.5293
2.50482
2.50935
2.52237
2.54358
2.59951
2.54357
2.51354
2.58243
2.56213
2.53073
2.53346
2.57207
2.60984
2.56495
2.53958
2.52595
2.51972
2.53618
2.56466
2.52882
2.51074
2.51086
2.51006
2.52705
2.51453
2.50888
2.51611
2.60152
2.63243
2.57543
2.54385
2.61415
2.58555
2.5449
2.54833
2.58864
2.6421
2.60309
2.55976
2.5322
2.52874
2.54798
2.59933
2.55356
2.5213
2.51774
2.52179
2.54893
2.53172
2.51502
2.52166
150.165
135.766
155.298
153.121
133.345
151.407
156.23
162.243
159.134
157.389
168.656
178.513
177.46
168.768
168.499
184.693
192.78
168.497
175.652
197.457
203.436
187.293
188.627
216.401
218.25
211.502
174.944
167.925
180.558
185.208
194.964
198.815
212.095
222.1
237.1
241.225
258.792
244.298
250.528
268.94
274.229
254.267
253.832
274.74
268.109
233.222
244.053
222.936
176.343
192.134
196.921
207.726
217.264
211.396
220.802
246.665
265.689
247.06
262.439
273.519
277.663
266.651
265.331
273.76
264.22
258.725
246.217
237.585
219.184
225.698
196.635
213.143
225.535
203.575
215.576
239.933
248.027
221.429
219.128
247.332
239.62
211.529
201.238
225.681
198.308
185.917
169.148
189.973
191.228
183.716
170.048
150.049
160.67
153.964
142.41
154.491
81.6984
52.5307
55.6771
72.382
65.0245
48.4252
51.0453
49.2188
62.86
66.3271
48.071
48.7448
48.8322
87.924
51.2146
79.8205
53.2804
87.5943
86.9078
87.5888
54.039
53.629
54.2266
54.1249
124.432
125.959
143.016
54.4098
61.284
62.7819
73.0966
145.101
78.8144
78.3441
83.8995
93.5729
53.0368
52.639
53.6326
160.593
143.939
87.0346
85.5106
76.2818
114.866
130.242
53.239
54.85
62.2744
136.407
126.142
73.223
69.6349
53.9011
140.648
77.0101
146.898
148.604
145.4
83.5033
76.9874
88.4426
82.6906
105.14
91.2317
84.3224
58.9135
34.7633
25.415
19.9203
39.0316
128.762
62.439
84.0291
65.1317
28.1144
13.7144
11.3618
58.5747
54.9301
14.409
13.4768
12.2477
14.5938
51.412
49.9486
49.5463
50.5089
49.6505
48.1634
49.3071
47.951
48.8636
48.3159
47.6753
47.2294
46.9701
48.0062
47.5588
52.8858
52.376
51.9167
52.744
52.4373
50.9153
50.9182
52.1102
51.9996
49.9819
49.1891
53.2201
47.8687
46.7663
46.9289
45.2729
56.2691
42.9175
52.9686
52.7624
52.8265
52.5174
52.4871
52.6383
56.381
54.2939
38.8138
40.5403
40.0274
52.5541
52.5358
52.7254
52.6945
43.9979
48.0374
36.9149
35.6643
35.9334
30.7114
50.7757
22.5842
48.5098
45.8132
40.1356
15.2653
18.3898
5.06834
5.26163
19.0828
13.3662
15.6751
15.6321
18.5091
13.3406
16.5804
22.2008
20.1002
6.30547
9.55368
9.62962
10.7698
10.8812
10.8209
10.3431
10.5976
12.3638
11.0475
11.9838
12.5864
26.3173
2.78364
43.2797
39.1042
41.8544
15.9102
5.08163
15.9723
42.9798
42.2269
22.552
24.839
19.8997
40.8276
6.58539
9.4562
2.18949
26.1266
14.2761
28.9713
2.3713
2.77232
2.44238
2.82891
23.7928
34.2785
14.8119
4.96118
2.70603
3.31304
2.30216
6.13751
2.05622
13.5188
10.0898
11.7073
2.16333
1.79112
2.00419
3.9129
7.17476
1.89364
1.99796
1.94827
4.90989
2.90874
1.69741
1.88318
2.00992
5.9315
3.86859
2.01611
1.91284
1.86821
2.29917
2.22837
2.27891
2.07179
2.06354
2.26786
2.19008
2.40426
2.46105
6.14392
7.51145
8.85088
1.92324
1.75307
2.16566
1.99414
1.7982
2.39658
2.461
8.37343
8.92489
2.27135
3.23981
4.2215
9.57566
9.68375
3.31767
4.83876
3.86209
3.31803
2.28531
2.68468
1.99912
2.14072
2.18655
2.59216
2.7194
2.61065
2.30647
2.0393
2.53484
2.54777
2.56447
1.85517
2.69842
2.51269
2.56526
2.33794
2.46165
2.30507
2.58738
2.64195
2.57455
2.69148
2.24219
2.06439
2.39382
2.67948
2.52064
2.61772
2.43887
2.65087
2.51771
2.50839
2.5877
2.55378
2.55581
2.50624
2.50739
2.79732
2.79568
2.49436
2.45857
2.49808
2.71767
2.66308
2.46591
2.4221
2.45327
2.83471
2.82835
2.47038
2.51023
2.45421
2.50318
2.38927
2.46572
2.37405
2.40559
2.39888
2.43883
2.4366
2.43021
2.72835
2.44275
2.54742
2.28665
2.45498
2.45501
2.52519
2.42377
2.45095
2.47854
1.86233
1.67205
2.50862
2.55193
2.46905
1.5555
1.60708
2.6418
2.56748
2.62231
2.54899
2.53527
2.57961
2.65544
2.56307
2.62526
2.59153
2.58536
2.59019
2.69956
2.70726
2.6176
2.61222
2.61541
2.60885
2.58696
2.52141
2.56052
2.51623
2.52152
2.54656
2.5767
2.58214
2.56792
2.57994
2.53848
2.52986
2.49701
2.57603
2.56671
2.57557
2.54852
2.54713
2.54215
2.52539
2.51319
2.51444
2.54113
2.5279
2.52777
2.62996
2.65599
2.50721
2.51111
2.53312
2.53277
2.54102
2.51747
2.50538
2.50532
2.62016
2.57465
2.5088
2.52852
2.49794
2.52277
2.48168
2.46982
2.46205
2.4511
2.46526
2.48923
2.46508
2.44411
2.5604
2.46818
2.52631
2.40691
2.50991
2.4614
2.51069
2.50707
2.48555
2.46748
2.57155
2.59878
2.43986
2.49543
2.4886
2.63711
2.56948
2.48175
2.50174
2.47246
2.45235
2.56926
2.5677
2.57738
2.58516
2.58217
2.57866
2.57499
2.57833
2.59345
2.59916
2.59217
2.5937
2.60445
2.59743
2.60451
2.55422
2.55443
2.55645
2.55495
2.57411
2.56123
2.56271
2.55943
2.56801
2.57856
2.59213
2.56856
2.60909
2.58641
2.5956
2.57684
2.56312
2.5648
2.54512
2.53425
2.53443
2.5436
2.5377
2.53609
2.55503
2.57081
2.57238
2.54176
2.55235
2.52688
2.54351
2.56777
2.56352
2.56587
2.56009
2.56582
2.56301
2.56232
2.51795
2.52873
2.52838
2.52654
2.52495
2.59991
2.52757
2.57413
2.54134
2.56023
2.53691
2.56982
2.56542
2.56483
2.56741
2.55917
2.56265
2.56201
2.56562
2.51209
2.50881
2.49975
2.49345
2.47955
2.4969
2.49883
2.48543
2.47307
2.5169
2.46496
2.50843
2.49253
2.5232
2.45683
2.49872
2.52818
2.47362
2.4523
2.44603
2.43035
2.41042
2.4048
2.41609
2.44467
2.4666
2.48318
2.4464
2.4865
2.44814
2.56465
2.56144
2.57567
2.56978
2.57209
2.56913
2.56916
2.5666
2.59066
2.60311
2.58091
2.58242
2.59678
2.61004
2.60247
2.54739
2.53977
2.5602
2.55408
2.56034
2.55407
2.55837
2.54809
2.5516
2.58328
2.58933
2.57389
2.59192
2.57967
2.57698
2.57254
2.55842
2.56073
2.55621
2.56178
2.56144
2.56796
2.5615
2.56905
2.54014
2.53998
2.53805
2.53411
2.53927
2.5378
2.55663
2.53819
2.55752
2.549
2.55593
2.54369
2.56303
2.56566
2.56422
2.56553
2.55753
2.566
2.56542
2.56658
2.53422
2.53025
2.53935
2.53909
2.53359
2.5607
2.54636
2.5661
2.55201
2.56061
2.55247
2.56126
2.56432
2.5632
2.56429
2.56171
2.56703
2.55923
2.56342
2.51607
2.52088
2.50084
2.49727
2.48138
2.51343
2.50579
2.49932
2.48006
2.52902
2.43516
2.47225
2.50561
2.51369
2.4038
2.45619
2.55464
2.53914
2.55231
2.56548
2.55876
2.56563
2.44681
2.4484
2.3831
2.41493
2.38572
2.38077
2.41617
2.46235
2.49834
2.48575
2.47106
2.49984
2.42334
2.56015
2.55945
2.56356
2.56988
2.56208
2.56572
2.57021
2.56189
2.56887
2.58459
2.55977
2.5595
2.56941
2.5846
2.57171
2.5329
2.52918
2.55662
2.54174
2.54604
2.54646
2.55446
2.53701
2.54225
2.57254
2.56582
2.56372
2.57112
2.56704
2.55652
2.55787
2.55288
2.5664
2.54746
2.56917
2.56378
2.57034
2.56991
2.57413
2.52734
2.53834
2.53556
2.52249
2.5367
2.5331
2.56547
2.55009
2.56875
2.55674
2.5712
2.5543
2.57354
2.56855
2.56637
2.56807
2.57276
2.57285
2.5709
2.57093
2.53998
2.53466
2.54043
2.53771
2.53398
2.56375
2.5565
2.56238
2.55355
2.56586
2.55465
2.56384
2.56818
2.55914
2.56509
2.5671
2.56949
2.56083
2.5683
2.52561
2.52847
2.51131
2.50783
2.48676
2.52447
2.51681
2.51489
2.49526
2.52607
2.39506
2.47521
2.53462
2.55125
2.45944
2.50749
2.55478
2.54707
2.55791
2.56622
2.56152
2.56879
2.46218
2.48497
2.41091
2.43427
2.44164
2.4686
2.4758
2.48138
2.50612
2.51162
2.51822
2.5176
2.48046
2.55708
2.55243
2.57271
2.56865
2.56694
2.58049
2.56356
2.57166
2.55911
2.56035
2.57342
2.56179
2.55673
2.56346
2.55937
2.52726
2.52673
2.55081
2.53285
2.53735
2.53942
2.54574
2.52924
2.53243
2.56241
2.54912
2.55403
2.56127
2.56005
2.54532
2.55289
2.55072
2.54877
2.52094
2.53477
2.53123
2.52247
2.53337
2.53015
2.58435
2.55777
2.58253
2.55519
2.57917
2.5573
2.57848
2.57745
2.58067
2.57536
2.58604
2.57845
2.59249
2.58055
2.53414
2.53302
2.5371
2.5312
2.53227
2.57286
2.55598
2.57181
2.55375
2.5729
2.54946
2.56317
2.57178
2.5621
2.5716
2.58678
2.57559
2.57346
2.57334
2.5306
2.53192
2.52496
2.52222
2.50788
2.53128
2.52915
2.52753
2.51966
2.55811
2.53073
2.54174
2.57117
2.56293
2.59069
2.56732
2.5576
2.5124
2.53723
2.52302
2.50831
2.55011
2.56121
2.51779
2.54866
2.52122
2.5284
2.6214
2.51016
2.62047
2.5468
2.54039
2.58094
2.55768
2.57125
2.57521
2.55135
2.56616
2.56345
2.55512
2.57135
2.56252
2.55344
2.55699
2.55488
2.52741
2.52877
2.53994
2.52664
2.52707
2.53262
2.53371
2.52509
2.52108
2.55794
2.54484
2.55314
2.55775
2.55603
2.54566
2.55275
2.55132
2.55295
2.52562
2.53307
2.53006
2.52916
2.53375
2.53073
2.55444
2.59291
2.54991
2.54766
2.50429
2.52995
2.53233
2.53764
2.53046
2.53398
2.59968
2.53969
2.54407
2.50498
2.5411
2.53369
2.53601
2.53172
2.53268
2.52777
2.53396
2.53157
2.5359
2.53251
2.5627
2.61998
2.57738
2.57152
2.55924
2.61485
2.57723
2.55567
2.55164
2.5569
2.57767
2.53767
2.57841
2.58186
2.55557
2.66162
2.47914
2.53311
2.64505
2.46979
2.66053
2.53414
2.52944
2.56322
2.5437
2.55673
2.55014
2.53599
2.54591
2.55897
2.55058
2.55918
2.55435
2.54761
2.55296
2.55131
2.53029
2.53159
2.52653
2.52472
2.51699
2.52719
2.52082
2.52502
2.51574
2.55409
2.54733
2.55269
2.55363
2.55247
2.55007
2.55242
2.55313
2.55286
2.53337
2.53533
2.53234
2.53734
2.53817
2.53548
2.55212
2.54856
2.55211
2.55074
2.54989
2.53213
2.53739
2.54479
2.53525
2.54212
2.54486
2.54284
2.54674
2.54758
2.54316
2.53977
2.54513
2.53339
2.5381
2.53487
2.53669
2.53771
2.53901
2.53589
2.55482
2.59721
2.57162
2.55671
2.5508
2.58166
2.56496
2.5509
2.5617
2.56425
2.61244
2.67293
2.58143
2.65535
2.7495
2.62715
2.57929
2.59359
2.61089
2.64803
2.60001
2.52791
2.53054
2.54008
2.53054
2.53755
2.53668
2.52853
2.53321
2.5501
2.54643
2.54891
2.54731
2.54721
2.54965
2.54899
2.53394
2.53823
2.51968
2.52705
2.51864
2.53626
2.52387
2.53188
2.52486
2.55193
2.5498
2.55253
2.54951
2.55221
2.5495
2.55353
2.55315
2.55417
2.54062
2.5415
2.53952
2.54365
2.5471
2.5445
2.55018
2.55046
2.55367
2.55172
2.55308
2.54036
2.54768
2.55507
2.54909
2.55355
2.54997
2.54557
2.55329
2.55436
2.54968
2.55045
2.55312
2.54119
2.53914
2.53598
2.5411
2.54377
2.53932
2.53629
2.54957
2.5702
2.56096
2.54888
2.54953
2.56313
2.55852
2.55134
2.56119
2.55614
2.64435
2.70822
2.57544
2.61367
2.6386
2.5944
2.63349
2.58364
2.58155
2.60056
2.57463
2.53729
2.5468
2.53831
2.53099
2.5332
2.54376
2.53757
2.53774
2.54632
2.54964
2.55079
2.54749
2.55295
2.54994
2.552
2.54485
2.55339
2.53239
2.54025
2.53366
2.55753
2.5436
2.55107
2.54404
2.55346
2.55161
2.55556
2.54929
2.55527
2.55467
2.55809
2.55649
2.55925
2.54753
2.55353
2.54968
2.55287
2.55724
2.5537
2.55534
2.5573
2.56027
2.55982
2.56139
2.55813
2.55896
2.56691
2.56493
2.56383
2.55979
2.55482
2.56356
2.56353
2.56001
2.55441
2.55567
2.54278
2.53983
2.53822
2.54245
2.53778
2.53971
2.54063
2.55189
2.56178
2.55907
2.55416
2.55459
2.56114
2.56016
2.55768
2.55211
2.54963
2.5924
2.60066
2.56276
2.57806
2.58176
2.57561
2.58537
2.57133
2.57067
2.57638
2.56716
2.55762
2.56861
2.55266
2.54656
2.54601
2.56234
2.55625
2.55525
2.55148
2.55632
2.56264
2.55816
2.56059
2.5549
2.55813
2.56356
2.57456
2.55593
2.5626
2.55448
2.57926
2.56828
2.57423
2.56442
2.55757
2.55642
2.56069
2.55132
2.55994
2.55719
2.56319
2.56226
2.56452
2.55949
2.55759
2.55536
2.56689
2.56147
2.55936
2.56467
2.56576
2.568
2.56829
2.5691
2.57025
2.568
2.57069
2.57196
2.56968
2.56668
2.56506
2.57011
2.5692
2.5689
2.55588
2.5568
2.53329
2.54149
2.54278
2.54827
2.52991
2.54702
2.5464
2.55843
2.56196
2.56232
2.56069
2.56209
2.56317
2.56441
2.56479
2.55003
2.55145
2.57117
2.57304
2.55961
2.5675
2.5685
2.56947
2.57216
2.56835
2.56896
2.56994
2.5665
2.57865
2.58709
2.57085
2.56544
2.56371
2.57738
2.57349
2.57075
2.56533
2.56561
2.57479
2.57088
2.57024
2.56162
2.56535
2.58525
2.59439
2.5789
2.58596
2.57309
2.59572
2.58651
2.59619
2.58156
2.56266
2.55699
2.56556
2.5565
2.56577
2.55703
2.56791
2.56574
2.5667
2.57549
2.56885
2.5659
2.58435
2.57746
2.57352
2.57068
2.57123
2.57142
2.57207
2.57241
2.57284
2.5724
2.57613
2.57507
2.57663
2.57088
2.57253
2.57399
2.57206
2.57527
2.55935
2.56301
2.52951
2.5535
2.55097
2.55359
2.5342
2.55912
2.55626
2.56597
2.56383
2.56633
2.56432
2.56901
2.5646
2.56816
2.56977
2.55372
2.55643
2.56707
2.56624
2.56196
2.56756
2.56549
2.56938
2.56929
2.56836
2.57
2.56928
2.56743
2.59308
2.59698
2.5819
2.58039
2.57643
2.58463
2.58578
2.58098
2.57436
2.57329
2.58
2.57666
2.57534
2.56914
2.57243
2.60051
2.60154
2.59034
2.6036
2.58963
2.60257
2.59176
2.60686
2.59822
2.56888
2.55708
2.56892
2.5669
2.5713
2.55889
2.56882
2.56765
2.56807
2.59223
2.58567
2.57981
2.59866
2.59335
2.58516
2.5728
2.57285
2.57128
2.57311
2.57294
2.57931
2.58159
2.58639
2.58343
2.58475
2.57313
2.57618
2.57481
2.57341
2.57604
2.56707
2.57195
2.53816
2.5635
2.55946
2.55486
2.54135
2.56673
2.56169
2.57131
2.56583
2.56938
2.56972
2.57268
2.56693
2.57069
2.57332
2.55892
2.56156
2.56934
2.56592
2.56614
2.57116
2.56674
2.5709
2.56987
2.5697
2.57164
2.5706
2.56931
2.59951
2.60092
2.58588
2.58985
2.58416
2.58674
2.59241
2.58649
2.57857
2.57733
2.58256
2.58033
2.57946
2.57529
2.57742
2.60349
2.60454
2.59382
2.60492
2.60475
2.60333
2.59704
2.60372
2.60536
2.57304
2.56192
2.56805
2.57407
2.57347
2.56334
2.56669
2.56792
2.56737
2.60367
2.60053
2.58971
2.60442
2.60794
2.5966
2.57322
2.57272
2.57019
2.57337
2.57256
2.58688
2.58737
2.59435
2.59199
2.5936
2.5731
2.57388
2.57251
2.57256
2.57241
2.57813
2.5848
2.54199
2.57035
2.56299
2.56947
2.5499
2.57616
2.56675
2.57371
2.56913
2.57216
2.57185
2.57441
2.57121
2.57394
2.57571
2.56605
2.5729
2.57369
2.56894
2.56967
2.57547
2.57111
2.57267
2.57162
2.57229
2.57326
2.57248
2.57154
2.60088
2.59939
2.58786
2.59344
2.58827
2.58848
2.59302
2.5891
2.58184
2.58108
2.58392
2.58291
2.58228
2.57899
2.58041
2.60419
2.60275
2.59856
2.6045
2.6041
2.60094
2.59905
2.60327
2.60557
2.57337
2.56255
2.5658
2.57738
2.57372
2.56184
2.56554
2.56786
2.57021
2.6017
2.60744
2.60376
2.60196
2.60527
2.60629
2.57372
2.57259
2.56916
2.57428
2.57284
2.59789
2.60275
2.60539
2.60489
2.60973
2.5722
2.57112
2.57162
2.57233
2.57086
2.59498
2.60289
2.56396
2.58494
2.57391
2.5946
2.58122
2.59169
2.58233
2.57455
2.5732
2.57505
2.57209
2.57479
2.57395
2.57603
2.57622
2.58016
2.58435
2.57798
2.57416
2.57402
2.57858
2.57555
2.57386
2.57322
2.57361
2.57392
2.57334
2.57298
2.59622
2.59196
2.58772
2.59088
2.58796
2.58554
2.5873
2.58534
2.5835
2.58295
2.58326
2.58316
2.58305
2.58131
2.58118
2.60108
2.59787
2.59783
2.60062
2.60328
2.59417
2.59456
2.59682
2.59854
2.57443
2.56377
2.56771
2.58024
2.57549
2.56786
2.57272
2.57438
2.57891
2.60105
2.60675
2.60549
2.59753
2.60392
2.6012
2.57473
2.57305
2.56998
2.57477
2.57297
2.61143
2.61452
2.60735
2.60784
2.61187
2.57307
2.57226
2.57286
2.57331
2.5732
2.60749
2.60411
2.58984
2.59391
2.58467
2.5989
2.5895
2.59008
2.58057
2.57441
2.57408
2.5758
2.5706
2.57371
2.57268
2.57545
2.57553
2.58433
2.57754
2.57753
2.57529
2.57215
2.57482
2.57337
2.57337
2.57256
2.5715
2.57169
2.5709
2.57153
2.58713
2.58235
2.58246
2.58318
2.58211
2.57974
2.57947
2.57893
2.58158
2.58253
2.58053
2.57923
2.58093
2.58012
2.57875
2.59229
2.58661
2.58982
2.59183
2.59198
2.58557
2.58432
2.58623
2.58537
2.57666
2.57423
2.57925
2.57714
2.57726
2.57789
2.58519
2.58311
2.5869
2.5922
2.59603
2.59424
2.58608
2.58718
2.58648
2.57391
2.57227
2.57212
2.57226
2.57087
2.59944
2.6013
2.59028
2.58893
2.58983
2.57256
2.57371
2.57046
2.57066
2.57282
2.59568
2.58584
2.58105
2.58204
2.5731
2.58098
2.57072
2.57419
2.56554
2.57244
2.5708
2.57428
2.56819
2.57108
2.56937
2.57373
2.57289
2.57153
2.56642
2.57156
2.56992
2.56578
2.56708
2.56626
2.56906
2.56826
2.56607
2.56642
2.56558
2.56829
2.57825
2.57493
2.5773
2.5765
2.57656
2.57592
2.57449
2.57554
2.5765
2.57839
2.576
2.57583
2.57517
2.57701
2.57477
2.58096
2.5756
2.57918
2.58066
2.57915
2.57645
2.57474
2.57554
2.57399
2.57722
2.578
2.58845
2.57263
2.5766
2.57724
2.58791
2.5862
2.5817
2.57982
2.58068
2.57949
2.57367
2.5753
2.57314
2.56966
2.56865
2.56923
2.56643
2.56577
2.5795
2.57997
2.57336
2.57207
2.57219
2.56802
2.57109
2.56449
2.56506
2.56884
2.57715
2.57021
2.56319
2.56864
2.56132
2.56774
2.55697
2.56512
2.55858
2.56997
2.56783
2.5729
2.56672
2.56866
2.56745
2.57253
2.56941
2.56292
2.5606
2.56299
2.5628
2.56103
2.56009
2.56019
2.56378
2.56282
2.56044
2.56185
2.56035
2.56671
2.57179
2.56828
2.57441
2.57278
2.57418
2.57153
2.57043
2.57136
2.57561
2.5725
2.57296
2.57264
2.56937
2.57172
2.5687
2.57068
2.56623
2.57062
2.57088
2.56976
2.56773
2.56644
2.5665
2.56607
2.574
2.57328
2.58174
2.5669
2.57057
2.57061
2.57509
2.5756
2.57039
2.56799
2.57013
2.56737
2.56308
2.56521
2.56229
2.56291
2.5626
2.56247
2.5594
2.55957
2.56616
2.56605
2.56295
2.5613
2.56113
2.56191
2.56592
2.55817
2.55921
2.56303
2.56503
2.56111
2.55368
2.56271
2.55781
2.5607
2.55138
2.56071
2.55716
2.56777
2.56732
2.57166
2.56556
2.56687
2.56722
2.5709
2.56587
2.55914
2.55821
2.55782
2.55822
2.55879
2.55627
2.55678
2.56049
2.55833
2.55604
2.55992
2.55685
2.56641
2.56436
2.56039
2.56726
2.56705
2.56689
2.56263
2.5631
2.56197
2.56835
2.56534
2.56443
2.56409
2.56138
2.56542
2.56241
2.56226
2.55849
2.56206
2.56236
2.56241
2.56
2.55786
2.55841
2.55875
2.56696
2.5683
2.56811
2.56287
2.5636
2.56565
2.56251
2.56563
2.56166
2.55913
2.56076
2.55806
2.55578
2.55674
2.55439
2.55614
2.55689
2.55781
2.55376
2.55503
2.55724
2.55711
2.55548
2.55389
2.55383
2.55701
2.55993
2.55461
2.55559
2.55761
2.55814
2.55572
2.55085
2.55896
2.55725
2.55601
2.55018
2.55717
2.55654
2.56587
2.56709
2.56959
2.5643
2.56493
2.56701
2.56832
2.56318
2.5576
2.55698
2.55481
2.55567
2.55719
2.55391
2.5549
2.5601
2.55608
2.55398
2.56067
2.55608
2.56633
2.55663
2.55339
2.55845
2.55926
2.55779
2.55512
2.55581
2.55466
2.56047
2.55796
2.55746
2.55744
2.55519
2.55991
2.55768
2.55526
2.55273
2.55414
2.55491
2.55493
2.5535
2.55118
2.55207
2.55202
2.56055
2.56181
2.55737
2.55955
2.55811
2.55854
2.55386
2.55869
2.55666
2.5529
2.55312
2.55105
2.55064
2.55011
2.54835
2.55234
2.55405
2.55592
2.55181
2.55373
2.55111
2.55129
2.54998
2.5489
2.54947
2.55469
2.55582
2.55342
2.55427
2.55499
2.55381
2.55243
2.54982
2.55563
2.55614
2.55287
2.54965
2.55441
2.55562
2.56396
2.56694
2.56703
2.56345
2.56334
2.56679
2.56569
2.56202
2.55669
2.55663
2.55328
2.55461
2.55661
2.55343
2.55487
2.56192
2.55709
2.55573
2.56291
2.55863
2.56617
2.55082
2.54911
2.55269
2.55293
2.55243
2.5509
2.55071
2.55078
2.55467
2.55294
2.55194
2.5521
2.55122
2.55595
2.55458
2.55095
2.54992
2.54901
2.55002
2.54985
2.55012
2.54778
2.54893
2.54834
2.55644
2.55689
2.55367
2.5555
2.55514
2.55441
2.55308
2.55582
2.55501
2.54922
2.5481
2.54639
2.54858
2.5471
2.54527
2.5519
2.55387
2.55509
2.55271
2.55435
2.54725
2.54847
2.54696
2.54619
2.54816
2.55431
2.55468
2.55346
2.55491
2.55519
2.55177
2.55174
2.54997
2.55372
2.55546
2.55243
2.55101
2.55354
2.55551
2.56279
2.56657
2.56443
2.56263
2.56265
2.56569
2.56357
2.56196
2.55674
2.55691
2.55409
2.55569
2.55694
2.55526
2.55668
2.5638
2.56049
2.55951
2.56422
2.56194
2.56537
2.54848
2.54883
2.54963
2.54932
2.54965
2.54895
2.54883
2.54922
2.54993
2.54975
2.54824
2.54831
2.54872
2.55342
2.55241
2.54974
2.55033
2.5476
2.54882
2.54749
2.55081
2.54848
2.54954
2.54761
2.55392
2.55248
2.55336
2.55186
2.5531
2.55044
2.55335
2.55459
2.55437
2.54884
2.54701
2.54521
2.54964
2.54806
2.54614
2.55399
2.55496
2.55524
2.55568
2.55597
2.54577
2.54849
2.54715
2.54608
2.5494
2.55579
2.55628
2.55479
2.55755
2.55795
2.55231
2.55318
2.55235
2.55371
2.55575
2.55351
2.55392
2.55394
2.55596
2.56258
2.56452
2.56336
2.56187
2.56347
2.56402
2.56376
2.5632
2.55724
2.5578
2.55639
2.5577
2.55716
2.5574
2.55835
2.56383
2.56289
2.56212
2.56389
2.5632
2.56439
2.55016
2.55223
2.54896
2.54929
2.54947
2.54966
2.55056
2.55035
2.54753
2.54857
2.54808
2.54803
2.54953
2.55203
2.55261
2.55165
2.55334
2.55021
2.55098
2.54864
2.55441
2.55269
2.55287
2.55051
2.55279
2.54966
2.55355
2.55089
2.55286
2.55004
2.55389
2.55454
2.55519
2.55094
2.55005
2.54792
2.55257
2.55248
2.55009
2.55717
2.55715
2.55708
2.55842
2.55875
2.54699
2.5506
2.55026
2.54854
2.55194
2.56032
2.56066
2.55854
2.5634
2.5632
2.55424
2.55516
2.55542
2.55458
2.55665
2.55462
2.5573
2.55521
2.55721
2.56476
2.56313
2.56495
2.56425
2.56598
2.56349
2.56611
2.56595
2.55843
2.5591
2.55796
2.5587
2.55769
2.55819
2.55877
2.56353
2.56298
2.56255
2.5629
2.56264
2.56458
2.55475
2.55755
2.55102
2.55254
2.55191
2.55302
2.55491
2.55398
2.54995
2.5514
2.55239
2.5528
2.55387
2.55396
2.5558
2.55526
2.55726
2.55568
2.55483
2.55286
2.55847
2.55891
2.55674
2.55572
2.55364
2.55141
2.55461
2.55399
2.5551
2.55432
2.55607
2.55629
2.55785
2.55459
2.55489
2.5522
2.55663
2.55701
2.55409
2.559
2.56041
2.55969
2.55979
2.56193
2.55077
2.5533
2.55495
2.55317
2.55448
2.56689
2.56551
2.56892
2.56986
2.56675
2.55595
2.55638
2.55844
2.55588
2.55783
2.5548
2.55883
2.55667
2.55867
2.56676
2.56415
2.56688
2.56406
2.56629
2.56477
2.56694
2.56799
2.55985
2.56088
2.55886
2.55927
2.55959
2.55977
2.56027
2.56244
2.56235
2.56232
2.5626
2.56232
2.56494
2.56017
2.56223
2.55547
2.55759
2.55635
2.5581
2.56015
2.55876
2.55596
2.55665
2.55829
2.55887
2.55935
2.55808
2.56041
2.55902
2.5605
2.56202
2.55839
2.55807
2.56178
2.56429
2.55978
2.56
2.55714
2.55788
2.55798
2.55945
2.55915
2.56122
2.5601
2.55957
2.56087
2.55836
2.55864
2.55554
2.55964
2.55985
2.55652
2.56213
2.56321
2.56231
2.56427
2.56413
2.55545
2.55555
2.55892
2.55742
2.55655
2.5716
2.56772
2.57432
2.57156
2.56776
2.5561
2.55491
2.55842
2.55764
2.55953
2.55306
2.55779
2.55831
2.56044
2.56569
2.56479
2.56642
2.56286
2.56535
2.56494
2.56608
2.56746
2.56237
2.5634
2.56129
2.56194
2.56311
2.56295
2.56354
2.56219
2.5631
2.563
2.56306
2.56517
2.56501
2.56382
2.56506
2.56067
2.56245
2.56095
2.56291
2.56439
2.56291
2.56111
2.56099
2.5626
2.56265
2.56196
2.56171
2.56268
2.56177
2.56286
2.56563
2.56113
2.56206
2.56458
2.56658
2.56245
2.56368
2.56093
2.56387
2.56232
2.56242
2.56244
2.5653
2.56383
2.56218
2.56299
2.56045
2.56096
2.55711
2.56086
2.56206
2.55756
2.56566
2.56488
2.56332
2.56657
2.5654
2.55903
2.55724
2.5613
2.56028
2.55747
2.5705
2.56906
2.5707
2.56985
2.57593
2.55403
2.55389
2.55606
2.55873
2.56089
2.55185
2.55404
2.55925
2.56132
2.56599
2.56511
2.56651
2.56421
2.56762
2.56541
2.56728
2.56966
2.56473
2.56606
2.56504
2.5654
2.56738
2.56684
2.56708
2.5662
2.5675
2.56763
2.56876
2.57034
2.5671
2.56626
2.56733
2.56484
2.56596
2.56463
2.56647
2.56721
2.56614
2.56383
2.56242
2.56532
2.56485
2.56266
2.56284
2.56237
2.56377
2.56453
2.56722
2.56343
2.56466
2.56621
2.56761
2.5642
2.56558
2.56315
2.56552
2.56464
2.56179
2.56317
2.56423
2.56448
2.5636
2.56358
2.56093
2.56287
2.55824
2.56083
2.56335
2.55914
2.56688
2.56612
2.56383
2.56667
2.5667
2.5613
2.55756
2.56301
2.56261
2.55779
2.56999
2.57754
2.57159
2.57029
2.57696
2.55491
2.55624
2.55226
2.55968
2.56181
2.55224
2.55132
2.56051
2.56272
2.56959
2.56564
2.56838
2.56812
2.57614
2.56526
2.56914
2.57942
2.56748
2.56864
2.5683
2.56849
2.57054
2.56883
2.56921
2.57043
2.57265
2.56992
2.57105
2.57339
2.56841
2.56832
2.56923
2.56786
2.56827
2.56746
2.5691
2.56922
2.56868
2.56583
2.56307
2.56768
2.56693
2.56392
2.56174
2.56145
2.56524
2.56588
2.56825
2.56492
2.56623
2.56797
2.56878
2.56542
2.56669
2.56267
2.56232
2.564
2.55698
2.5622
2.55966
2.56287
2.5632
2.56248
2.56085
2.56366
2.55997
2.56116
2.56399
2.56086
2.56584
2.56685
2.56327
2.56478
2.56646
2.56422
2.55869
2.56517
2.5659
2.56058
2.56959
2.5755
2.5679
2.56834
2.57295
2.55787
2.55999
2.55137
2.56152
2.56313
2.55435
2.5514
2.56262
2.56318
2.57989
2.56619
2.57148
2.57124
2.57838
2.56687
2.57134
2.57911
2.56915
2.56909
2.56857
2.56905
2.56938
2.56744
2.56828
2.57079
2.57265
2.56811
2.56971
2.57136
2.56949
2.57014
2.57107
2.57035
2.5702
2.56995
2.57162
2.57129
2.5713
2.56832
2.56542
2.57081
2.57007
2.5677
2.5619
2.56338
2.56652
2.5674
2.56941
2.56578
2.56745
2.56996
2.57014
2.56614
2.56821
2.56161
2.55712
2.56181
2.55524
2.56104
2.55499
2.56068
2.56182
2.56136
2.56176
2.56437
2.56182
2.56259
2.56493
2.56281
2.56352
2.56559
2.56195
2.56234
2.56471
2.5676
2.56327
2.56816
2.56923
2.5665
2.56686
2.56984
2.56411
2.56556
2.56774
2.56265
2.56572
2.55182
2.56393
2.56324
2.55945
2.55351
2.56515
2.563
2.57457
2.56865
2.57459
2.57189
2.57372
2.57443
2.57848
2.5734
2.56827
2.56754
2.56691
2.56761
2.56756
2.56689
2.56765
2.56966
2.57081
2.56875
2.57067
2.57019
2.57403
2.57202
2.57288
2.57291
2.57219
2.57257
2.57414
2.57299
2.57382
2.57202
2.57041
2.57437
2.57377
2.57311
2.56574
2.56872
2.56849
2.56977
2.57105
2.56645
2.56907
2.57191
2.57223
2.5673
2.56987
2.56116
2.55342
2.55947
2.55938
2.56256
2.55342
2.55899
2.56123
2.56169
2.56399
2.5657
2.56401
2.56559
2.56676
2.56543
2.56147
2.56399
2.56076
2.56096
2.56361
2.57084
2.5697
2.57145
2.57227
2.5724
2.56438
2.56633
2.5615
2.56347
2.56524
2.56871
2.57104
2.55597
2.56655
2.56321
2.56555
2.55808
2.56784
2.5637
2.57286
2.57886
2.57837
2.56856
2.57049
2.57834
2.57597
2.56915
2.567
2.56727
2.56666
2.56715
2.5671
2.56743
2.56746
2.57231
2.56921
2.57372
2.57681
2.5718
2.58072
2.57386
2.57433
2.57516
2.57371
2.57468
2.57564
2.57408
2.57491
2.57528
2.57524
2.57623
2.57567
2.57609
2.57159
2.57396
2.57099
2.57189
2.57337
2.56871
2.57064
2.57355
2.5741
2.57037
2.5724
2.56558
2.55527
2.55957
2.5672
2.56941
2.55886
2.56144
2.56307
2.56514
2.56704
2.56809
2.56712
2.56825
2.56946
2.56866
2.56086
2.56364
2.56073
2.56097
2.56428
2.57342
2.57452
2.57351
2.57415
2.57602
2.56282
2.56454
2.56021
2.56256
2.5642
2.57345
2.5756
2.55963
2.5692
2.56471
2.57014
2.56072
2.57032
2.56568
2.56736
2.57463
2.5726
2.56322
2.56452
2.57044
2.56904
2.56518
2.56745
2.56653
2.56625
2.5675
2.5663
2.56363
2.56478
2.57565
2.57219
2.56761
2.56952
2.56794
2.57106
2.57447
2.57368
2.57536
2.57404
2.57453
2.57432
2.57347
2.5737
2.57522
2.57569
2.57451
2.57397
2.57457
2.57533
2.57494
2.57222
2.5718
2.57476
2.57162
2.57444
2.57296
2.57382
2.57232
2.5745
2.57267
2.56274
2.56441
2.57126
2.57407
2.56632
2.56722
2.5679
2.56987
2.56922
2.57035
2.56965
2.56967
2.57041
2.56989
2.56207
2.56585
2.56292
2.5631
2.56717
2.57447
2.57655
2.57354
2.57432
2.57586
2.56288
2.56442
2.561
2.56354
2.5649
2.57687
2.57642
2.56161
2.57199
2.56649
2.5782
2.56344
2.5743
2.56763
2.56245
2.56672
2.56618
2.56028
2.56132
2.56392
2.56455
2.56389
2.56553
2.56568
2.55934
2.55959
2.56415
2.55636
2.55511
2.56323
2.56353
2.5556
2.55763
2.55785
2.56074
2.57202
2.57093
2.57311
2.57176
2.57259
2.57146
2.56998
2.5711
2.57264
2.57304
2.57146
2.57123
2.57134
2.57342
2.57188
2.57102
2.56983
2.57212
2.57239
2.57432
2.57056
2.57126
2.5712
2.5739
2.57338
2.56819
2.569
2.57118
2.57221
2.56961
2.57012
2.57064
2.57024
2.5692
2.57005
2.56946
2.56793
2.56914
2.56853
2.56462
2.56817
2.56584
2.56557
2.56865
2.57374
2.57505
2.57165
2.57276
2.5739
2.56453
2.5657
2.56279
2.56549
2.56641
2.57588
2.57499
2.56731
2.57581
2.56837
2.57733
2.57269
2.57664
2.57082
2.56107
2.56395
2.5639
2.56164
2.56108
2.56326
2.56376
2.56476
2.56731
2.56951
2.55482
2.55401
2.56038
2.5518
2.55267
2.55493
2.5533
2.5481
2.55403
2.5503
2.55873
2.56984
2.56891
2.57034
2.5693
2.57006
2.56969
2.56881
2.56934
2.57028
2.57048
2.56966
2.56978
2.57017
2.57122
2.5709
2.56857
2.56746
2.57015
2.57001
2.57181
2.56843
2.5689
2.56887
2.5699
2.57153
2.5701
2.56999
2.57097
2.57069
2.57005
2.56949
2.56971
2.56893
2.56619
2.56766
2.56701
2.5651
2.56606
2.5656
2.56617
2.56897
2.56609
2.56602
2.56893
2.57129
2.5723
2.56822
2.56947
2.57038
2.56635
2.56724
2.56425
2.56677
2.56761
2.57366
2.57182
2.57344
2.57699
2.57443
2.57339
2.57368
2.57505
2.57705
2.56189
2.56393
2.56454
2.56441
2.56276
2.56539
2.5654
2.56625
2.57402
2.57583
2.55232
2.55409
2.56687
2.55888
2.56038
2.55505
2.54822
2.5515
2.55918
2.55329
2.56369
2.56801
2.56706
2.56871
2.56833
2.56827
2.56796
2.56762
2.56744
2.56903
2.56944
2.56755
2.56761
2.56785
2.56979
2.56789
2.5665
2.56561
2.56769
2.56778
2.56819
2.56654
2.56649
2.56662
2.56666
2.56917
2.5693
2.56819
2.56791
2.56712
2.56804
2.56604
2.56749
2.56542
2.56448
2.56452
2.56432
2.56405
2.5635
2.56333
2.56534
2.56839
2.56425
2.56452
2.56709
2.56745
2.56826
2.56473
2.5655
2.56613
2.56676
2.56773
2.56456
2.5663
2.56735
2.5696
2.56747
2.57133
2.57221
2.5744
2.5682
2.56843
2.5695
2.57127
2.56356
2.56691
2.56608
2.56513
2.56396
2.5673
2.56617
2.56632
2.57358
2.57077
2.56477
2.56506
2.57188
2.56724
2.56559
2.56413
2.56017
2.56226
2.56794
2.5639
2.56789
2.56581
2.5643
2.5673
2.56646
2.56702
2.56606
2.56491
2.56591
2.5668
2.56631
2.56616
2.5661
2.56547
2.56585
2.56472
2.56464
2.5636
2.56523
2.56532
2.56525
2.56421
2.56384
2.56395
2.5638
2.56498
2.56635
2.56355
2.56446
2.56323
2.56467
2.56148
2.56303
2.56141
2.5636
2.56265
2.56248
2.56289
2.56185
2.56166
2.5637
2.56551
2.56219
2.56259
2.56423
2.5636
2.56412
2.562
2.56191
2.56236
2.56541
2.56649
2.56357
2.56454
2.56543
2.56548
2.5638
2.5663
2.56719
2.56836
2.56444
2.56441
2.56569
2.566
2.56407
2.56655
2.56581
2.56378
2.56367
2.5655
2.56517
2.56482
2.56842
2.56643
2.56644
2.56397
2.5661
2.56474
2.56471
2.56913
2.56578
2.56646
2.56872
2.56748
2.56686
2.56274
2.56119
2.56428
2.56327
2.5641
2.5623
2.56153
2.56213
2.56492
2.56458
2.56351
2.56338
2.56349
2.56376
2.56276
2.56242
2.56116
2.56237
2.5625
2.56228
2.56178
2.56112
2.56101
2.56088
2.56201
2.56305
2.56013
2.56248
2.56135
2.56162
2.55948
2.56045
2.55977
2.56194
2.56101
2.56085
2.56085
2.5601
2.56008
2.562
2.56313
2.56065
2.56188
2.56242
2.56047
2.5608
2.55951
2.55921
2.55944
2.5632
2.56413
2.56186
2.56204
2.56297
2.56241
2.56119
2.56296
2.5643
2.56444
2.56167
2.56146
2.56296
2.56296
2.56321
2.56423
2.56457
2.56151
2.56254
2.56313
2.5642
2.56291
2.56497
2.56359
2.56417
2.56507
2.56256
2.5632
2.56393
2.56731
2.56684
2.56508
2.56568
2.56531
2.56481
2.55972
2.55849
2.56041
2.55978
2.56018
2.55867
2.55814
2.55837
2.56168
2.5621
2.56009
2.56004
2.56061
2.56165
2.56051
2.5599
2.5587
2.56006
2.55957
2.55958
2.55936
2.55905
2.55828
2.55841
2.5608
2.5601
2.55886
2.56053
2.56018
2.55881
2.55818
2.5591
2.55838
2.55969
2.55916
2.55928
2.55851
2.55808
2.55832
2.56159
2.56186
2.55943
2.56124
2.5616
2.55803
2.55831
2.55697
2.55695
2.55744
2.56098
2.56179
2.56002
2.56
2.56064
2.56015
2.55923
2.56033
2.56186
2.56179
2.55951
2.55916
2.56084
2.56064
2.56187
2.56208
2.56369
2.55925
2.56099
2.56128
2.56314
2.5609
2.56221
2.56103
2.56188
2.56246
2.56024
2.56053
2.56114
2.56419
2.56341
2.5619
2.56298
2.56168
2.56285
2.55749
2.55668
2.55722
2.5567
2.55682
2.55596
2.55544
2.55554
2.55848
2.55918
2.55709
2.55706
2.55786
2.55927
2.55799
2.55764
2.55671
2.55804
2.55718
2.5575
2.55707
2.55711
2.55632
2.55674
2.55935
2.55745
2.55727
2.55828
2.55834
2.55627
2.55641
2.55742
2.55616
2.5574
2.55677
2.55723
2.5564
2.55552
2.55618
2.56067
2.56113
2.55756
2.55902
2.55952
2.5561
2.55689
2.55496
2.55539
2.5564
2.55873
2.55929
2.5574
2.55722
2.55768
2.55846
2.55774
2.55825
2.55986
2.5597
2.55778
2.55738
2.55889
2.55878
2.5601
2.56044
2.56231
2.55742
2.55906
2.55977
2.56131
2.55865
2.55998
2.55898
2.55944
2.55998
2.55854
2.55834
2.559
2.56184
2.56023
2.55939
2.5607
2.55909
2.56102
2.55603
2.55548
2.55484
2.55442
2.55445
2.55387
2.55369
2.55358
2.5558
2.55665
2.5546
2.55466
2.55555
2.55673
2.55554
2.55584
2.55503
2.55628
2.55557
2.556
2.55504
2.55538
2.55487
2.55521
2.55712
2.55503
2.55542
2.5559
2.55591
2.55392
2.55445
2.55482
2.5537
2.55547
2.55439
2.55524
2.55461
2.55325
2.55417
2.55683
2.55699
2.55319
2.55393
2.55441
2.55448
2.5557
2.55318
2.55352
2.55509
2.55537
2.55582
2.55406
2.55356
2.55387
2.55692
2.55612
2.55664
2.55787
2.55793
2.55626
2.55593
2.55694
2.55713
2.55778
2.55894
2.56003
2.55552
2.55637
2.55808
2.55866
2.5557
2.55804
2.55713
2.55743
2.55811
2.55715
2.55644
2.55726
2.55965
2.55804
2.55716
2.55858
2.55701
2.55904
2.55489
2.55417
2.55307
2.55316
2.55291
2.55239
2.5527
2.55235
2.55364
2.55458
2.55267
2.55274
2.55374
2.55444
2.55347
2.55429
2.55363
2.55447
2.55417
2.5544
2.55357
2.55362
2.55347
2.55352
2.55469
2.5529
2.55352
2.55375
2.55361
2.55191
2.55256
2.55265
2.55149
2.55394
2.55268
2.55317
2.55343
2.55227
2.55233
2.55137
2.55187
2.55019
2.54985
2.55013
2.55236
2.5544
2.55226
2.55184
2.5539
2.55189
2.55192
2.55151
2.55049
2.55025
2.55534
2.55467
2.555
2.55608
2.55635
2.55466
2.55414
2.55528
2.55561
2.55496
2.55702
2.55706
2.55351
2.5534
2.55578
2.55528
2.55254
2.55622
2.55534
2.55567
2.55644
2.5558
2.55488
2.55559
2.55744
2.55612
2.55517
2.55614
2.55532
2.55655
2.55327
2.55234
2.5517
2.55213
2.55175
2.55099
2.55136
2.551
2.5519
2.55283
2.55103
2.55105
2.55194
2.5526
2.55177
2.55306
2.55256
2.5528
2.55282
2.55259
2.55227
2.55192
2.55218
2.55165
2.55265
2.55116
2.5518
2.55195
2.55182
2.55052
2.55121
2.5505
2.54995
2.55308
2.55222
2.55194
2.5528
2.55247
2.55193
2.54844
2.54891
2.54849
2.54768
2.54825
2.55225
2.55367
2.55314
2.55267
2.55375
2.54923
2.5488
2.54975
2.54835
2.54801
2.55427
2.5541
2.55337
2.55455
2.55483
2.55356
2.55286
2.55417
2.5543
2.55187
2.55436
2.55341
2.55115
2.55048
2.55279
2.55173
2.54989
2.55454
2.55376
2.5542
2.55472
2.55399
2.55354
2.5538
2.55494
2.55449
2.55347
2.55373
2.5537
2.55348
2.55147
2.55074
2.55028
2.55054
2.55022
2.54952
2.54985
2.54938
2.55019
2.5511
2.54936
2.5493
2.55024
2.55099
2.55021
2.55208
2.55163
2.55105
2.55156
2.5507
2.55129
2.55037
2.55104
2.54988
2.55108
2.55006
2.55089
2.55026
2.55042
2.54957
2.55063
2.54996
2.5504
2.55255
2.55266
2.55205
2.55224
2.55258
2.55208
2.547
2.54794
2.54922
2.54706
2.54808
2.55314
2.554
2.55396
2.55349
2.55419
2.54779
2.54773
2.54893
2.54764
2.54782
2.55409
2.55418
2.55279
2.55346
2.55361
2.5533
2.55214
2.55277
2.55249
2.54929
2.55121
2.5504
2.54882
2.54869
2.54975
2.54941
2.54873
2.55314
2.55236
2.55258
2.55289
2.55181
2.55196
2.55201
2.55293
2.55294
2.55158
2.55222
2.55213
2.55108
2.55022
2.54984
2.5488
2.54922
2.54858
2.54818
2.54861
2.54787
2.54841
2.54937
2.54779
2.54761
2.54856
2.54941
2.54866
2.55121
2.55088
2.55004
2.5506
2.54941
2.55069
2.54984
2.55027
2.54937
2.54963
2.54893
2.55031
2.54857
2.54888
2.54815
2.54971
2.55077
2.55074
2.55186
2.55257
2.55197
2.5514
2.55193
2.55157
2.5478
2.5486
2.55045
2.54908
2.54939
2.55322
2.55392
2.55315
2.5527
2.55334
2.548
2.54829
2.54912
2.54881
2.54884
2.55397
2.55354
2.55151
2.55243
2.5511
2.55357
2.5522
2.55166
2.54958
2.54805
2.54856
2.54872
2.5468
2.54759
2.54762
2.54824
2.54851
2.55132
2.55036
2.5511
2.55091
2.54914
2.54954
2.5495
2.55161
2.55115
2.54938
2.55088
2.55009
2.54962
2.5495
2.54919
2.54765
2.54805
2.54719
2.54738
2.54759
2.54684
2.54696
2.54786
2.54678
2.54652
2.54732
2.54801
2.54748
2.55059
2.55025
2.54962
2.55001
2.54963
2.54999
2.54934
2.54981
2.55021
2.54812
2.54742
2.54899
2.54728
2.54746
2.54677
2.54821
2.55031
2.54964
2.55094
2.55115
2.55097
2.55049
2.55039
2.55045
2.54989
2.55006
2.55052
2.55034
2.55037
2.55187
2.55261
2.55097
2.55096
2.55164
2.54973
2.5491
2.55065
2.55036
2.54894
2.55253
2.55112
2.55216
2.55019
2.54814
2.55026
2.55046
2.54772
2.546
2.54731
2.54709
2.54787
2.54541
2.54739
2.54673
2.54767
2.54866
2.54896
2.54678
2.54791
2.54799
2.54647
2.54669
2.54665
2.55017
2.54905
2.54723
2.54948
2.5482
2.54852
2.54889
2.54862
2.54733
2.54729
2.54675
2.54742
2.54715
2.54679
2.54626
2.54693
2.5465
2.54622
2.54669
2.54706
2.54674
2.54991
2.5495
2.54904
2.5496
2.55046
2.54919
2.54877
2.54935
2.55024
2.5469
2.54645
2.54753
2.54641
2.54643
2.5461
2.54687
2.54879
2.54802
2.55002
2.54966
2.54987
2.54959
2.549
2.54927
2.55012
2.55009
2.54856
2.54956
2.54931
2.55019
2.55061
2.54927
2.54965
2.54974
2.55056
2.54997
2.55098
2.55039
2.55114
2.54967
2.54857
2.54814
2.54558
2.54411
2.54672
2.54653
2.54472
2.54269
2.54762
2.5466
2.54767
2.54564
2.54788
2.54678
2.54765
2.54972
2.54496
2.54365
2.54536
2.54543
2.54421
2.54434
2.54457
2.54879
2.54735
2.54548
2.54794
2.54668
2.54766
2.54841
2.54825
2.54756
2.54717
2.54691
2.5477
2.54732
2.54706
2.54633
2.54656
2.54669
2.54649
2.54645
2.54647
2.54621
2.54909
2.54874
2.54855
2.54906
2.54991
2.54845
2.54846
2.5488
2.54943
2.546
2.54588
2.54632
2.54571
2.54561
2.54574
2.54586
2.54717
2.54631
2.54915
2.54833
2.54878
2.54878
2.54827
2.54835
2.5484
2.54806
2.54561
2.54686
2.54668
2.54926
2.54915
2.54842
2.549
2.54884
2.54961
2.55113
2.54877
2.54836
2.55023
2.54796
2.5479
2.5451
2.54478
2.54214
2.54618
2.54469
2.54551
2.54266
2.54883
2.54687
2.54762
2.54588
2.54993
2.54668
2.54778
2.55148
2.5432
2.54354
2.54381
2.5442
2.54379
2.54357
2.54386
2.54713
2.54615
2.54462
2.54653
2.5457
2.54645
2.54817
2.54817
2.54779
2.54757
2.54721
2.54783
2.54787
2.54732
2.54663
2.54633
2.54681
2.54666
2.54614
2.54589
2.54553
2.54849
2.54829
2.5484
2.54837
2.54854
2.54803
2.54844
2.54786
2.548
2.54516
2.54538
2.54521
2.54497
2.54465
2.54504
2.54456
2.54542
2.54447
2.54872
2.54822
2.54809
2.54898
2.54823
2.5479
2.54545
2.54529
2.54317
2.54377
2.5439
2.54887
2.54872
2.54823
2.54884
2.54881
2.54658
2.5481
2.54467
2.54468
2.54569
2.54817
2.54835
2.54483
2.54656
2.54375
2.54738
2.54535
2.54761
2.54526
2.54857
2.54639
2.54713
2.54308
2.54618
2.54541
2.5454
2.5461
2.54441
2.54572
2.54322
2.54371
2.54501
2.54391
2.54473
2.54625
2.54514
2.54509
2.54626
2.54528
2.545
2.54822
2.54832
2.54781
2.54807
2.54734
2.54771
2.54813
2.54729
2.54661
2.54584
2.5465
2.54635
2.5454
2.54505
2.54449
2.54817
2.54824
2.54855
2.54749
2.5477
2.54819
2.54881
2.54766
2.54778
2.54402
2.54443
2.54368
2.54383
2.54328
2.54361
2.54272
2.54342
2.54232
2.54943
2.54842
2.5479
2.54973
2.54897
2.54838
2.54238
2.54252
2.54092
2.54081
2.54125
2.54889
2.54884
2.54863
2.54901
2.54897
2.54261
2.54316
2.54055
2.54066
2.54089
2.54863
2.54889
2.54601
2.54838
2.54659
2.54839
2.54657
2.54876
2.54745
2.54332
2.54422
2.543
2.54131
2.54088
2.54392
2.54214
2.54126
2.54733
2.54851
2.54525
2.54594
2.54858
2.54644
2.54718
2.54597
2.5458
2.54618
2.54595
2.54636
2.54451
2.54844
2.5485
2.54752
2.54797
2.54715
2.54721
2.5477
2.54682
2.54591
2.54479
2.54558
2.54535
2.54407
2.54378
2.54295
2.54904
2.55035
2.54897
2.54803
2.54816
2.54902
2.54913
2.54864
2.54861
2.54238
2.54255
2.5416
2.54215
2.54138
2.54137
2.54033
2.54109
2.53977
2.55025
2.55003
2.54951
2.55147
2.55127
2.55107
2.53939
2.53981
2.53829
2.53771
2.53832
2.5495
2.54926
2.55004
2.55028
2.54965
2.5386
2.53874
2.53644
2.53659
2.53683
2.54905
2.54925
2.54696
2.54882
2.54808
2.54873
2.54689
2.54864
2.548
2.53938
2.54328
2.54131
2.54145
2.53793
2.54167
2.53977
2.53813
2.54904
2.54885
2.54768
2.54843
2.54949
2.54843
2.54902
2.54507
2.54573
2.54553
2.54403
2.54563
2.54258
2.54848
2.54838
2.54687
2.54738
2.54644
2.54652
2.54704
2.54603
2.54472
2.54325
2.54435
2.54402
2.54237
2.54196
2.54092
2.55146
2.55259
2.54922
2.54974
2.549
2.54985
2.54921
2.55089
2.54935
2.54016
2.54002
2.53889
2.53986
2.53878
2.53854
2.53724
2.53816
2.53642
2.55259
2.55232
2.55201
2.5541
2.55391
2.55334
2.53582
2.5364
2.53452
2.53364
2.53433
2.55117
2.55015
2.55194
2.55234
2.55083
2.53431
2.53505
2.53165
2.53183
2.53236
2.54952
2.54995
2.54674
2.54845
2.54769
2.54897
2.54652
2.54828
2.5472
2.53638
2.53958
2.53787
2.53745
2.5341
2.53725
2.53553
2.53386
2.54822
2.54741
2.54827
2.54844
2.54739
2.5472
2.54701
2.54259
2.54516
2.5439
2.54123
2.54433
2.53877
2.54821
2.54807
2.54616
2.54674
2.54563
2.54584
2.5465
2.54529
2.5433
2.54143
2.54302
2.54255
2.54051
2.53972
2.53844
2.55317
2.55347
2.54909
2.55157
2.54967
2.55039
2.54898
2.55164
2.54977
2.53709
2.53696
2.53534
2.53688
2.53518
2.53507
2.53319
2.53419
2.53172
2.5549
2.55617
2.55587
2.5555
2.55674
2.55729
2.531
2.53157
2.52886
2.52785
2.52836
2.55334
2.55161
2.55299
2.55377
2.55246
2.52876
2.5294
2.52502
2.52538
2.52588
2.55049
2.55122
2.54662
2.54822
2.5469
2.54997
2.54705
2.54848
2.54678
2.53147
2.53459
2.53289
2.53102
2.5281
2.53159
2.52976
2.52752
2.54664
2.54619
2.54545
2.54535
2.54478
2.54376
2.54384
2.53949
2.54269
2.54038
2.53765
2.54078
2.53426
2.54815
2.54831
2.54555
2.54631
2.54502
2.54542
2.54626
2.54484
2.5418
2.53956
2.54178
2.5411
2.53859
2.53696
2.53541
2.55369
2.55424
2.54904
2.55203
2.55
2.5512
2.54933
2.55276
2.55058
2.53298
2.53282
2.5304
2.53304
2.53046
2.5302
2.52734
2.52836
2.52486
2.55595
2.55644
2.55686
2.55665
2.55705
2.55681
2.52375
2.52406
2.52005
2.51864
2.5191
2.55565
2.55363
2.55759
2.55746
2.55433
2.52102
2.5218
2.51566
2.51603
2.51655
2.55226
2.55326
2.54772
2.54915
2.54689
2.55213
2.54874
2.55003
2.54752
2.52458
2.52818
2.52643
2.52388
2.5205
2.52463
2.52298
2.519
2.54613
2.54653
2.5424
2.54272
2.54369
2.54146
2.54195
2.53571
2.53879
2.53639
2.53426
2.53721
2.52908
2.54872
2.54924
2.54541
2.54636
2.54482
2.54557
2.54654
2.54486
2.5404
2.5376
2.54073
2.53975
2.53661
2.5337
2.53191
2.55524
2.55674
2.54986
2.5538
2.5514
2.55314
2.55067
2.5552
2.55264
2.5275
2.5273
2.52352
2.52802
2.52414
2.52381
2.51912
2.52011
2.51494
2.55759
2.55778
2.5573
2.55897
2.55879
2.55839
2.51248
2.5125
2.50646
2.50451
2.50462
2.55769
2.55553
2.55911
2.55792
2.55726
2.50899
2.51018
2.50064
2.50101
2.50229
2.55466
2.5563
2.5499
2.55123
2.54846
2.55494
2.55121
2.55274
2.5499
2.51582
2.52085
2.51849
2.51557
2.51018
2.51694
2.5139
2.50705
2.54737
2.54866
2.54132
2.54196
2.54474
2.54152
2.54219
2.53277
2.53593
2.5337
2.53135
2.53511
2.52404
2.54997
2.55079
2.54588
2.54673
2.54502
2.54614
2.54693
2.54519
2.53914
2.53563
2.53974
2.53849
2.53464
2.52987
2.52761
2.55863
2.56096
2.55172
2.55687
2.55413
2.55604
2.55291
2.55874
2.55559
2.52005
2.5198
2.51339
2.52144
2.51538
2.51505
2.5068
2.50778
2.49955
2.56091
2.56015
2.56001
2.56354
2.5621
2.56204
2.49383
2.49275
2.48307
2.47802
2.47821
2.55807
2.55891
2.56175
2.55867
2.56073
2.48881
2.49231
2.47351
2.4738
2.4778
2.55803
2.56047
2.55251
2.55463
2.55168
2.55888
2.55539
2.55703
2.55393
2.50343
2.51326
2.50866
2.50564
2.4956
2.50902
2.50268
2.48921
2.55041
2.55263
2.5421
2.54297
2.54743
2.54291
2.54392
2.53025
2.53456
2.5321
2.52944
2.5344
2.51935
2.55152
2.55213
2.54623
2.54702
2.54524
2.5459
2.54692
2.54492
2.53764
2.53353
2.53799
2.53638
2.53211
2.52493
2.52189
2.5638
2.56654
2.5541
2.56102
2.55677
2.5592
2.55512
2.56301
2.55757
2.5095
2.50943
2.49802
2.51258
2.50274
2.50261
2.48742
2.48739
2.47347
2.56678
2.56489
2.56443
2.57005
2.5685
2.56711
2.45678
2.45455
2.4394
2.42408
2.42174
2.56328
2.56378
2.5719
2.56971
2.56776
2.4491
2.45878
2.41685
2.41437
2.43078
2.56394
2.56828
2.55883
2.56026
2.55679
2.56641
2.56264
2.56442
2.55973
2.48537
2.50431
2.49587
2.49133
2.47289
2.49886
2.48772
2.46103
2.55537
2.55849
2.54394
2.5455
2.55227
2.54554
2.54755
2.52869
2.53449
2.53111
2.52856
2.53495
2.51426
2.5523
2.55197
2.54504
2.54665
2.54409
2.54347
2.54604
2.54268
2.53458
2.53021
2.53438
2.53226
2.52794
2.51807
2.51409
2.56848
2.5694
2.55549
2.56423
2.55753
2.56059
2.55517
2.56468
2.55684
2.49388
2.49479
2.47316
2.5005
2.48386
2.48536
2.45472
2.45125
2.42498
2.57254
2.57273
2.57067
2.57379
2.57664
2.57446
2.37665
2.36044
2.34216
2.29781
2.25243
2.57638
2.57306
2.58219
2.58152
2.58182
2.3485
2.39161
2.28079
2.23413
2.32244
2.57472
2.58187
2.56828
2.57036
2.56305
2.58008
2.57554
2.57767
2.5673
2.45562
2.49286
2.47766
2.46833
2.43382
2.4856
2.46565
2.40405
2.56249
2.56833
2.54768
2.5507
2.56012
2.55104
2.55538
2.5284
2.53541
2.52936
2.52973
2.5363
2.50907
2.55141
2.55066
2.54138
2.54527
2.54086
2.53939
2.54408
2.53894
2.52957
2.5252
2.53
2.52692
2.52219
2.50935
2.50497
2.5692
2.56938
2.55459
2.56457
2.5558
2.56061
2.55366
2.56497
2.55448
2.47165
2.47486
2.4318
2.48651
2.45963
2.46326
2.40254
2.38237
2.32732
2.57419
2.57918
2.57752
2.57495
2.58077
2.57968
2.18901
1.8931
2.09259
2.03379
1.16196
2.58527
2.59065
2.58789
2.58807
2.60076
1.85616
2.2227
1.9931
1.10961
2.04706
2.58724
2.59411
2.58265
2.58531
2.57332
2.59235
2.58702
2.59148
2.57791
2.40741
2.47805
2.45199
2.43883
2.37383
2.47158
2.43599
2.28684
2.57452
2.5789
2.55597
2.5624
2.56833
2.55919
2.56774
2.53211
2.53804
2.53055
2.53429
2.53997
2.5069
2.54988
2.54868
2.53766
2.54274
2.53738
2.53658
2.54162
2.53603
2.52458
2.51948
2.52716
2.52289
2.51725
2.50111
2.49846
2.56995
2.56848
2.55274
2.56469
2.55334
2.55818
2.55128
2.56248
2.55051
2.44631
2.45141
2.37137
2.47507
2.43529
2.43822
2.33857
2.22786
2.06119
2.57651
2.58214
2.58065
2.5754
2.58234
2.57986
1.87209
0.645501
1.44808
-0.586141
1.75694
0.749997
-2.15322
-0.551675
-0.763484
-0.0376441
-0.535135
0.0553579
2.59019
2.60418
2.59022
2.59137
2.60005
0.603494
1.79791
1.733
0.71308
1.37085
-0.783604
-0.472636
-0.565144
0.0927862
-0.805336
-0.0386962
2.599
2.61095
2.5917
2.59572
2.57892
2.61245
2.5948
2.59939
2.5801
2.33828
2.46809
2.42519
2.40799
2.30374
2.46488
2.41845
1.98327
2.57995
2.5795
2.56102
2.57089
2.56774
2.56077
2.57101
2.537
2.5423
2.53359
2.53837
2.54426
2.51009
2.54702
2.5454
2.53583
2.54039
2.53501
2.53563
2.53939
2.53447
2.52198
2.5159
2.52776
2.52184
2.51604
2.49803
2.50103
2.56402
2.5597
2.54852
2.55924
2.54603
2.54353
2.54441
2.55185
2.54045
2.4261
2.43482
2.31829
2.47522
2.42892
2.44303
2.2676
2.02588
1.97735
0.193541
0.239805
0.49774
2.57046
2.57899
2.57636
2.56381
2.57292
2.57061
0.213905
1.85201
1.08808
1.77589
0.716263
1.88532
1.2118
0.108575
0.0321313
-0.156701
0.114833
0.155367
0.248105
0.0893596
2.58885
2.60155
2.58162
2.58186
2.59237
1.04965
1.61095
0.155509
1.88857
1.17575
1.74082
0.69622
-0.145892
0.0231845
0.139665
0.19983
0.0807273
0.116892
0.132152
2.61836
2.60739
2.59011
2.6004
2.57814
2.60275
2.57709
2.60537
2.57605
2.28047
2.4704
2.4217
2.42351
2.23548
2.4796
2.43079
1.93363
0.121132
0.319503
0.535026
2.57896
2.57712
2.55853
2.56853
2.56292
2.55598
2.56641
2.53912
2.54501
2.53522
2.53877
2.54605
2.51771
2.54277
2.5417
2.53602
2.5386
2.53397
2.53697
2.5386
2.53401
2.52266
2.51772
2.53086
2.52415
2.52064
2.50684
2.515
2.55214
2.54327
2.53901
2.54053
2.53143
2.53629
2.53845
2.52848
2.52614
2.44386
2.44917
2.28965
2.49247
2.4677
2.46493
2.35122
2.14432
0.750628
2.26437
0.960108
0.503002
0.394171
0.635628
0.843198
2.55648
2.5649
2.56323
2.5512
2.55786
2.55643
1.13674
1.90706
1.37199
1.97924
1.28685
1.95822
1.42954
0.17984
0.507523
0.150182
0.56014
0.339986
0.496996
0.176739
2.57334
2.58249
2.56572
2.56492
2.57254
1.35217
1.87858
1.1391
1.94939
1.41339
1.86886
1.10081
0.184667
0.572449
0.306058
0.490735
0.182356
0.495326
0.332341
2.59233
2.57983
2.55974
2.59272
2.57065
2.57974
2.55493
2.58076
2.58124
2.26977
2.48869
2.45105
2.44618
2.32837
2.49852
2.47632
0.816403
2.21397
0.768908
0.880375
0.596754
0.642493
2.57829
2.58953
2.55261
2.56388
2.57326
2.55713
2.56502
2.53801
2.54663
2.53928
2.53817
2.54903
2.52455
2.54342
2.54612
2.53773
2.53996
2.53475
2.53894
2.5425
2.53595
2.5256
2.52488
2.53317
2.52661
2.52889
2.52348
2.53002
2.54118
2.5429
2.54232
2.53118
2.53051
2.55114
2.54634
2.53941
2.53526
2.48791
2.4796
2.39688
2.51387
2.51438
2.494
2.48013
2.2951
1.02387
2.40362
0.501436
0.787835
2.54801
2.55248
2.55142
2.54635
2.54914
2.54795
1.2586
2.12292
1.49749
1.97626
0.825202
2.16787
1.44327
0.444467
0.480456
0.122943
0.256556
0.581844
0.232444
0.298758
2.55745
2.56425
2.55307
2.55134
2.55736
1.49811
1.95525
1.04719
2.1125
1.42402
1.9344
0.824982
0.122002
0.500503
0.35515
0.346871
0.235871
0.252815
0.515239
2.57017
2.56209
2.55777
2.57772
2.59077
2.56194
2.54863
2.56959
2.57679
2.40927
2.50551
2.50495
2.46754
2.46372
2.512
2.51724
2.38338
2.59746
2.58214
2.5626
2.56905
2.57936
2.56867
2.57206
2.53956
2.55232
2.54475
2.54284
2.55513
2.53164
2.5496
2.55624
2.53988
2.54394
2.53707
2.53949
2.54381
2.537
2.52725
2.5315
2.53126
2.5261
2.53221
2.53396
2.53615
2.54411
2.54375
2.54917
2.54324
2.53993
2.54754
2.54873
2.54338
2.53908
2.52746
2.5061
2.50042
2.52809
2.53831
2.51719
2.52044
2.51044
2.54998
2.54525
2.54669
2.54541
2.54387
2.54463
2.54308
2.32548
1.57468
2.43463
2.50657
2.10809
-0.534705
0.0525535
2.54663
2.55217
2.54554
2.54277
2.54803
1.55826
2.27121
2.45475
2.21391
2.41158
-0.0429912
2.55576
2.55064
2.54417
2.56201
2.56641
2.54883
2.54049
2.55538
2.55671
2.48811
2.51357
2.52257
2.50015
2.51155
2.51418
2.52668
2.55817
2.57182
2.56449
2.57094
2.57222
2.56383
2.56858
2.56861
2.5451
2.55615
2.54477
2.54786
2.55714
2.53938
2.55282
2.53962
2.53621
2.54173
2.53649
2.52654
2.53643
2.52819
2.52199
2.5311
2.52023
2.516
2.52813
2.53678
2.53496
2.54148
2.53731
2.54512
2.53995
2.53515
2.53728
2.53631
2.53422
2.52776
2.5472
2.52587
2.53237
2.53169
2.54846
2.52728
2.53757
2.56258
2.57083
2.54162
2.54206
2.54067
2.53785
2.53845
2.53732
2.56918
2.4831
2.5687
2.57686
2.56459
2.53958
2.54466
2.53935
2.53648
2.54158
2.50972
2.47171
2.55228
2.58005
2.51684
2.54667
2.54336
2.53647
2.54984
2.5494
2.53969
2.53278
2.54523
2.54369
2.5234
2.51554
2.52934
2.51275
2.52593
2.51913
2.53099
2.55673
2.55654
2.55107
2.55497
2.56461
2.55159
2.55356
2.56376
2.54979
2.55738
2.55658
2.55416
2.55991
2.54596
2.52361
2.51117
2.51243
2.5197
2.50668
2.49638
2.50339
2.48901
2.50733
2.52319
2.49565
2.49886
2.5172
2.5312
2.52589
2.53152
2.52485
2.52473
2.52722
2.518
2.5204
2.5135
2.51989
2.5075
2.54457
2.52768
2.54111
2.5254
2.53867
2.52268
2.53958
2.56985
2.57032
2.53268
2.53368
2.53283
2.52667
2.52883
2.52741
2.58267
2.58428
2.58992
2.5774
2.58332
2.53318
2.53838
2.53238
2.52945
2.53504
2.58764
2.52961
2.56695
2.58969
2.53915
2.54019
2.53708
2.52917
2.54131
2.53888
2.53283
2.52607
2.53797
2.53536
2.52642
2.5231
2.53259
2.50799
2.52761
2.5273
2.53318
2.55109
2.54579
2.54143
2.54883
2.54848
2.53847
2.54408
2.5453
2.55746
2.55881
2.54075
2.55594
2.5523
2.54577
2.50339
2.49958
2.48894
2.4953
2.48324
2.48891
2.49355
2.4844
2.49463
2.51125
2.48443
2.49219
2.50724
2.52011
2.51492
2.51891
2.51625
2.50567
2.51334
2.49957
2.50904
2.50083
2.51013
2.49627
2.53319
2.51759
2.53859
2.51479
2.52915
2.51196
2.53817
2.56859
2.56717
2.52124
2.52473
2.52209
2.51826
2.52287
2.51786
2.56796
2.57853
2.58708
2.56065
2.57171
2.52578
2.53171
2.52612
2.52254
2.52871
2.58373
2.54281
2.55776
2.57416
2.54243
2.53404
2.53138
2.52343
2.53476
2.53269
2.52642
2.52079
2.5319
2.53019
2.53034
2.53089
2.53362
2.50685
2.53445
2.52947
2.53628
2.54791
2.53764
2.53472
2.53794
2.54142
2.529
2.5323
2.53781
2.55058
2.54247
2.52604
2.54544
2.53486
2.55082
2.5
2.50452
2.48589
2.49441
2.48647
2.48093
2.49854
2.48853
2.49014
2.50539
2.48609
2.48786
2.5047
2.51155
2.51059
2.51725
2.52145
2.49964
2.51087
2.497
2.51426
2.50251
2.51473
2.50032
2.5287
2.51009
2.54219
2.51042
2.53185
2.51356
2.54875
2.56703
2.56912
2.51865
2.52355
2.51671
2.52166
2.52649
2.51953
2.55506
2.56822
2.58592
2.55218
2.56503
2.52029
2.52643
2.52453
2.52012
2.52537
2.56813
2.54009
2.55002
2.56319
2.53882
2.52883
2.52684
2.51878
2.52903
2.52742
2.52026
2.51741
2.52637
2.52456
2.54037
2.5255
2.53921
2.50544
2.5402
2.51946
2.53995
2.53991
2.53151
2.52821
2.52759
2.53462
2.52176
2.52237
2.53149
2.53993
2.53038
2.51695
2.53318
2.52561
2.5328
2.51406
2.52882
2.47636
2.5066
2.48814
2.48815
2.51927
2.49187
2.48781
2.50553
2.50142
2.49222
2.50832
2.51358
2.5206
2.52964
2.54246
2.50956
2.52209
2.50568
2.53799
2.52147
2.53327
2.51377
2.53963
2.52173
2.55744
2.52996
2.55066
2.5347
2.56831
2.57335
2.5813
2.52756
2.53244
2.525
2.5371
2.54135
2.53307
2.55243
2.56545
2.58266
2.55459
2.56772
2.52261
2.52577
2.53324
2.52788
2.5279
2.56106
2.537
2.54694
2.55971
2.53463
2.52572
2.52586
2.51671
2.52363
2.52119
2.51693
2.51612
2.51952
2.51854
2.53384
2.51617
2.53519
2.50386
2.52475
2.51207
2.52771
2.53357
2.52421
2.51912
2.51695
2.52714
2.51451
2.51047
2.51923
2.52999
2.523
2.51002
2.52476
2.51769
2.5247
2.54815
2.56937
2.50565
2.53639
2.50366
2.52538
2.55681
2.52007
2.49829
2.51288
2.51981
2.51265
2.5225
2.53189
2.54627
2.55954
2.57912
2.53799
2.54815
2.52532
2.57563
2.55736
2.56596
2.53943
2.56473
2.54832
2.57962
2.56205
2.58086
2.5631
2.5953
2.59226
2.60768
2.54999
2.5534
2.544
2.56526
2.56696
2.55585
2.56169
2.5725
2.59531
2.57504
2.5834
2.53674
2.53433
2.55263
2.54749
2.54436
2.55935
2.5313
2.55513
2.56491
2.53601
2.52875
2.53499
2.51367
2.51802
2.51617
2.52347
2.50972
2.52474
2.51238
2.51877
2.51047
2.52037
2.50809
2.51459
2.51111
2.51746
2.52549
2.51355
2.51489
2.49881
2.50578
2.50578
2.49787
2.50188
2.52005
2.51215
2.50708
2.51468
2.50683
2.51886
2.59445
2.64569
2.54745
2.57959
2.53846
2.5915
2.62079
2.57347
2.52723
2.52358
2.58873
2.55845
2.54873
2.56047
2.58408
2.60073
2.64819
2.57929
2.58656
2.55658
2.65021
2.61615
2.62096
2.5764
2.59973
2.57732
2.61316
2.6057
2.62274
2.59403
2.63192
2.62693
2.65138
2.58501
2.58356
2.56993
2.62123
2.61763
2.59847
2.59105
2.59792
2.63371
2.61427
2.62147
2.55945
2.555
2.59686
2.58478
2.58123
2.57375
2.54647
2.58522
2.59555
2.56197
2.5454
2.58289
2.5142
2.53172
2.51845
2.5531
2.52832
2.57043
2.53871
2.51237
2.51222
2.51466
2.5176
2.52144
2.51597
2.51906
2.53729
2.52306
2.55038
2.50612
2.50629
2.53068
2.51508
2.51144
2.5133
2.5101
2.51238
2.51352
2.51349
2.51716
2.63292
2.60824
2.61231
2.57251
2.56639
2.56357
2.60405
2.63446
2.60904
2.61631
2.58322
2.55312
2.55602
2.54518
2.56434
2.55286
2.57174
2.63559
2.60486
2.63928
2.65869
2.62011
2.61597
2.60013
2.55838
2.56784
2.55215
2.54165
2.54043
2.53869
2.56449
2.54417
2.55385
2.59719
2.5732
2.57636
2.62129
2.63056
2.58855
2.58253
2.54238
2.5509
2.53616
2.52779
2.5285
2.52456
2.53522
2.52618
2.5285
2.54638
2.53555
2.53123
2.61108
2.57588
2.57567
2.53439
2.56015
2.53945
2.51569
2.52418
2.51785
2.5174
2.51825
2.51409
2.52254
2.52071
2.51933
2.54828
2.51526
2.52015
2.51656
2.51896
70.174
84.7162
92.0612
52.3294
50.6531
53.1877
53.3582
77.8689
96.4708
102.717
50.0467
50.4352
53.6692
55.3716
91.6217
103.313
111.666
54.9549
54.7861
54.9072
57.3097
155.82
164
187.5
70.8992
84.431
92.4228
119.049
169.663
197.334
201.601
89.6886
94.1558
125.802
129.017
173.056
198.229
187.195
102.683
102.672
127.112
113.594
117.005
135.636
129.229
55.2307
58.0898
60.3506
60.6665
195.97
173.115
192.63
96.0614
123.133
98.5821
118.612
205.321
196.461
191.29
128.006
128.676
119.267
113.901
183.01
177.902
155.133
123.98
106.35
101.555
79.3203
175.661
144.895
139.052
94.267
100.937
73.2243
64.1146
161.432
130.457
115.568
94.3338
82.5337
55.5846
44.047
49.8983
51.4646
50.0885
49.9653
48.064
50.442
48.3968
48.059
49.0749
48.7559
47.0496
46.9227
47.0589
46.8106
52.9049
52.2306
52.7103
52.5825
52.791
53.3287
53.4163
51.8262
51.1102
51.4681
53.0542
52.4878
47.2903
47.6904
40.1539
35.512
36.2172
5.60946
15.6835
4.00484
7.93398
41.0361
36.5344
35.8344
22.2042
19.0081
10.318
7.4193
22.71
13.9708
14.698
2.40363
2.55412
2.07871
2.03861
7.22549
3.02878
3.25104
1.8032
1.61116
1.98248
1.82739
2.06402
1.99581
1.73623
2.66066
2.5648
2.79858
2.80823
2.01042
1.63809
1.61656
2.5241
2.54044
2.77099
2.83431
2.39415
2.52776
2.47396
2.56801
2.62228
2.52264
2.54342
2.74196
2.68765
2.74816
2.4719
2.52818
2.45734
2.50704
2.6313
2.58104
2.66117
2.58743
2.59158
2.60359
2.62162
2.70103
2.67068
2.70752
2.61045
2.61903
2.61577
2.64433
2.55998
2.53421
2.5365
2.5699
2.55102
2.55228
2.54486
2.54135
2.52994
2.52695
2.5323
2.54642
2.52122
2.53503
2.58134
2.58552
2.6052
2.56781
2.57811
2.57426
2.58902
2.60742
2.60098
2.6237
2.59336
2.60558
2.59041
2.60694
2.54924
2.5402
2.54157
2.55137
2.54778
2.53852
2.54206
2.5382
2.52474
2.52848
2.53121
2.54041
2.52588
2.526
2.574
2.56562
2.57532
2.56438
2.57012
2.56021
2.56646
2.59915
2.57995
2.5936
2.57942
2.59189
2.57151
2.58486
2.54687
2.54096
2.54337
2.54351
2.54032
2.541
2.54273
2.53974
2.53024
2.52754
2.53798
2.53815
2.5336
2.52888
2.56635
2.55826
2.55916
2.56709
2.56453
2.55802
2.55472
2.58091
2.56456
2.5743
2.56696
2.56939
2.5578
2.5605
2.53256
2.53991
2.53991
2.52856
2.52473
2.53745
2.53576
2.53551
2.53528
2.52839
2.53651
2.53309
2.5345
2.53021
2.56266
2.55377
2.55116
2.55879
2.56109
2.54646
2.5452
2.56203
2.55027
2.54802
2.56123
2.5581
2.54246
2.54041
2.51936
2.53362
2.53067
2.52197
2.51416
2.53069
2.52454
2.53168
2.53342
2.53257
2.5315
2.52928
2.53203
2.53197
2.55899
2.53749
2.53637
2.54025
2.55087
2.52727
2.52701
2.55461
2.53519
2.53639
2.55174
2.55066
2.52725
2.53343
2.51265
2.52981
2.52047
2.52494
2.51296
2.53045
2.51925
2.52737
2.53119
2.53034
2.53023
2.52602
2.5317
2.52967
2.53778
2.51975
2.51855
2.52038
2.52466
2.51396
2.51169
2.54564
2.5213
2.53166
2.53891
2.54041
2.51954
2.5313
2.51577
2.53219
2.52098
2.53132
2.51979
2.5344
2.52358
2.52551
2.534
2.53176
2.53315
2.52575
2.53718
2.53547
2.51569
2.51355
2.50915
2.51763
2.51381
2.51555
2.51237
2.53729
2.52215
2.53343
2.53302
2.53659
2.52713
2.53682
2.52417
2.53682
2.52633
2.53592
2.53042
2.539
2.52997
2.52773
2.54079
2.53875
2.5424
2.53236
2.5441
2.54046
2.51981
2.52349
2.52359
2.53419
2.53084
2.53353
2.53548
2.539
2.53481
2.54235
2.53904
2.54244
2.5427
2.54755
2.53763
2.53952
2.53451
2.54565
2.54602
2.53985
2.5405
2.53837
2.54771
2.54131
2.55735
2.5461
2.55202
2.54337
2.54373
2.54473
2.54671
2.55567
2.55649
2.55514
2.55639
2.546
2.54991
2.55257
2.5533
2.5499
2.55628
2.55662
2.55507
2.54447
2.54788
2.565
2.56416
2.5516
2.55442
2.55245
2.55592
2.54507
2.56158
2.55847
2.55756
2.54698
2.56736
2.56392
2.56386
2.57426
2.57501
2.57081
2.56902
2.55488
2.56164
2.55933
2.57164
2.56172
2.56529
2.56144
2.57283
2.56114
2.56095
2.58145
2.57891
2.57037
2.56773
2.5635
2.55889
2.54977
2.5687
2.56635
2.56043
2.55228
2.5792
2.57661
2.57227
2.58553
2.58114
2.58241
2.57547
2.56787
2.56598
2.56149
2.57849
2.57008
2.56673
2.56104
2.58408
2.57808
2.57479
2.60013
2.59079
2.58431
2.58085
2.57028
2.56309
2.55566
2.57676
2.57365
2.56535
2.56043
2.58159
2.58894
2.57854
2.58866
2.58194
2.59534
2.5824
2.57115
2.56826
2.56029
2.57845
2.57349
2.57264
2.56045
2.60014
2.59444
2.58622
2.61303
2.60549
2.60162
2.59331
2.57558
2.56857
2.56511
2.58871
2.57863
2.57916
2.56941
2.58379
2.60166
2.58783
2.59059
2.58712
2.6061
2.59478
2.57638
2.57846
2.56145
2.5827
2.58101
2.58517
2.56647
2.61118
2.60791
2.59882
2.60194
2.61074
2.6182
2.60732
2.5881
2.59451
2.57866
2.59719
2.59602
2.60768
2.59203
2.58875
2.60229
2.59595
2.58835
2.58889
2.59524
2.59376
2.58549
2.58711
2.57209
2.5852
2.58818
2.58644
2.57592
2.60293
2.61143
2.6112
2.59619
2.59864
2.60281
2.60677
2.59705
2.61757
2.59726
2.61275
2.59748
2.61566
2.59464
2.58623
2.58836
2.58704
2.58075
2.58174
2.58188
2.57742
2.58811
2.58241
2.57869
2.58191
2.5856
2.57749
2.58157
2.59274
2.59209
2.59543
2.58507
2.58668
2.58239
2.58659
2.58699
2.59994
2.58488
2.58492
2.57749
2.58613
2.57488
2.57702
2.57646
2.57027
2.57353
2.57369
2.57293
2.56897
2.5804
2.57429
2.5808
2.57532
2.57497
2.57414
2.57758
2.57873
2.57598
2.57715
2.57374
2.57096
2.57069
2.56923
2.56936
2.57607
2.56634
2.5674
2.56348
2.56906
2.56023
2.57109
2.57046
2.56822
2.56794
2.56723
2.56833
2.56709
2.57032
2.57327
2.57416
2.56907
2.56716
2.57126
2.57095
2.56393
2.56569
2.56301
2.56323
2.55845
2.56118
2.55802
2.55806
2.56362
2.55534
2.55815
2.55342
2.55929
2.5516
2.56146
2.56501
2.56302
2.56133
2.55492
2.56165
2.55753
2.56343
2.56825
2.56799
2.56061
2.55981
2.56445
2.56437
2.55478
2.55684
2.55387
2.55471
2.55158
2.5529
2.5497
2.54932
2.55564
2.54859
2.55132
2.54576
2.55237
2.54558
2.54991
2.55765
2.55228
2.55421
2.54706
2.55348
2.54902
2.55659
2.56087
2.5592
2.55366
2.55348
2.55799
2.55487
2.54839
2.54924
2.54587
2.54893
2.54576
2.54579
2.54301
2.54359
2.54944
2.5433
2.54555
2.54158
2.5471
2.54192
2.54615
2.54956
2.54722
2.54784
2.5462
2.546
2.54551
2.55127
2.5532
2.55106
2.54793
2.54949
2.54871
2.54839
2.54384
2.54265
2.54077
2.54602
2.54318
2.54033
2.53933
2.54009
2.54568
2.54241
2.54181
2.53935
2.54517
2.54349
2.54635
2.5439
2.54466
2.54626
2.54641
2.54262
2.54497
2.54767
2.54468
2.54563
2.54352
2.54659
2.54178
2.54398
2.54376
2.53939
2.53937
2.54739
2.54499
2.53974
2.5403
2.54068
2.54508
2.54506
2.54171
2.54231
2.54567
2.5479
2.54668
2.54287
2.54436
2.54913
2.54746
2.54411
2.54297
2.54655
2.53965
2.54273
2.54324
2.54734
2.53785
2.54288
2.5474
2.5417
2.54274
2.55184
2.55013
2.54502
2.54618
2.54338
2.54665
2.54914
2.54349
2.54475
2.54781
2.54976
2.54898
2.5465
2.54261
2.55432
2.55106
2.54946
2.54416
2.54873
2.53832
2.54419
2.54693
2.55074
2.54247
2.54831
2.55389
2.54911
2.54997
2.55755
2.55819
2.55269
2.5538
2.54774
2.54962
2.55034
2.55148
2.55254
2.55184
2.55237
2.55381
2.55297
2.54829
2.55917
2.55685
2.55634
2.55327
2.55488
2.54842
2.55433
2.55573
2.5581
2.55406
2.55917
2.56145
2.55515
2.55762
2.56057
2.5629
2.55651
2.5605
2.55693
2.55415
2.55504
2.55767
2.56051
2.55578
2.55715
2.55983
2.55934
2.55784
2.56287
2.56241
2.56179
2.56185
2.5591
2.55921
2.56281
2.56172
2.55906
2.56217
2.56376
2.56378
2.55701
2.56195
2.56196
2.56435
2.55704
2.5629
2.56343
2.55638
2.55904
2.55992
2.56499
2.5556
2.55997
2.56431
2.56371
2.56453
2.56514
2.56557
2.56523
2.5663
2.55805
2.56394
2.56335
2.56483
2.55685
2.56478
2.56189
2.56451
2.55693
2.5637
2.56179
2.56497
2.55655
2.56458
2.56554
2.55451
2.55965
2.55932
2.56545
2.55317
2.55768
2.56652
2.56632
2.56728
2.56647
2.56727
2.56702
2.56793
2.55613
2.56528
2.5603
2.56638
2.55624
2.56562
2.55896
2.56467
2.55622
2.56511
2.56121
2.56454
2.55631
2.56545
2.5651
2.5526
2.5549
2.55949
2.56471
2.55307
2.55223
2.5681
2.56737
2.5683
2.56835
2.56929
2.568
2.56901
2.55726
2.56596
2.55807
2.5682
2.55948
2.56664
2.5581
2.56466
2.55655
2.56452
2.56148
2.56468
2.55707
2.56325
2.5635
2.55491
2.55082
2.56134
2.56176
2.55806
2.55147
2.57042
2.56875
2.57007
2.5707
2.57147
2.56948
2.57054
2.56263
2.56756
2.55945
2.57084
2.56579
2.56848
2.56165
2.56469
2.55802
2.56228
2.56317
2.56488
2.55906
2.56137
2.56088
2.56187
2.55337
2.56525
2.5607
2.56601
2.55584
2.5728
2.57042
2.57065
2.57322
2.57391
2.57128
2.57138
2.56843
2.56897
2.56358
2.57379
2.57117
2.56963
2.56526
2.56615
2.5601
2.56116
2.56498
2.56744
2.56142
2.56157
2.56136
2.56956
2.55864
2.56882
2.56216
2.57244
2.56115
2.57507
2.5732
2.57247
2.57465
2.57556
2.57425
2.57373
2.57309
2.57111
2.56734
2.57551
2.57332
2.5725
2.57015
2.56791
2.56254
2.5626
2.56852
2.5704
2.56369
2.56405
2.56272
2.57437
2.56224
2.57135
2.56429
2.57502
2.56455
2.57379
2.57389
2.57382
2.57043
2.57195
2.57362
2.57309
2.57189
2.57251
2.5719
2.57152
2.57083
2.5722
2.57214
2.57394
2.56461
2.56561
2.56974
2.57582
2.56566
2.56793
2.56601
2.57465
2.56744
2.57019
2.56768
2.57393
2.57078
2.57068
2.57301
2.57213
2.56808
2.56943
2.57179
2.57095
2.57026
2.57177
2.57186
2.56955
2.56974
2.57145
2.57154
2.57524
2.56624
2.56926
2.56639
2.57293
2.56573
2.56948
2.56944
2.57207
2.5727
2.56753
2.56939
2.57007
2.57216
2.56849
2.56955
2.56949
2.56675
2.5675
2.56764
2.56826
2.56875
2.57024
2.57015
2.56716
2.56728
2.56873
2.56859
2.5698
2.56454
2.56845
2.56452
2.56727
2.56322
2.56656
2.56809
2.56817
2.57023
2.56379
2.56631
2.56625
2.56792
2.56642
2.56563
2.5665
2.56451
2.56515
2.5643
2.5651
2.56573
2.56695
2.5672
2.56492
2.56458
2.56538
2.56604
2.5652
2.56159
2.56437
2.56244
2.56334
2.56008
2.56236
2.56414
2.56438
2.56556
2.56028
2.562
2.56256
2.56349
2.56349
2.5627
2.56353
2.56144
2.56177
2.56144
2.56213
2.56366
2.56411
2.56471
2.56276
2.56266
2.56316
2.5632
2.56147
2.55866
2.56066
2.55988
2.55988
2.55743
2.55947
2.56028
2.56086
2.56197
2.557
2.55857
2.55932
2.5605
2.56009
2.56032
2.56069
2.55887
2.55844
2.55918
2.55941
2.56153
2.56184
2.56147
2.56015
2.56039
2.56051
2.56007
2.55851
2.55624
2.55853
2.55745
2.55752
2.55527
2.55725
2.55731
2.55797
2.55924
2.55423
2.55599
2.55693
2.55807
2.55675
2.55798
2.55816
2.55635
2.55507
2.55679
2.55687
2.55924
2.55872
2.55845
2.55712
2.55809
2.55717
2.55721
2.5569
2.55423
2.55634
2.55561
2.55612
2.55321
2.55533
2.55489
2.5562
2.55722
2.5526
2.55391
2.5556
2.55641
2.55328
2.55564
2.55549
2.55419
2.55165
2.55459
2.55391
2.55687
2.55562
2.55592
2.5538
2.55563
2.55425
2.55479
2.55551
2.55232
2.55441
2.55417
2.55471
2.55181
2.55318
2.5531
2.55506
2.55575
2.55206
2.55232
2.55464
2.55508
2.55024
2.55353
2.5524
2.55234
2.5496
2.55253
2.55113
2.55442
2.55297
2.55377
2.55083
2.55331
2.55175
2.55284
2.554
2.55151
2.55209
2.5528
2.55313
2.55139
2.55107
2.55157
2.5542
2.55442
2.55185
2.55092
2.55364
2.55381
2.54922
2.55157
2.54976
2.55052
2.54878
2.55042
2.54832
2.55225
2.55062
2.55205
2.54917
2.55133
2.54957
2.55131
2.55224
2.55128
2.5502
2.55153
2.55162
2.55119
2.54981
2.5505
2.55315
2.55329
2.55165
2.55011
2.55283
2.55324
2.54834
2.54914
2.54702
2.54903
2.54782
2.54804
2.54593
2.55051
2.54852
2.55073
2.54791
2.54972
2.54724
2.54989
2.55104
2.55108
2.54968
2.55069
2.55073
2.55099
2.5498
2.55012
2.55254
2.55302
2.55213
2.55045
2.55268
2.55258
2.54719
2.54714
2.54539
2.54767
2.54663
2.54657
2.54523
2.5489
2.54594
2.54881
2.54644
2.54812
2.54447
2.54758
2.55055
2.55084
2.55001
2.55031
2.55035
2.5504
2.55004
2.55095
2.55325
2.55206
2.55299
2.55116
2.55365
2.55196
2.54603
2.54621
2.54522
2.54667
2.54577
2.54597
2.54532
2.54735
2.54351
2.54644
2.54579
2.54673
2.54272
2.54552
2.55021
2.54979
2.55004
2.54972
2.54977
2.54906
2.5497
2.55058
2.55285
2.55163
2.55108
2.54931
2.55137
2.55096
2.54587
2.54589
2.54552
2.54648
2.5462
2.54593
2.54559
2.54628
2.54246
2.54496
2.54609
2.54598
2.54273
2.54462
2.54949
2.54821
2.54938
2.54865
2.54924
2.54746
2.54873
2.54854
2.54979
2.54926
2.54881
2.54852
2.54861
2.548
2.54656
2.54585
2.54579
2.54693
2.54679
2.54537
2.54592
2.54578
2.54341
2.54472
2.54628
2.54563
2.54415
2.54491
2.54887
2.54697
2.54805
2.54735
2.54878
2.54676
2.54774
2.54808
2.54792
2.54713
2.54747
2.54776
2.54757
2.54678
2.54684
2.54581
2.54609
2.54718
2.54674
2.54791
2.5468
2.54547
2.54492
2.54509
2.54641
2.5453
2.54586
2.54532
2.54873
2.54674
2.54739
2.54776
2.5495
2.54648
2.54731
2.54774
2.54768
2.54677
2.54713
2.54766
2.54774
2.54692
2.54674
2.54964
2.54753
2.54756
2.54683
2.55038
2.54778
2.54506
2.54619
2.54518
2.54616
2.54466
2.54616
2.54477
2.55001
2.54636
2.54697
2.54845
2.55078
2.54688
2.5468
2.54766
2.54788
2.5471
2.54749
2.54802
2.54812
2.54715
2.54692
2.54988
2.54735
2.54767
2.5468
2.54898
2.54695
2.54414
2.54556
2.544
2.54531
2.54348
2.54469
2.54311
2.55113
2.54801
2.54779
2.54853
2.55011
2.55035
2.54899
2.54826
2.54862
2.54696
2.54892
2.54879
2.54911
2.54699
2.54662
2.54799
2.54617
2.54721
2.54628
2.54729
2.54546
2.54268
2.54373
2.54205
2.544
2.54175
2.54275
2.54101
2.55002
2.55181
2.54928
2.55153
2.54981
2.55505
2.54926
2.54901
2.5495
2.54709
2.55091
2.54917
2.55004
2.54742
2.54588
2.54678
2.54478
2.54663
2.54546
2.54657
2.54424
2.54071
2.54166
2.53981
2.54241
2.53955
2.54058
2.53851
2.54998
2.55688
2.55119
2.55298
2.55056
2.55672
2.55149
2.54942
2.55091
2.54814
2.55231
2.55009
2.55181
2.54896
2.54509
2.54665
2.54386
2.54642
2.54485
2.54682
2.54357
2.53831
2.53946
2.53705
2.54094
2.53694
2.53853
2.53525
2.55101
2.55519
2.5506
2.55425
2.55125
2.55391
2.54928
2.55066
2.55259
2.54943
2.55376
2.55125
2.55314
2.54991
2.54477
2.54713
2.5435
2.54676
2.54483
2.54766
2.54377
2.53547
2.53761
2.53328
2.53963
2.53392
2.53694
2.53123
2.55152
2.5538
2.54909
2.5565
2.55207
2.55486
2.55044
2.55148
2.55377
2.55048
2.55449
2.55215
2.55484
2.55155
2.54498
2.54829
2.54424
2.54741
2.54509
2.54907
2.5451
2.53222
2.53616
2.52902
2.53844
2.53048
2.5352
2.52642
2.55316
2.55689
2.55297
2.5609
2.55577
2.55888
2.55683
2.55291
2.55625
2.5532
2.56001
2.55509
2.55851
2.55654
2.54507
2.5502
2.54604
2.54801
2.54443
2.55124
2.54632
2.52837
2.53389
2.52342
2.53614
2.52604
2.53244
2.5202
2.55839
2.56072
2.55959
2.56661
2.56167
2.56363
2.56052
2.56163
2.56176
2.56013
2.57334
2.57482
2.56611
2.56328
2.54349
2.55146
2.5465
2.54721
2.54186
2.54979
2.54316
2.52305
2.53079
2.51658
2.53075
2.51954
2.5272
2.51157
2.56252
2.56846
2.56333
2.56877
2.56145
2.57307
2.56743
2.58489
2.57401
2.56662
2.58316
2.58683
2.58519
2.57568
2.53932
2.54791
2.53927
2.54467
2.53644
2.54517
2.53498
2.51541
2.52334
2.50664
2.52377
2.51121
2.51884
2.50129
2.55949
2.57526
2.56864
2.56996
2.55761
2.57624
2.56812
2.58187
2.59776
2.58851
2.58514
2.58059
2.60432
2.59684
2.53418
2.54165
2.53162
2.54147
2.53226
2.53803
2.52794
2.50706
2.51465
2.49529
2.51846
2.50337
2.50782
2.48499
2.55684
2.57593
2.56536
2.56812
2.55514
2.57337
2.56221
2.57497
2.6042
2.59467
2.5852
2.57423
2.59659
2.58921
2.53054
2.53452
2.52459
2.53669
2.5293
2.53176
2.52296
2.5005
2.50081
2.47526
2.51722
2.50046
2.5008
2.47091
2.54753
2.56807
2.55415
2.55274
2.53942
2.5619
2.5487
2.56525
2.59225
2.58007
2.57148
2.55802
2.58457
2.57194
2.52812
2.52813
2.52048
2.53203
2.52754
2.52575
2.51808
2.50368
2.50269
2.47117
2.51916
2.50878
2.50725
2.48363
2.53134
2.55355
2.54127
2.54228
2.52568
2.54706
2.53702
2.54838
2.57407
2.56248
2.55519
2.5445
2.56556
2.55549
2.52739
2.52689
2.5166
2.53859
2.5287
2.53298
2.51844
2.51409
2.5099
2.49615
2.52013
2.51892
2.51204
2.50705
2.52776
2.54239
2.53389
2.53976
2.52953
2.53957
2.53186
2.53852
2.55707
2.54819
2.54263
2.53446
2.54972
2.54258
2.52883
2.5336
2.51901
2.53851
2.52845
2.53183
2.51909
2.52383
2.51552
2.51464
2.52179
2.5257
2.51776
2.51957
2.53217
2.53722
2.53054
2.53789
2.53043
2.53483
2.52722
2.53191
2.54382
2.53755
2.53609
2.52835
2.53917
2.53276
2.52598
2.52655
2.5194
2.52584
2.51834
2.51784
2.51622
2.52594
2.52071
2.5238
2.51872
2.52476
2.51895
2.52277
2.52812
2.53181
2.52483
2.52863
2.52279
2.5274
2.52124
2.52583
2.53515
2.52943
2.52909
2.52219
2.53171
2.52607
2.505
2.50734
2.50781
2.49828
2.49315
2.49757
2.4982
2.52113
2.51488
2.52063
2.5036
2.51525
2.50788
2.51398
2.51546
2.52076
2.51687
2.51211
2.50666
2.51347
2.51162
2.51915
2.52777
2.52407
2.51977
2.51569
2.52371
2.52148
2.48802
2.4902
2.49394
2.48532
2.48465
2.48659
2.49368
2.50846
2.50198
2.50843
2.49032
2.50283
2.49881
2.50425
2.50049
2.50671
2.50784
2.50275
2.49771
2.50337
2.50558
2.51238
2.51947
2.51877
2.51
2.50964
2.51566
2.51628
2.48228
2.4872
2.49645
2.48473
2.48129
2.49239
2.49739
2.49773
2.49887
2.50247
2.48234
2.49446
2.50157
2.50438
2.49884
2.50349
2.50547
2.50903
2.50265
2.50777
2.50852
2.50879
2.51269
2.51564
2.50866
2.50985
2.51141
2.51626
2.48211
2.49788
2.4972
2.49796
2.48714
2.50411
2.49972
2.49472
2.50497
2.50788
2.49351
2.50052
2.5076
2.51427
2.50878
2.51477
2.51411
2.52535
2.51401
2.5222
2.51972
2.51362
2.51281
2.5187
2.51859
2.51731
2.51634
2.52147
2.49621
2.51232
2.50435
2.52541
2.50861
2.52232
2.51236
2.50947
2.50973
2.52554
2.50352
2.5182
2.51864
2.53825
2.52194
2.53135
2.52785
2.54683
2.52832
2.53761
2.53374
2.52277
2.52133
2.52493
2.53228
2.52595
2.52408
2.5263
2.52197
2.53479
2.52248
2.5679
2.54315
2.54987
2.53747
2.52845
2.52856
2.55009
2.53369
2.55353
2.54319
2.5629
2.5391
2.54767
2.53883
2.58191
2.55289
2.56112
2.54661
2.52399
2.53111
2.52271
2.5398
2.53666
2.53631
2.53546
2.55335
2.52931
2.54004
2.54368
2.55966
2.54014
2.54948
2.57687
2.55752
2.55338
2.58292
2.59436
2.56831
2.5739
2.53032
2.52793
2.52503
2.55307
2.53674
2.54315
2.53194
2.51734
2.52117
2.51305
2.5287
2.52621
2.52565
2.52223
2.52367
2.51808
2.52025
2.5266
2.53136
2.52425
2.52513
2.5209
2.52528
2.51124
2.54214
2.54015
2.52911
2.52619
2.50731
2.50964
2.50528
2.51596
2.51317
2.51859
2.51185
2.50876
2.51181
2.50821
2.51632
2.51534
2.51615
2.51135
)
;

boundaryField
{
    fbOut
    {
        type            fixedValue;
        value           uniform 0;
    }
    CAD_patch1
    {
        type            zeroGradient;
    }
    fbGasin
    {
        type            zeroGradient;
    }
    CAD_patch3
    {
        type            zeroGradient;
    }
    fbBioin
    {
        type            zeroGradient;
    }
}


// ************************************************************************* //
