/*--------------------------------*- C++ -*----------------------------------*\
| =========                 |                                                 |
| \\      /  F ield         | OpenFOAM: The Open Source CFD Toolbox           |
|  \\    /   O peration     | Version:  5.x                                   |
|   \\  /    A nd           | Web:      www.OpenFOAM.org                      |
|    \\/     M anipulation  |                                                 |
\*---------------------------------------------------------------------------*/
FoamFile
{
    version     2.0;
    format      ascii;
    class       volScalarField;
    location    "3.8";
    object      p;
}
// * * * * * * * * * * * * * * * * * * * * * * * * * * * * * * * * * * * * * //

dimensions      [0 2 -2 0 0 0 0];

internalField   nonuniform List<scalar> 
10571
(
68.5502
89.8958
73.3478
76.2936
103.107
72.9529
62.2628
69.4485
91.0455
110.01
54.0828
63.498
71.7527
96.9978
117.177
110.539
76.9289
84.3538
105.082
111.795
112.464
94.2006
101.176
115.313
57.1803
54.566
56.2385
57.1926
56.0259
53.4343
57.2767
57.4365
45.5995
59.478
51.9041
52.4765
51.7791
37.3601
42.1025
67.0595
53.1883
57.5023
65.2125
76.8324
69.8721
60.5036
69.8729
72.5954
29.6179
22.4659
37.4177
35.6446
9.81058
39.9739
5.36771
3.64787
2.52701
3.1157
47.3506
43.9675
4.71514
2.42963
2.19336
3.05546
40.3646
3.30186
3.0048
4.27601
3.32481
13.179
13.8865
5.14187
2.07209
2.13166
1.9949
1.95894
2.39652
1.99891
1.43577
1.91665
2.22246
2.6744
2.17106
2.11762
1.89874
2.4457
2.37891
2.67949
1.88419
2.02153
2.18717
2.59205
2.68966
2.36537
2.43877
2.58392
2.43635
2.41172
2.41222
2.47242
2.4428
2.52441
3.07347
2.89182
2.53955
2.48629
2.70617
2.67894
3.02
2.68071
2.50738
2.49994
2.50192
2.61705
2.52243
2.47625
2.49669
2.4174
2.48981
2.49268
2.51794
2.51076
2.52557
2.53158
2.48798
2.54762
2.53762
2.55007
2.47018
2.48015
2.50627
2.50818
2.53756
2.61004
2.55558
2.48326
2.51045
2.49399
2.50248
2.5062
2.4846
2.46601
2.48978
2.47432
2.49403
2.48118
2.52429
2.54049
2.54052
2.5298
2.50989
2.54624
2.56069
2.52421
2.48467
2.48803
2.50287
2.53675
2.54698
2.55669
2.53286
2.49619
2.49317
2.50473
2.52924
2.51433
2.49139
2.45542
2.48755
2.50042
2.49926
2.49223
2.49129
2.51943
2.53631
2.52182
2.51866
2.50693
2.54326
2.5562
2.53701
2.48127
2.49016
2.4954
2.53216
2.5422
2.55707
2.53771
2.51236
2.49614
2.50401
2.53741
2.51107
2.50884
2.4696
2.49702
2.50064
2.50895
2.50079
2.50085
2.50729
2.5196
2.49462
2.50284
2.50106
2.53102
2.50692
2.52515
2.4803
2.4942
2.50093
2.58053
2.5439
2.54182
2.53419
2.52342
2.5102
2.51162
2.53614
2.50071
2.52439
2.49519
2.50977
2.51146
2.51364
2.51509
2.50102
2.50506
2.47183
2.49317
2.50306
2.51246
2.47238
2.50922
2.50048
2.50367
2.56195
2.53449
2.524
2.53198
2.5264
2.52464
2.52976
2.49883
2.53596
2.51602
2.5214
2.51669
2.52679
2.5309
2.50808
2.50544
2.48811
2.49946
2.50941
2.5003
2.48354
2.51557
2.53847
2.5249
2.53066
2.52142
2.51726
2.53097
2.542
2.53503
2.52304
2.50971
2.54322
2.53335
2.53866
2.52609
2.53703
2.54236
2.52339
2.5203
2.52668
2.51683
2.51483
2.51145
2.51605
2.54275
2.56512
2.54654
2.52205
2.51426
2.52636
2.5412
2.56218
2.54949
2.52399
2.52523
2.54713
2.55073
2.55559
2.53611
2.5447
2.55255
2.53824
2.53828
2.55304
2.53451
2.52038
2.53611
2.5487
2.55761
2.56254
2.5549
2.52925
2.52431
2.53616
2.55315
2.56465
2.55547
2.53098
2.53551
2.54999
2.55994
2.56181
2.54398
2.55052
2.56067
2.5497
2.54822
2.55782
2.54781
2.53472
2.55267
2.58006
2.55793
2.54737
2.55678
2.53926
2.53807
2.54625
2.55106
2.55527
2.5555
2.53935
2.53912
2.55142
2.55938
2.56212
2.54908
2.5532
2.56296
2.55727
2.55178
2.55521
2.55934
2.55332
2.55409
2.58706
2.56672
2.54948
2.55945
2.5437
2.54265
2.55739
2.55089
2.55172
2.5548
2.54533
2.54431
2.55419
2.55728
2.56149
2.55353
2.55457
2.56093
2.56927
2.55522
2.56283
2.57036
2.56606
2.54937
2.57797
2.56704
2.55316
2.56167
2.54521
2.54181
2.55764
2.55385
2.55326
2.55393
2.54543
2.55085
2.55476
2.55468
2.55955
2.55829
2.55616
2.56033
2.56953
2.55472
2.56163
2.57399
2.56542
2.54338
2.55913
2.55708
2.54402
2.55866
2.54397
2.54033
2.55025
2.54755
2.55309
2.55221
2.54
2.55188
2.55225
2.54957
2.55452
2.56258
2.55899
2.56202
2.57707
2.54896
2.5522
2.56048
2.55775
2.53523
2.53736
2.53709
2.54026
2.55226
2.54083
2.53604
2.54075
2.5394
2.55016
2.55001
2.53379
2.54861
2.54756
2.54349
2.54791
2.56379
2.55853
2.56109
2.55695
2.54383
2.54455
2.54329
2.55257
2.53036
2.52521
2.52258
2.53799
2.54584
2.53825
2.53031
2.53039
2.53007
2.54204
2.54714
2.53355
2.54297
2.5446
2.53823
2.54427
2.55966
2.55183
2.55263
2.54422
2.54305
2.54153
2.53666
2.54809
2.53305
2.52004
2.51772
2.53572
2.54125
2.53738
2.52946
2.52182
2.5257
2.53794
2.54414
2.54615
2.53644
2.54383
2.54652
2.54428
2.55499
2.54652
2.54601
2.54203
2.54622
2.54281
2.53696
2.54349
2.54404
2.52257
2.51974
2.53442
2.53873
2.54406
2.53756
2.52312
2.5293
2.53533
2.54254
2.56679
2.5352
2.54125
2.5417
2.54439
2.54816
2.54734
2.54728
2.54562
2.5507
2.54663
2.54031
2.5418
2.55524
2.53417
2.52593
2.53678
2.53996
2.55182
2.54902
2.5378
2.53937
2.5346
2.54413
2.57416
2.54681
2.54338
2.53925
2.54587
2.54973
2.54453
2.5565
2.55138
2.55439
2.55222
2.54652
2.54374
2.55904
2.54516
2.53558
2.54324
2.54463
2.55418
2.55286
2.55082
2.55063
2.54197
2.54874
2.56975
2.55886
2.54223
2.54214
2.55001
2.55844
2.52288
2.54015
2.55641
2.55734
2.55738
2.55245
2.54768
2.55592
2.55104
2.54457
2.55039
2.55053
2.55722
2.55905
2.55476
2.55573
2.54993
2.55447
2.56908
2.56523
2.54134
2.55019
2.55606
2.58357
2.52928
2.54866
2.56026
2.55962
2.55921
2.55624
2.55175
2.55546
2.55138
2.55079
2.5553
2.55558
2.55984
2.55958
2.55296
2.5556
2.55453
2.55863
2.56658
2.56507
2.55381
2.5578
2.56022
2.59539
2.56641
2.57132
2.5637
2.55966
2.55977
2.55973
2.55667
2.55614
2.55061
2.55471
2.55782
2.55912
2.56041
2.55951
2.55227
2.55567
2.55625
2.56065
2.56351
2.55863
2.55809
2.55966
2.56131
2.57594
2.57747
2.57297
2.56494
2.55758
2.55934
2.56196
2.56139
2.5577
2.55002
2.55598
2.55865
2.56047
2.55963
2.55941
2.55209
2.55437
2.55667
2.56094
2.55976
2.55411
2.55493
2.55801
2.56073
2.56594
2.57253
2.56423
2.56407
2.55663
2.5563
2.56051
2.56212
2.55648
2.54983
2.55449
2.55673
2.55825
2.55738
2.55706
2.54778
2.55199
2.55694
2.55968
2.55561
2.54964
2.55162
2.55514
2.55837
2.55848
2.56241
2.55805
2.56388
2.55752
2.55763
2.56189
2.55935
2.55302
2.55192
2.5549
2.55183
2.55417
2.55386
2.55324
2.54414
2.55013
2.55567
2.5573
2.55004
2.54677
2.54905
2.55263
2.55627
2.55345
2.55556
2.55473
2.56456
2.55858
2.56151
2.56463
2.55646
2.55068
2.55573
2.55636
2.5464
2.54861
2.54986
2.54944
2.54508
2.54736
2.55287
2.55431
2.54466
2.54639
2.54855
2.55125
2.55494
2.55221
2.5534
2.55316
2.56179
2.55702
2.56279
2.56693
2.55409
2.54856
2.5533
2.55791
2.54202
2.54286
2.54601
2.54547
2.54408
2.54722
2.54915
2.55082
2.54091
2.54597
2.54925
2.55086
2.55359
2.55322
2.55253
2.55258
2.56069
2.55309
2.55752
2.55955
2.55244
2.54531
2.54593
2.54863
2.5347
2.53919
2.54268
2.54194
2.54016
2.54483
2.5447
2.547
2.53938
2.54439
2.54896
2.54949
2.55106
2.55314
2.55215
2.55181
2.55685
2.54803
2.55031
2.5523
2.54914
2.54123
2.53742
2.538
2.52967
2.54034
2.53987
2.53893
2.53537
2.54057
2.54038
2.54431
2.53914
2.54265
2.54674
2.54705
2.5482
2.55063
2.55085
2.54986
2.54754
2.54303
2.54281
2.54443
2.54477
2.53784
2.53004
2.53306
2.52891
2.54529
2.5377
2.53667
2.52982
2.53654
2.53795
2.54406
2.53877
2.54005
2.54263
2.54441
2.54647
2.54767
2.5484
2.54725
2.54032
2.53908
2.53743
2.53843
2.54062
2.53575
2.52732
2.53035
2.53005
2.54849
2.53619
2.53485
2.52626
2.53337
2.53612
2.54381
2.53775
2.53699
2.53922
2.54309
2.54551
2.54473
2.54602
2.5452
2.53544
2.53624
2.5343
2.53426
2.5362
2.53439
2.52792
2.52843
2.53179
2.5464
2.53524
2.53275
2.52684
2.53133
2.53366
2.54195
2.53588
2.53498
2.53664
2.53943
2.542
2.54212
2.54453
2.54233
2.53229
2.53456
2.53244
2.53086
2.5321
2.53386
2.53012
2.52559
2.5323
2.53967
2.53456
2.53152
2.52843
2.52904
2.53041
2.53902
2.53437
2.53244
2.53436
2.53412
2.53689
2.53809
2.54064
2.53778
2.53067
2.53355
2.53156
2.52865
2.52926
2.53315
2.53499
2.52434
2.5307
2.53531
2.53348
2.5306
2.52775
2.52748
2.53239
2.53838
2.53319
2.52914
2.53137
2.52903
2.53483
2.53321
2.53524
2.53291
2.5308
2.53279
2.5315
2.5289
2.5283
2.53189
2.5378
2.52648
2.52816
2.53167
2.53215
2.52974
2.52823
2.52896
2.53427
2.53726
2.53195
2.52708
2.53002
2.52882
2.53297
2.52912
2.53062
2.52972
2.53165
2.53185
2.5312
2.53054
2.52945
2.53067
2.53539
2.53003
2.52775
2.52875
2.53116
2.52909
2.52897
2.52922
2.52978
2.53181
2.53066
2.5279
2.53084
2.52922
2.53042
2.52825
2.52919
2.52968
2.53224
2.53106
2.53058
2.53179
2.5311
2.53021
2.53097
2.53203
2.52946
2.52735
2.53066
2.5296
2.52988
2.52832
2.52632
2.5276
2.5301
2.52856
2.52906
2.52858
2.52859
2.52816
2.52882
2.53017
2.53165
2.53028
2.52973
2.53273
2.53257
2.5298
2.52703
2.53179
2.53126
2.52712
2.52994
2.5296
2.52934
2.52715
2.52326
2.52482
2.52982
2.52841
2.52649
2.5282
2.52622
2.52816
2.52767
2.52849
2.53009
2.52924
2.52891
2.5322
2.53251
2.52836
2.52502
2.53122
2.53243
2.52677
2.52882
2.52853
2.52792
2.52565
2.5216
2.52235
2.5291
2.52694
2.52471
2.52537
2.52365
2.52769
2.5258
2.52618
2.52761
2.52775
2.52653
2.52902
2.52954
2.52656
2.52405
2.52945
2.52928
2.52523
2.52759
2.52698
2.52527
2.52488
2.52114
2.52007
2.52758
2.52523
2.52455
2.52192
2.52085
2.52757
2.52465
2.52421
2.52555
2.5261
2.52361
2.52527
2.52661
2.52504
2.52255
2.5261
2.52395
2.5231
2.52645
2.52567
2.52452
2.52444
2.52031
2.51966
2.52581
2.52413
2.52433
2.52215
2.5212
2.52747
2.52442
2.52424
2.52393
2.52463
2.52184
2.52275
2.5246
2.52433
2.52232
2.52287
2.51885
2.52182
2.52554
2.52469
2.52401
2.52355
2.52311
2.52127
2.52426
2.52224
2.52377
2.52246
2.52366
2.52634
2.52408
2.52422
2.52254
2.52341
2.52048
2.52092
2.52351
2.52372
2.52176
2.51999
2.51822
2.52163
2.52473
2.52388
2.52277
2.52173
2.52627
2.52286
2.5231
2.51982
2.52368
2.52572
2.52575
2.52476
2.52494
2.52558
2.52116
2.52249
2.5194
2.51932
2.52282
2.52264
2.52012
2.51702
2.52006
2.5219
2.52415
2.52289
2.52113
2.51961
2.52659
2.52331
2.5224
2.51948
2.52505
2.52566
2.5253
2.52376
2.52578
2.52591
2.5197
2.52187
2.51878
2.51708
2.52189
2.52165
2.519
2.51409
2.52116
2.52219
2.52353
2.52186
2.51983
2.51905
2.52546
2.52339
2.52244
2.52169
2.52544
2.52607
2.52477
2.52314
2.52513
2.52542
2.51847
2.52153
2.51829
2.5155
2.52059
2.52093
2.51801
2.51384
2.5208
2.52186
2.52279
2.52116
2.51895
2.51974
2.52242
2.52294
2.52292
2.52252
2.52724
2.52449
2.5241
2.5227
2.52503
2.52488
2.51774
2.52142
2.51842
2.51479
2.51911
2.52064
2.51785
2.51601
2.51975
2.52099
2.52219
2.52081
2.51904
2.52043
2.51871
2.52203
2.52324
2.5211
2.52773
2.5241
2.52277
2.52202
2.52443
2.52422
2.51758
2.5216
2.51874
2.5149
2.51779
2.5208
2.51814
2.51797
2.51881
2.51966
2.52128
2.5198
2.51931
2.52045
2.51603
2.52034
2.52245
2.52021
2.52323
2.52153
2.52054
2.521
2.52282
2.52249
2.51774
2.52199
2.51919
2.51554
2.5166
2.52127
2.51819
2.51775
2.51739
2.51768
2.521
2.51994
2.51906
2.51837
2.51561
2.51849
2.52131
2.51942
2.51846
2.51843
2.51831
2.51999
2.52039
2.51976
2.51792
2.52256
2.52009
2.51634
2.51521
2.52197
2.51802
2.51536
2.51394
2.51476
2.52122
2.52051
2.51954
2.51587
2.51401
2.51503
2.52045
2.5187
2.51532
2.51624
2.51561
2.51977
2.51834
2.51704
2.51769
2.52335
2.52185
2.51655
2.51333
2.52273
2.51839
2.51285
2.50874
2.51101
2.5218
2.52121
2.51973
2.5128
2.50976
2.5105
2.5202
2.51768
2.5123
2.51297
2.51181
2.51934
2.51637
2.5143
2.5171
2.52411
2.52299
2.51604
2.51109
2.52341
2.51839
2.51115
2.50291
2.50655
2.52253
2.52148
2.51864
2.51011
2.50462
2.50531
2.52018
2.51659
2.50962
2.50852
2.5068
2.5186
2.51408
2.51106
2.51708
2.52504
2.52271
2.5163
2.50901
2.52494
2.51834
2.50852
2.49591
2.5008
2.52401
2.522
2.51754
2.50726
2.49808
2.49892
2.521
2.51632
2.50737
2.50283
2.50041
2.51811
2.5122
2.50735
2.51815
2.52686
2.52306
2.51666
2.50719
2.52745
2.5191
2.50586
2.48728
2.49255
2.5268
2.52402
2.51666
2.50411
2.48965
2.48943
2.52285
2.51757
2.50506
2.49644
2.49232
2.51919
2.51071
2.50303
2.52083
2.53031
2.52438
2.51725
2.50562
2.53193
2.52232
2.50288
2.47436
2.48031
2.53201
2.52832
2.51795
2.50057
2.47689
2.47427
2.52672
2.51992
2.50405
2.48977
2.48141
2.52172
2.51033
2.49876
2.52536
2.53638
2.52844
2.5191
2.50386
2.53857
2.52598
2.499
2.45642
2.45725
2.53892
2.53525
2.52134
2.49556
2.45608
2.44409
2.53287
2.52295
2.50282
2.48046
2.46282
2.52533
2.51138
2.49565
2.53184
2.54569
2.53623
2.52234
2.50101
2.54638
2.53299
2.49458
2.42735
2.41034
2.54807
2.54507
2.52662
2.48673
2.42233
2.3723
2.54191
2.52803
2.50215
2.46712
2.42857
2.53032
2.51307
2.49308
2.54128
2.55939
2.54884
2.52707
2.49579
2.55762
2.54313
2.48545
2.38477
2.28091
2.55979
2.5572
2.53625
2.47753
2.37687
2.19438
2.55208
2.53689
2.5009
2.44984
2.35738
2.53754
2.51607
2.49223
2.55447
2.57724
2.56677
2.53521
2.48688
2.57167
2.55872
2.48016
2.34119
1.90169
2.57359
2.57042
2.54739
2.47129
2.332
1.89231
-1.88642
2.56291
2.54774
2.50416
2.42592
2.19159
2.5469
2.52148
2.49645
2.56625
2.59924
2.58866
2.54434
2.48189
2.58672
2.56658
2.49985
2.33637
1.63831
0.0391157
2.58869
2.58307
2.55297
2.49609
2.32557
1.84219
0.0592685
2.57319
2.55578
2.51532
2.42059
2.00578
2.55696
2.53153
2.51021
2.54733
2.61709
2.58673
2.53529
2.48096
2.59913
2.56095
2.50937
2.38028
1.8503
0.447918
2.59966
2.59124
2.54967
2.5113
2.3929
1.87984
0.46957
2.58202
2.56169
2.52873
2.45792
2.19285
0.748856
2.56302
2.5411
2.53357
2.52701
2.60233
2.56018
2.52125
2.49141
2.59681
2.54591
2.51074
2.43426
1.96961
0.516939
2.5982
2.58841
2.54054
2.5057
2.42832
2.04746
0.405489
2.58212
2.55339
2.53791
2.481
2.34328
2.56003
2.54504
2.54751
2.52339
2.57228
2.53316
2.51983
2.49729
2.57436
2.52865
2.52679
2.45781
2.19034
2.58958
2.57296
2.52942
2.50715
2.46666
2.14759
-0.660945
2.57408
2.53743
2.53188
2.50538
2.54569
2.55058
2.54105
2.54981
2.51953
2.54878
2.5263
2.51381
2.49778
2.54683
2.52383
2.5232
2.47311
2.46472
2.56714
2.54949
2.51595
2.50651
2.48411
2.43747
2.55384
2.51663
2.51321
2.51377
2.55878
2.53605
2.53101
2.54176
2.51807
2.53889
2.5261
2.51571
2.49248
2.53244
2.52019
2.52005
2.49396
2.54141
2.54433
2.52901
2.50367
2.5023
2.48488
2.50879
2.52748
2.49806
2.503
2.51019
2.54817
2.51792
2.52034
2.53171
2.52466
2.53941
2.53024
2.51951
2.48764
2.53054
2.52129
2.52251
2.50897
2.54761
2.53253
2.51956
2.50071
2.5033
2.49661
2.52673
2.5122
2.49239
2.50375
2.51121
2.54123
2.50292
2.51484
2.52626
2.53507
2.54507
2.53792
2.52888
2.50633
2.53431
2.52663
2.53039
2.52067
2.54925
2.53027
2.51981
2.50615
2.50952
2.50731
2.5378
2.50986
2.50097
2.51636
2.5175
2.54263
2.50168
2.51842
2.52869
2.54937
2.55251
2.54752
2.54117
2.53351
2.54136
2.53471
2.53761
2.53569
2.55772
2.5337
2.5268
2.51783
2.51947
2.51976
2.54964
2.5159
2.51265
2.53208
2.53133
2.5523
2.51367
2.53045
2.53978
2.56374
2.5603
2.55709
2.55335
2.55326
2.54945
2.544
2.54998
2.54873
2.56777
2.54028
2.53613
2.52891
2.53383
2.5328
2.5649
2.52558
2.52636
2.54479
2.5464
2.57001
2.52646
2.54961
2.56178
2.57464
2.56688
2.56472
2.56232
2.56399
2.55671
2.55263
2.55305
2.55825
2.57642
2.54759
2.54444
2.54151
2.54479
2.55113
2.58082
2.53556
2.53779
2.55026
2.55965
2.59422
2.53854
2.57117
2.59577
2.58066
2.57128
2.56902
2.56664
2.57132
2.56135
2.5572
2.55725
2.56382
2.58693
2.55194
2.54959
2.54685
2.54919
2.55935
2.59874
2.54199
2.54351
2.55528
2.57975
2.6282
2.5512
2.58813
2.62955
145.798
137.207
148.301
149.884
139.287
152.956
154.462
156.75
148.25
149.967
157.878
162.869
152.054
151.469
153.533
147.912
148.807
156.22
161.164
149.229
154.05
167.159
160.831
158.798
170.594
166.855
151.024
131.023
143.504
152.321
146.137
147.715
143.104
132.894
116.866
114.971
104.856
114.917
118.502
115.672
130.103
125.67
170.084
148.469
176.285
178.899
188.231
172.994
127.906
139.456
137.778
146.198
140.97
147.699
145.249
118.492
122.646
128.962
135.302
153.417
170.429
168.829
185.78
179.201
190.686
193.513
198.068
188.091
169.914
184.835
136.225
151.36
156.546
150.431
164.093
147.107
142.246
166.347
163.59
160.042
176.775
170.205
180.641
185.972
186.71
185.927
176.491
176.944
162.382
169.953
171.547
163.448
173.523
176.233
165.494
172.882
79.622
55.2118
67.8908
71.0358
73.8031
55.8291
55.8099
56.3731
78.9738
84.3412
56.569
57.4792
58.5037
97.7991
57.2464
81.3778
52.908
82.6983
84.2939
74.7204
54.5645
55.5572
54.2172
54.5136
106.487
86.1187
103.844
59.148
58.4646
59.464
60.9516
109.254
65.4319
71.256
57.9352
66.6644
51.7607
49.7534
50.4508
116.018
102.966
76.1004
80.6267
78.5294
61.0917
61.2039
49.4606
49.8007
49.9128
100.054
103.829
81.2321
79.2828
79.8451
68.4544
50.8645
72.745
90.0399
91.0777
52.4053
54.312
53.2467
56.9148
114.209
110.632
112.982
87.8378
83.1165
82.3069
80.1829
81.3959
96.9755
58.4756
97.8791
93.2142
66.2584
71.3146
69.7948
105.493
98.2392
75.6075
77.9757
73.0944
79.0005
55.5728
54.273
56.956
56.3584
56.8498
54.1506
53.733
53.9811
57.0603
57.0778
53.8187
53.8753
53.5713
56.4014
54.1094
53.6308
52.8508
55.169
53.9789
54.5772
53.9493
53.8602
53.0586
52.3743
55.6941
56.7385
56.4499
53.8694
52.7774
53.6801
52.8606
56.9541
46.3372
53.0719
52.1398
52.2451
51.3617
50.0396
49.9163
63.1516
63.3009
36.442
39.8391
39.3777
51.9364
52.0781
49.7433
49.4091
49.7246
65.8218
69.1727
44.0518
41.164
48.7368
52.7767
50.6496
53.8418
53.8158
54.6527
51.3997
51.3299
53.0531
53.6718
72.3415
74.0411
71.3171
52.2521
55.7912
59.96
58.2966
49.5674
56.4446
55.5878
65.543
66.036
54.0853
56.8498
58.8279
71.8555
68.7958
60.402
60.9101
60.443
62.1607
22.2471
2.4288
29.7975
30.8617
35.087
2.51967
2.66381
2.74452
30.9412
18.855
2.52529
2.6569
2.38412
8.6342
2.09639
36.3628
2.94325
30.7974
36.0131
39.1868
2.51572
2.68001
3.2845
4.85419
3.79924
15.4809
4.34402
2.14398
2.00794
2.11839
1.98823
3.07715
2.00352
41.0135
46.003
44.2954
6.97571
25.5959
21.5979
2.89063
4.47881
1.86863
1.94992
1.87848
46.6176
45.2993
38.1439
34.8704
26.7302
4.40893
3.65271
1.93128
1.83816
1.71985
42.993
10.6296
36.9633
32.4587
25.5645
8.07297
5.25586
2.69027
2.45614
3.61565
5.72324
3.47116
1.93009
1.95305
1.98165
1.94439
1.87784
14.3202
2.28046
13.952
15.0437
2.17723
2.17124
2.10418
9.43465
15.6618
2.13605
1.9946
2.12891
1.96675
2.11298
2.63796
2.03821
2.05082
2.0359
2.66835
2.6682
2.68036
2.0884
2.19633
2.63773
2.63481
2.51639
2.36025
2.45079
2.05456
2.62366
2.10685
2.09326
1.96174
2.61041
2.6382
2.63312
2.71885
2.50247
2.34874
2.57142
2.43079
2.43058
2.46096
2.3913
2.61666
2.40015
1.96804
1.89576
2.14265
2.5518
2.3437
2.39112
2.61466
2.62627
2.45628
2.35818
2.41271
2.26391
1.90208
2.12987
2.17608
2.27296
2.68867
2.74095
2.38353
2.42818
2.42064
1.66869
2.4674
1.88226
1.99639
2.119
2.50019
2.57941
2.46754
2.43149
2.63791
2.6078
2.62516
2.35723
2.38538
2.36824
2.40249
2.38335
2.24027
2.43754
2.36151
2.37169
2.39382
2.41825
2.45647
2.51271
2.41185
2.42875
2.36667
2.45177
2.36806
2.40279
2.55725
2.42837
2.41454
2.41663
2.53796
2.55004
2.54564
2.42042
2.42381
2.51489
2.52345
2.49895
2.43275
2.48101
2.44436
2.53885
2.40267
2.42252
2.48864
2.56353
2.56704
2.56051
2.55845
2.48639
2.44865
2.50742
2.47228
2.48307
2.46488
2.46743
2.5083
2.46044
2.51211
2.61643
2.58992
2.53
2.53857
2.52879
2.51442
2.51298
2.44647
2.45787
2.35612
2.68704
2.64831
2.58231
2.54522
2.53705
2.50711
2.50652
2.42652
2.36083
2.46563
2.54239
2.50382
2.48193
2.47245
2.41537
2.49462
2.49693
2.50456
2.49563
2.51081
2.50041
2.52137
2.37136
2.41598
2.42634
2.43957
2.45249
2.43123
2.47956
2.46784
2.49218
2.46538
2.47142
2.52035
2.47964
2.49456
2.46392
2.43597
2.48203
2.43597
2.51531
2.53848
2.52765
2.52233
2.52446
2.52745
2.53287
2.52686
2.51326
2.50223
2.52046
2.51857
2.51163
2.49347
2.50717
2.52628
2.53458
2.51211
2.51943
2.55212
2.5433
2.54299
2.54015
2.55453
2.4923
2.47729
2.49983
2.50394
2.49952
2.49186
2.49811
2.48421
2.47171
2.53583
2.51874
2.52516
2.5355
2.53081
2.53061
2.5026
2.50114
2.5557
2.48344
2.50712
2.46979
2.49178
2.51071
2.50009
2.50769
2.50616
2.50945
2.51027
2.50677
2.5112
2.51139
2.52635
2.52796
2.53178
2.54717
2.48342
2.49569
2.47396
2.49214
2.48083
2.50065
2.50792
2.50078
2.50856
2.50746
2.50773
2.50055
2.50771
2.50562
2.5224
2.50787
2.4923
2.48186
2.51701
2.52121
2.51727
2.5253
2.49611
2.48608
2.49682
2.4266
2.44968
2.45203
2.46391
2.4589
2.48375
2.51226
2.49632
2.51499
2.49529
2.50408
2.50912
2.49086
2.50025
2.48805
2.4825
2.49265
2.46339
2.53638
2.53331
2.52971
2.53424
2.52885
2.52521
2.52746
2.5243
2.52366
2.51764
2.52359
2.52315
2.51798
2.51114
2.5102
2.53905
2.53969
2.53923
2.54264
2.55174
2.53995
2.53699
2.54254
2.54342
2.50337
2.50289
2.50792
2.50913
2.50325
2.50044
2.49945
2.48182
2.49899
2.4827
2.49672
2.50206
2.51
2.49893
2.50927
2.53868
2.52935
2.52934
2.54008
2.5214
2.52626
2.50028
2.47925
2.50026
2.48637
2.48924
2.4802
2.50199
2.50647
2.50411
2.50504
2.49577
2.50335
2.49954
2.50348
2.53778
2.54585
2.53772
2.53857
2.55105
2.50247
2.49068
2.50495
2.49072
2.50779
2.48897
2.5051
2.5064
2.50045
2.50677
2.50343
2.50664
2.50177
2.50641
2.54134
2.55028
2.52892
2.52443
2.52201
2.53585
2.53339
2.53141
2.53058
2.49251
2.49168
2.49749
2.46062
2.48052
2.4752
2.48206
2.50624
2.48005
2.50628
2.50751
2.49987
2.50786
2.5136
2.52355
2.50971
2.51116
2.50573
2.51212
2.51065
2.49771
2.4986
2.49536
2.4987
2.50089
2.48325
2.52689
2.5173
2.5166
2.51776
2.51585
2.50688
2.50527
2.50447
2.5192
2.51539
2.51341
2.51278
2.50916
2.50877
2.50512
2.53808
2.53433
2.53219
2.53958
2.53538
2.52848
2.52406
2.533
2.52679
2.5025
2.49497
2.495
2.5023
2.49832
2.49147
2.48544
2.48561
2.49438
2.48815
2.49802
2.49717
2.50791
2.49966
2.5106
2.53934
2.5238
2.52798
2.53833
2.54914
2.53773
2.49407
2.48517
2.50211
2.49096
2.49732
2.48891
2.50345
2.50535
2.49586
2.50409
2.49812
2.5087
2.49748
2.50697
2.53495
2.55087
2.55021
2.53977
2.54972
2.51201
2.49987
2.51112
2.50147
2.51645
2.505
2.51545
2.50774
2.50385
2.50776
2.50692
2.5122
2.5061
2.51122
2.54803
2.5458
2.53352
2.53387
2.52899
2.53711
2.53109
2.53287
2.52642
2.49886
2.49704
2.50611
2.48251
2.50415
2.50032
2.50564
2.51224
2.49731
2.51548
2.50924
2.50176
2.51242
2.52233
2.52068
2.5123
2.51091
2.51045
2.51226
2.51125
2.50672
2.50747
2.50633
2.51313
2.51345
2.50581
2.50743
2.50009
2.49844
2.49285
2.49442
2.49401
2.48503
2.49028
2.50559
2.50274
2.50263
2.49951
2.49845
2.50421
2.50336
2.52829
2.52102
2.51433
2.52415
2.51668
2.51113
2.50469
2.51488
2.5052
2.49823
2.49226
2.48547
2.50025
2.4977
2.49705
2.48391
2.49372
2.49552
2.53585
2.56645
2.54689
2.53008
2.55755
2.54274
2.50447
2.49501
2.51013
2.49725
2.5069
2.50031
2.51236
2.51277
2.50352
2.51085
2.50852
2.51348
2.513
2.51216
2.55533
2.54984
2.58375
2.5593
2.5475
2.52121
2.5122
2.51976
2.51674
2.5224
2.5169
2.52256
2.51536
2.50611
2.51357
2.52124
2.51948
2.51103
2.51368
2.54407
2.54064
2.52726
2.53027
2.52246
2.53334
2.52279
2.52563
2.51492
2.51059
2.51011
2.51537
2.50687
2.51685
2.51971
2.52252
2.51554
2.5194
2.51661
2.51227
2.51244
2.51335
2.5137
2.51448
2.52125
2.52183
2.52056
2.52872
2.52887
2.52368
2.49655
2.49717
2.4946
2.48379
2.4915
2.49826
2.4876
2.49572
2.49664
2.49847
2.50325
2.49877
2.50142
2.50441
2.50565
2.51446
2.50998
2.49841
2.50725
2.49344
2.50315
2.49609
2.50292
2.48442
2.50282
2.50391
2.49244
2.50527
2.50598
2.51182
2.50064
2.50359
2.51055
2.52321
2.54133
2.5331
2.51742
2.52853
2.52351
2.51014
2.52238
2.51031
2.514
2.50724
2.54861
2.54155
2.54302
2.53688
2.53393
2.53772
2.5217
2.52571
2.51598
2.52558
2.53554
2.52949
2.51859
2.52218
2.51045
2.52535
2.51338
2.51872
2.50605
2.52187
2.52771
2.52929
2.52494
2.52835
2.53454
2.53552
2.52868
2.5156
2.51535
2.51644
2.51796
2.52067
2.52008
2.52194
2.53575
2.5353
2.53204
2.54137
2.53964
2.53712
2.5021
2.51123
2.50541
2.49803
2.50254
2.51462
2.5117
2.51142
2.50505
2.50639
2.51514
2.51324
2.51179
2.50795
2.51086
2.50858
2.51121
2.49941
2.50279
2.48361
2.51129
2.5077
2.50732
2.48986
2.51496
2.52117
2.51345
2.51259
2.51901
2.52996
2.52467
2.52218
2.53184
2.51434
2.51975
2.5165
2.51525
2.5165
2.51383
2.52648
2.53117
2.53629
2.53582
2.53838
2.52789
2.52709
2.52377
2.52265
2.52257
2.53693
2.53513
2.5435
2.54353
2.54389
2.52495
2.52247
2.51033
2.51888
2.50783
2.52203
2.50797
2.52027
2.51131
2.53713
2.54014
2.54278
2.54281
2.54597
2.545
2.55018
2.54814
2.51832
2.52206
2.52524
2.5273
2.53092
2.52996
2.53226
2.54615
2.54335
2.54103
2.54938
2.54586
2.54755
2.52217
2.53265
2.52463
2.52583
2.52083
2.53397
2.53765
2.52983
2.52166
2.51659
2.53136
2.52932
2.5209
2.51468
2.51821
2.51743
2.52567
2.51901
2.51599
2.50349
2.52985
2.53071
2.52597
2.51892
2.52356
2.53473
2.53428
2.5171
2.52776
2.53343
2.54063
2.53978
2.5454
2.5213
2.5181
2.51639
2.52942
2.5231
2.52191
2.54443
2.54682
2.55259
2.54997
2.55218
2.52154
2.52118
2.52448
2.52429
2.52312
2.55003
2.55074
2.55408
2.55464
2.5554
2.52301
2.52565
2.51127
2.52421
2.51824
2.52685
2.51695
2.52851
2.52474
2.55436
2.5497
2.55821
2.5566
2.55963
2.5546
2.56465
2.56004
2.52777
2.53319
2.53458
2.53741
2.54046
2.53811
2.54147
2.55152
2.54841
2.54787
2.55284
2.5506
2.5572
2.54109
2.54701
2.54209
2.54549
2.53812
2.54827
2.54957
2.54472
2.53615
2.52762
2.54446
2.54255
2.53681
2.52346
2.53184
2.534
2.54147
2.54043
2.53528
2.53313
2.54464
2.54691
2.54351
2.54491
2.53256
2.52797
2.54383
2.52657
2.5392
2.52796
2.54911
2.54872
2.55201
2.53754
2.5302
2.52976
2.54394
2.53756
2.53817
2.5522
2.55418
2.55648
2.55352
2.55516
2.52945
2.52729
2.53461
2.53515
2.53218
2.55655
2.55592
2.55615
2.55724
2.55653
2.53014
2.53461
2.52466
2.53383
2.53207
2.53516
2.53206
2.53869
2.5387
2.5625
2.55839
2.56839
2.56026
2.56372
2.56107
2.5696
2.56248
2.53879
2.54378
2.5408
2.54452
2.54694
2.54312
2.54658
2.55328
2.55261
2.55231
2.55342
2.55381
2.56268
2.55085
2.55349
2.55221
2.55069
2.54881
2.55479
2.55116
2.55176
2.54844
2.54704
2.55416
2.55437
2.55589
2.5412
2.54988
2.54681
2.54972
2.55044
2.5499
2.55276
2.55003
2.55314
2.55292
2.55607
2.54621
2.53224
2.5531
2.54422
2.55386
2.54172
2.55902
2.55478
2.55804
2.54734
2.5437
2.54539
2.54842
2.54762
2.54929
2.55378
2.55524
2.55777
2.55467
2.55576
2.53947
2.5371
2.54254
2.54224
2.54072
2.55681
2.55597
2.55518
2.55644
2.55591
2.53879
2.54183
2.53848
2.54318
2.54419
2.54293
2.54326
2.54683
2.54871
2.56322
2.56232
2.56866
2.55851
2.56237
2.56238
2.56728
2.56175
2.54813
2.55161
2.54487
2.54791
2.55163
2.54745
2.54955
2.55361
2.55479
2.55403
2.55434
2.55562
2.56206
2.55556
2.55752
2.55675
2.55338
2.55535
2.55779
2.55723
2.55775
2.55829
2.56303
2.56288
2.56257
2.56951
2.55755
2.56399
2.55112
2.55167
2.55515
2.55325
2.55705
2.55381
2.55667
2.5532
2.55758
2.56088
2.5501
2.56359
2.56093
2.56617
2.55821
2.56732
2.56109
2.56345
2.54916
2.54888
2.5504
2.54962
2.54831
2.54998
2.55587
2.55677
2.56082
2.55687
2.5576
2.54335
2.54315
2.54475
2.54398
2.54475
2.55609
2.55608
2.55445
2.55569
2.55664
2.54399
2.5449
2.54633
2.54945
2.55132
2.54596
2.54797
2.55117
2.55339
2.56176
2.56145
2.56522
2.55613
2.56118
2.56035
2.56298
2.56095
2.55409
2.55597
2.54972
2.55138
2.55555
2.55253
2.55358
2.55551
2.55667
2.55535
2.55769
2.55781
2.5604
2.55906
2.55979
2.56221
2.56149
2.56068
2.56711
2.56466
2.56829
2.56696
2.57269
2.57007
2.56738
2.57598
2.56843
2.56959
2.55158
2.55075
2.55742
2.55308
2.55781
2.55574
2.55691
2.55259
2.55718
2.56944
2.56247
2.56877
2.5675
2.56948
2.56294
2.56702
2.56447
2.56346
2.54954
2.54752
2.54933
2.54857
2.54649
2.54834
2.55791
2.55797
2.56106
2.5583
2.55796
2.54427
2.54543
2.54496
2.54401
2.54493
2.55498
2.5569
2.55306
2.55398
2.55636
2.5448
2.54323
2.54787
2.55177
2.55412
2.5433
2.5463
2.55146
2.55389
2.56121
2.55896
2.56053
2.55157
2.56025
2.55706
2.55715
2.55732
2.55745
2.55855
2.55576
2.55613
2.56005
2.5586
2.55852
2.56032
2.55951
2.55712
2.56329
2.56217
2.56097
2.5592
2.55732
2.5677
2.56578
2.57477
2.57371
2.56443
2.57372
2.5708
2.57615
2.57305
2.57286
2.57181
2.56937
2.56644
2.54904
2.54662
2.55505
2.5512
2.55511
2.55207
2.55196
2.54876
2.55143
2.56539
2.56036
2.56235
2.56133
2.5598
2.55354
2.55488
2.56056
2.55621
2.54668
2.54525
2.54667
2.54413
2.54382
2.54461
2.55729
2.55685
2.55591
2.55597
2.55489
2.54304
2.54335
2.54255
2.54175
2.54112
2.55288
2.5553
2.55109
2.55182
2.55342
2.54108
2.5388
2.54322
2.54999
2.55273
2.53646
2.53915
2.54814
2.55093
2.55709
2.55573
2.55239
2.54664
2.55204
2.55363
2.54815
2.55135
2.55943
2.5598
2.56156
2.56086
2.56359
2.5631
2.56238
2.56791
2.56478
2.55954
2.57002
2.56636
2.56252
2.5539
2.55047
2.57662
2.56078
2.57011
2.56873
2.5557
2.56234
2.56891
2.56575
2.56951
2.56168
2.55923
2.56235
2.55848
2.54395
2.54156
2.54834
2.54614
2.54748
2.54598
2.54473
2.5439
2.54381
2.55439
2.54835
2.54928
2.55481
2.54971
2.54343
2.54473
2.55156
2.54733
2.54101
2.54206
2.54243
2.53775
2.54001
2.54002
2.55327
2.55211
2.54911
2.55031
2.54928
2.54056
2.53948
2.53949
2.53947
2.53897
2.5503
2.55121
2.54884
2.5485
2.54919
2.53772
2.53867
2.53493
2.5462
2.54875
2.53258
2.53138
2.54492
2.5475
2.54565
2.55062
2.54416
2.54114
2.54217
2.54503
2.54123
2.54556
2.55935
2.55806
2.56378
2.56283
2.56184
2.56191
2.56177
2.57008
2.56508
2.55627
2.56628
2.5622
2.55712
2.54771
2.54632
2.55665
2.5507
2.55351
2.5488
2.5468
2.54685
2.55347
2.55269
2.54867
2.54704
2.54713
2.55482
2.55134
2.53986
2.53929
2.54214
2.54251
2.54064
2.54282
2.54125
2.5422
2.5385
2.5466
2.54079
2.54287
2.55043
2.54427
2.5395
2.54166
2.54401
2.54184
2.53482
2.53774
2.5376
2.53296
2.53651
2.53601
2.54704
2.54653
2.5433
2.54454
2.54434
2.5386
2.53951
2.53717
2.53793
2.5406
2.54635
2.54696
2.54563
2.54462
2.54534
2.5415
2.54561
2.52826
2.54587
2.5472
2.53773
2.52789
2.54872
2.54898
2.54011
2.53976
2.54018
2.54278
2.54148
2.53766
2.54264
2.54422
2.55657
2.55584
2.55865
2.55861
2.55695
2.55408
2.55452
2.56154
2.55885
2.54828
2.55634
2.55595
2.54939
2.5467
2.54836
2.54508
2.54483
2.54323
2.54399
2.54461
2.54215
2.54297
2.54321
2.54216
2.54112
2.54107
2.54836
2.54616
2.54012
2.54222
2.54228
2.54329
2.53806
2.54433
2.54468
2.54524
2.53954
2.54285
2.53919
2.54126
2.5456
2.54145
2.53838
2.54058
2.54053
2.5395
2.53249
2.53681
2.53614
2.53388
2.539
2.5379
2.54259
2.54269
2.53973
2.54131
2.54155
2.53851
2.54241
2.53994
2.54084
2.54534
2.54318
2.54384
2.54316
2.5422
2.54275
2.55152
2.55739
2.53
2.55436
2.55214
2.55665
2.53379
2.56175
2.55544
2.54285
2.53042
2.54504
2.54529
2.54392
2.53453
2.5461
2.54427
2.55583
2.55619
2.55035
2.55062
2.5518
2.54731
2.54832
2.5515
2.55342
2.54692
2.54838
2.5511
2.54591
2.55085
2.5536
2.54509
2.54573
2.543
2.54786
2.54793
2.54542
2.54096
2.54054
2.54334
2.54215
2.54139
2.54482
2.54459
2.54503
2.5479
2.54822
2.54772
2.54253
2.54851
2.5519
2.54974
2.54691
2.5406
2.53766
2.54005
2.54221
2.54024
2.5374
2.53987
2.53915
2.53915
2.53663
2.54212
2.54022
2.54025
2.54502
2.54177
2.54055
2.54109
2.53827
2.54069
2.54115
2.54464
2.5484
2.54852
2.54927
2.55137
2.54172
2.5421
2.54271
2.54203
2.54236
2.56216
2.56576
2.54072
2.56988
2.55928
2.5733
2.54936
2.57459
2.56294
2.54435
2.54578
2.54733
2.5411
2.54504
2.55417
2.5486
2.54494
2.55674
2.55877
2.5446
2.54669
2.54748
2.54412
2.54567
2.54897
2.54977
2.54867
2.55013
2.54827
2.55474
2.55606
2.55811
2.55138
2.55093
2.54894
2.55496
2.55433
2.55265
2.54435
2.54319
2.54844
2.54712
2.54584
2.54523
2.54665
2.55022
2.55217
2.55457
2.55128
2.55163
2.55267
2.55627
2.552
2.55474
2.54078
2.53769
2.5404
2.54241
2.54184
2.53929
2.54178
2.54023
2.54168
2.5443
2.54739
2.54262
2.54843
2.54961
2.54427
2.54191
2.54262
2.54146
2.54333
2.5441
2.55245
2.55408
2.55331
2.55287
2.55579
2.54331
2.54361
2.54597
2.54511
2.54517
2.56824
2.56757
2.56275
2.57611
2.56761
2.57194
2.57424
2.57661
2.57508
2.54636
2.55178
2.54826
2.53859
2.54793
2.54574
2.54871
2.54739
2.56299
2.56894
2.54462
2.54652
2.55452
2.54741
2.54752
2.5472
2.54618
2.53434
2.53856
2.53971
2.54606
2.55979
2.56134
2.55809
2.55761
2.55607
2.56064
2.56011
2.55878
2.55007
2.54894
2.5541
2.55278
2.55203
2.54848
2.55059
2.55357
2.55466
2.55765
2.55192
2.55504
2.55588
2.55916
2.55166
2.55525
2.54368
2.54186
2.54373
2.54558
2.54605
2.5449
2.54602
2.544
2.54644
2.55179
2.5521
2.5477
2.55418
2.55427
2.55162
2.54624
2.5471
2.54741
2.54884
2.5497
2.55245
2.55631
2.55529
2.55298
2.55664
2.54792
2.54789
2.55144
2.55068
2.5505
2.56625
2.56542
2.57456
2.57537
2.57973
2.56901
2.57406
2.57432
2.57821
2.55039
2.5431
2.55031
2.54581
2.55349
2.54293
2.55265
2.55304
2.56657
2.5749
2.54959
2.54804
2.5664
2.55604
2.55391
2.5302
2.53005
2.5168
2.52527
2.53028
2.54105
2.56266
2.56327
2.56246
2.56128
2.56055
2.5637
2.56154
2.5614
2.55505
2.5549
2.55842
2.55697
2.55746
2.55271
2.55487
2.55581
2.55707
2.56103
2.5523
2.55669
2.55873
2.56292
2.55378
2.5586
2.54887
2.54769
2.54846
2.5498
2.55171
2.55011
2.55104
2.54905
2.55159
2.55594
2.55581
2.55507
2.5574
2.55711
2.55759
2.55194
2.55274
2.55318
2.55455
2.55528
2.55485
2.55741
2.5589
2.5572
2.55849
2.55368
2.55343
2.55685
2.55603
2.55571
2.56513
2.56474
2.57166
2.57479
2.58178
2.56824
2.56908
2.57467
2.58538
2.55656
2.5479
2.5556
2.55446
2.55898
2.55505
2.55861
2.55858
2.59198
2.60003
2.56799
2.56407
2.59785
2.5846
2.57978
2.5286
2.54006
2.55245
2.54839
2.55467
2.56053
2.56293
2.5615
2.56475
2.5615
2.56163
2.56583
2.56122
2.56164
2.55876
2.55988
2.56204
2.56056
2.56228
2.55704
2.55899
2.55811
2.55887
2.56451
2.55516
2.55953
2.55995
2.56429
2.55601
2.56039
2.55438
2.55175
2.55364
2.55403
2.55661
2.55295
2.55599
2.55399
2.55621
2.55848
2.55829
2.55924
2.55923
2.55943
2.56041
2.55693
2.55748
2.55757
2.55884
2.55923
2.55912
2.5596
2.56024
2.55992
2.56029
2.55792
2.55736
2.55991
2.55924
2.55854
2.56426
2.56359
2.56633
2.57236
2.58019
2.56501
2.56468
2.56888
2.57364
2.56051
2.56193
2.56146
2.55937
2.56055
2.56644
2.56276
2.56102
2.5924
2.58006
2.59457
2.58727
2.58443
2.58617
2.58271
2.5649
2.57181
2.57144
2.58025
2.57533
2.57594
2.55988
2.55834
2.56606
2.56056
2.56175
2.56552
2.55965
2.56231
2.5623
2.56442
2.56475
2.56362
2.56648
2.56099
2.56322
2.55945
2.55966
2.56169
2.55684
2.56197
2.55864
2.55768
2.55778
2.56394
2.55842
2.55343
2.55773
2.55953
2.56028
2.5539
2.55876
2.55809
2.5596
2.5598
2.56014
2.56116
2.56011
2.56031
2.56122
2.56038
2.56048
2.56006
2.56152
2.56141
2.56039
2.56062
2.55992
2.56041
2.56054
2.56012
2.55922
2.56099
2.56062
2.5595
2.56258
2.56135
2.56389
2.56507
2.56734
2.56167
2.56289
2.56056
2.5616
2.56028
2.56575
2.56269
2.55906
2.55971
2.56328
2.56171
2.56122
2.57037
2.56616
2.57957
2.57558
2.57104
2.57377
2.57209
2.5825
2.57496
2.57675
2.57692
2.57442
2.56811
2.55733
2.55703
2.56485
2.55906
2.563
2.56394
2.55885
2.56364
2.56408
2.56782
2.56446
2.5636
2.56872
2.56456
2.56461
2.55925
2.55844
2.55447
2.55836
2.56135
2.55691
2.55389
2.55773
2.55589
2.56159
2.55513
2.55899
2.5622
2.56212
2.55709
2.5589
2.56079
2.56209
2.55975
2.56011
2.56049
2.55861
2.55895
2.55912
2.56228
2.56178
2.55986
2.56231
2.56192
2.55958
2.56003
2.55887
2.55832
2.55897
2.56069
2.55943
2.56044
2.56045
2.55923
2.56008
2.55853
2.56038
2.55835
2.56026
2.55782
2.55683
2.55678
2.55821
2.55892
2.56099
2.5606
2.55658
2.55805
2.55886
2.55902
2.55969
2.56166
2.55911
2.56876
2.56827
2.56187
2.56436
2.56494
2.57088
2.57136
2.56717
2.56501
2.56687
2.56062
2.55748
2.55856
2.56323
2.55982
2.56351
2.5628
2.56113
2.56279
2.56299
2.56867
2.56403
2.56287
2.56674
2.56439
2.56365
2.5574
2.55656
2.55431
2.55692
2.5522
2.55686
2.55548
2.5567
2.5529
2.5615
2.55885
2.55793
2.56081
2.56028
2.55929
2.55736
2.56328
2.56164
2.55698
2.5573
2.55744
2.55518
2.55552
2.55554
2.56203
2.5616
2.55609
2.56096
2.56078
2.55663
2.5573
2.55569
2.55488
2.55517
2.55986
2.55875
2.55865
2.55897
2.55818
2.55647
2.55385
2.55344
2.55524
2.55484
2.55296
2.55027
2.55325
2.55134
2.55666
2.55728
2.55742
2.55376
2.55543
2.55587
2.55615
2.55727
2.55632
2.55321
2.56062
2.56139
2.55545
2.55752
2.55824
2.56103
2.56253
2.55816
2.55761
2.55876
2.55612
2.56033
2.562
2.56275
2.56218
2.56239
2.56368
2.56323
2.56254
2.56217
2.56528
2.56365
2.56113
2.56322
2.56242
2.56081
2.55587
2.55508
2.55708
2.55666
2.55561
2.55823
2.5587
2.5564
2.55781
2.55772
2.55838
2.55581
2.55807
2.55363
2.55877
2.55157
2.55721
2.55247
2.55343
2.55373
2.55365
2.55184
2.5521
2.55185
2.55938
2.55921
2.55157
2.5572
2.55724
2.55306
2.55285
2.55186
2.55126
2.55045
2.55774
2.55738
2.55593
2.5564
2.55655
2.55092
2.54813
2.54678
2.5507
2.54735
2.54715
2.5439
2.54831
2.54397
2.55443
2.55468
2.55505
2.55172
2.55388
2.55379
2.55442
2.55551
2.55033
2.54837
2.55534
2.55587
2.55204
2.55387
2.55466
2.55565
2.55616
2.55422
2.55458
2.5547
2.55382
2.56231
2.5616
2.56394
2.56424
2.56387
2.56301
2.56445
2.56296
2.56131
2.55991
2.56432
2.5615
2.55877
2.55874
2.5573
2.554
2.55276
2.55993
2.55595
2.55863
2.55817
2.56007
2.55522
2.55868
2.54974
2.5569
2.54557
2.55502
2.54731
2.55359
2.54127
2.54704
2.54292
2.55029
2.55056
2.55017
2.54885
2.54899
2.5486
2.55482
2.55477
2.54549
2.55215
2.55225
2.54957
2.54812
2.54786
2.54784
2.54595
2.55481
2.55544
2.55257
2.55325
2.55398
2.54572
2.54378
2.54152
2.54602
2.54159
2.54244
2.53914
2.54397
2.54015
2.55397
2.55295
2.55423
2.55099
2.55388
2.55274
2.55439
2.55438
2.54776
2.54782
2.55406
2.55483
2.55243
2.55436
2.55532
2.55402
2.55385
2.55259
2.55357
2.55333
2.55292
2.56027
2.55853
2.56217
2.5634
2.56117
2.56089
2.56132
2.56123
2.56053
2.55864
2.55972
2.55992
2.55892
2.55641
2.55575
2.55132
2.54968
2.55901
2.55404
2.55778
2.55526
2.55723
2.55242
2.55594
2.54661
2.54945
2.53873
2.55331
2.54718
2.54556
2.53828
2.54025
2.53875
2.54746
2.54739
2.54702
2.54597
2.54576
2.54535
2.54905
2.54909
2.54056
2.54566
2.54615
2.54617
2.54404
2.5443
2.54451
2.54245
2.55142
2.55225
2.54888
2.54956
2.5501
2.54241
2.54154
2.53764
2.5427
2.54039
2.53992
2.53689
2.54212
2.54104
2.55394
2.55257
2.55431
2.55024
2.55347
2.55253
2.55397
2.55243
2.54838
2.54894
2.555
2.55584
2.55341
2.55518
2.55616
2.5538
2.5533
2.55236
2.55359
2.55333
2.55231
2.55643
2.55389
2.56113
2.55902
2.56101
2.56045
2.55627
2.55889
2.55989
2.55841
2.56081
2.55889
2.55661
2.55479
2.55313
2.54794
2.54625
2.555
2.55048
2.55359
2.55064
2.55239
2.54838
2.5511
2.54792
2.54275
2.53847
2.55108
2.54828
2.54136
2.54017
2.5385
2.5396
2.54436
2.54406
2.54365
2.54268
2.54237
2.54173
2.54257
2.54327
2.53888
2.54035
2.54154
2.54293
2.54112
2.5412
2.54139
2.53997
2.54755
2.54794
2.54548
2.54602
2.54611
2.54091
2.54038
2.53668
2.54206
2.54203
2.53919
2.53677
2.54229
2.54311
2.55263
2.55196
2.55324
2.54835
2.55142
2.55129
2.55226
2.5496
2.54886
2.54841
2.55487
2.55564
2.552
2.55369
2.55441
2.55328
2.55323
2.55157
2.55261
2.55291
2.55102
2.55101
2.54798
2.55632
2.55303
2.55515
2.55144
2.54942
2.55081
2.55565
2.55361
2.55206
2.55143
2.55008
2.55089
2.54826
2.54446
2.54288
2.54955
2.54618
2.54885
2.54544
2.54668
2.54417
2.54675
2.54758
2.54015
2.54219
2.54693
2.54629
2.53917
2.54363
2.54218
2.54523
2.54103
2.54078
2.54016
2.5395
2.53955
2.53914
2.53961
2.54124
2.54342
2.54023
2.54185
2.53998
2.539
2.53871
2.53875
2.53818
2.54506
2.54464
2.544
2.54462
2.54437
2.53984
2.53927
2.5369
2.54248
2.54375
2.539
2.53712
2.54242
2.54401
2.55028
2.55008
2.55079
2.54569
2.54893
2.54907
2.54931
2.54732
2.54732
2.5458
2.55176
2.5522
2.549
2.54914
2.54971
2.55192
2.55222
2.54974
2.55086
2.5512
2.54849
2.54503
2.54238
2.54689
2.54586
2.54662
2.54301
2.54269
2.54287
2.54732
2.54655
2.5436
2.54369
2.54328
2.54562
2.54307
2.5415
2.5403
2.54392
2.54236
2.54463
2.54092
2.54138
2.54078
2.54253
2.54479
2.53896
2.54446
2.54268
2.5431
2.53838
2.54393
2.54756
2.54802
2.53821
2.53855
2.53836
2.53727
2.53768
2.53762
2.54075
2.54294
2.54729
2.54267
2.54414
2.53769
2.53743
2.53687
2.53686
2.53679
2.54379
2.54456
2.54408
2.54254
2.54466
2.53872
2.53815
2.53702
2.54196
2.54321
2.53839
2.53674
2.54116
2.54192
2.5474
2.5475
2.54717
2.54387
2.5451
2.54645
2.54473
2.54464
2.54449
2.54342
2.54668
2.54724
2.54645
2.54501
2.54551
2.54989
2.54966
2.5469
2.54915
2.54811
2.54619
2.53997
2.53796
2.53982
2.54012
2.53973
2.53746
2.53799
2.53726
2.54057
2.54033
2.53763
2.5379
2.5377
2.54063
2.5383
2.53924
2.53832
2.53902
2.53939
2.54039
2.53746
2.53703
2.53812
2.53838
2.54128
2.53738
2.54273
2.53843
2.5392
2.53592
2.5408
2.54656
2.5443
2.53666
2.53692
2.53697
2.53641
2.53632
2.53671
2.54342
2.54476
2.54852
2.54295
2.54427
2.53619
2.53623
2.53566
2.53564
2.53573
2.54214
2.54425
2.54322
2.54191
2.54275
2.53749
2.53678
2.53607
2.53993
2.54004
2.53683
2.53524
2.53839
2.53837
2.54214
2.54562
2.54251
2.54217
2.54086
2.54374
2.54075
2.54534
2.54216
2.54099
2.5436
2.54435
2.54387
2.54352
2.54382
2.54842
2.54662
2.54545
2.5471
2.54555
2.54399
2.53631
2.53498
2.53575
2.53632
2.53547
2.53456
2.53499
2.53427
2.5356
2.53535
2.53367
2.53371
2.53332
2.53606
2.53397
2.53742
2.53649
2.53543
2.53695
2.53666
2.53529
2.53417
2.53588
2.53514
2.53703
2.53431
2.5384
2.53401
2.53485
2.53242
2.5361
2.54198
2.53961
2.53628
2.53576
2.53618
2.53604
2.53526
2.53565
2.5418
2.54296
2.54305
2.54105
2.54152
2.53519
2.53533
2.5349
2.53476
2.53493
2.54114
2.54058
2.54039
2.53984
2.53875
2.53605
2.53541
2.53453
2.53698
2.53675
2.53504
2.53349
2.5357
2.53506
2.53907
2.54141
2.53862
2.5368
2.5373
2.53911
2.53612
2.53933
2.53941
2.53766
2.54274
2.54306
2.54052
2.54137
2.54155
2.54532
2.5445
2.54288
2.54309
2.54286
2.5402
2.53398
2.53322
2.53375
2.53399
2.53347
2.53308
2.53329
2.53292
2.53217
2.53173
2.53127
2.53101
2.53069
2.53214
2.5307
2.5356
2.53475
2.53334
2.53497
2.53376
2.534
2.53279
2.5342
2.53261
2.53302
2.53037
2.53424
2.53052
2.53141
2.52823
2.53241
2.53721
2.53509
2.53565
2.53482
2.53514
2.53515
2.53439
2.53462
2.54046
2.53987
2.53725
2.53963
2.53829
2.53435
2.53448
2.53412
2.53383
2.53394
2.53864
2.53776
2.53796
2.53781
2.53738
2.53485
2.53431
2.53247
2.53457
2.53351
2.53373
2.53209
2.53359
2.53224
2.53534
2.53627
2.53428
2.53117
2.53365
2.53336
2.53248
2.53556
2.53585
2.5342
2.53847
2.53898
2.53587
2.53584
2.53629
2.54026
2.54072
2.53831
2.53761
2.53834
2.53528
2.53265
2.53237
2.53268
2.53272
2.5327
2.53255
2.53231
2.53254
2.53032
2.53029
2.53048
2.53008
2.53047
2.5298
2.52944
2.53393
2.53313
2.53245
2.53355
2.53174
2.53316
2.53232
2.53296
2.53115
2.5302
2.52671
2.53106
2.52847
2.52933
2.52556
2.52975
2.53346
2.532
2.53456
2.5338
2.53387
2.53379
2.53311
2.533
2.53807
2.53718
2.53359
2.53616
2.53635
2.53312
2.53324
2.5328
2.53238
2.53236
2.5382
2.53711
2.53879
2.53888
2.53631
2.53374
2.5332
2.53214
2.53269
2.53138
2.5327
2.53227
2.53192
2.53076
2.53202
2.53065
2.53104
2.52873
2.5312
2.5281
2.5301
2.53415
2.53272
2.53167
2.53316
2.53372
2.53111
2.53115
2.53162
2.53413
2.53569
2.5328
2.53129
2.53336
2.53099
2.53223
2.53196
2.53238
2.53199
2.53234
2.53222
2.5317
2.53213
2.53032
2.53105
2.53124
2.5308
2.53185
2.52954
2.52999
2.53245
2.53182
2.53225
2.53238
2.53071
2.53235
2.53206
2.53181
2.53034
2.52889
2.5253
2.52899
2.5287
2.52887
2.52586
2.52846
2.53072
2.52965
2.53301
2.5324
2.53217
2.53224
2.53167
2.53131
2.53388
2.53462
2.52984
2.53149
2.53219
2.53165
2.53153
2.53159
2.53102
2.53095
2.53795
2.53482
2.53477
2.53546
2.53321
2.53256
2.53188
2.53236
2.53129
2.53056
2.53125
2.53198
2.5308
2.53021
2.53095
2.52652
2.52992
2.52901
2.53026
2.52722
2.52986
2.53164
2.53101
2.53044
2.52918
2.5299
2.52821
2.5281
2.52891
2.52893
2.53144
2.52966
2.52773
2.53057
2.52943
2.53161
2.53125
2.53201
2.53153
2.53182
2.5317
2.53116
2.53142
2.53124
2.53262
2.53201
2.53161
2.53319
2.5306
2.53122
2.53126
2.53079
2.5318
2.53135
2.53001
2.53144
2.53151
2.53098
2.52979
2.52922
2.52669
2.52826
2.53028
2.52973
2.52787
2.52833
2.529
2.52865
2.53152
2.531
2.5305
2.53091
2.5304
2.52977
2.52969
2.53053
2.52767
2.52803
2.52927
2.53057
2.53056
2.53089
2.53036
2.53034
2.5324
2.53131
2.5295
2.52998
2.52973
2.53132
2.5309
2.53132
2.53035
2.53004
2.53027
2.53071
2.53009
2.52987
2.53046
2.52826
2.52977
2.52892
2.53061
2.52871
2.52908
2.52951
2.53008
2.52984
2.52811
2.52875
2.52764
2.52798
2.52871
2.52732
2.53005
2.52885
2.52697
2.52943
2.53011
2.53083
2.53039
2.53132
2.53051
2.53115
2.53075
2.5299
2.53057
2.53184
2.53341
2.53211
2.53172
2.53295
2.5316
2.53204
2.53039
2.53004
2.53114
2.53067
2.52973
2.53069
2.53079
2.53033
2.52977
2.53038
2.52894
2.52835
2.53186
2.53103
2.53002
2.52858
2.52858
2.52866
2.53039
2.5299
2.52916
2.5299
2.52945
2.5287
2.52709
2.5287
2.52714
2.52666
2.52842
2.53022
2.53023
2.53035
2.53002
2.53009
2.52813
2.52826
2.52608
2.52676
2.52701
2.53059
2.53036
2.53044
2.5299
2.52946
2.52999
2.53067
2.52966
2.52909
2.52928
2.52881
2.52776
2.52883
2.52743
2.52892
2.52684
2.52753
2.52959
2.52928
2.52859
2.529
2.52804
2.52875
2.52913
2.52699
2.52912
2.52837
2.52717
2.52874
2.52935
2.52995
2.52949
2.53012
2.52919
2.52984
2.52945
2.52843
2.52906
2.53131
2.53205
2.53098
2.53049
2.53116
2.53215
2.53189
2.52966
2.52919
2.53038
2.52994
2.52986
2.52981
2.52995
2.52946
2.52992
2.53151
2.53068
2.52885
2.53307
2.53153
2.53153
2.52898
2.52885
2.52891
2.52933
2.52907
2.52841
2.52862
2.52871
2.52813
2.52647
2.52826
2.52702
2.52619
2.52789
2.52974
2.52985
2.52941
2.52935
2.52948
2.52562
2.52574
2.52366
2.52445
2.5244
2.52999
2.52952
2.5304
2.5294
2.52858
2.52955
2.53026
2.52908
2.52838
2.5257
2.52863
2.52634
2.52729
2.52438
2.528
2.52584
2.52494
2.5289
2.52851
2.52884
2.529
2.52796
2.52838
2.52852
2.52727
2.52811
2.52676
2.52665
2.52732
2.52758
2.52892
2.52823
2.52856
2.52756
2.52814
2.52759
2.52669
2.52718
2.52937
2.53018
2.52879
2.52832
2.52902
2.53117
2.53018
2.52869
2.52817
2.52935
2.52883
2.52979
2.52856
2.52854
2.5282
2.52946
2.53084
2.53179
2.5288
2.53119
2.52962
2.53126
2.52826
2.52871
2.52827
2.52808
2.52831
2.52781
2.52747
2.52783
2.52748
2.52576
2.52735
2.52604
2.52516
2.52635
2.52883
2.52893
2.5282
2.52826
2.52829
2.52327
2.52335
2.52096
2.52202
2.52225
2.5289
2.52815
2.5293
2.5287
2.52794
2.5284
2.52826
2.5282
2.52759
2.52301
2.52639
2.52487
2.52346
2.52065
2.52473
2.52329
2.52202
2.52807
2.52775
2.52766
2.52778
2.52741
2.52676
2.52705
2.52601
2.52657
2.525
2.52563
2.526
2.52499
2.52738
2.52643
2.5266
2.52597
2.52623
2.52566
2.52533
2.52534
2.52731
2.52794
2.52653
2.52635
2.52689
2.52903
2.52778
2.52765
2.52716
2.52749
2.52757
2.52888
2.52692
2.52631
2.52695
2.52809
2.52832
2.53007
2.5274
2.52801
2.52708
2.52862
2.52645
2.52735
2.52616
2.52685
2.52732
2.5271
2.52639
2.52681
2.52672
2.52432
2.52472
2.52421
2.52328
2.52326
2.52773
2.52766
2.52701
2.52722
2.52704
2.52107
2.52176
2.51956
2.52057
2.52178
2.52742
2.5267
2.52686
2.52757
2.52675
2.52673
2.52591
2.52685
2.5261
2.51908
2.52336
2.52215
2.52133
2.51946
2.52239
2.52182
2.52048
2.5275
2.52712
2.52608
2.52646
2.52782
2.52538
2.52595
2.52584
2.52571
2.52445
2.52592
2.52553
2.52396
2.5256
2.52485
2.52476
2.52468
2.52446
2.52396
2.52401
2.52364
2.52542
2.52586
2.5247
2.52458
2.52494
2.52661
2.52561
2.52669
2.5262
2.5251
2.52636
2.52719
2.52533
2.52398
2.52581
2.52624
2.5258
2.52703
2.52541
2.52551
2.52473
2.52577
2.52446
2.52491
2.52394
2.52609
2.5264
2.52649
2.52581
2.52595
2.526
2.52234
2.52212
2.52241
2.52144
2.52137
2.52671
2.52659
2.52592
2.52607
2.526
2.52071
2.52165
2.52031
2.52137
2.52175
2.52601
2.52543
2.52531
2.52606
2.5256
2.52496
2.52401
2.52518
2.52478
2.5211
2.52204
2.52243
2.52243
2.52299
2.52178
2.52351
2.52234
2.52665
2.52611
2.52436
2.52543
2.52721
2.52402
2.52509
2.52606
2.52539
2.52408
2.52607
2.52509
2.52414
2.52414
2.52344
2.52327
2.52337
2.52292
2.52264
2.52276
2.52228
2.52381
2.52411
2.52322
2.52308
2.52339
2.52476
2.52405
2.5257
2.52514
2.52301
2.52525
2.52529
2.52398
2.52212
2.52466
2.52434
2.52391
2.52466
2.52368
2.52396
2.52343
2.52387
2.52313
2.52318
2.52276
2.52546
2.52558
2.52563
2.52502
2.52524
2.52532
2.52085
2.52105
2.52164
2.52079
2.5212
2.52572
2.52539
2.52509
2.52542
2.5249
2.52251
2.52234
2.52227
2.52357
2.52291
2.5249
2.52447
2.52339
2.52437
2.52409
2.52364
2.52301
2.52361
2.52328
2.52548
2.52169
2.52454
2.5244
2.52742
2.5221
2.52507
2.52507
2.52536
2.52456
2.52376
2.52464
2.5256
2.52396
2.52463
2.52596
2.52502
2.52452
2.52604
2.52541
2.52489
2.52281
2.52223
2.52205
2.52218
2.52171
2.52147
2.52164
2.52115
2.52234
2.52274
2.52186
2.52162
2.5221
2.52345
2.52294
2.5245
2.52387
2.52132
2.524
2.52344
2.52291
2.52063
2.52331
2.52265
2.52325
2.52328
2.5229
2.52315
2.52316
2.5228
2.52284
2.52258
2.52259
2.52457
2.52496
2.52498
2.52412
2.52472
2.52456
2.52098
2.52167
2.52176
2.52138
2.5222
2.52488
2.52443
2.52443
2.52431
2.52395
2.52438
2.52314
2.52324
2.52492
2.52342
2.52412
2.52388
2.5227
2.52299
2.52258
2.52266
2.5224
2.52254
2.52201
2.52738
2.52339
2.52482
2.52601
2.52635
2.52518
2.52493
2.52564
2.5238
2.52323
2.52403
2.52466
2.5242
2.52413
2.52468
2.52601
2.52576
2.52541
2.52596
2.52607
2.52601
2.52168
2.52117
2.52088
2.5211
2.5206
2.52029
2.52055
2.52004
2.52089
2.52145
2.52043
2.52013
2.52078
2.52245
2.52195
2.52326
2.52272
2.52006
2.52266
2.52198
2.52214
2.51963
2.52206
2.52139
2.5231
2.52246
2.52291
2.52241
2.52286
2.52216
2.5229
2.52267
2.52272
2.52365
2.52437
2.52404
2.52316
2.52385
2.52341
2.52172
2.52258
2.52204
2.52211
2.5228
2.52382
2.52346
2.52387
2.52351
2.52301
2.52484
2.52331
2.52347
2.52428
2.52327
2.52374
2.52368
2.52211
2.52241
2.52157
2.52229
2.52204
2.52245
2.52137
2.52523
2.52647
2.52528
2.52705
2.52486
2.52673
2.52541
2.52502
2.52276
2.52248
2.52411
2.52455
2.5234
2.52393
2.52428
2.52617
2.52626
2.52559
2.52621
2.5261
2.52583
2.5207
2.52031
2.51974
2.51999
2.51946
2.51921
2.51946
2.51891
2.51937
2.52009
2.51903
2.5187
2.51942
2.52142
2.52086
2.52226
2.52193
2.5193
2.52158
2.52084
2.52167
2.51909
2.52129
2.52033
2.52246
2.52183
2.52286
2.52129
2.52189
2.52139
2.52262
2.52271
2.52251
2.52269
2.52321
2.52273
2.52228
2.5226
2.5222
2.52262
2.52289
2.52212
2.52269
2.52271
2.52326
2.52267
2.52313
2.52297
2.52243
2.52361
2.52321
2.52314
2.52327
2.52285
2.52378
2.52395
2.52238
2.5229
2.52163
2.52269
2.52272
2.52359
2.52188
2.52474
2.52576
2.52539
2.52543
2.52469
2.52519
2.52526
2.52454
2.52238
2.52236
2.52379
2.52407
2.52288
2.52369
2.5239
2.52573
2.52582
2.52501
2.52558
2.52576
2.52515
2.52009
2.51998
2.51874
2.51908
2.51842
2.5184
2.5189
2.51805
2.51813
2.51882
2.51804
2.51773
2.51833
2.52027
2.51968
2.52169
2.52151
2.5192
2.52117
2.52001
2.52144
2.51943
2.52117
2.5198
2.52117
2.5208
2.52218
2.51985
2.52048
2.52013
2.52158
2.52203
2.52145
2.52194
2.52209
2.52177
2.52173
2.52172
2.52147
2.52236
2.5223
2.52149
2.52174
2.52163
2.52279
2.52228
2.52257
2.52285
2.52229
2.52291
2.52239
2.5225
2.52218
2.5216
2.52412
2.52425
2.52285
2.52431
2.52238
2.52306
2.52258
2.5246
2.5228
2.52448
2.52439
2.52491
2.52411
2.52414
2.52378
2.52444
2.52361
2.52239
2.52245
2.52365
2.5237
2.52239
2.52324
2.5232
2.52563
2.52573
2.52493
2.52562
2.52543
2.52456
2.51996
2.52001
2.51817
2.51891
2.5178
2.5181
2.51906
2.51772
2.51749
2.51797
2.51759
2.51739
2.51775
2.51911
2.51858
2.52135
2.52127
2.51964
2.52129
2.51976
2.52147
2.5198
2.52146
2.51987
2.5198
2.51929
2.52081
2.51842
2.51918
2.51846
2.52005
2.5207
2.51996
2.52158
2.52146
2.52137
2.52148
2.52122
2.52131
2.52101
2.52088
2.52036
2.52015
2.52013
2.5224
2.52231
2.52163
2.52174
2.52216
2.52144
2.52084
2.52126
2.52071
2.52012
2.52424
2.5238
2.52239
2.52433
2.52302
2.52306
2.52192
2.52352
2.52245
2.52341
2.52357
2.52378
2.5229
2.52234
2.52313
2.52303
2.52175
2.52234
2.52201
2.52296
2.52283
2.5215
2.5225
2.52242
2.52507
2.52473
2.52392
2.524
2.52398
2.52346
2.52019
2.52045
2.51823
2.51926
2.51786
2.51849
2.51955
2.51809
2.51739
2.51761
2.51764
2.51741
2.51751
2.51808
2.51763
2.52133
2.5215
2.51997
2.52165
2.52009
2.52178
2.52024
2.52184
2.52034
2.51856
2.51759
2.51923
2.51723
2.51794
2.51666
2.5184
2.51913
2.51822
2.52144
2.52114
2.52129
2.5215
2.52116
2.52136
2.51934
2.51935
2.5188
2.51846
2.51864
2.52143
2.52178
2.52108
2.52119
2.5214
2.51979
2.51954
2.51937
2.51903
2.51899
2.52298
2.52209
2.52104
2.52245
2.52159
2.52187
2.52029
2.52158
2.5209
2.5209
2.52214
2.52169
2.52
2.51925
2.52074
2.52019
2.51941
2.52135
2.52059
2.52174
2.52171
2.52028
2.52079
2.52086
2.52288
2.52273
2.52166
2.52164
2.52148
2.5212
2.52083
2.52125
2.51892
2.52004
2.51857
2.51949
2.52052
2.51925
2.51739
2.51739
2.51785
2.51737
2.51719
2.51717
2.51669
2.52178
2.52212
2.52062
2.52202
2.52068
2.52224
2.52114
2.52217
2.52106
2.51729
2.51564
2.51754
2.51599
2.51659
2.51451
2.51653
2.51715
2.51597
2.52165
2.52124
2.52144
2.52186
2.52139
2.52152
2.51737
2.51768
2.51638
2.51614
2.51664
2.52102
2.52101
2.52103
2.52099
2.52078
2.51819
2.51846
2.51707
2.51699
2.5174
2.52131
2.52071
2.51956
2.52106
2.52027
2.52084
2.51952
2.52075
2.52031
2.51741
2.51912
2.51859
2.51732
2.51567
2.51759
2.5171
2.51716
2.52015
2.51988
2.51991
2.52002
2.5199
2.51964
2.51967
2.52011
2.52015
2.51932
2.51873
2.51902
2.5184
2.52173
2.52212
2.52
2.52102
2.5197
2.52033
2.52143
2.51991
2.5173
2.51687
2.51787
2.51712
2.51647
2.5161
2.51545
2.52249
2.52294
2.5218
2.52235
2.52141
2.52292
2.52251
2.52263
2.52173
2.51573
2.5132
2.51536
2.5144
2.51477
2.51161
2.51399
2.5146
2.51318
2.52217
2.52161
2.52166
2.52254
2.52194
2.52191
2.5145
2.51507
2.51301
2.51274
2.51338
2.52113
2.5208
2.52149
2.52138
2.52097
2.51528
2.51556
2.51307
2.51345
2.5139
2.52043
2.52038
2.51948
2.52054
2.52014
2.52026
2.51963
2.5204
2.52022
2.51394
2.51617
2.51561
2.51458
2.51184
2.51455
2.51405
2.51391
2.51988
2.51991
2.51952
2.51933
2.51946
2.51892
2.51878
2.51721
2.51825
2.51753
2.51573
2.51746
2.51573
2.52242
2.52271
2.52041
2.52156
2.51985
2.52027
2.52156
2.51963
2.51682
2.51599
2.5174
2.51643
2.51549
2.51469
2.51389
2.52349
2.52405
2.52311
2.52316
2.52218
2.52377
2.52349
2.52389
2.52296
2.51363
2.50993
2.51242
2.51226
2.51241
2.50817
2.51079
2.51157
2.50987
2.52294
2.52235
2.52222
2.52337
2.52282
2.52259
2.51058
2.51105
2.50885
2.50833
2.50861
2.52168
2.52117
2.52212
2.52195
2.52135
2.51115
2.51163
2.50799
2.50882
2.5094
2.52047
2.52066
2.51984
2.52036
2.52036
2.52016
2.52004
2.52041
2.52061
2.50964
2.51283
2.51228
2.51085
2.5072
2.51122
2.51041
2.50954
2.52012
2.52023
2.51802
2.51818
2.51901
2.51741
2.51762
2.51405
2.51651
2.51519
2.51223
2.51564
2.51282
2.52297
2.52324
2.52006
2.52156
2.51944
2.51995
2.52161
2.51941
2.516
2.51503
2.51698
2.51587
2.5147
2.51308
2.51236
2.52459
2.52552
2.52369
2.52457
2.52391
2.52444
2.52384
2.52575
2.52514
2.51105
2.50629
2.50873
2.51007
2.50968
2.50479
2.50684
2.50798
2.506
2.52401
2.52341
2.52311
2.52502
2.5242
2.5238
2.50605
2.50588
2.50384
2.50356
2.50307
2.52229
2.52154
2.52311
2.52274
2.52178
2.50616
2.50685
2.50229
2.50318
2.50372
2.52091
2.52132
2.51994
2.52052
2.52067
2.52048
2.51975
2.52074
2.52057
2.50506
2.50924
2.50827
2.50583
2.50252
2.50705
2.50603
2.50397
2.52006
2.51996
2.51672
2.51709
2.51835
2.51618
2.5166
2.51056
2.51466
2.51305
2.50894
2.51371
2.50925
2.52358
2.52406
2.52008
2.52182
2.51961
2.52048
2.52222
2.52006
2.51596
2.51457
2.51743
2.5163
2.51467
2.51174
2.51133
2.52608
2.52676
2.52413
2.52678
2.52619
2.52584
2.5247
2.52716
2.52636
2.50822
2.50343
2.50457
2.50808
2.50679
2.50241
2.50252
2.50379
2.50156
2.52597
2.52522
2.52468
2.52687
2.52664
2.52603
2.50064
2.49962
2.49701
2.49667
2.49563
2.52347
2.52238
2.52527
2.52466
2.52344
2.49956
2.50044
2.4947
2.49544
2.49598
2.52198
2.52298
2.51961
2.52118
2.52062
2.52169
2.51965
2.52194
2.52113
2.49996
2.50479
2.5034
2.49963
2.49699
2.50233
2.5007
2.49683
2.52004
2.52044
2.51596
2.51643
2.51835
2.51615
2.51647
2.50761
2.51281
2.51142
2.50666
2.51187
2.50535
2.52482
2.52597
2.52123
2.52287
2.52081
2.52238
2.52386
2.52196
2.51706
2.51503
2.51927
2.51819
2.51574
2.51108
2.51111
2.52793
2.52971
2.52558
2.5277
2.52637
2.5283
2.52674
2.52883
2.52673
2.50524
2.50123
2.49993
2.50647
2.50365
2.50016
2.49746
2.49879
2.49574
2.52865
2.52817
2.52769
2.53076
2.53005
2.5298
2.49203
2.49046
2.48689
2.48603
2.48471
2.52639
2.52505
2.5291
2.52873
2.52727
2.48974
2.49102
2.48292
2.48342
2.4843
2.52446
2.52639
2.52004
2.52318
2.52206
2.52454
2.52087
2.52487
2.52322
2.4935
2.49957
2.49755
2.49325
2.48961
2.49661
2.49412
2.48781
2.52126
2.52258
2.51673
2.51696
2.52046
2.51791
2.51783
2.50619
2.51111
2.51023
2.50627
2.51076
2.50072
2.52778
2.53042
2.52404
2.52543
2.52361
2.52628
2.52764
2.52589
2.5196
2.51684
2.52286
2.5213
2.51838
2.51137
2.51196
2.53192
2.53471
2.52841
2.5307
2.52787
2.53299
2.53093
2.53339
2.53051
2.50182
2.49886
2.494
2.50491
2.49971
2.49755
2.49036
2.4914
2.48626
2.533
2.53284
2.53257
2.53597
2.53623
2.53559
2.47844
2.47605
2.46978
2.46676
2.46488
2.53144
2.52996
2.5352
2.53455
2.53313
2.47407
2.47637
2.46211
2.46174
2.46527
2.52877
2.53173
2.52235
2.52706
2.52491
2.52939
2.5241
2.52966
2.52675
2.48458
2.49364
2.48967
2.48542
2.47842
2.49053
2.48457
2.47449
2.52415
2.52604
2.51941
2.51909
2.52349
2.52055
2.51991
2.50645
2.51101
2.51085
2.5066
2.51191
2.49706
2.53396
2.53826
2.52919
2.53065
2.52868
2.53267
2.53446
2.53184
2.52318
2.52015
2.52826
2.52534
2.52221
2.51253
2.51335
2.53799
2.54246
2.53432
2.53669
2.53427
2.54051
2.53852
2.54092
2.53874
2.49704
2.49499
2.48423
2.50268
2.4937
2.49122
2.47757
2.47805
2.46828
2.53937
2.53991
2.5392
2.54355
2.54427
2.54371
2.45104
2.44756
2.43622
2.42557
2.42207
2.53835
2.537
2.54322
2.54278
2.54149
2.4426
2.45021
2.4166
2.41319
2.42701
2.53529
2.53954
2.5267
2.53282
2.5292
2.53709
2.53035
2.53638
2.53212
2.47035
2.48728
2.4791
2.47412
2.45993
2.48332
2.47241
2.44993
2.52844
2.53142
2.5221
2.52144
2.52749
2.52407
2.52299
2.50663
2.51301
2.5121
2.50746
2.51434
2.49431
2.54344
2.54974
2.53696
2.53922
2.53562
2.54237
2.54518
2.54032
2.52782
2.52456
2.53616
2.53074
2.52724
2.51408
2.51535
2.54768
2.5536
2.54349
2.54617
2.54364
2.55191
2.54954
2.55206
2.549
2.48941
2.48581
2.46751
2.49889
2.48399
2.47839
2.4545
2.45247
2.43256
2.54854
2.54946
2.54907
2.55419
2.55528
2.55495
2.3875
2.37357
2.35782
2.31635
2.27535
2.54762
2.5464
2.55367
2.55316
2.55193
2.35714
2.39307
2.29845
2.25635
2.33311
2.54424
2.5493
2.53444
2.54044
2.53552
2.54667
2.53928
2.54475
2.53933
2.44693
2.47915
2.46466
2.45921
2.42925
2.47534
2.45538
2.401
2.53469
2.53849
2.52676
2.52624
2.53331
2.52952
2.52955
2.50888
2.51616
2.51428
2.51055
2.51826
2.49214
2.55718
2.56571
2.54892
2.55237
2.54616
2.55709
2.56081
2.55321
2.53416
2.53042
2.54754
2.53817
2.53404
2.51653
2.51838
2.56033
2.56802
2.55667
2.5589
2.55516
2.56772
2.56507
2.5668
2.56225
2.47706
2.46847
2.43508
2.4917
2.46946
2.45745
2.41063
2.3981
2.35202
2.56043
2.56179
2.56144
2.56743
2.56856
2.56836
2.2163
1.96247
2.12259
2.05837
1.27908
2.55947
2.558
2.56654
2.56609
2.56427
1.91797
2.24267
2.03672
1.23849
2.07777
2.55483
2.5606
2.54501
2.54969
2.5438
2.55757
2.55104
2.55476
2.54877
2.40715
2.47166
2.44545
2.43768
2.37931
2.4675
2.43429
2.30027
2.54281
2.54778
2.53337
2.53512
2.54181
2.53737
2.54058
2.51313
2.52093
2.51826
2.51654
2.52418
2.49317
2.5751
2.5863
2.56633
2.57008
2.56156
2.57673
2.58025
2.57056
2.54268
2.53812
2.56199
2.5476
2.5418
2.52028
2.52232
2.57612
2.58445
2.57495
2.57533
2.56984
2.58796
2.58636
2.58488
2.57796
2.46229
2.44426
2.38179
2.48353
2.45368
2.43116
2.34517
2.26255
2.09667
2.57449
2.57581
2.57553
2.58114
2.58311
2.58273
1.89516
0.750701
1.47487
-0.456025
1.77511
0.821821
-1.96107
-0.503013
-0.672595
-0.0134575
-0.443789
0.0699826
2.57281
2.5706
2.58056
2.57971
2.5771
0.722301
1.83805
1.77857
0.768951
1.44318
-0.589301
-0.391724
-0.49002
0.12518
-0.673128
0.0422353
2.5663
2.57201
2.5575
2.56001
2.55347
2.56807
2.56363
2.56519
2.55821
2.3504
2.46543
2.42662
2.41683
2.32418
2.46613
2.4223
2.02793
2.55298
2.55802
2.54252
2.54715
2.55194
2.54772
2.55328
2.52172
2.52829
2.52601
2.52797
2.53343
2.50155
2.59958
2.6097
2.58579
2.59007
2.57822
2.58451
2.5975
2.57957
2.55057
2.54374
2.56324
2.54999
2.54308
2.52423
2.52606
2.59396
2.60236
2.60025
2.59554
2.58644
2.6105
2.61139
2.60634
2.59593
2.44425
2.4362
2.32631
2.48092
2.43464
2.4479
2.26735
2.03813
1.98399
0.19692
0.224522
0.496108
2.5896
2.5913
2.5909
2.59596
2.59823
2.59724
0.279819
1.87362
1.09513
1.71559
0.698744
1.90146
1.20213
0.0908572
0.0643854
-0.130099
0.102107
0.183085
0.240064
0.0857164
2.58777
2.58451
2.59548
2.59399
2.59104
1.06545
1.66489
0.29323
1.87313
1.16771
1.76867
0.76773
-0.100538
0.097669
0.195964
0.20985
0.0867273
0.17478
0.165758
2.57832
2.58431
2.56796
2.57041
2.56298
2.57821
2.57257
2.57545
2.56806
2.30762
2.47293
2.42851
2.43947
2.27019
2.4854
2.44255
1.98272
0.210763
0.364821
0.548843
2.56307
2.56759
2.55317
2.5594
2.56064
2.55756
2.56435
2.53528
2.53927
2.53661
2.54209
2.5449
2.52028
2.61118
2.60069
2.5737
2.59391
2.57506
2.56092
2.58177
2.56491
2.54118
2.53814
2.52929
2.52933
2.53217
2.52515
2.52307
2.6102
2.61194
2.61345
2.6156
2.59943
2.61347
2.60498
2.61368
2.59402
2.43613
2.45413
2.27207
2.48476
2.45097
2.46936
2.31933
2.09195
0.650219
2.20411
0.760771
0.428666
0.367674
0.553027
0.789204
2.60045
2.60163
2.60006
2.60841
2.60276
2.60263
1.10408
1.8966
1.33927
1.94662
1.21733
1.95699
1.39053
0.2055
0.474797
0.139119
0.494242
0.311694
0.45991
0.161632
2.5971
2.59499
2.60028
2.59704
2.59537
1.30026
1.931
1.18717
1.91975
1.36176
1.89645
1.09907
0.175253
0.603078
0.31016
0.479036
0.172678
0.484584
0.326889
2.58899
2.59086
2.57457
2.57894
2.57151
2.58312
2.57411
2.57945
2.57234
2.31323
2.50514
2.47235
2.47023
2.36632
2.52323
2.50221
0.861244
2.21999
0.732909
0.876566
0.585952
0.662192
2.57133
2.57249
2.56106
2.56778
2.56252
2.56289
2.5696
2.54814
2.54933
2.54388
2.55183
2.55252
2.54253
2.58508
2.56923
2.54859
2.56651
2.55226
2.53723
2.55189
2.54221
2.52499
2.52774
2.52507
2.5217
2.52338
2.52057
2.5173
2.61104
2.60236
2.59065
2.60451
2.58174
2.58763
2.5743
2.5925
2.56735
2.47121
2.47886
2.3537
2.49616
2.49472
2.48132
2.42797
2.20704
0.766853
2.32568
0.355261
0.726836
2.60897
2.60179
2.60196
2.6012
2.59596
2.59575
1.15602
2.07317
1.39212
1.92177
0.627574
2.08685
1.31498
0.404264
0.381917
0.0840896
0.0931713
0.479883
0.0741128
0.246352
2.59459
2.59319
2.59469
2.59097
2.59008
1.39019
2.05426
1.06624
2.00339
1.30918
2.00066
0.844661
0.115027
0.506605
0.353888
0.30414
0.179994
0.235851
0.51959
2.58994
2.58704
2.5709
2.57829
2.57024
2.5791
2.56678
2.57513
2.56645
2.46184
2.53694
2.53404
2.49337
2.4995
2.54368
2.54738
2.41156
2.57136
2.56809
2.56176
2.56844
2.55619
2.55859
2.56528
2.55451
2.55359
2.54407
2.55515
2.55249
2.55013
2.55546
2.54504
2.52925
2.54113
2.53521
2.52814
2.53473
2.53025
2.51988
2.51796
2.5222
2.51767
2.51707
2.51271
2.50944
2.58595
2.57095
2.5594
2.57658
2.55177
2.55884
2.54728
2.56225
2.53997
2.49739
2.47805
2.44364
2.49721
2.49665
2.47677
2.47293
2.43001
2.47858
2.58889
2.5869
2.58619
2.5747
2.57593
2.5742
2.20502
1.39545
2.37696
2.36937
1.9359
-0.739031
-0.00880024
2.58501
2.58511
2.57954
2.5744
2.57601
1.45135
2.32833
2.35065
2.18432
2.43532
-0.0945038
2.58307
2.57514
2.56051
2.5699
2.56036
2.56636
2.55148
2.56352
2.55223
2.51914
2.54446
2.55146
2.51371
2.53436
2.54202
2.55316
2.57108
2.56273
2.55505
2.55292
2.55919
2.54386
2.54573
2.55161
2.55283
2.54856
2.53674
2.54849
2.54339
2.54686
2.53825
2.53458
2.52588
2.53126
2.52668
2.52489
2.52937
2.52499
2.51706
2.51478
2.51773
2.51609
2.51183
2.50891
2.51197
2.55876
2.54969
2.5394
2.55069
2.53247
2.54225
2.5348
2.54241
2.52836
2.499
2.47937
2.48985
2.49571
2.49994
2.48662
2.50823
2.50954
2.52999
2.56178
2.56346
2.5622
2.55101
2.55312
2.55086
2.45275
2.3648
2.52946
2.48321
2.48332
2.56224
2.56527
2.55477
2.55016
2.55307
2.45289
2.477
2.4952
2.54143
2.50712
2.56475
2.55174
2.53946
2.55507
2.54148
2.54082
2.52563
2.54365
2.5281
2.53528
2.53701
2.54849
2.51235
2.53431
2.53229
2.54305
2.55344
2.5448
2.53182
2.53704
2.54201
2.52695
2.528
2.53215
2.54224
2.53656
2.52551
2.53578
2.52974
2.53639
2.53362
2.53466
2.52479
2.52948
2.52498
2.52634
2.53129
2.52654
2.51595
2.51154
2.52036
2.51762
2.51227
2.50816
2.50055
2.54388
2.54116
2.53308
2.53747
2.52673
2.53833
2.53376
2.53528
2.52717
2.50062
2.49427
2.51975
2.48597
2.502
2.49908
2.52716
2.53635
2.5419
2.54361
2.54488
2.54283
2.53943
2.53968
2.53769
2.50446
2.51847
2.54991
2.51069
2.52927
2.54037
2.54207
2.537
2.53344
2.53398
2.54351
2.50756
2.52275
2.55031
2.51929
2.5385
2.52794
2.51327
2.52741
2.51352
2.51797
2.50248
2.51348
2.49927
2.53145
2.52788
2.53735
2.51026
2.52924
2.52552
2.53324
2.54252
2.51861
2.50645
2.51919
2.52241
2.50926
2.51105
2.51347
2.53007
2.52385
2.51659
2.5258
2.51932
2.52829
2.53702
2.5404
2.52953
2.53431
2.52957
2.53342
2.53827
2.53354
2.52149
2.51573
2.52934
2.52637
2.52077
2.50055
2.50454
2.54033
2.54111
2.53572
2.53533
2.52926
2.54176
2.53847
2.53676
2.53207
2.50666
2.50721
2.53009
2.49356
2.51245
2.51595
2.53268
2.54074
2.54336
2.53766
2.53717
2.53537
2.53752
2.53637
2.53504
2.5183
2.53557
2.54639
2.52289
2.53899
2.52922
2.52867
2.53041
2.52739
2.52596
2.55001
2.52461
2.53227
2.54879
2.53027
2.5211
2.51786
2.49841
2.50466
2.49202
2.50967
2.49612
2.50071
2.48809
2.52867
2.5248
2.53152
2.5138
2.52917
2.52645
2.53217
2.54033
2.49831
2.49448
2.5044
2.50731
2.50096
2.50153
2.5043
2.52303
2.51711
2.51536
2.52212
2.51674
2.52645
2.5448
2.54951
2.53819
2.54309
2.53815
2.54363
2.54831
2.54317
2.53186
2.5259
2.54184
2.53821
2.53183
2.51266
2.52124
2.54311
2.54582
2.54219
2.53948
2.53594
2.54865
2.54616
2.5427
2.54013
2.51951
2.52659
2.53515
2.519
2.52741
2.53319
2.53829
2.54691
2.55023
2.53884
2.53751
2.53637
2.54111
2.53927
2.53862
2.52986
2.54472
2.55262
2.53645
2.54917
2.52755
2.52571
2.53141
2.52903
2.5272
2.55159
2.53605
2.5433
2.5528
2.54251
2.51769
2.51951
2.4977
2.5014
2.49116
2.51174
2.5025
2.50471
2.49699
2.53248
2.52921
2.5348
2.52361
2.53746
2.53411
2.53957
2.5463
2.49502
2.50018
2.50198
2.50553
2.50701
2.50732
2.51006
2.52328
2.51964
2.52347
2.52646
2.52431
2.53296
2.55425
2.55908
2.54953
2.55366
2.54869
2.55544
2.5589
2.55418
2.5457
2.53997
2.55633
2.5525
2.54767
2.53422
2.54543
2.54883
2.552
2.55042
2.54635
2.54461
2.55616
2.55445
2.55032
2.54907
2.53787
2.53986
2.54343
2.54481
2.54695
2.5468
2.54917
2.55501
2.56022
2.54393
2.5416
2.54141
2.54713
2.54419
2.54437
2.54397
2.55547
2.56251
2.55158
2.56146
2.53166
2.52967
2.53662
2.53486
2.53218
2.5574
2.54962
2.55705
2.56241
2.55789
2.52268
2.52616
2.50989
2.51096
2.50688
2.52053
2.51741
2.51715
2.51569
2.54456
2.54054
2.54604
2.53925
2.55293
2.54862
2.55414
2.56022
2.50941
2.51767
2.51431
2.51721
2.51997
2.52228
2.52519
2.53263
2.53157
2.53937
2.54168
2.54005
2.54947
2.56408
2.56806
2.56176
2.56431
2.56004
2.56715
2.56881
2.56515
2.55933
2.55497
2.5698
2.56553
2.56185
2.55429
2.56262
2.55562
2.55919
2.55916
2.5547
2.55347
2.56389
2.56299
2.55892
2.55811
2.55525
2.5529
2.55473
2.56058
2.56194
2.55865
2.56001
2.56584
2.57136
2.55083
2.54755
2.54788
2.55429
2.55035
2.5507
2.55923
2.56811
2.5726
2.56663
2.57518
2.53879
2.53497
2.5436
2.54236
2.53763
2.56863
2.56678
2.57412
2.57633
2.57854
2.52992
2.53365
2.52409
2.52317
2.52281
2.53052
2.53001
2.52883
2.52908
2.56248
2.55914
2.5643
2.55381
2.57343
2.57359
2.57851
2.5809
2.5239
2.52947
2.53167
2.53511
2.53214
2.54177
2.54589
2.55272
2.55019
2.56092
2.56618
2.56129
2.57751
2.57184
2.57881
2.5717
2.57248
2.5693
2.57833
2.57787
2.575
2.56961
2.56655
2.58145
2.57557
2.57309
2.56762
2.57495
2.56194
2.56779
2.56604
2.56209
2.56086
2.57367
2.57151
2.56724
2.56494
2.56634
2.56153
2.56505
2.57096
2.5747
2.56578
2.57315
2.57627
2.5868
2.55737
2.55362
2.55371
2.56203
2.557
2.55695
2.573
2.58228
2.58653
2.58429
2.59347
2.54634
2.54087
2.55052
2.54971
2.54461
2.58189
2.58973
2.59472
2.59349
2.60648
2.53762
2.54194
2.53481
2.53389
2.53371
2.54012
2.53979
2.53915
2.53919
2.58442
2.5893
2.59469
2.57443
2.6066
2.61087
2.6191
2.61726
2.53486
2.54139
2.55017
2.55568
2.54634
2.561
2.56624
2.57907
2.57177
2.58465
2.59893
2.58529
2.61996
2.57678
2.57999
2.57684
2.57449
2.57541
2.5741
2.57397
2.56664
2.57047
2.56711
2.56535
2.56896
2.56372
2.56229
2.56437
2.56183
2.56167
2.57326
2.56642
2.57075
2.58711
2.56201
2.55737
2.55756
2.55862
2.55528
2.55407
2.55646
2.55281
2.55213
2.55847
2.5544
2.55592
2.56422
2.5616
2.56506
2.58725
2.59795
2.5515
2.54627
2.548
2.54381
2.54263
2.54594
2.54147
2.53969
2.54999
2.54482
2.54574
2.56673
2.5596
2.57113
2.59993
2.61211
2.54311
2.54185
2.54073
2.54075
2.54344
2.54046
2.54538
2.55901
2.55935
2.56979
2.61227
2.61716
2.6263
2.54557
2.56774
2.57287
2.60694
2.59285
70.0745
65.0333
67.3206
55.8396
56.3957
55.1241
56.4143
84.5395
69.1745
74.0298
57.7285
59.0416
57.5044
58.7614
65.039
65.6915
64.4324
52.6999
53.6637
51.4174
52.8805
65.5893
66.4718
73.951
56.5677
58.9699
57.6553
62.8075
77.1237
82.3387
92.8963
61.6222
65.2054
68.0055
74.9924
105.682
102.936
113.936
71.8293
75.4698
81.1693
83.0485
61.6956
65.9659
63.2702
50.9593
51.8114
51.3506
52.1636
83.1592
77.7548
92.0664
58.6346
67.4792
61.2003
73.5883
110.587
107.775
119.65
72.7234
81.524
79.7542
86.143
121.332
123.987
126.096
85.9171
85.7738
88.3417
86.5658
95.0129
91.7423
91.4978
65.4637
77.2807
68.6699
74.4411
112.603
95.5481
104.754
83.9661
88.1204
78.5658
82.0844
56.9925
55.687
55.8641
53.8454
53.3775
52.5267
52.8035
57.0975
56.3885
56.5176
53.9208
54.1951
53.9743
54.1324
53.6763
52.8953
52.7584
51.5106
50.452
50.2812
49.5387
52.5319
52.5355
53.0157
49.8311
49.4361
49.8798
49.5437
37.3079
40.2019
40.3876
3.22874
3.59597
6.46667
6.50716
26.7711
40.8266
36.2143
3.24163
2.67773
4.73767
3.063
39.7446
42.4357
41.0593
9.92941
12.1203
22.5795
20.1558
41.8634
43.1471
39.558
28.7395
21.9184
23.6202
14.2657
1.85025
1.66849
1.60335
2.68754
2.73861
2.80119
2.82039
2.12579
1.68935
1.93851
2.72286
2.52149
2.8653
2.62022
1.85599
2.1274
2.00583
2.52033
2.56776
2.3339
2.41269
2.0008
1.93197
1.64154
2.25135
2.38607
2.3153
2.48674
2.48155
2.56561
2.60495
2.59815
2.58344
2.59309
2.59335
2.43687
2.60294
2.50734
2.54933
2.50895
2.57866
2.51018
2.60677
2.64087
2.68429
2.55847
2.5769
2.55459
2.55567
2.70055
2.62449
2.67392
2.55494
2.56132
2.54664
2.5571
2.5477
2.5687
2.57178
2.54785
2.54183
2.56014
2.55927
2.50946
2.55824
2.52025
2.53034
2.51707
2.54417
2.52565
2.56113
2.54035
2.54754
2.54421
2.55904
2.54262
2.55176
2.54472
2.52846
2.54085
2.54874
2.55124
2.53744
2.54995
2.53914
2.55321
2.55051
2.53199
2.53253
2.541
2.54021
2.52181
2.53651
2.52618
2.52535
2.52019
2.52744
2.52184
2.55472
2.54295
2.54699
2.54603
2.54965
2.54196
2.54117
2.54567
2.54179
2.54443
2.54376
2.54038
2.5438
2.53989
2.52382
2.52516
2.52763
2.51004
2.51431
2.50739
2.51477
2.51618
2.51494
2.51122
2.51075
2.50976
2.5028
2.49838
2.543
2.54113
2.53616
2.53826
2.53434
2.54075
2.5308
2.53598
2.54414
2.53711
2.5434
2.53174
2.54415
2.53481
2.50274
2.48776
2.50187
2.47999
2.49336
2.46639
2.49005
2.5035
2.49051
2.4848
2.49665
2.49786
2.47836
2.47368
2.5202
2.53743
2.52128
2.52211
2.50239
2.53062
2.511
2.52612
2.54291
2.53126
2.54092
2.51855
2.5394
2.5268
2.48847
2.44994
2.48011
2.47408
2.48777
2.44147
2.47613
2.49498
2.46565
2.47008
2.49361
2.4946
2.46175
2.47558
2.48458
2.5215
2.49713
2.50425
2.47034
2.51175
2.48262
2.50798
2.53347
2.51847
2.52755
2.49849
2.52731
2.50997
2.49228
2.44915
2.47907
2.50562
2.499
2.46795
2.48929
2.49766
2.47404
2.48983
2.50692
2.50251
2.4922
2.50535
2.46582
2.50225
2.46892
2.50177
2.47364
2.49681
2.46391
2.49053
2.52242
2.50169
2.51656
2.48474
2.51931
2.49592
2.50857
2.49583
2.50597
2.54283
2.52168
2.525
2.52003
2.50807
2.5121
2.51751
2.52562
2.51321
2.52479
2.52134
2.49646
2.50109
2.47596
2.52452
2.52165
2.50925
2.49353
2.48178
2.51826
2.49523
2.5177
2.4884
2.51947
2.50014
2.53501
2.55501
2.52938
2.55661
2.54464
2.57717
2.54124
2.51916
2.53115
2.52187
2.54178
2.5278
2.53989
2.52533
2.54442
2.52031
2.51411
2.5457
2.55979
2.53255
2.53499
2.50637
2.52411
2.50923
2.53147
2.52459
2.52996
2.52295
2.54795
2.58484
2.55381
2.55673
2.54853
2.58203
2.56089
2.53859
2.54865
2.53601
2.55342
2.54981
2.55429
2.55162
2.56494
2.54374
2.55064
2.55548
2.56539
2.55201
2.55975
2.53911
2.53589
2.53543
2.54189
2.54875
2.54044
2.54322
2.55179
2.57422
2.56086
2.55915
2.55761
2.56942
2.5643
2.55865
2.55783
2.56528
2.56155
2.56275
2.55973
2.57419
2.56436
2.55504
2.56269
2.55196
2.5622
2.55281
2.56032
2.55223
2.54381
2.54687
2.54242
2.55139
2.54587
2.54846
2.56111
2.56694
2.56712
2.56397
2.563
2.56618
2.56902
2.57411
2.56444
2.5743
2.57894
2.58045
2.57763
2.57501
2.55947
2.54966
2.55479
2.54674
2.55558
2.54674
2.54782
2.54779
2.54636
2.54839
2.54122
2.54376
2.54518
2.5465
2.56329
2.56201
2.56484
2.55753
2.56109
2.55791
2.55936
2.57619
2.57502
2.5667
2.56884
2.5701
2.56459
2.55621
2.55082
2.543
2.54035
2.53941
2.54585
2.53869
2.53377
2.53959
2.54261
2.54332
2.53829
2.53529
2.53848
2.5379
2.55449
2.55285
2.5528
2.54781
2.54694
2.54904
2.54753
2.56285
2.5527
2.54684
2.551
2.5554
2.54498
2.54061
2.54051
2.53362
2.52852
2.5321
2.53604
2.52925
2.52471
2.53049
2.53459
2.53108
2.53311
2.5257
2.53135
2.52438
2.54134
2.54608
2.54396
2.54269
2.53819
2.54301
2.54194
2.54835
2.54085
2.53686
2.53857
2.54256
2.53848
2.53354
2.53179
2.5267
2.52199
2.53043
2.52913
2.5263
2.52029
2.52009
2.52931
2.51777
2.52897
2.51518
2.52908
2.51358
2.53668
2.54128
2.5411
2.54168
2.53635
2.54033
2.54138
2.53806
2.5379
2.53139
2.53611
2.53549
2.53813
2.5296
2.52834
2.52814
2.5198
2.53776
2.52999
2.53185
2.52098
2.51181
2.53078
2.51184
2.53202
2.51248
2.53496
2.51492
2.53846
2.54049
2.54335
2.54443
2.54154
2.54154
2.54441
2.53481
2.53857
2.52916
2.53826
2.53564
2.53951
2.52942
2.53298
2.53775
2.52443
2.55019
2.53639
2.54382
2.52908
2.51952
2.54223
2.524
2.54397
2.5289
2.54728
2.53598
2.54543
2.54476
2.54678
2.54915
2.5489
2.54732
2.54795
2.53773
2.54118
2.53155
2.54315
2.54026
2.54338
2.53445
2.54073
2.54943
2.5343
2.55826
2.54534
2.55334
2.53845
2.539
2.54937
2.54577
2.55015
2.54575
2.55139
2.55394
2.55196
2.55098
2.54993
2.55524
2.55477
2.5534
2.55135
2.54315
2.54609
2.53842
2.54978
2.54599
2.54826
2.54195
2.55022
2.55833
2.54185
2.55774
2.55319
2.56095
2.54427
2.54575
2.55438
2.55607
2.55636
2.54508
2.55728
2.55611
2.55748
2.55523
2.55326
2.55868
2.55958
2.55555
2.55435
2.54888
2.5504
2.5456
2.55449
2.55176
2.55228
2.54864
2.55589
2.56034
2.54937
2.55523
2.55914
2.55848
2.55435
2.54594
2.5589
2.55221
2.55994
2.54918
2.55981
2.55018
2.5612
2.55554
2.55488
2.55957
2.56246
2.55591
2.55701
2.55453
2.55407
2.55103
2.55807
2.55697
2.55562
2.55264
2.56093
2.5578
2.55905
2.55574
2.56104
2.55832
2.56261
2.55407
2.56038
2.55248
2.55941
2.55815
2.56067
2.55757
2.56283
2.55563
2.55885
2.56
2.56225
2.55596
2.56053
2.55905
2.55716
2.55406
2.56126
2.56084
2.55879
2.55603
2.56053
2.5589
2.56438
2.55692
2.56082
2.5589
2.56419
2.56138
2.56081
2.56154
2.55966
2.56251
2.56049
2.56321
2.56131
2.55635
2.56145
2.55744
2.56038
2.556
2.55991
2.56198
2.56006
2.55759
2.56142
2.56351
2.56067
2.55861
2.56128
2.55858
2.56238
2.55765
2.55951
2.55772
2.56047
2.56112
2.55956
2.56071
2.55853
2.55949
2.55823
2.55862
2.56025
2.55601
2.55708
2.55629
2.56046
2.55896
2.55624
2.56429
2.56063
2.55863
2.56063
2.56483
2.56041
2.56147
2.55497
2.55613
2.55755
2.55478
2.55128
2.55421
2.55517
2.55673
2.55636
2.5557
2.55528
2.5542
2.55416
2.55277
2.56084
2.56126
2.55694
2.55909
2.56253
2.56094
2.55836
2.56831
2.56086
2.56744
2.56183
2.56973
2.56005
2.57051
2.54837
2.55257
2.55247
2.55168
2.5467
2.55119
2.55069
2.55152
2.55145
2.54961
2.55131
2.54958
2.54871
2.54651
2.56674
2.55856
2.5614
2.56315
2.56778
2.56013
2.56651
2.56413
2.56246
2.56643
2.56865
2.56118
2.56784
2.56321
2.54762
2.55027
2.55014
2.5497
2.54853
2.54918
2.54836
2.54876
2.54603
2.54409
2.54743
2.54683
2.54358
2.54096
2.56501
2.55989
2.56503
2.56071
2.56133
2.55828
2.56168
2.56009
2.56818
2.55978
2.56295
2.55862
2.56461
2.55669
2.54972
2.54786
2.54734
2.54718
2.54895
2.5465
2.5448
2.545
2.54152
2.53863
2.54366
2.54265
2.53984
2.53606
2.55813
2.55474
2.55681
2.5541
2.55465
2.55119
2.55229
2.55636
2.55867
2.55196
2.55626
2.55381
2.55326
2.54811
2.54765
2.54474
2.54135
2.54333
2.54562
2.54283
2.53753
2.54027
2.53862
2.53412
2.54033
2.53784
2.53782
2.53269
2.55054
2.54794
2.54815
2.54639
2.54648
2.54457
2.54465
2.55081
2.54822
2.54463
2.54822
2.54764
2.5446
2.54203
2.54286
2.54113
2.53496
2.53939
2.54121
2.53974
2.53452
2.53626
2.53734
2.53161
2.53779
2.53457
2.53692
2.53122
2.54263
2.54207
2.54204
2.53983
2.53919
2.53976
2.53983
2.54453
2.54198
2.54021
2.54116
2.54169
2.53967
2.5383
2.53928
2.53807
2.53482
2.53668
2.53829
2.53691
2.53628
2.53328
2.53663
2.53148
2.53568
2.53339
2.53658
2.53233
2.53634
2.53804
2.53797
2.53559
2.53385
2.53625
2.53637
2.53909
2.53809
2.53653
2.53617
2.53664
2.53672
2.53442
2.53674
2.53621
2.53714
2.5349
2.53527
2.53552
2.53747
2.53405
2.53648
2.533
2.53398
2.53503
2.53615
2.53371
2.53271
2.53452
2.53476
2.53326
2.53202
2.53256
2.53347
2.53428
2.53474
2.5324
2.53254
2.5322
2.53287
2.53044
2.53367
2.5346
2.53812
2.53404
2.53252
2.53394
2.53868
2.53504
2.53567
2.53424
2.53186
2.53474
2.53519
2.53476
2.53169
2.53125
2.53208
2.53181
2.53151
2.53019
2.5309
2.53037
2.53103
2.52826
2.52949
2.52895
2.52933
2.52673
2.53237
2.5332
2.53813
2.53353
2.53214
2.53237
2.53679
2.53425
2.53475
2.53505
2.53111
2.53395
2.53414
2.53451
2.53168
2.52992
2.52989
2.53147
2.53197
2.52964
2.52872
2.52826
2.52794
2.52608
2.52842
2.5283
2.52703
2.52591
2.53241
2.53171
2.53519
2.53256
2.53222
2.53109
2.53326
2.53305
2.53285
2.53323
2.53013
2.5321
2.53159
2.53197
2.53242
2.52936
2.528
2.53138
2.53272
2.52959
2.52779
2.52902
2.52727
2.5267
2.52972
2.53003
2.52754
2.52794
2.53214
2.53052
2.5317
2.53123
2.53159
2.52996
2.52974
2.53093
2.53071
2.53034
2.52937
2.52981
2.53003
2.52914
2.53282
2.52979
2.52793
2.53101
2.53268
2.52991
2.52818
2.53113
2.52787
2.52961
2.53124
2.53196
2.52864
2.53086
2.53092
2.5294
2.52777
2.53038
2.53014
2.529
2.52598
2.52881
2.52958
2.52878
2.52919
2.52777
2.5295
2.52867
2.53235
2.53005
2.52855
2.53016
2.53185
2.52998
2.52943
2.53281
2.52938
2.53145
2.5323
2.53389
2.53049
2.5326
2.52967
2.52878
2.52505
2.5301
2.5295
2.52882
2.52509
2.52779
2.52963
2.529
2.52982
2.52793
2.52965
2.52873
2.53162
2.52964
2.5296
2.5294
2.531
2.52928
2.52952
2.53474
2.53047
2.5324
2.53268
2.53448
2.5303
2.53225
2.52923
2.52871
2.5258
2.52922
2.52916
2.52842
2.52701
2.52802
2.52962
2.52878
2.52916
2.52814
2.52931
2.52965
2.52961
2.52867
2.52896
2.52798
2.52796
2.52797
2.52817
2.53335
2.52954
2.53128
2.53092
2.53161
2.52884
2.53029
2.52888
2.52802
2.52774
2.52747
2.52872
2.52738
2.52837
2.528
2.52862
2.52966
2.52773
2.5275
2.52777
2.52907
2.5264
2.52705
2.52709
2.52494
2.52495
2.52622
2.52592
2.52953
2.52801
2.52923
2.52701
2.52765
2.52681
2.52803
2.52782
2.52655
2.52875
2.52575
2.52682
2.5256
2.52864
2.52739
2.52692
2.5281
2.52625
2.52685
2.52611
2.52689
2.52361
2.52538
2.52479
2.52262
2.5225
2.52453
2.52383
2.52606
2.52588
2.52685
2.52386
2.52472
2.52547
2.52553
2.52582
2.52514
2.52768
2.52459
2.52486
2.52509
2.52667
2.52577
2.52543
2.52658
2.52516
2.52524
2.52494
2.526
2.52156
2.52378
2.52292
2.52114
2.52081
2.52292
2.52198
2.52363
2.52483
2.52425
2.52182
2.52275
2.52385
2.52318
2.52417
2.52486
2.52595
2.52408
2.52347
2.52457
2.52486
2.52465
2.52445
2.52476
2.52431
2.52408
2.52399
2.52414
2.52016
2.5221
2.52132
2.51992
2.51958
2.52125
2.52078
2.522
2.52265
2.52223
2.52019
2.52141
2.52153
2.52169
2.52297
2.52413
2.52368
2.52321
2.52239
2.52349
2.52277
2.52379
2.52356
2.52379
2.52337
2.52328
2.52311
2.52324
2.51898
2.52039
2.52012
2.51903
2.51835
2.51956
2.51952
2.52077
2.52033
2.52111
2.5182
2.51999
2.51945
2.52069
2.52177
2.52293
2.52205
2.5221
2.52112
2.52244
2.5214
2.52276
2.52274
2.52255
2.52237
2.52237
2.52239
2.52198
2.5176
2.51893
2.51883
2.51846
2.51711
2.5181
2.51805
2.51905
2.51841
2.51974
2.51627
2.51816
2.51773
2.51885
2.52046
2.52169
2.5208
2.52122
2.52007
2.52101
2.52038
2.52178
2.5221
2.52142
2.52147
2.52133
2.52185
2.52086
2.51677
2.51772
2.5172
2.51833
2.51656
2.51761
2.51678
2.51733
2.51678
2.51797
2.51503
2.51663
2.51598
2.51732
2.51975
2.52054
2.51996
2.52072
2.51966
2.52016
2.51975
2.52111
2.52164
2.52014
2.52103
2.52096
2.52149
2.51992
2.51649
2.51768
2.51645
2.51856
2.5165
2.51788
2.51619
2.51612
2.51556
2.51694
2.51473
2.51573
2.51518
2.51652
2.51964
2.52007
2.51963
2.52065
2.51964
2.52008
2.51958
2.5201
2.5214
2.51996
2.5202
2.51958
2.52118
2.51989
2.51663
2.5182
2.51605
2.51896
2.51682
2.51851
2.51604
2.51553
2.51501
2.51616
2.51517
2.51543
2.51479
2.51564
2.51988
2.5201
2.51969
2.521
2.52012
2.52013
2.51964
2.5194
2.52103
2.51996
2.51982
2.51939
2.52078
2.5198
2.51708
2.51906
2.51622
2.51949
2.51743
2.51963
2.51637
2.51532
2.51457
2.51497
2.51595
2.51531
2.51481
2.51438
2.52048
2.5202
2.51958
2.52158
2.52077
2.52035
2.51939
2.51958
2.5204
2.51963
2.52021
2.51966
2.52015
2.51963
2.51794
2.52027
2.51664
2.52089
2.51864
2.52081
2.51699
2.51519
2.51467
2.51353
2.51659
2.51501
2.51467
2.51279
2.52118
2.52057
2.51941
2.52237
2.52142
2.52093
2.51938
2.51966
2.52022
2.52008
2.52084
2.51951
2.5204
2.52044
2.51943
2.52116
2.51716
2.52264
2.51988
2.52123
2.51748
2.51452
2.51427
2.51175
2.51641
2.51408
2.5136
2.51083
2.52172
2.52147
2.51973
2.52303
2.52209
2.52191
2.52037
2.51957
2.52049
2.52069
2.52136
2.51985
2.52033
2.52093
2.51977
2.52135
2.51769
2.52287
2.51965
2.5216
2.51802
2.5135
2.51303
2.50999
2.51616
2.51294
2.51273
2.5092
2.52228
2.5225
2.52074
2.52405
2.52288
2.52318
2.52148
2.51989
2.52007
2.52048
2.52166
2.52023
2.52002
2.52016
2.51968
2.52204
2.51819
2.52275
2.51988
2.52267
2.51861
2.51239
2.51279
2.5087
2.51653
2.51196
2.51317
2.50856
2.52327
2.52392
2.52216
2.52595
2.52424
2.52497
2.52302
2.52052
2.5202
2.51985
2.52277
2.52094
2.52076
2.51988
2.52026
2.52292
2.51887
2.52352
2.52106
2.52287
2.519
2.51159
2.51343
2.50835
2.51689
2.51133
2.514
2.50796
2.5255
2.52648
2.52392
2.52938
2.52696
2.52797
2.52501
2.52158
2.52215
2.52022
2.52584
2.52275
2.52415
2.5213
2.52203
2.52418
2.51994
2.5259
2.52359
2.52733
2.52403
2.51123
2.51638
2.50853
2.51798
2.51189
2.51989
2.51051
2.52857
2.53037
2.52666
2.53503
2.53155
2.53318
2.52877
2.52445
2.52667
2.52295
2.53136
2.52648
2.52965
2.52499
2.5255
2.53065
2.5274
2.53181
2.52751
2.53413
2.52909
2.51258
2.52024
2.50977
2.52059
2.51326
2.51984
2.50813
2.53675
2.53644
2.53185
2.54214
2.54127
2.54087
2.53627
2.5293
2.53354
2.52755
2.5399
2.53389
2.5377
2.53147
2.53017
2.53776
2.53003
2.54183
2.53367
2.54217
2.53204
2.51358
2.51815
2.50527
2.52449
2.51384
2.51678
2.50157
2.54384
2.54658
2.54135
2.55149
2.54753
2.5527
2.5474
2.53864
2.54272
2.53592
2.55061
2.544
2.54864
2.54169
2.53861
2.54757
2.53532
2.55717
2.54499
2.55456
2.5405
2.51364
2.51595
2.4974
2.53055
2.51351
2.5169
2.49369
2.55296
2.55922
2.55332
2.56453
2.55893
2.56598
2.55932
2.55045
2.5553
2.5479
2.56392
2.55696
2.56168
2.55316
2.55352
2.56252
2.54864
2.57715
2.56328
2.56961
2.55574
2.51369
2.51958
2.4913
2.53994
2.51511
2.52218
2.49002
2.56544
2.57321
2.56568
2.57886
2.5729
2.57962
2.57208
2.56282
2.56779
2.5586
2.57658
2.56807
2.57387
2.56489
2.57334
2.57651
2.56291
2.59241
2.57477
2.58265
2.56672
2.51611
2.52635
2.49192
2.54367
2.51502
2.53034
2.49198
2.579
2.58671
2.57714
2.59353
2.58516
2.59243
2.58085
2.57259
2.5806
2.57048
2.58839
2.577
2.58552
2.57747
2.56413
2.58003
2.56015
2.57467
2.54978
2.57164
2.55179
2.51233
2.52631
2.49246
2.52424
2.50997
2.52348
2.49792
2.58799
2.59453
2.58184
2.60069
2.58561
2.59618
2.58044
2.57826
2.58742
2.57859
2.5914
2.57679
2.58711
2.57593
2.53703
2.55801
2.541
2.54608
2.52949
2.54432
2.53199
2.5076
2.52071
2.49839
2.52074
2.50261
2.51882
2.50064
2.57616
2.59346
2.57421
2.58914
2.565
2.58484
2.56663
2.5729
2.5848
2.57088
2.582
2.56769
2.57962
2.56525
2.52538
2.53371
2.52779
2.5282
2.52423
2.52749
2.52422
2.50153
2.51875
2.50173
2.5156
2.50298
2.51636
2.50328
2.55203
2.57158
2.55632
2.56025
2.53973
2.55866
2.54345
2.55776
2.57189
2.55758
2.5623
2.5457
2.56323
2.54808
2.52195
2.52547
2.52155
2.52569
2.52131
2.52307
2.51899
2.50547
2.51432
2.50474
2.51621
2.50441
2.5131
2.50407
2.53068
2.54568
2.53407
2.53774
2.52467
2.53559
2.52593
2.53328
2.55227
2.53791
2.53823
2.52146
2.54102
2.52662
2.52127
2.52282
2.51896
2.52771
2.52239
2.52372
2.51984
2.50208
2.5129
2.50272
2.51608
2.50352
2.51434
2.50518
2.52321
2.52929
2.52165
2.53056
2.52333
2.52613
2.51953
2.51352
2.53095
2.51775
2.52294
2.50801
2.52331
2.51029
2.52535
2.52573
2.52172
2.53363
2.52943
2.52862
2.52415
2.50759
2.51774
2.50925
2.52369
2.51313
2.52198
2.51468
2.52475
2.52548
2.51962
2.53195
2.52618
2.52677
2.52092
2.50578
2.51775
2.50648
2.51872
2.50585
2.51515
2.50434
2.53428
2.53279
2.52834
2.54255
2.53946
2.53752
2.5333
2.51935
2.5266
2.52156
2.53461
2.52585
2.53173
2.52881
2.52926
2.52964
2.52431
2.53749
2.53319
2.53325
2.52874
2.50901
2.51497
2.50586
2.52261
2.51441
2.51676
2.51001
2.54485
2.54226
2.5379
2.5522
2.55028
2.54706
2.54308
2.5349
2.53726
2.53603
2.54751
2.54285
2.54296
2.54286
2.53762
2.53717
2.53335
2.54519
2.54192
2.5408
2.53756
2.52026
2.52062
2.51594
2.5312
2.5259
2.52485
2.52165
2.55559
2.55201
2.54802
2.56107
2.56034
2.55647
2.55266
2.54982
2.54828
2.54876
2.5589
2.55619
2.5539
2.55451
2.54632
2.5448
2.54264
2.55327
2.55098
2.5479
2.54685
2.53227
2.52954
2.52722
2.54043
2.53764
2.53371
2.53221
2.56396
2.55941
2.55712
2.56853
2.56796
2.56308
2.56118
2.55965
2.55711
2.55675
2.56631
2.56446
2.56104
2.56093
2.5538
2.55087
2.55011
2.56053
2.55764
2.55401
2.5528
2.5514
2.5485
2.54675
2.55576
2.5551
2.55163
2.55107
2.55317
2.54959
2.54952
2.55628
2.55718
2.55318
2.55436
2.55569
2.55425
2.55169
2.56179
2.56581
2.55857
2.56427
2.54233
2.53795
2.53626
2.54785
2.54621
2.54218
2.54088
2.54051
2.53429
2.5309
2.54471
2.54359
2.53943
2.53719
2.54372
2.53558
2.53337
2.54646
2.54701
2.54226
2.54276
2.55116
2.54452
2.54586
2.55307
2.56256
2.55502
2.57107
2.5362
2.5349
2.53255
2.54062
2.54051
2.53882
2.54334
2.55098
2.55097
2.55331
2.55323
2.55677
2.55711
2.5694
)
;

boundaryField
{
    fbOut
    {
        type            fixedValue;
        value           uniform 0;
    }
    CAD_patch1
    {
        type            zeroGradient;
    }
    fbGasin
    {
        type            zeroGradient;
    }
    CAD_patch3
    {
        type            zeroGradient;
    }
    fbBioin
    {
        type            zeroGradient;
    }
}


// ************************************************************************* //
