/*--------------------------------*- C++ -*----------------------------------*\
| =========                 |                                                 |
| \\      /  F ield         | OpenFOAM: The Open Source CFD Toolbox           |
|  \\    /   O peration     | Version:  5.x                                   |
|   \\  /    A nd           | Web:      www.OpenFOAM.org                      |
|    \\/     M anipulation  |                                                 |
\*---------------------------------------------------------------------------*/
FoamFile
{
    version     2.0;
    format      ascii;
    class       volScalarField;
    location    "9.4";
    object      p;
}
// * * * * * * * * * * * * * * * * * * * * * * * * * * * * * * * * * * * * * //

dimensions      [0 2 -2 0 0 0 0];

internalField   nonuniform List<scalar> 
10571
(
46.2092
70.3602
63.2417
49.6868
54.6656
73.4518
70.7415
57.4851
57.5915
72.4174
79.1171
81.3422
82.3844
86.0627
72.9804
75.3462
95.4098
107.474
111.799
106.737
95.7702
111.924
122.581
131.164
50.0377
66.123
50.9622
48.656
49.1851
67.7881
47.0804
40.1398
48.576
53.581
75.1636
75.1013
66.9194
39.344
63.2144
68.7196
80.5467
86.1161
68.1215
75.883
66.8168
83.8877
82.7133
75.5037
47.0068
59.6342
44.4639
43.3925
43.7212
64.8805
37.0932
34.2397
40.1251
42.0504
64.0498
66.8259
38.2231
23.9013
38.1024
49.6971
58.7662
23.2179
24.3765
38.3336
40.4731
41.5063
37.1173
22.1188
41.2771
49.9487
39.215
34.1731
33.9952
56.8776
33.261
28.2635
30.0336
23.456
23.0597
33.9187
20.8059
23.628
22.1057
24.4903
17.2923
13.9601
19.3016
15.241
16.546
14.2429
15.7495
15.221
14.3806
23.3429
24.5413
17.6793
13.7704
19.2007
24.4986
25.7861
15.6755
13.2974
13.2426
13.0873
14.0257
29.2027
15.0495
13.916
13.5545
13.477
15.8205
14.0128
14.0934
13.9039
14.3006
14.8989
14.0028
13.2258
13.1286
12.5472
13.4816
13.3015
13.9129
18.5238
11.9063
13.461
13.924
13.3052
13.344
12.7087
18.7321
13.5644
13.729
13.8083
13.5494
13.1531
12.6533
13.0106
13.7053
13.7714
13.92
14.0197
13.615
13.2873
13.2742
13.3457
13.4149
13.2741
12.988
11.1384
13.0973
13.6406
13.8727
13.3216
13.319
13.1164
12.4963
13.6448
13.6244
13.8017
13.4896
13.1795
12.9685
13.4024
13.7444
13.8344
13.6137
13.4651
13.6048
13.4955
13.3071
13.2802
13.386
13.4122
13.2858
13.2543
13.0108
13.5384
13.683
13.8645
13.339
13.3229
13.3329
13.8771
13.674
13.5853
13.7982
13.4275
13.2413
13.3305
13.6077
13.6801
13.8214
13.4779
13.3955
13.5354
13.4565
13.3024
13.2846
13.4172
13.4536
13.2798
13.2132
13.5704
13.7721
13.9368
13.958
13.3211
13.3171
13.3359
13.8721
13.6247
13.7074
13.8598
13.3325
13.2481
13.3567
13.6123
13.5826
13.3964
13.3865
13.4628
13.4104
13.2978
13.3077
13.3844
13.4682
13.2571
13.1793
13.5039
13.7727
13.7131
13.277
13.2472
13.3003
13.5567
13.5341
13.5869
13.2477
13.2447
13.3375
13.5497
13.5222
13.3333
13.3427
13.402
13.3826
13.2951
13.3109
13.3848
13.4212
13.2691
13.2228
13.3654
13.5467
13.4562
13.248
13.2297
13.2647
13.3513
13.3999
13.4269
13.2409
13.2673
13.3132
13.462
13.4372
13.3204
13.3185
13.3653
13.3389
13.2664
13.2761
13.3318
13.3718
13.2512
13.1935
13.2083
13.3905
13.3494
13.2009
13.2257
13.2406
13.2567
13.2982
13.3553
13.2819
13.2886
13.2951
13.3708
13.351
13.3253
13.3228
13.335
13.2798
13.2088
13.2221
13.2546
13.3341
13.1632
13.1016
13.0587
13.2863
13.2911
13.1337
13.1767
13.2179
13.2431
13.2348
13.2881
13.3091
13.3021
13.295
13.2998
13.2963
13.3334
13.344
13.3281
13.228
13.1502
13.1537
13.1985
13.2972
13.0601
13.0306
12.9684
13.1675
13.2301
13.1751
13.1823
13.2288
13.2456
13.1676
13.2351
13.3302
13.3082
13.3096
13.2612
13.2676
13.3296
13.3544
13.3333
13.2018
13.1387
13.1253
13.1727
13.2676
13.0205
13.0226
12.9746
13.0748
13.2031
13.2245
13.192
13.2655
13.2456
13.0759
13.22
13.2947
13.3239
13.3564
13.2669
13.2678
13.3849
13.3973
13.3662
13.2134
13.1803
13.1518
13.1929
13.2614
13.0978
13.0869
13.1308
13.0916
13.2243
13.2846
13.2186
13.3204
13.3036
13.0778
13.2336
13.2752
13.342
13.4164
13.2926
13.2867
13.3965
13.4394
13.4105
13.2651
13.2608
13.2102
13.2523
13.2891
13.2072
13.1911
13.2916
13.1468
13.2748
13.3997
13.3112
13.3664
13.3882
13.1945
13.2778
13.3311
13.3753
13.4706
13.3461
13.3392
13.4234
13.4906
13.4645
13.3528
13.3762
13.3111
13.3368
13.3526
13.324
13.275
13.361
13.2084
13.3609
13.5106
13.4304
13.4071
13.4397
13.291
13.3371
13.3926
13.4138
13.5074
13.4161
13.4178
13.4621
13.5196
13.5082
13.4734
13.5055
13.4459
13.4371
13.4518
13.4557
13.3848
13.4215
13.3154
13.4723
13.5899
13.5251
13.503
13.5003
13.401
13.4349
13.4874
13.4647
13.5362
13.4923
13.5103
13.5056
13.5191
13.5459
13.5941
13.6027
13.5581
13.553
13.56
13.5485
13.5131
13.5026
13.4583
13.5684
13.683
13.5996
13.5922
13.5648
13.5463
13.5642
13.5802
13.4782
13.5643
13.5334
13.5944
13.4635
13.5122
13.5771
13.6893
13.6532
13.6286
13.6399
13.6402
13.6042
13.5741
13.5715
13.5633
13.6187
13.6952
13.6414
13.6281
13.5952
13.6629
13.6674
13.6157
13.5327
13.5707
13.582
13.6528
13.4559
13.5066
13.6009
13.7524
13.6771
13.6554
13.6892
13.6791
13.6409
13.6094
13.6143
13.6114
13.6431
13.6984
13.6377
13.6518
13.623
13.6903
13.7266
13.6443
13.5711
13.539
13.6078
13.7092
13.5275
13.5023
13.5832
13.7802
13.6918
13.6561
13.7124
13.6923
13.6744
13.6414
13.6448
13.6406
13.6498
13.689
13.6594
13.6874
13.6483
13.6222
13.698
13.6796
13.5771
13.4931
13.557
13.6347
13.6894
13.4563
13.5009
13.7684
13.6982
13.657
13.7142
13.7086
13.699
13.6719
13.6676
13.6931
13.665
13.6979
13.6921
13.718
13.6613
13.6586
13.687
13.7079
13.7072
13.5226
13.5646
13.616
13.9711
13.4158
13.5506
13.7636
13.7057
13.6689
13.7198
13.746
13.7128
13.6984
13.6724
13.7388
13.7015
13.7241
13.7204
13.727
13.7105
13.7495
13.7182
13.7377
13.7484
13.6273
13.6697
13.6981
13.888
13.4872
13.735
13.751
13.7192
13.6773
13.7152
13.7414
13.7231
13.7041
13.7123
13.7418
13.7184
13.7486
13.7416
13.7218
13.7522
13.7846
13.7459
13.7544
13.687
13.7165
13.8181
13.7846
13.7819
13.647
13.9183
13.7495
13.7408
13.7099
13.7159
13.7258
13.7341
13.7282
13.7577
13.7342
13.7216
13.7726
13.7601
13.7269
13.7824
13.7622
13.7468
13.7849
13.69
13.8349
13.8477
13.7923
13.7389
14.039
13.973
13.7672
13.7662
13.7505
13.746
13.7411
13.748
13.7508
13.756
13.7232
13.7144
13.7984
13.785
13.7441
13.7652
13.7331
13.7268
13.8216
13.7193
13.8212
13.7996
13.764
13.8482
13.9395
13.8933
13.8018
13.7892
13.7802
13.807
13.7513
13.7713
13.7455
13.7402
13.7011
13.7054
13.8184
13.7953
13.7476
13.7235
13.7043
13.7024
13.8266
13.6715
13.7381
13.7333
13.7233
13.7975
13.7738
13.7779
13.7984
13.8173
13.7862
13.7831
13.7416
13.776
13.7223
13.7018
13.6731
13.6919
13.8153
13.777
13.7396
13.6805
13.6812
13.6734
13.798
13.6423
13.6493
13.672
13.6815
13.7165
13.6503
13.6861
13.7683
13.7983
13.777
13.7424
13.7116
13.7372
13.686
13.6639
13.6452
13.6635
13.7783
13.7384
13.712
13.6405
13.6526
13.6649
13.7452
13.6485
13.5749
13.6115
13.6331
13.7073
13.5921
13.6072
13.718
13.7366
13.7024
13.6892
13.6634
13.6835
13.6412
13.6215
13.6098
13.6158
13.7191
13.6858
13.6559
13.5839
13.599
13.6208
13.678
13.6059
13.498
13.5536
13.5784
13.6642
13.5414
13.5592
13.6502
13.6532
13.6088
13.6203
13.6044
13.6248
13.5841
13.5705
13.5633
13.5706
13.6496
13.6243
13.5725
13.517
13.5366
13.5585
13.6054
13.5293
13.428
13.5108
13.5337
13.5867
13.4472
13.5216
13.5701
13.5646
13.5223
13.541
13.5452
13.5553
13.5117
13.5159
13.5127
13.5291
13.5737
13.5527
13.4817
13.4652
13.4882
13.5295
13.5323
13.4477
13.4102
13.4962
13.5134
13.5019
13.4095
13.502
13.4821
13.4803
13.4391
13.4483
13.4852
13.476
13.4279
13.4616
13.4651
13.4876
13.4956
13.4761
13.3929
13.4427
13.4489
13.5098
13.4608
13.381
13.4439
13.4919
13.5195
13.4336
13.4369
13.5129
13.3966
13.405
13.3683
13.3651
13.4149
13.3924
13.3443
13.4057
13.4202
13.4485
13.4184
13.3931
13.3118
13.4175
13.4171
13.4669
13.3896
13.3145
13.4677
13.4718
13.5372
13.3725
13.4468
13.4933
13.3191
13.3482
13.3103
13.3106
13.3604
13.3237
13.2824
13.3528
13.3816
13.4067
13.3495
13.313
13.2444
13.3687
13.3851
13.4202
13.3237
13.2499
13.3888
13.4197
13.4648
13.3093
13.3817
13.432
13.2531
13.3141
13.2758
13.2852
13.3426
13.2922
13.2628
13.3155
13.3458
13.3595
13.3017
13.2649
13.2071
13.3195
13.3449
13.3762
13.2876
13.2097
13.2922
13.3498
13.4072
13.2528
13.3128
13.3612
13.2243
13.3068
13.2923
13.269
13.3011
13.2786
13.2619
13.2799
13.3078
13.3033
13.2765
13.2519
13.1788
13.2826
13.3089
13.3366
13.2752
13.1823
13.2545
13.2887
13.3595
13.2047
13.2675
13.2622
13.2229
13.3035
13.2781
13.2131
13.2388
13.2591
13.2354
13.2276
13.269
13.2638
13.2624
13.2418
13.1681
13.2668
13.293
13.3094
13.2638
13.1645
13.2836
13.2583
13.3298
13.1706
13.214
13.2025
13.224
13.2961
13.2576
13.1895
13.1593
13.2464
13.2101
13.1598
13.2308
13.2406
13.2517
13.2294
13.1676
13.265
13.2909
13.2969
13.2456
13.1689
13.3199
13.2651
13.3208
13.2267
13.3373
13.256
13.2288
13.2886
13.2457
13.1539
13.0885
13.2525
13.2073
13.1158
13.2299
13.2477
13.2527
13.22
13.1892
13.2545
13.2883
13.2845
13.2272
13.1532
13.2939
13.2791
13.3162
13.2593
13.3497
13.3047
13.1509
13.2885
13.2432
13.0263
12.9617
13.2724
13.2302
13.1765
13.239
13.2571
13.2819
13.242
13.2503
13.2593
13.3029
13.2668
13.2408
13.1957
13.2925
13.2961
13.3149
13.2957
13.3503
13.3401
13.1326
13.3403
13.2666
13.0026
13.0853
13.327
13.2989
13.282
13.2868
13.274
13.3385
13.307
13.34
13.3108
13.3562
13.3262
13.2851
13.2598
13.3281
13.3266
13.3542
13.3593
13.403
13.3845
13.3648
13.3987
13.3112
13.2669
13.3111
13.3769
13.3761
13.3952
13.3608
13.3256
13.403
13.3695
13.4334
13.379
13.42
13.3947
13.3545
13.3287
13.3849
13.361
13.4053
13.4261
13.4527
13.4293
13.7524
13.4264
13.3342
13.5494
13.5995
13.4051
13.4123
13.4657
13.4357
13.42
13.4537
13.4256
13.5213
13.4393
13.47
13.4455
13.4215
13.4049
13.4243
13.3889
13.446
13.5111
13.4964
13.4762
13.711
13.4336
13.3632
13.5547
13.6387
13.4288
13.4336
13.4859
13.4695
13.4742
13.4845
13.4568
13.5819
13.4844
13.5057
13.5096
13.4719
13.4493
13.4496
13.4187
13.4985
13.5475
13.5142
13.5163
13.5891
13.4769
13.4076
13.4968
13.5793
13.4658
13.4842
13.5026
13.4834
13.498
13.5137
13.4746
13.6126
13.5148
13.5265
13.5488
13.517
13.5142
13.4773
13.4544
13.5479
13.5323
13.5318
13.5598
13.502
13.5126
13.4845
13.491
13.5504
13.5277
13.5492
13.5274
13.4903
13.5074
13.553
13.5552
13.667
13.5354
13.5341
13.5658
13.571
13.5896
13.5069
13.4859
13.5833
13.5807
13.5633
13.6118
13.4715
13.5619
13.5589
13.4946
13.5381
13.5774
13.6142
13.5446
13.4916
13.5127
13.597
13.6121
13.6865
13.5434
13.5218
13.5717
13.6246
13.6728
13.5282
13.5036
13.5968
13.6573
13.6018
13.6667
13.523
13.5722
13.5533
13.5195
13.5317
13.593
13.631
13.5554
13.4853
13.5159
13.6249
13.6098
13.6416
13.5298
13.4913
13.5634
13.678
13.7264
13.5332
13.5028
13.5857
13.7004
13.6201
13.6963
13.5695
13.598
13.5734
13.5505
13.5262
13.5876
13.5894
13.5536
13.4762
13.5179
13.6316
13.594
13.5945
13.4956
13.4528
13.5405
13.6839
13.6773
13.4991
13.479
13.5576
13.6956
13.6195
13.6828
13.5943
13.5873
13.5832
13.5758
13.5187
13.5899
13.589
13.5361
13.469
13.5202
13.6837
13.6222
13.5881
13.4569
13.4222
13.5221
13.6863
13.6046
13.4237
13.4275
13.5221
13.7068
13.605
13.634
13.6086
13.7428
13.6346
13.5853
13.5102
13.6514
13.6111
13.5182
13.4645
13.5248
13.7147
13.6552
13.583
13.4283
13.4062
13.5166
13.6977
13.5423
13.3395
13.3704
13.4933
13.6998
13.5741
13.5855
13.6163
13.8116
13.651
13.5837
13.4997
13.7318
13.5975
13.5097
13.4638
13.5332
13.7356
13.6457
13.5684
13.4189
13.4033
13.5272
13.6958
13.4978
13.2764
13.3349
13.4835
13.6675
13.5364
13.5497
13.6278
13.7503
13.6502
13.5827
13.4835
13.6781
13.5841
13.5084
13.4684
13.5453
13.7371
13.6412
13.5633
13.4179
13.4099
13.5465
13.6771
13.4611
13.2485
13.3251
13.4847
13.6284
13.5049
13.528
13.6458
13.716
13.6529
13.5876
13.4705
13.6859
13.5887
13.5127
13.4742
13.5568
13.8099
13.7015
13.5469
13.4153
13.4118
13.5607
13.6737
13.4054
13.2527
13.3335
13.4804
13.5931
13.4895
13.5195
13.676
13.7162
13.6788
13.6029
13.4708
13.7463
13.5865
13.5163
13.4772
13.5564
13.8493
13.7372
13.5003
13.3981
13.4036
13.5602
13.6674
13.3422
13.285
13.3393
13.4697
13.5638
13.4956
13.5219
13.7217
13.7498
13.7229
13.625
13.4952
13.7592
13.5889
13.5233
13.4588
13.5354
13.8302
13.7088
13.4634
13.3494
13.372
13.5228
13.678
13.2997
13.3023
13.3682
13.4683
13.5487
13.5076
13.5335
13.7854
13.8021
13.7803
13.6617
13.5311
13.7867
13.6216
13.528
13.4178
13.4601
13.8057
13.6811
13.4377
13.2956
13.3158
13.4198
13.5719
13.2494
13.3397
13.4061
13.401
13.555
13.5565
13.5778
13.868
13.8781
13.8514
13.714
13.5708
13.8462
13.6631
13.5315
13.3537
13.2517
13.7715
13.62
13.4174
13.2741
13.2574
13.1486
13.1529
13.2733
13.4989
13.4789
13.2955
13.5929
13.6902
13.6999
13.9464
13.9535
13.9245
13.7782
13.605
13.8868
13.7215
13.5451
13.2537
12.5883
13.7938
13.6751
13.4631
13.3388
13.1555
12.3504
12.9819
13.5126
13.8252
13.6171
13.0841
13.8027
14.0221
14.0587
14.0037
13.9817
13.9722
13.8393
13.6345
13.8858
13.7822
13.5684
13.1553
10.6086
13.7546
13.7331
13.6993
13.4786
13.0245
10.8346
-8.07502
13.5974
14.098
14.1351
13.7501
12.4787
14.363
14.499
14.5002
14.0204
13.971
13.9657
13.8698
13.6625
13.8707
13.7692
13.5711
12.9894
9.33485
0.120139
13.8319
13.8218
13.9017
13.5515
12.7378
10.7607
1.40489
14.042
14.4905
14.2476
13.7754
11.0523
15.169
14.8801
14.7104
14.0287
13.961
13.92
13.8891
13.7679
13.8766
13.7652
13.6317
13.1667
10.6865
2.91634
13.9645
13.9315
13.9443
13.5545
12.7821
10.4372
2.59628
14.1727
14.4429
14.0725
13.619
11.1655
2.855
15.2256
14.7187
14.5071
14.0714
13.9799
13.9528
13.9495
13.9687
13.8614
13.8509
13.7776
13.6847
11.474
3.1852
14.1173
14.0576
14.0183
13.798
13.3824
11.2901
2.5567
14.2604
14.3348
14.1686
13.722
11.8921
14.7771
14.5372
14.382
14.1646
14.0848
14.0551
14.0729
14.1986
13.8543
13.9179
13.9907
14.0451
12.7832
14.1342
14.0523
13.993
13.9653
13.7782
12.2586
-4.68306
14.2441
14.2114
14.1395
13.9579
13.4505
14.5227
14.393
14.3413
14.2453
14.3078
14.1789
14.1861
14.2873
13.99
14.0255
14.1552
14.1989
14.1117
14.1271
14.07
14.0515
14.0703
14.0284
13.795
14.1984
14.1394
14.1225
14.1074
14.0574
14.3763
14.2898
14.3208
14.2562
14.2896
14.1814
14.2303
14.2906
14.075
14.0806
14.2011
14.2249
14.4287
14.1461
14.094
14.0766
14.1004
14.1297
14.2199
14.1838
14.1109
14.0969
14.1428
14.2155
14.2982
14.2181
14.2953
14.2248
14.1923
14.1633
14.2107
14.2351
14.1044
14.0983
14.1646
14.2187
14.4632
14.1787
14.1277
14.0664
14.0892
14.1377
14.2912
14.192
14.0797
14.0496
14.1415
14.2522
14.2486
14.1605
14.2681
14.2183
14.174
14.1652
14.1771
14.197
14.1456
14.0911
14.1006
14.2092
14.4365
14.2212
14.1708
14.0456
14.0403
14.1058
14.2819
14.2117
14.0515
13.99
14.1084
14.2404
14.2134
14.1059
14.2262
14.209
14.2026
14.1681
14.151
14.2651
14.2138
14.1065
14.1041
14.2191
14.3673
14.2873
14.2319
14.0613
13.9703
14.0515
14.2435
14.2617
14.0535
13.9435
14.051
14.1923
14.1946
14.0591
14.1709
14.2408
14.2843
14.1954
14.1845
14.4065
14.3131
14.1788
14.1722
14.2564
14.3993
14.3886
14.3227
14.1246
14.0049
14.0121
14.2095
14.3538
14.0604
13.8944
13.9727
14.12
14.209
14.0395
14.0877
14.3267
14.3664
14.2676
14.2751
14.5612
14.3874
14.2448
14.2147
14.3106
14.5035
14.4951
14.4142
14.2206
14.0685
14.0557
14.2587
14.4645
14.1947
13.9784
13.8724
14.0485
14.239
14.0522
13.9639
14.4312
14.4037
14.3327
14.3739
14.6467
14.4
14.2703
14.2441
14.3354
14.7326
14.5895
14.4587
14.2701
14.1107
14.1437
14.5009
14.5056
14.2626
14.0491
13.9421
14.1563
14.3081
14.1654
13.9467
117.651
62.7544
117.373
84.2722
62.1819
78.8113
96.6377
102.187
107.076
110.972
118.562
113.482
98.6842
123.165
108.736
95.1447
109.86
107.329
98.5805
100.856
99.2761
107.633
113.734
113.415
131.049
120.553
91.2167
81.7499
83.031
95.4532
88.839
85.3125
82.6139
84.6097
96.6748
81.6678
86.2451
119.378
129.231
91.2184
110.93
99.3449
106.517
96.1406
80.9681
107.096
80.9278
81.0342
84.8601
87.0875
88.9451
90.1174
86.8447
94.7839
95.9735
90.6273
94.7122
100.585
103.395
97.6504
98.0649
105.355
106.557
85.4215
81.5724
101.615
102.261
85.1568
86.8254
103.745
97.6569
109.777
108.089
137.149
133.605
111.277
112.717
118.137
118.125
115.811
114.746
121.94
125.082
118.879
136.112
147.601
154.111
130.398
158.12
149.224
137.571
142.491
146.218
157.051
151.626
164.154
69.1767
56.2769
45.1239
54.3904
49.2428
50.3082
50.4887
50.4725
50.0332
54.2149
50.309
50.8768
49.8046
58.0431
50.0305
69.0911
68.0871
72.5938
71.482
70.7914
66.5586
63.5123
67.5588
65.5672
63.2505
53.6442
67.62
49.4551
51.1458
48.6185
52.8915
72.8048
57.7006
70.3388
73.2676
73.9529
69.1448
73.3418
72.4105
72.5719
70.1799
60.9078
69.8319
68.6439
80.4508
84.3384
77.6785
78.2083
82.3399
73.2597
80.9258
72.7804
71.3476
72.6924
89.0288
85.066
101.027
104.852
112.024
88.1722
95.4352
92.2477
102.214
106.855
121.551
121.997
91.0455
82.1775
99.6114
93.8514
77.5085
120.146
101.57
117.005
126.91
102.724
108.653
106.85
125.184
128.079
110.596
104.998
108.237
102.023
53.7732
50.4087
49.9409
49.9828
49.8887
48.4993
47.4986
48.3354
49.6278
47.8365
48.3905
46.7185
45.0621
48.5524
46.4703
68.6975
68.2778
60.7357
68.0681
62.5528
62.9596
55.3948
66.8365
57.0474
48.7235
47.2968
49.0231
47.1234
45.9701
43.8207
45.1226
51.4588
46.0507
68.168
70.9403
69.9561
67.012
67.9342
67.1917
62.8776
63.6802
46.9856
53.5671
56.7411
75.2703
79.2324
70.745
70.4604
72.7806
66.8939
67.1648
61.1348
60.0259
58.3495
79.4414
70.5879
85.024
81.4845
85.3521
71.68
72.866
68.6802
67.986
68.0723
75.8422
71.7811
55.3601
53.027
51.4367
50.7802
54.5041
84.039
65.3912
85.2976
84.025
63.0917
62.1386
60.7305
78.0568
82.6378
58.1984
52.35
58.4863
49.7465
48.01
45.8351
47.7387
45.9413
46.8653
47.1413
44.737
45.3872
45.2284
42.7958
46.0362
43.1599
40.3992
43.0234
40.7314
67.6413
67.1294
51.0889
65.68
50.3539
55.6612
47.3859
63.809
44.7199
42.3818
39.9168
41.5557
40.3435
39.031
36.8254
37.593
41.803
36.5511
66.443
65.5031
65.0938
66.6208
61.2862
63.5965
45.6847
48.6982
34.8031
36.3901
38.2914
63.8847
58.1957
49.0527
49.4967
31.8162
50.1018
46.4594
36.4297
37.4447
32.4464
54.7896
32.1268
54.3246
52.384
48.5888
38.2123
32.3032
35.1405
31.1311
38.8927
27.5528
29.6129
21.5472
22.7816
15.5533
16.3026
26.3094
45.0144
27.1893
39.9379
39.553
21.6958
22.4279
23.6894
29.708
37.9317
21.1013
16.8556
23.2615
15.4981
43.2417
36.6311
45.5311
43.6183
43.1433
36.3742
37.9809
36.132
38.1679
35.7922
31.0308
28.8583
27.5577
34.6705
22.738
65.3784
50.9491
43.4708
56.8212
39.7329
39.5882
36.4725
42.7408
34.3548
30.6558
34.8419
30.0263
24.1673
15.3208
33.7478
20.7228
24.4226
14.3485
64.7438
44.0491
53.6046
47.8838
15.9218
23.0336
26.558
25.2493
13.6893
15.8127
15.1035
22.0579
14.2893
13.6043
13.3986
12.9265
24.8859
20.9098
16.1883
15.4804
14.9045
15.7215
13.3373
14.7785
19.7846
16.8145
13.4751
13.127
13.5965
13.5199
15.4192
14.9928
15.4855
14.7763
14.7211
15.1238
15.6694
14.4668
15.3354
13.5488
14.6203
15.206
13.5643
13.5666
13.6774
15.3755
16.0837
14.7039
15.31
14.9023
15.4276
22.4034
13.303
14.1225
18.7526
14.7844
13.1673
13.1368
13.078
14.3372
13.9506
13.2636
13.1843
13.4875
13.5191
13.6743
18.521
12.988
24.4075
22.7662
26.058
13.2747
13.4613
13.2665
13.718
13.2672
27.5737
13.4981
13.3281
13.3897
16.4622
12.952
13.637
14.0015
15.7234
13.2201
13.3143
13.0652
13.2824
13.2212
13.7088
13.868
13.4739
13.526
13.9546
13.231
13.5811
13.3491
13.2789
13.4829
13.908
13.9424
13.7756
13.8462
13.7901
13.5649
13.575
13.6193
13.5699
13.6261
13.5876
13.5891
13.6094
13.6084
14.105
14.553
14.8547
13.2682
13.7544
13.9612
14.3014
13.8639
13.6806
13.7219
13.7496
13.9356
13.8459
13.7332
14.0049
14.9599
15.0528
14.161
14.6945
15.0831
14.4318
13.2661
13.3531
13.7759
13.3156
13.7463
13.4359
13.3509
13.5086
13.9398
13.8665
13.6548
13.7758
13.6255
13.6583
13.5374
13.2948
13.3069
13.2219
13.2396
13.1904
13.3162
13.3393
13.3001
13.2571
13.4122
12.7815
13.352
13.4288
13.3529
13.046
13.2824
13.5741
13.1435
13.3714
13.3012
13.302
13.3175
13.304
13.3089
13.729
13.603
14.0044
13.4446
13.7176
13.6795
13.7181
13.8823
13.8133
13.8421
13.7828
13.8973
13.8006
13.8602
13.2889
13.3999
13.3101
13.3055
13.3646
13.8754
13.8133
13.8364
13.6994
13.7345
13.843
13.804
13.825
13.8186
13.8202
13.775
13.8342
13.8077
13.8156
13.493
13.4505
13.5571
13.5652
13.5559
13.5113
13.518
13.5218
13.4738
13.6613
13.5581
13.8585
13.2042
13.6043
13.4276
13.6272
13.6917
13.6955
13.6727
13.6272
13.8615
13.7185
13.5227
13.6715
14.274
14.5909
13.6484
13.8689
14.103
13.7344
13.3296
13.311
13.4929
13.3572
13.448
13.4184
13.3327
13.378
13.6108
13.5805
13.5326
13.5236
13.5256
13.5186
13.4932
13.2936
13.3004
13.3051
13.2741
13.2593
13.3003
13.2983
13.2797
13.2686
13.327
13.2882
13.2302
13.4149
13.3401
13.3298
13.3281
13.41
13.7414
13.5398
13.9171
13.8407
13.8881
13.8006
13.8815
13.3145
13.3053
13.3095
13.317
13.3085
13.3157
13.8587
13.7333
13.7505
13.6835
13.869
13.726
13.7545
13.8932
13.8164
13.8509
13.8162
13.8834
13.8083
13.8518
13.3344
13.3548
13.3364
13.3538
13.379
13.75
13.7921
13.8197
13.5775
13.7454
13.7647
13.8011
13.8318
13.817
13.8218
13.7747
13.8227
13.7966
13.8025
13.4325
13.4236
13.4502
13.4924
13.3856
13.4619
13.4131
13.4602
13.3524
13.6142
13.4788
13.6842
13.5304
13.5792
13.5339
13.7403
13.8626
13.7169
13.8157
13.8309
13.8156
13.8058
13.6143
13.5493
13.4481
13.5522
13.5223
13.393
13.4763
13.598
13.7599
13.3922
13.4804
13.5724
13.5602
13.2941
13.2899
13.4104
13.3001
13.3683
13.3897
13.3021
13.3675
13.4845
13.4822
13.4792
13.4838
13.4582
13.4533
13.4392
13.3007
13.3037
13.2923
13.2835
13.2819
13.307
13.291
13.2923
13.3
13.436
13.3095
13.4567
13.4219
13.475
13.3282
13.5094
13.5878
13.8306
13.4281
13.792
13.8066
13.8888
13.8251
13.8945
13.3138
13.3095
13.3158
13.3087
13.3037
13.3107
13.8944
13.7368
13.8311
13.6897
13.9305
13.8061
13.8939
13.9055
13.8282
13.8618
13.8941
13.9093
13.8543
13.8698
13.3456
13.3918
13.3328
13.3356
13.378
13.7893
13.7509
13.8404
13.6309
13.8518
13.7282
13.8785
13.8321
13.8022
13.8038
13.8256
13.8409
13.8183
13.8324
13.4121
13.3816
13.3858
13.4207
13.3405
13.3823
13.3611
13.3901
13.3324
13.5539
13.499
13.6491
13.622
13.5379
13.4308
13.5209
13.8465
13.6244
13.8568
13.8125
13.8285
13.8269
13.5051
13.4641
13.3631
13.4317
13.4411
13.344
13.406
13.4599
13.5357
13.3981
13.442
13.4923
13.4997
13.2978
13.3098
13.3729
13.3109
13.3581
13.3603
13.3251
13.3516
13.4671
13.4543
13.4331
13.4353
13.4518
13.4515
13.4617
13.3036
13.3004
13.296
13.297
13.3166
13.2995
13.3018
13.2975
13.3212
13.4788
13.378
13.4746
13.4776
13.4967
13.4491
13.4895
13.6227
13.6949
13.2991
13.2954
13.3011
13.2868
13.2855
13.2873
14.2145
13.8972
13.9561
13.9374
14.1399
13.9157
13.9273
13.9497
13.9058
13.9017
13.9825
13.9557
13.945
13.9205
13.3256
13.3496
13.2994
13.3055
13.3058
13.9084
13.7012
13.9296
13.6916
13.8471
13.637
13.8955
13.8683
13.8474
13.8473
13.8914
13.898
13.8843
13.8681
13.3404
13.2921
13.3358
13.3631
13.3228
13.2895
13.3055
13.3303
13.3064
13.5269
13.3915
13.4631
13.5818
13.5091
13.3726
13.4296
13.538
13.4166
13.3704
13.2963
13.3351
13.3551
13.2731
13.2934
13.4146
13.4259
13.3616
13.3656
13.4039
13.4283
13.3224
13.3258
13.3656
13.3312
13.3597
13.3631
13.3282
13.3623
13.4086
13.4351
13.396
13.3968
13.4179
13.4528
13.4379
13.2939
13.2834
13.3055
13.2928
13.3172
13.296
13.3051
13.2886
13.3115
13.4846
13.4813
13.4868
13.4521
13.4513
13.4603
13.4456
13.6106
13.5247
13.2739
13.2752
13.2707
13.2678
13.2628
13.2535
13.7913
13.9434
13.5674
13.6079
13.3895
13.2793
13.2685
13.2589
13.2559
13.2608
13.7848
13.5313
13.4751
13.1909
13.4833
13.2502
13.2414
13.2843
13.2762
13.2755
13.2304
13.2723
13.2463
13.2527
13.4766
13.3681
13.3969
13.5069
13.4297
13.3621
13.3797
13.4911
13.3346
13.3123
13.276
13.299
13.3259
13.2821
13.3028
13.329
13.3849
13.328
13.3072
13.3535
13.3845
13.3118
13.2995
13.3527
13.3234
13.3546
13.3434
13.3144
13.3432
13.3839
13.4001
13.3639
13.3661
13.3808
13.4157
13.3935
13.2733
13.2568
13.2993
13.2858
13.2987
13.2878
13.2885
13.2737
13.2866
13.4049
13.4302
13.3931
13.3967
13.3852
13.3959
13.3496
13.4452
13.3897
13.2625
13.248
13.2361
13.2538
13.229
13.2226
13.5036
13.4679
13.3879
13.4319
13.4428
13.2459
13.2704
13.2307
13.2287
13.272
13.3417
13.4367
13.3884
13.3777
13.3957
13.2523
13.2659
13.2661
13.2437
13.2461
13.2607
13.2746
13.258
13.2484
13.3946
13.3486
13.3666
13.4132
13.3698
13.3273
13.348
13.3888
13.3018
13.2983
13.2785
13.2918
13.3207
13.2771
13.2842
13.2946
13.3271
13.3189
13.298
13.3178
13.3461
13.2827
13.2575
13.3261
13.2963
13.3246
13.2995
13.266
13.2975
13.3409
13.3565
13.3098
13.3106
13.3303
13.3675
13.3444
13.2456
13.2324
13.27
13.2484
13.2702
13.2377
13.2478
13.2265
13.2411
13.3653
13.3482
13.3094
13.3559
13.3505
13.299
13.2708
13.3432
13.3092
13.2336
13.2037
13.2036
13.1964
13.1719
13.1689
13.3707
13.3735
13.3199
13.3247
13.331
13.1945
13.2541
13.1538
13.1457
13.2252
13.3439
13.3566
13.3194
13.3144
13.3141
13.2705
13.2691
13.2858
13.2903
13.2689
13.2955
13.2881
13.3126
13.2975
13.341
13.3021
13.3224
13.3315
13.3173
13.2888
13.301
13.3215
13.3029
13.3146
13.2897
13.2942
13.3286
13.3087
13.3114
13.3078
13.323
13.3365
13.3255
13.3357
13.329
13.2309
13.1999
13.2666
13.2313
13.265
13.2332
13.2002
13.2319
13.2802
13.3015
13.2517
13.2521
13.2734
13.3186
13.2951
13.2047
13.1597
13.2233
13.199
13.2023
13.1755
13.1903
13.1609
13.1483
13.3372
13.2447
13.2286
13.3192
13.3217
13.2042
13.1936
13.273
13.2435
13.1556
13.1297
13.1303
13.1146
13.105
13.0969
13.286
13.2945
13.2585
13.2482
13.2609
13.1182
13.2115
13.1433
13.1362
13.2166
13.2876
13.2836
13.2566
13.2672
13.2581
13.2668
13.2692
13.2913
13.3341
13.3107
13.3209
13.2879
13.3354
13.3133
13.2942
13.2774
13.2831
13.275
13.2764
13.2671
13.2697
13.276
13.3337
13.3442
13.3186
13.3225
13.3352
13.316
13.3213
13.3411
13.3453
13.3463
13.3589
13.3513
13.3278
13.1784
13.1621
13.2048
13.1755
13.203
13.1839
13.1602
13.1813
13.2278
13.2472
13.2105
13.2096
13.2258
13.2734
13.2562
13.1324
13.1262
13.1625
13.1337
13.119
13.1361
13.1445
13.1194
13.1008
13.2971
13.1653
13.1656
13.2821
13.2795
13.1353
13.1488
13.22
13.2087
13.092
13.1021
13.0813
13.0898
13.1215
13.0985
13.2154
13.2302
13.2113
13.1913
13.2085
13.1728
13.2265
13.2036
13.1987
13.2306
13.2479
13.2405
13.2244
13.2352
13.2267
13.2943
13.308
13.2853
13.3298
13.3181
13.3229
13.2862
13.3331
13.3231
13.271
13.2664
13.2653
13.2624
13.2717
13.2762
13.2686
13.2661
13.3401
13.3392
13.3154
13.3232
13.3515
13.3231
13.3358
13.3748
13.3624
13.3713
13.3912
13.3832
13.347
13.1606
13.171
13.1744
13.1547
13.168
13.1768
13.1604
13.1653
13.1998
13.2121
13.2018
13.198
13.209
13.2443
13.2393
13.1395
13.1619
13.142
13.1214
13.0998
13.1537
13.1531
13.1326
13.1175
13.2643
13.1136
13.1544
13.2595
13.2578
13.1123
13.1664
13.2074
13.2157
13.1109
13.1595
13.1398
13.1434
13.1997
13.184
13.1775
13.1998
13.2087
13.1809
13.2033
13.2126
13.2308
13.249
13.2298
13.2428
13.2294
13.2199
13.2237
13.2308
13.223
13.2876
13.2669
13.2829
13.3084
13.3211
13.2704
13.2858
13.2699
13.3245
13.275
13.2874
13.2752
13.2762
13.2837
13.3018
13.2864
13.2732
13.3428
13.3501
13.3338
13.3553
13.3977
13.3509
13.3731
13.4148
13.4131
13.4186
13.4334
13.4395
13.3866
13.1952
13.2287
13.1911
13.1788
13.1745
13.2165
13.2089
13.1963
13.2079
13.2194
13.234
13.2269
13.2391
13.2455
13.2595
13.1972
13.2425
13.1777
13.1552
13.146
13.2158
13.2115
13.1833
13.1783
13.2625
13.1339
13.198
13.2694
13.2722
13.1606
13.2274
13.2365
13.2566
13.1961
13.2456
13.2329
13.2528
13.2967
13.2848
13.1999
13.2194
13.2421
13.2245
13.2383
13.2578
13.2699
13.3367
13.3021
13.3111
13.2395
13.2368
13.2514
13.2554
13.2611
13.2812
13.3094
13.3054
13.2757
13.3342
13.2993
13.3409
13.3128
13.3509
13.2989
13.3205
13.3045
13.3159
13.3184
13.3433
13.3287
13.3084
13.3593
13.3754
13.3692
13.3889
13.4024
13.3906
13.4057
13.459
13.4655
13.4637
13.4832
13.492
13.4385
13.2715
13.3226
13.2541
13.2487
13.2336
13.3028
13.2979
13.2838
13.2574
13.2707
13.3046
13.2961
13.3084
13.2862
13.3189
13.2963
13.3579
13.2547
13.2212
13.2113
13.3139
13.3053
13.2708
13.2401
13.297
13.2093
13.2683
13.3134
13.3229
13.2535
13.3098
13.2906
13.3237
13.3161
13.3525
13.3417
13.3818
13.4068
13.3979
13.2574
13.27
13.3102
13.2918
13.3033
13.3627
13.36
13.4611
13.4276
13.4111
13.2845
13.294
13.3051
13.3148
13.3331
13.3508
13.3955
13.3833
13.3465
13.3758
13.3631
13.424
13.3683
13.404
13.3468
13.3699
13.3611
13.3802
13.3826
13.3984
13.3969
13.3763
13.3979
13.4208
13.4088
13.4257
13.4458
13.4273
13.4435
13.5106
13.5206
13.51
13.535
13.5426
13.4878
13.3804
13.4457
13.3614
13.3568
13.3437
13.4291
13.4232
13.4121
13.3446
13.3563
13.4102
13.4023
13.4133
13.3634
13.414
13.425
13.4954
13.3634
13.3335
13.2767
13.4417
13.4266
13.4052
13.3405
13.3612
13.3002
13.3559
13.3944
13.403
13.352
13.4059
13.3729
13.4136
13.4484
13.456
13.448
13.51
13.5018
13.4905
13.3298
13.344
13.4102
13.368
13.3852
13.4816
13.4624
13.55
13.5212
13.5102
13.3541
13.3763
13.3805
13.4044
13.4273
13.4375
13.4846
13.465
13.4021
13.4269
13.4357
13.5007
13.4467
13.4624
13.4218
13.4291
13.4378
13.4586
13.4655
13.469
13.4812
13.4626
13.4439
13.4705
13.4464
13.4604
13.4857
13.4664
13.4766
13.5522
13.5533
13.5207
13.5584
13.5546
13.5264
13.5069
13.5623
13.5002
13.4895
13.4835
13.5661
13.5498
13.5498
13.4665
13.4725
13.5365
13.5293
13.5334
13.472
13.5309
13.5615
13.6148
13.4909
13.4774
13.4261
13.56
13.5488
13.5385
13.5072
13.4567
13.4097
13.4562
13.5064
13.5092
13.4696
13.5082
13.471
13.5199
13.5663
13.5517
13.5345
13.6139
13.6044
13.5814
13.4077
13.4326
13.5181
13.442
13.4792
13.5542
13.5482
13.6352
13.5882
13.5837
13.4694
13.4857
13.4974
13.5445
13.5446
13.5289
13.5662
13.5554
13.4999
13.5249
13.5363
13.6059
13.5553
13.5826
13.507
13.5136
13.5235
13.5172
13.544
13.5545
13.5576
13.5543
13.5158
13.5495
13.4853
13.4931
13.4862
13.4892
13.5011
13.5567
13.5542
13.5154
13.5527
13.5553
13.5645
13.6077
13.642
13.6233
13.6021
13.6086
13.6698
13.6445
13.6572
13.5876
13.5915
13.6467
13.6373
13.6436
13.5864
13.6356
13.6507
13.6728
13.5962
13.5867
13.5666
13.6327
13.6292
13.6221
13.6049
13.5623
13.5267
13.5568
13.6053
13.6093
13.5737
13.5996
13.5693
13.6026
13.6473
13.6381
13.608
13.6653
13.6438
13.608
13.4874
13.5342
13.5972
13.5431
13.5872
13.6235
13.6197
13.7101
13.6434
13.6421
13.6226
13.6012
13.6181
13.6688
13.6402
13.603
13.6275
13.6361
13.5895
13.6032
13.6035
13.6597
13.5972
13.5865
13.5823
13.5825
13.5885
13.5548
13.6116
13.6067
13.6155
13.6297
13.5383
13.5198
13.4855
13.5003
13.4437
13.4763
13.4943
13.5494
13.5556
13.5111
13.5459
13.5509
13.5871
13.6664
13.6805
13.704
13.6734
13.6939
13.7255
13.6887
13.7172
13.6783
13.6865
13.7248
13.7091
13.719
13.6736
13.7011
13.6869
13.6982
13.6509
13.649
13.631
13.6668
13.6645
13.6678
13.6508
13.6441
13.6144
13.6328
13.6659
13.6665
13.6453
13.6542
13.624
13.6406
13.6713
13.6436
13.6086
13.6789
13.6552
13.6233
13.5991
13.6358
13.6346
13.64
13.6675
13.6422
13.6483
13.6872
13.6416
13.6516
13.688
13.6834
13.7088
13.7134
13.7173
13.6407
13.6452
13.6561
13.5937
13.556
13.6248
13.6426
13.5939
13.5483
13.635
13.6292
13.6397
13.5994
13.6502
13.6334
13.6497
13.6929
13.5124
13.5331
13.4787
13.4927
13.4909
13.49
13.5006
13.5453
13.5433
13.5069
13.5489
13.5452
13.6044
13.6865
13.6876
13.7329
13.6908
13.725
13.7292
13.6853
13.7222
13.7308
13.7401
13.7715
13.7427
13.7493
13.7158
13.7213
13.7058
13.7086
13.673
13.6796
13.6643
13.6856
13.679
13.6869
13.6725
13.6781
13.6688
13.665
13.6877
13.6857
13.684
13.6726
13.6509
13.655
13.6881
13.6719
13.6426
13.6994
13.6861
13.6603
13.6569
13.671
13.6491
13.6646
13.6707
13.6565
13.6522
13.7042
13.6738
13.6719
13.7183
13.7365
13.7202
13.7105
13.7274
13.6442
13.6703
13.6238
13.6149
13.567
13.666
13.6286
13.6466
13.6066
13.6565
13.6147
13.6342
13.5875
13.6311
13.5573
13.5927
13.6788
13.5732
13.6238
13.5086
13.5171
13.5765
13.5467
13.544
13.5452
13.5369
13.4833
13.5366
13.5107
13.5416
13.6886
13.6916
13.7202
13.6816
13.7108
13.7095
13.6814
13.6995
13.7449
13.7494
13.7772
13.7414
13.7446
13.7205
13.7201
13.7061
13.7043
13.6837
13.6916
13.6777
13.6953
13.6886
13.6944
13.6825
13.6916
13.6924
13.6818
13.6991
13.6998
13.7002
13.6912
13.6653
13.6793
13.7089
13.6919
13.678
13.7095
13.702
13.6895
13.6664
13.6718
13.6551
13.6732
13.6784
13.6767
13.6912
13.6872
13.6808
13.6965
13.6966
13.6928
13.6849
13.6872
13.677
13.6976
13.7034
13.6453
13.6629
13.6442
13.6917
13.6713
13.6836
13.6831
13.5926
13.4943
13.5532
13.5503
13.586
13.4352
13.5197
13.6156
13.6736
13.7514
13.5919
13.5763
13.8819
13.706
13.6744
13.52
13.4691
13.405
13.5005
13.4484
13.5012
13.6951
13.7004
13.702
13.6817
13.6919
13.7014
13.685
13.6901
13.7371
13.7408
13.7645
13.7369
13.7379
13.7251
13.7347
13.7054
13.7087
13.6934
13.6973
13.6882
13.7012
13.6978
13.7016
13.6944
13.7107
13.703
13.6995
13.7245
13.7246
13.7153
13.722
13.6961
13.7122
13.7115
13.7054
13.6992
13.7162
13.7125
13.709
13.6806
13.6888
13.6824
13.6895
13.7019
13.6955
13.7057
13.7105
13.7123
13.7202
13.6917
13.6789
13.7002
13.7037
13.6916
13.712
13.7289
13.7045
13.7099
13.7272
13.7251
13.7257
13.7342
13.7403
13.5857
13.4436
13.509
13.6097
13.6078
13.5334
13.6209
13.6441
13.8322
13.8377
13.9471
13.8226
13.9355
14.0623
13.9368
13.5694
13.4368
13.4637
13.649
13.5575
13.6504
13.7076
13.7167
13.7067
13.6906
13.6937
13.714
13.6966
13.7006
13.7373
13.7318
13.7583
13.7328
13.7193
13.7401
13.7416
13.7137
13.7203
13.7022
13.7075
13.6993
13.712
13.7087
13.7149
13.7048
13.7386
13.7314
13.7333
13.7529
13.7461
13.7429
13.7368
13.7228
13.7282
13.722
13.7222
13.72
13.7277
13.7323
13.7303
13.7039
13.7138
13.7111
13.7121
13.7218
13.7266
13.7339
13.737
13.739
13.7464
13.7199
13.7147
13.7342
13.7341
13.7346
13.7425
13.7537
13.7456
13.75
13.7387
13.746
13.7576
13.7558
13.7168
13.6989
13.6607
13.7533
13.7529
13.7793
13.7976
13.8345
13.7516
13.8031
13.762
13.9186
13.9023
13.8168
13.6176
13.7311
13.7288
13.582
13.5321
13.8181
13.5812
13.8063
13.7287
13.7417
13.7216
13.7074
13.7106
13.7313
13.7233
13.7231
13.7267
13.7056
13.749
13.7293
13.7211
13.732
13.7266
13.7275
13.7357
13.7193
13.7233
13.7115
13.7287
13.7301
13.733
13.7205
13.7415
13.7348
13.7357
13.7292
13.736
13.7223
13.733
13.7278
13.7265
13.7328
13.7428
13.739
13.7395
13.7511
13.7459
13.7191
13.7261
13.721
13.7211
13.728
13.7511
13.7574
13.7601
13.7627
13.7694
13.7429
13.7484
13.7501
13.7463
13.7556
13.7639
13.7767
13.7637
13.7499
13.6802
13.7671
13.7737
13.7467
13.6429
13.8156
13.8844
13.8589
13.8521
13.8217
13.9359
13.8617
13.795
13.7278
13.7297
13.3607
13.5218
13.7197
13.3561
13.4352
13.8941
13.6694
13.8669
13.9548
13.7975
13.9797
13.7541
13.7655
13.7415
13.74
13.7336
13.7564
13.757
13.7482
13.7366
13.7482
13.7511
13.7474
13.7581
13.735
13.7448
13.745
13.7541
13.7417
13.7415
13.7311
13.7542
13.7541
13.749
13.7425
13.7324
13.7148
13.7309
13.7323
13.733
13.7224
13.7306
13.7255
13.7266
13.7474
13.7569
13.7513
13.7564
13.7719
13.7643
13.7216
13.7288
13.7189
13.7205
13.7281
13.7738
13.7828
13.7863
13.7863
13.7971
13.742
13.7543
13.7384
13.7327
13.7488
13.7912
13.807
13.7879
13.7565
13.6519
13.8054
13.803
13.7786
13.6791
13.8172
13.9268
13.8538
13.826
13.802
13.8913
13.8379
13.781
13.7846
13.8447
13.4736
13.5031
13.8176
13.5673
13.657
13.9524
13.9499
14.0211
13.9743
14.0027
13.9463
13.776
13.7878
13.7717
13.7741
13.7651
13.7843
13.7896
13.7791
13.7621
13.7624
13.7889
13.7792
13.7687
13.7527
13.7606
13.7648
13.7787
13.7658
13.7582
13.7521
13.7765
13.7745
13.7697
13.7626
13.7348
13.7373
13.733
13.7472
13.7366
13.7464
13.7327
13.7271
13.7273
13.7675
13.7935
13.7819
13.7826
13.8163
13.798
13.7181
13.7227
13.7111
13.716
13.7148
13.799
13.8101
13.8098
13.8095
13.8189
13.7191
13.7398
13.7145
13.7073
13.7275
13.8198
13.8279
13.8174
13.7994
13.7142
13.8301
13.8293
13.8138
13.7459
13.7804
13.8508
13.8126
13.764
13.7555
13.8069
13.7816
13.7443
13.8712
13.8742
13.6562
13.7415
13.8459
13.7042
13.7398
13.9384
13.9904
13.8435
13.8624
13.9233
13.8313
13.8012
13.8167
13.7892
13.8001
13.7876
13.7982
13.8084
13.7929
13.7922
13.7741
13.8062
13.7915
13.7776
13.764
13.7638
13.797
13.8173
13.7817
13.7826
13.7801
13.8059
13.7908
13.7935
13.788
13.7368
13.7491
13.7306
13.7493
13.7348
13.7445
13.726
13.7241
13.7182
13.7995
13.8329
13.8096
13.8099
13.8394
13.8142
13.7111
13.7028
13.7003
13.7032
13.6933
13.8156
13.8228
13.821
13.8158
13.8215
13.6962
13.7151
13.6886
13.689
13.7016
13.8283
13.8241
13.8224
13.8159
13.7645
13.8156
13.8119
13.8108
13.7864
13.7311
13.7653
13.7478
13.7017
13.7043
13.7244
13.7152
13.7027
13.8414
13.8039
13.7005
13.7058
13.7528
13.6641
13.664
13.7912
13.825
13.7074
13.7268
13.7393
13.7299
13.8225
13.8161
13.7997
13.8151
13.7916
13.7847
13.8107
13.7805
13.786
13.7711
13.7863
13.7762
13.756
13.7578
13.7444
13.8299
13.8239
13.797
13.7959
13.7818
13.814
13.7937
13.7853
13.7669
13.7281
13.7328
13.7172
13.7294
13.7167
13.716
13.7031
13.7076
13.6936
13.8094
13.8353
13.8111
13.7993
13.8199
13.7993
13.6876
13.683
13.6801
13.6673
13.6699
13.8085
13.8146
13.8005
13.7934
13.8009
13.6814
13.6857
13.6656
13.672
13.6667
13.8141
13.7974
13.7941
13.8026
13.8053
13.7745
13.7693
13.7859
13.8008
13.6766
13.6866
13.6833
13.6402
13.6494
13.6494
13.6523
13.6582
13.8045
13.7969
13.6424
13.6332
13.7115
13.648
13.6295
13.6757
13.6664
13.6101
13.6344
13.6224
13.6421
13.8002
13.7727
13.7674
13.7941
13.7668
13.7482
13.7677
13.7491
13.7582
13.7388
13.7435
13.7351
13.7176
13.7269
13.7056
13.8006
13.7677
13.7768
13.7637
13.7472
13.7719
13.7483
13.7336
13.7159
13.7009
13.696
13.6848
13.6895
13.6814
13.6719
13.662
13.6748
13.6524
13.7789
13.7954
13.7773
13.751
13.7646
13.7479
13.6461
13.653
13.6411
13.6279
13.6349
13.7709
13.78
13.7507
13.7432
13.7532
13.6629
13.647
13.6543
13.6465
13.6218
13.7737
13.7451
13.733
13.7555
13.7645
13.7129
13.6977
13.7228
13.7202
13.6213
13.6153
13.6207
13.5831
13.593
13.5818
13.5902
13.6073
13.7596
13.7166
13.6524
13.6341
13.6915
13.6556
13.6423
13.604
13.595
13.5763
13.5846
13.5707
13.5829
13.7356
13.6944
13.7206
13.732
13.7206
13.6876
13.6937
13.6876
13.7094
13.6915
13.6879
13.6786
13.6611
13.6797
13.6497
13.7282
13.6856
13.7107
13.697
13.6752
13.6961
13.6688
13.6581
13.6295
13.6576
13.6461
13.6368
13.6349
13.6295
13.6172
13.6083
13.6273
13.6023
13.7191
13.7297
13.7143
13.6848
13.6934
13.6792
13.6095
13.6131
13.5927
13.5909
13.5917
13.7119
13.7222
13.6851
13.6784
13.6885
13.6141
13.5913
13.5848
13.5855
13.5705
13.7135
13.6795
13.6633
13.6875
13.6802
13.6422
13.6306
13.6527
13.6446
13.5634
13.552
13.5621
13.5305
13.5411
13.526
13.5376
13.5554
13.6803
13.6449
13.656
13.6424
13.6289
13.6377
13.6318
13.5767
13.545
13.4943
13.5632
13.5186
13.5396
13.6527
13.6097
13.6516
13.6561
13.6516
13.6116
13.6167
13.6097
13.6416
13.6272
13.6115
13.6018
13.5935
13.6172
13.5859
13.6428
13.6015
13.6275
13.6198
13.5866
13.6092
13.5841
13.5835
13.5509
13.5982
13.5877
13.58
13.5742
13.5665
13.5587
13.5506
13.5756
13.549
13.6489
13.6567
13.6431
13.6123
13.6193
13.6063
13.5698
13.5683
13.5503
13.5502
13.5476
13.6432
13.6527
13.6124
13.6064
13.6148
13.5587
13.5545
13.5425
13.5419
13.5401
13.6438
13.6064
13.5978
13.6168
13.6099
13.5687
13.5639
13.5813
13.5755
13.5205
13.5059
13.5178
13.5025
13.508
13.4926
13.5047
13.5184
13.6094
13.5728
13.5964
13.602
13.542
13.5386
13.5605
13.5416
13.4826
13.4141
13.5076
13.4516
13.5082
13.5642
13.5192
13.5664
13.5727
13.5616
13.5208
13.5256
13.5154
13.559
13.5598
13.5254
13.5147
13.5249
13.5553
13.5246
13.5618
13.5228
13.5379
13.5479
13.5204
13.5216
13.4946
13.5117
13.4929
13.5336
13.5314
13.5237
13.5174
13.5104
13.5036
13.4986
13.5275
13.5061
13.5749
13.5806
13.5685
13.5364
13.5415
13.5304
13.5287
13.5265
13.5092
13.5077
13.506
13.5686
13.5756
13.5345
13.53
13.5355
13.5254
13.5279
13.5199
13.5122
13.519
13.5683
13.5297
13.5323
13.5444
13.5403
13.4962
13.4949
13.5088
13.5044
13.5054
13.484
13.499
13.496
13.5025
13.4828
13.4978
13.5111
13.5364
13.5018
13.4848
13.5196
13.4666
13.4513
13.489
13.4878
13.4423
13.426
13.4886
13.4442
13.5058
13.4772
13.4378
13.4794
13.4809
13.4746
13.4352
13.4425
13.43
13.4729
13.4918
13.4399
13.4323
13.456
13.4927
13.4591
13.4857
13.451
13.452
13.4765
13.4658
13.4409
13.411
13.4431
13.4414
13.487
13.4743
13.4747
13.4484
13.4575
13.4442
13.4523
13.4821
13.4594
13.4973
13.5038
13.4938
13.4589
13.4668
13.458
13.487
13.4853
13.4679
13.4687
13.4667
13.4911
13.495
13.4567
13.4522
13.4546
13.4984
13.5199
13.4913
13.481
13.5246
13.4914
13.4537
13.4623
13.4727
13.4701
13.4256
13.4223
13.4372
13.4325
13.499
13.483
13.4976
13.4862
13.5005
13.4796
13.4964
13.54
13.4684
13.4347
13.4248
13.4581
13.4029
13.4021
13.429
13.4989
13.4416
13.447
13.5314
13.4404
13.5129
13.4015
13.3707
13.3853
13.4033
13.379
13.3409
13.3689
13.3332
13.3915
13.4159
13.3553
13.3521
13.3748
13.4249
13.3895
13.4185
13.3868
13.3803
13.4099
13.4192
13.3746
13.359
13.3759
13.3914
13.4278
13.4127
13.4293
13.387
13.4036
13.3808
13.405
13.437
13.4155
13.4211
13.4301
13.4232
13.3861
13.3958
13.3911
13.449
13.4477
13.4288
13.4309
13.4312
13.4142
13.4148
13.382
13.3785
13.3767
13.4593
13.5061
13.4423
13.4397
13.4741
13.4162
13.3803
13.3853
13.4014
13.397
13.354
13.3453
13.3673
13.3636
13.5018
13.4634
13.4902
13.4488
13.493
13.4372
13.4784
13.504
13.4017
13.3691
13.3826
13.4025
13.3433
13.3599
13.3649
13.5657
13.441
13.4236
13.5797
13.4178
13.4627
13.3416
13.3164
13.3063
13.3366
13.2981
13.2828
13.3059
13.2797
13.3138
13.3345
13.2843
13.2743
13.2992
13.3458
13.3117
13.3562
13.3301
13.3383
13.3439
13.353
13.3273
13.3181
13.3192
13.3177
13.381
13.3476
13.3809
13.3462
13.3659
13.3218
13.3605
13.3921
13.3734
13.3562
13.3652
13.3622
13.3322
13.3384
13.3364
13.4139
13.4153
13.3842
13.3967
13.4002
13.3467
13.3437
13.3223
13.3203
13.3195
13.4199
13.4404
13.3988
13.4025
13.4149
13.3488
13.324
13.3126
13.3364
13.3318
13.3017
13.2865
13.3122
13.3077
13.4677
13.4044
13.4546
13.3855
13.4387
13.37
13.427
13.4355
13.3375
13.3087
13.3238
13.3138
13.278
13.2891
13.2745
13.5601
13.3726
13.3411
13.4999
13.3313
13.4003
13.3021
13.2959
13.2696
13.2837
13.2701
13.2565
13.273
13.252
13.2388
13.2742
13.2345
13.2164
13.2572
13.2978
13.2948
13.3114
13.2992
13.3072
13.3032
13.2981
13.3081
13.3069
13.2932
13.2886
13.3536
13.3097
13.3399
13.3322
13.3426
13.3004
13.3219
13.3544
13.3333
13.3144
13.3176
13.3161
13.3033
13.3033
13.3026
13.376
13.382
13.3298
13.3532
13.3661
13.2998
13.3025
13.287
13.2849
13.2899
13.3813
13.3904
13.3556
13.3622
13.368
13.306
13.2926
13.2655
13.2939
13.2856
13.2804
13.2489
13.2786
13.2661
13.4089
13.3324
13.3959
13.3166
13.3829
13.2943
13.3667
13.3819
13.2829
13.2595
13.2619
13.2534
13.2276
13.2279
13.2151
13.4087
13.3046
13.2968
13.3097
13.2921
13.3132
13.2919
13.2904
13.2421
13.2682
13.2332
13.2329
13.267
13.2263
13.2057
13.2518
13.2199
13.2094
13.2507
13.2939
13.2841
13.2911
13.2866
13.3145
13.2868
13.2791
13.3056
13.3207
13.285
13.2716
13.3228
13.2909
13.3038
13.2723
13.2992
13.2722
13.288
13.3141
13.297
13.2945
13.2936
13.2926
13.2852
13.2857
13.2839
13.3307
13.343
13.2814
13.3098
13.325
13.2743
13.2799
13.2694
13.2666
13.2712
13.3427
13.3476
13.321
13.3268
13.3301
13.2809
13.271
13.2293
13.266
13.2437
13.2686
13.2041
13.2558
13.2192
13.3598
13.2579
13.3408
13.268
13.3432
13.2282
13.3208
13.342
13.2329
13.2051
13.1581
13.1214
13.184
13.0542
13.0255
13.2006
13.2207
13.2393
13.1091
13.1999
13.2189
13.2919
13.2957
13.2402
13.263
13.2299
13.2542
13.2583
13.2448
13.2171
13.2342
13.2241
13.2184
13.2048
13.2545
13.2104
13.2865
13.2899
13.3174
13.289
13.2785
13.3019
13.307
13.2966
13.2812
13.2727
13.2543
13.2748
13.1961
13.2512
13.2427
13.265
13.2808
13.2669
13.2768
13.2761
13.275
13.2711
13.2679
13.2675
13.2905
13.3014
13.2509
13.274
13.2856
13.2603
13.2633
13.2561
13.254
13.2567
13.3142
13.3168
13.3005
13.3057
13.3054
13.2627
13.2571
13.1908
13.2452
13.1978
13.2567
13.1863
13.2325
13.1828
13.3335
13.2169
13.3102
13.2573
13.3297
13.2233
13.3075
13.3229
13.1836
13.1895
13.0035
13.0498
13.1902
13.0839
13.1542
13.1109
13.1493
13.225
13.1703
13.2985
13.2206
13.2927
13.2882
13.2779
13.2564
13.2806
13.3093
13.2653
13.3318
13.2236
13.1817
13.2299
13.2361
13.1876
13.1813
13.1762
13.2925
13.2922
13.2914
13.3031
13.2751
13.2906
13.2779
13.3022
13.2651
13.2309
13.2404
13.2565
13.1323
13.2151
13.2439
13.2462
13.2521
13.2385
13.2647
13.2635
13.2627
13.262
13.2612
13.2602
13.2685
13.2793
13.241
13.2675
13.2801
13.2483
13.253
13.2498
13.2445
13.2523
13.3033
13.2984
13.2922
13.3015
13.2924
13.2527
13.2504
13.1931
13.2253
13.1799
13.2352
13.1982
13.2211
13.1789
13.3313
13.2447
13.3116
13.2721
13.3327
13.2662
13.3188
13.319
13.2078
13.2264
13.2274
13.3037
13.2647
13.2946
13.3152
13.2446
13.523
13.3843
13.2922
13.5221
13.2852
13.2892
13.2944
13.3261
13.2847
13.3683
13.3098
13.2946
13.342
13.2325
13.1943
13.1959
13.1879
13.1634
13.1521
13.0864
13.2936
13.3007
13.2674
13.3001
13.2614
13.2866
13.2615
13.2981
13.2732
13.1869
13.2366
13.2354
13.0167
13.1296
13.18
13.2159
13.2315
13.2269
13.2659
13.2642
13.2621
13.28
13.2749
13.2711
13.2685
13.2782
13.252
13.2686
13.2754
13.2456
13.255
13.2632
13.2535
13.2624
13.2928
13.2892
13.2639
13.2745
13.2799
13.2518
13.2587
13.2061
13.2232
13.1878
13.2294
13.2185
13.2332
13.208
13.3316
13.2839
13.3261
13.2857
13.3303
13.2996
13.332
13.3119
13.2412
13.2654
13.3142
13.3033
13.2712
13.3267
13.3157
13.3121
13.3794
13.3384
13.3307
13.3464
13.3216
13.2989
13.2984
13.2621
13.2826
13.2696
13.209
13.2558
13.1913
13.131
13.1203
13.1269
13.1165
13.1141
13.0383
13.0412
13.3241
13.3536
13.2702
13.3086
13.2909
13.3079
13.2982
13.3382
13.3018
13.0661
13.1196
13.2036
12.9869
13.0496
13.0907
13.2094
13.2252
13.2325
13.3013
13.2931
13.289
13.3293
13.3188
13.3149
13.2694
13.2786
13.261
13.2735
13.2866
13.2701
13.2765
13.3075
13.2959
13.2977
13.2778
13.285
13.2881
13.2953
13.3032
13.2717
13.2916
13.2351
13.2515
13.2359
13.2585
13.2582
13.2765
13.2665
13.333
13.3147
13.3403
13.3088
13.3409
13.3317
13.3509
13.3298
13.293
13.3206
13.3398
13.3355
13.328
13.3633
13.359
13.3536
13.3595
13.3738
13.3777
13.3752
13.3609
13.2993
13.2971
13.1728
13.239
13.1406
13.1916
13.2379
13.1348
13.1176
13.1272
13.2143
13.1967
13.2304
13.0846
13.2026
13.3766
13.4029
13.3248
13.3722
13.3082
13.3695
13.3366
13.3991
13.3243
13.1268
13.151
13.2369
13.2038
13.2168
13.2449
13.28
13.2568
13.2867
13.3579
13.3498
13.3418
13.3815
13.3832
13.3714
13.2926
13.3035
13.2852
13.3152
13.3245
13.3262
13.3259
13.3717
13.3553
13.3585
13.3312
13.3354
13.3619
13.3622
13.3691
13.3185
13.3508
13.2771
13.3077
13.3006
13.3172
13.2944
13.3415
13.3405
13.3567
13.3514
13.3679
13.3431
13.3746
13.3716
13.3861
13.3806
13.351
13.3821
13.3869
13.3728
13.3935
13.4154
13.4216
13.3978
13.386
13.4305
13.4155
13.4022
13.4067
13.303
13.3258
13.2648
13.2629
13.2123
13.366
13.3319
13.3248
13.3528
13.4214
13.5504
13.5669
13.6526
13.3726
13.5566
13.4287
13.4403
13.3597
13.4205
13.3519
13.416
13.3765
13.432
13.3757
13.311
13.34
13.3379
13.4533
13.4099
13.4314
13.4049
13.347
13.4116
13.4005
13.4187
13.4067
13.4208
13.4518
13.4394
13.3513
13.3577
13.3792
13.3913
13.3939
13.3818
13.3911
13.4305
13.4071
13.4227
13.393
13.4047
13.4217
13.4191
13.4395
13.3861
13.4205
13.3161
13.3776
13.3765
13.3903
13.3409
13.4163
13.4185
13.3953
13.3945
13.4087
13.3747
13.4131
13.4171
13.4295
13.4268
13.4208
13.4566
13.4471
13.4747
13.4557
13.475
13.4869
13.4388
13.4357
13.4753
13.4657
13.4639
13.4533
13.3561
13.3932
13.4936
13.4096
13.4339
13.5632
13.4679
13.5246
13.8229
13.8135
13.8112
13.8654
13.8124
13.7273
13.7753
13.4406
13.441
13.3765
13.4334
13.399
13.4277
13.3744
13.4315
13.4137
13.501
13.5019
13.4627
13.6542
13.5514
13.5346
13.5021
13.4638
13.4995
13.4426
13.4738
13.459
13.4649
13.4821
13.4647
13.4342
13.4342
13.4536
13.4643
13.4637
13.4296
13.4537
13.4716
13.4504
13.4836
13.4473
13.4706
13.4793
13.4766
13.5051
13.4515
13.4786
13.3685
13.4579
13.467
13.4475
13.3959
13.4945
13.5112
13.4321
13.4406
13.4515
13.4038
13.4525
13.4627
13.4737
13.4715
13.502
13.5505
13.514
13.4907
13.5534
13.5352
13.5057
13.4889
13.4846
13.5075
13.5043
13.4993
13.4965
13.438
13.4642
13.5257
13.5045
13.5532
13.4873
13.5161
13.5631
13.7105
13.7449
13.6388
13.6074
13.6715
13.7135
13.6458
13.4536
13.4723
13.3799
13.4364
13.4234
13.4546
13.4172
13.4445
13.4351
13.5679
13.5394
13.5225
13.6059
13.5661
13.5324
13.5299
13.5185
13.5282
13.4797
13.4839
13.4658
13.4863
13.4874
13.4722
13.4881
13.4897
13.4897
13.5066
13.5082
13.4729
13.5086
13.4978
13.4977
13.5245
13.5041
13.5374
13.5324
13.5259
13.5615
13.5044
13.5262
13.4312
13.5235
13.5277
13.4949
13.4671
13.5415
13.5264
13.4741
13.485
13.4964
13.4361
13.4968
13.5098
13.522
13.5263
13.5495
13.5254
13.5337
13.5173
13.5334
13.5245
13.5233
13.5201
13.5095
13.5207
13.5373
13.5199
13.5377
13.4905
13.5118
13.4898
13.501
13.5127
13.4741
13.4762
13.4421
13.556
13.614
13.5332
13.5132
13.5744
13.5999
13.5725
13.4957
13.5266
13.4604
13.4527
13.4525
13.4918
13.497
13.4704
13.4782
13.5611
13.5232
13.5318
13.561
13.5551
13.5133
13.5309
13.5321
13.5341
13.496
13.4953
13.4874
13.5147
13.509
13.5091
13.5199
13.5229
13.5041
13.5296
13.5333
13.5183
13.5394
13.532
13.5337
13.559
13.5416
13.5793
13.5604
13.5534
13.5926
13.5445
13.5678
13.4989
13.5596
13.5406
13.5443
13.5248
13.5825
13.5597
13.5181
13.534
13.5452
13.4682
13.5374
13.5574
13.5707
13.5685
13.512
13.5263
13.5313
13.541
13.5457
13.5496
13.5724
13.5557
13.5342
13.5441
13.5765
13.5544
13.5853
13.5354
13.5471
13.4743
13.5284
13.4589
13.4877
13.6155
13.5085
13.5057
13.5526
13.4859
13.5135
13.5453
13.5597
13.5544
13.5586
13.5791
13.5258
13.4977
13.5006
13.5434
13.5416
13.5309
13.5149
13.5513
13.5045
13.5285
13.5429
13.5476
13.4953
13.5257
13.5346
13.5346
13.5413
13.529
13.5385
13.5649
13.5538
13.568
13.5373
13.5423
13.5106
13.5431
13.5483
13.5544
13.5866
13.5754
13.5803
13.6113
13.5598
13.5995
13.5713
13.5649
13.5979
13.5961
13.6108
13.5485
13.608
13.5854
13.5922
13.5785
13.6333
13.6162
13.5537
13.5802
13.5915
13.495
13.5667
13.5993
13.6134
13.5949
13.5607
13.5992
13.5846
13.619
13.6191
13.623
13.6733
13.6034
13.5805
13.5828
13.632
13.6116
13.6411
13.5467
13.5444
13.505
13.6086
13.5401
13.5824
13.5523
13.5632
13.5156
13.5449
13.4788
13.5154
13.5478
13.5538
13.5556
13.5958
13.6012
13.5401
13.5623
13.5163
13.5658
13.5288
13.5802
13.5138
13.5464
13.4859
13.5218
13.5343
13.5443
13.4766
13.5172
13.5333
13.5322
13.5816
13.5679
13.5798
13.5917
13.577
13.5885
13.5478
13.5527
13.5149
13.5517
13.5552
13.6044
13.6301
13.6164
13.6185
13.6479
13.5652
13.5901
13.5701
13.5631
13.5742
13.6316
13.6619
13.6123
13.6562
13.6453
13.6636
13.6372
13.6734
13.6726
13.5723
13.6159
13.6266
13.5043
13.5736
13.625
13.6369
13.5965
13.6368
13.6691
13.664
13.7283
13.6828
13.6888
13.7727
13.66
13.6384
13.6143
13.6822
13.6603
13.6864
13.5394
13.5341
13.6194
13.5304
13.5806
13.6017
13.552
13.5791
13.529
13.5526
13.5521
13.5465
13.5578
13.5578
13.5595
13.6101
13.6113
13.5115
13.5986
13.5399
13.5828
13.5109
13.6195
13.5954
13.5423
13.4674
13.5123
13.529
13.5385
13.4573
13.5082
13.5306
13.5293
13.5961
13.5893
13.596
13.6009
13.6029
13.6034
13.5552
13.5574
13.5173
13.5598
13.5585
13.6231
13.6505
13.6289
13.6265
13.643
13.5561
13.5538
13.5521
13.5469
13.5367
13.6792
13.6809
13.6701
13.6895
13.6924
13.6774
13.7189
13.7109
13.7014
13.5656
13.6236
13.633
13.4932
13.5534
13.6104
13.6234
13.5741
13.696
13.7096
13.6992
13.7951
13.701
13.6975
13.8024
13.693
13.669
13.6219
13.6943
13.6738
13.6943
13.5418
13.5902
13.5899
13.5688
13.586
13.597
13.5836
13.5968
13.5624
13.5633
13.582
13.5763
13.5689
13.561
13.56
13.6209
13.6483
13.5405
13.6238
13.6191
13.5837
13.6088
13.6219
13.6408
13.5351
13.4464
13.5043
13.5226
13.5307
13.4351
13.5015
13.5273
13.5264
13.6005
13.6248
13.6145
13.6031
13.6298
13.6233
13.5625
13.56
13.519
13.5637
13.5581
13.6368
13.6404
13.6564
13.6514
13.6483
13.537
13.5217
13.5299
13.528
13.5065
13.6794
13.6807
13.7361
13.7189
13.7041
13.6908
13.7182
13.7176
13.7164
13.5355
13.5872
13.6011
13.4537
13.5162
13.5586
13.5776
13.5411
13.7185
13.7293
13.6908
13.7895
13.6979
13.683
13.7768
13.6896
13.6721
13.614
13.678
13.6709
13.6601
13.6528
13.6811
13.6104
13.617
13.6134
13.6176
13.6466
13.6224
13.588
13.574
13.6048
13.5963
13.5763
13.5575
13.553
13.6757
13.7037
13.6642
13.6293
13.6881
13.6499
13.6496
13.6663
13.69
13.5275
13.4239
13.4992
13.5143
13.5243
13.4128
13.4981
13.5257
13.5265
13.6258
13.6482
13.6398
13.6657
13.6739
13.6638
13.5637
13.5591
13.5226
13.5641
13.5573
13.669
13.6708
13.703
13.6838
13.6857
13.5212
13.4915
13.5169
13.5157
13.4803
13.6921
13.7038
13.695
13.7123
13.7326
13.6866
13.6734
13.7175
13.7373
13.4957
13.5247
13.5491
13.3955
13.4777
13.4905
13.526
13.5064
13.7384
13.7401
13.6751
13.7577
13.7085
13.6636
13.7423
13.6625
13.666
13.5922
13.6437
13.658
13.6077
13.685
13.6939
13.6223
13.6511
13.6243
13.6323
13.649
13.6283
13.6011
13.5784
13.6112
13.6034
13.5786
13.5506
13.5478
13.7364
13.7414
13.6624
13.7528
13.6599
13.8066
13.7086
13.821
13.6742
13.5228
13.4028
13.4986
13.5055
13.5216
13.3952
13.5009
13.5278
13.5297
13.7007
13.6985
13.6756
13.7071
13.7267
13.688
13.5656
13.5606
13.5287
13.5697
13.5645
13.6928
13.7003
13.7247
13.6938
13.7125
13.5129
13.473
13.5199
13.5124
13.4741
13.7123
13.7178
13.6609
13.7223
13.7253
13.7031
13.656
13.7185
13.7123
13.4621
13.4559
13.5044
13.3499
13.4505
13.4259
13.4888
13.4863
13.7374
13.7336
13.6476
13.7272
13.6864
13.6297
13.7121
13.6246
13.6464
13.5552
13.6066
13.6304
13.565
13.6989
13.6938
13.6464
13.6545
13.6349
13.6609
13.6655
13.643
13.6065
13.5812
13.6218
13.6103
13.5854
13.5484
13.55
13.7828
13.7747
13.7263
13.8135
13.6906
13.7855
13.7098
13.7738
13.686
13.5215
13.3899
13.5046
13.4917
13.5227
13.3863
13.5089
13.5319
13.5347
13.7183
13.7502
13.7039
13.7237
13.7644
13.7138
13.5757
13.5716
13.5395
13.5817
13.5748
13.6971
13.7203
13.7397
13.7033
13.7251
13.5195
13.4829
13.537
13.5271
13.495
13.7194
13.7186
13.6472
13.7118
13.6967
13.6845
13.6295
13.7045
13.6795
13.4427
13.3988
13.4756
13.3271
13.4382
13.3805
13.4671
13.4835
13.7345
13.7301
13.6134
13.6968
13.6463
13.6016
13.6868
13.5902
13.6157
13.5208
13.5774
13.6001
13.536
13.6905
13.6899
13.6759
13.6775
13.6527
13.6926
13.6901
13.6643
13.6152
13.5909
13.6359
13.6215
13.5987
13.5537
13.5595
13.7176
13.7064
13.6882
13.7292
13.6749
13.7264
13.6742
13.7064
13.6701
13.5257
13.3839
13.5137
13.4762
13.53
13.3813
13.5186
13.5382
13.5424
13.7043
13.7634
13.717
13.7084
13.7855
13.7492
13.589
13.5824
13.5518
13.5945
13.5879
13.707
13.7326
13.7577
13.7282
13.7517
13.5364
13.5091
13.556
13.5437
13.5238
13.7197
13.7324
13.6147
13.6958
13.6605
13.6748
13.5965
13.6951
13.6337
13.4353
13.3666
13.4611
13.3292
13.4328
13.3637
13.4622
13.4848
13.717
13.6995
13.5902
13.6768
13.6122
13.5792
13.6694
13.5675
13.588
13.495
13.5618
13.5765
13.5209
13.6948
13.7056
13.7126
13.7051
13.6795
13.7333
13.7217
13.6972
13.6306
13.6089
13.6592
13.6424
13.622
13.5684
13.5792
13.7307
13.7562
13.6707
13.7095
13.6703
13.7117
13.6763
13.7196
13.6744
13.5365
13.3785
13.5228
13.4682
13.5424
13.3759
13.5274
13.5471
13.5514
13.7506
13.8159
13.7976
13.791
13.8331
13.8277
13.5981
13.5909
13.5588
13.5987
13.5921
13.7809
13.7741
13.8497
13.8178
13.8024
13.5482
13.5312
13.5637
13.5506
13.5326
13.7484
13.7584
13.5716
13.6946
13.6064
13.6695
13.5483
13.6904
13.5889
13.4312
13.3632
13.4651
13.3346
13.4296
13.3693
13.4704
13.473
13.6801
13.6663
13.5682
13.6564
13.5742
13.5586
13.6427
13.5577
13.5687
13.4907
13.5568
13.5641
13.5207
13.7235
13.7477
13.7571
13.7415
13.7182
13.7821
13.7629
13.7412
13.6578
13.6378
13.6965
13.6761
13.6567
13.5942
13.6106
13.772
13.7759
13.6905
13.7255
13.6865
13.729
13.715
13.7333
13.7015
13.5489
13.3735
13.5288
13.4803
13.5565
13.3684
13.5254
13.5516
13.5498
13.8175
13.8366
13.8439
13.8264
13.8355
13.8468
13.5949
13.5874
13.548
13.5843
13.5762
13.8219
13.8214
13.8391
13.821
13.8215
13.5457
13.5266
13.5473
13.5329
13.5121
13.7674
13.7731
13.5183
13.6882
13.5759
13.667
13.4945
13.683
13.5705
13.4321
13.3787
13.4753
13.3496
13.4422
13.3922
13.482
13.4743
13.6604
13.6558
13.558
13.6318
13.554
13.5601
13.6256
13.5589
13.5659
13.4994
13.563
13.5658
13.5246
13.7744
13.8057
13.8101
13.7872
13.766
13.8423
13.813
13.7929
13.6983
13.6789
13.752
13.7248
13.7053
13.6315
13.6564
13.7798
13.7905
13.7447
13.7478
13.7205
13.7741
13.7732
13.7686
13.7432
13.5628
13.3622
13.5192
13.5131
13.57
13.3585
13.5143
13.542
13.5321
13.8207
13.8264
13.8351
13.8167
13.821
13.8249
13.568
13.5547
13.5033
13.5332
13.5192
13.8173
13.8121
13.8211
13.8048
13.7884
13.5074
13.4786
13.4846
13.4698
13.4277
13.7752
13.7519
13.4753
13.6538
13.5637
13.6615
13.4372
13.5944
13.5344
13.4381
13.4079
13.4869
13.3827
13.4289
13.4353
13.4987
13.4442
13.654
13.6424
13.5671
13.6253
13.5529
13.5849
13.6334
13.5686
13.5686
13.5232
13.5781
13.5813
13.5453
13.8456
13.8887
13.8746
13.8457
13.8228
13.9135
13.8814
13.8566
13.7562
13.7344
13.8251
13.7918
13.766
13.6815
13.7081
13.8101
13.8404
13.798
13.7962
13.7672
13.8361
13.8278
13.8326
13.7953
13.5794
13.3595
13.5044
13.5513
13.5859
13.3552
13.4848
13.5076
13.4762
13.8243
13.8278
13.8256
13.8447
13.8383
13.8326
13.4753
13.45
13.3726
13.3719
13.3497
13.7861
13.7587
13.7809
13.7633
13.7222
13.4027
13.3571
13.3115
13.2943
13.2563
13.7274
13.6735
13.3633
13.4921
13.4625
13.405
13.2564
13.3194
13.3503
13.4057
13.4778
13.5066
13.4348
13.38
13.534
13.5141
13.3544
13.6007
13.5402
13.6098
13.6452
13.5584
13.6493
13.6672
13.6068
13.6172
13.6081
13.6549
13.6685
13.6278
13.9285
13.962
13.9583
13.9196
13.8952
14.0036
13.9583
13.9341
13.8305
13.8032
13.909
13.8677
13.8399
13.7386
13.7699
13.8791
13.9147
13.8658
13.8715
13.8326
13.9179
13.9072
13.9066
13.8723
13.5929
13.3515
13.4548
13.5877
13.5916
13.3468
13.4038
13.4091
13.3134
13.8701
13.8462
13.8377
13.8967
13.8516
13.84
13.2132
13.129
12.9909
12.9296
12.7073
13.7342
13.6742
13.78
13.7305
13.6423
13.0905
13.1052
12.8327
12.6587
12.8567
13.469
13.2523
13.0848
13.0931
13.271
12.9775
12.9176
13.0038
13.2465
13.3702
13.6187
13.5359
13.5477
13.3686
13.7331
13.5779
13.1979
13.5008
13.4864
13.6974
13.7132
13.6638
13.7752
13.8041
13.7271
13.757
13.8091
13.8599
13.8799
13.8535
13.9958
14.021
14.0436
13.9964
13.9711
14.0785
14.0285
14.0013
13.9027
13.8764
13.9803
13.9351
13.9131
13.7982
13.8294
13.9455
13.9604
13.946
13.9345
13.9047
13.9743
13.9693
13.9421
13.924
13.5841
13.3446
13.331
13.6205
13.567
13.3398
13.2246
13.1472
12.8875
13.9175
13.8529
13.84
13.9234
13.8437
13.8309
12.5318
11.0926
11.7905
11.9536
7.921
13.7463
13.6499
13.787
13.7487
13.6457
11.1106
12.4489
11.5894
7.77062
11.698
13.2762
13.3972
12.9116
13.1754
13.3079
13.1701
13.1642
13.5146
13.5329
13.3517
13.8712
13.6384
13.6904
13.3031
14.0265
13.7255
12.9036
13.5749
13.8368
13.938
13.98
14.0493
14.1398
14.1924
14.0769
14.1162
14.2839
14.3069
14.3775
14.2606
14.0258
14.021
14.0953
14.0429
14.0166
14.0939
14.0462
14.0211
13.9574
13.9439
14.0144
13.9703
13.9647
13.8583
13.8816
13.9577
13.9511
13.9775
13.938
13.9309
13.9788
13.9766
13.9265
13.9254
13.5372
13.3456
13.0989
13.6468
13.5081
13.334
12.9396
12.403
11.4702
13.916
13.8231
13.8177
13.9152
13.821
13.8222
11.345
5.45098
8.37753
-2.06691
10.835
5.14188
-6.79053
-2.15214
-3.58883
-0.491484
-2.0561
-0.821338
13.7316
13.6775
13.7686
13.7587
13.7303
4.96287
10.5169
10.1913
4.98181
8.01992
-2.37786
-2.75102
-1.55014
0.0543236
-3.08552
-0.201024
13.6267
13.8281
13.6289
13.9181
14.0069
13.9238
14.0392
14.2474
14.6426
13.2703
14.1834
13.8283
13.7846
13.2247
14.2858
13.8764
11.4855
14.284
14.8564
14.3984
14.4589
14.7735
14.7348
14.7648
14.5216
14.6078
14.7458
14.7679
14.8127
14.6784
14.0131
14.0044
14.0847
14.0403
14.0192
14.073
14.0258
14.0088
13.9751
13.9746
14.0254
13.9743
13.9825
13.9004
13.9253
13.9449
13.9454
13.9695
13.9186
13.9096
13.9636
13.9603
13.9156
13.8932
13.4846
13.3559
12.8169
13.7028
13.4931
13.4359
12.5697
11.135
10.6956
2.12511
1.628
2.65286
13.9273
13.8639
13.8752
13.9559
13.9295
13.9409
2.08334
11.1894
6.82575
9.96142
5.18303
11.0604
7.5385
0.536929
1.19684
-0.0714134
1.50241
0.704231
2.23864
0.360138
13.8325
13.8162
13.9038
13.9119
13.9232
6.62183
8.80058
2.05343
10.6755
7.10186
9.23225
4.52922
-0.132197
0.127668
0.51515
2.00966
0.261806
1.41101
0.785136
13.9467
14.0396
14.2105
14.382
14.914
14.1186
14.2509
14.4124
14.7983
13.0504
14.2868
13.901
13.6806
12.5945
14.115
13.6664
10.6448
1.52039
1.77227
2.20555
15.1614
15.0724
14.9965
15.0024
15.3667
15.1546
15.1095
14.8747
14.9217
14.8545
14.8352
14.9296
14.6254
13.9985
14.0058
14.0539
14.0084
13.9997
14.0431
14.0078
14.0053
13.98
13.9946
14.036
13.9932
14.0182
13.9577
14.0121
13.9477
13.9231
13.9561
13.9103
13.8763
13.967
13.9697
13.9072
13.8806
13.565
13.5083
12.6852
13.8515
13.7345
13.6055
13.0303
11.5685
4.95847
12.2076
5.87656
2.82019
1.90772
3.67329
4.54607
13.9946
13.9996
14.0057
14.0045
14.0861
14.0591
7.00877
10.752
7.7993
11.1987
7.60153
10.9259
8.11977
0.961088
2.94014
0.712386
3.5777
1.91501
3.18827
0.875462
13.9794
13.968
14.0593
14.0643
14.0813
7.24579
9.70279
5.86606
10.7385
7.7633
9.77142
5.14607
0.547453
2.50578
1.15309
2.69408
0.616183
1.88012
1.30163
14.0988
14.1733
14.2658
14.4192
14.6672
14.2231
14.2719
14.4202
14.5681
12.5414
14.1082
13.6456
13.6292
12.6792
14.0926
13.6616
4.03859
10.6097
2.13895
3.97606
2.1503
3.78557
14.9089
14.7526
15.0978
15.0417
14.9312
14.855
14.8912
14.7173
14.8383
14.5892
14.5794
14.7371
14.4146
14.0372
14.077
14.0604
14.0387
14.0302
14.0913
14.0789
14.0665
14.0297
14.0578
14.1147
14.0765
14.1231
14.0946
14.1894
13.8657
13.8468
13.998
13.8903
13.8849
14.0135
14.0302
13.8817
13.889
13.9637
13.7313
13.4098
14.0984
14.1396
13.9115
13.8899
12.4114
5.20397
13.1757
2.58937
3.81373
13.9667
14.1039
14.0423
13.881
14.0704
14.0264
7.05091
11.515
8.39179
11.1944
4.09414
11.7419
7.79953
1.99991
3.05253
0.432452
1.00185
2.45484
1.23346
0.9321
14.1145
14.1442
14.1376
14.1239
14.1696
7.90641
10.3607
4.13814
11.4104
6.93741
10.3967
2.2911
0.267431
1.66291
1.48579
0.546347
0.754909
-0.541584
1.68931
14.2214
14.2457
14.2529
14.4142
14.496
14.2682
14.2329
14.3791
14.4281
13.1914
14.1269
13.8345
13.8455
13.4984
14.1459
13.9664
12.6177
14.6302
14.5322
14.7147
14.7476
14.6384
14.6151
14.6471
14.5271
14.6487
14.46
14.4548
14.5572
14.355
14.1458
14.2371
14.1311
14.1389
14.1174
14.1732
14.2195
14.1779
14.1357
14.1866
14.2114
14.1874
14.2244
14.2451
14.2689
13.9778
14.0869
14.0949
13.9467
13.9296
14.1846
14.186
14.0798
14.0122
14.2092
14.0652
14.0943
14.2493
14.2889
14.1845
14.2188
13.9531
14.3196
13.8397
14.0505
14.0292
13.9552
14.0618
14.0525
12.7116
8.44083
13.7146
13.6509
11.4274
-3.93512
-1.13508
14.1156
14.1722
14.1227
14.108
14.1624
7.82354
12.3863
13.2376
11.3161
13.472
-1.45793
14.2461
14.2281
14.2032
14.3322
14.3649
14.2196
14.1741
14.2937
14.3157
13.7834
14.1489
14.0534
14.0652
13.9798
14.165
14.1364
13.8775
14.4572
14.396
14.5159
14.5441
14.4329
14.4337
14.4766
14.4115
14.4775
14.3361
14.3787
14.419
14.328
14.3144
14.3177
14.2089
14.2696
14.2252
14.2265
14.2305
14.2242
14.2242
14.2549
14.2627
14.2384
14.289
14.3094
14.3355
14.1655
14.2052
14.2687
14.2092
14.1034
14.3667
14.3022
14.2408
14.1751
14.371
14.2702
14.2807
14.3026
14.4142
14.2768
14.2913
14.4275
14.4494
14.0573
14.0861
14.082
14.1096
14.1109
14.102
14.1318
13.5981
14.3463
14.2926
14.2275
14.1175
14.1602
14.1341
14.126
14.161
13.4892
13.8644
14.0924
14.1535
14.1015
14.2082
14.1989
14.1503
14.262
14.278
14.1869
14.1343
14.2445
14.2528
14.0963
14.157
14.1754
14.1381
14.1707
14.1516
14.2114
14.1659
14.3485
14.3196
14.373
14.4299
14.3295
14.3256
14.3959
14.3586
14.3722
14.2508
14.3388
14.3348
14.3092
14.2412
14.2002
14.2261
14.1639
14.2133
14.23
14.1557
14.2105
14.2379
14.3
14.2402
14.2294
14.289
14.3363
14.3231
14.1988
14.1869
14.2657
14.2137
14.1681
14.2271
14.2126
14.1873
14.1453
14.4027
14.2568
14.2915
14.2661
14.3582
14.2206
14.2856
14.4264
14.4176
14.1345
14.1305
14.1206
14.146
14.1502
14.1361
14.3771
14.3831
14.4787
14.3673
14.3894
14.1382
14.1691
14.1614
14.1535
14.1813
14.3054
14.1776
14.2792
14.3554
14.2417
14.2003
14.2064
14.1315
14.235
14.2376
14.1864
14.1335
14.2326
14.2279
14.1951
14.1371
14.2255
14.1559
14.216
14.1303
14.2351
14.2522
14.3002
14.2876
14.2923
14.3714
14.272
14.2643
14.3512
14.3209
14.3047
14.1888
14.3051
14.2805
14.2878
14.1823
14.1779
14.2264
14.1611
14.2076
14.2111
14.1683
14.2046
14.2255
14.2694
14.2216
14.2228
14.2503
14.2918
14.2573
14.1762
14.1712
14.1852
14.1689
14.1414
14.1777
14.1769
14.1587
14.1314
14.3183
14.1893
14.2895
14.2087
14.3042
14.1695
14.3096
14.4134
14.4057
14.1569
14.1701
14.1532
14.1693
14.1929
14.1727
14.3564
14.3785
14.4596
14.3419
14.3712
14.1715
14.1975
14.1984
14.1908
14.2146
14.3496
14.2552
14.2945
14.3542
14.2633
14.2188
14.2331
14.1374
14.2347
14.2213
14.2004
14.1442
14.2388
14.218
14.207
14.1135
14.225
14.1361
14.2084
14.1
14.2204
14.2531
14.2784
14.2732
14.2396
14.3312
14.2291
14.217
14.3138
14.2833
14.2547
14.133
14.2621
14.2321
14.2549
14.1792
14.1741
14.203
14.1736
14.2005
14.2042
14.1836
14.1993
14.2186
14.2319
14.2139
14.2112
14.2197
14.2327
14.2339
14.1765
14.195
14.1703
14.1587
14.1217
14.181
14.1625
14.1656
14.1239
14.3171
14.1685
14.345
14.2147
14.3484
14.1925
14.3771
14.3998
14.3951
14.1882
14.2204
14.1974
14.2151
14.2552
14.2284
14.322
14.348
14.3963
14.2984
14.331
14.2118
14.2347
14.2499
14.2375
14.2608
14.3285
14.2514
14.2652
14.3154
14.2346
14.2508
14.275
14.1528
14.2467
14.2173
14.2307
14.1667
14.2627
14.2213
14.1854
14.0757
14.1949
14.0846
14.1671
14.0596
14.1706
14.2211
14.2699
14.2696
14.1965
14.2951
14.2011
14.1762
14.281
14.2348
14.2062
14.0814
14.2094
14.1851
14.2067
14.1746
14.1913
14.2034
14.1905
14.197
14.2085
14.197
14.1989
14.2071
14.2152
14.2176
14.2218
14.229
14.2552
14.2989
14.2326
14.2907
14.1708
14.1886
14.1364
14.2345
14.1872
14.2411
14.1875
14.3873
14.2325
14.3888
14.3315
14.4299
14.2734
14.4051
14.4086
14.4329
14.2554
14.2991
14.2695
14.3069
14.3519
14.3199
14.2842
14.3102
14.3733
14.2879
14.3132
14.2746
14.2975
14.3343
14.3208
14.3439
14.2875
14.2057
14.2255
14.2694
14.1674
14.3078
14.3507
14.1924
14.2889
14.2346
14.3039
14.2264
14.3261
14.2614
14.1348
14.0302
14.1313
14.0167
14.1095
14.0127
14.1
14.1571
14.2767
14.2977
14.1574
14.2644
14.1925
14.1399
14.2466
14.1807
14.1609
14.0413
14.1506
14.1389
14.145
14.2252
14.2677
14.2242
14.221
14.217
14.2518
14.2567
14.2485
14.2505
14.2611
14.2816
14.2928
14.3103
14.3523
14.4162
14.3595
14.4157
14.2153
14.3103
14.2441
14.3289
14.2535
14.3725
14.3006
14.4725
14.319
14.4358
14.4915
14.5239
14.3872
14.4664
14.4615
14.4949
14.3673
14.4129
14.3781
14.421
14.463
14.4307
14.3088
14.3281
14.4392
14.3532
14.3713
14.3746
14.3965
14.4383
14.4261
14.4502
14.2549
14.1299
14.2223
14.2623
14.1212
14.4011
14.4563
14.2748
14.3714
14.3035
14.4044
14.3184
14.4221
14.3487
14.0667
13.9681
14.0561
13.9305
14.0324
13.9529
14.0172
14.0965
14.3337
14.3808
14.1351
14.2355
14.2243
14.1302
14.2273
14.1164
14.1179
14.0492
14.0891
14.114
14.052
14.3141
14.3472
14.2853
14.3006
14.2869
14.3356
14.338
14.3341
14.3419
14.3726
14.3862
14.391
14.4422
14.483
14.5694
14.4419
14.5093
14.2969
14.3927
14.3413
14.4065
14.3317
14.4096
14.3374
14.5379
14.4024
14.481
14.6206
14.5772
14.4336
14.5599
14.5516
14.6799
14.452
14.5089
14.47
14.5104
14.5898
14.5317
14.4262
14.4511
14.6378
14.5594
14.5775
14.48
14.5138
14.5769
14.545
14.5899
14.3172
14.129
14.3758
14.424
14.209
14.5311
14.6265
14.357
14.4914
14.4032
14.5305
14.3924
14.5845
14.4792
13.9576
13.8877
13.9171
13.8942
13.9367
13.8288
13.8704
14.0616
14.4333
14.51
14.12
14.2074
14.3191
14.1766
14.2067
14.0009
14.1139
14.129
14.0073
14.1636
13.9105
14.3706
14.3968
14.3652
14.3797
14.4253
14.5038
14.6394
14.4894
14.351
14.4078
14.3396
14.3305
14.2902
14.2649
14.474
14.2738
14.3385
14.5973
14.438
14.5698
14.7572
14.5057
14.5847
14.5352
14.328
14.4275
14.3397
14.2397
14.2738
14.2312
14.2683
14.1956
14.1782
14.4609
14.2916
14.4043
14.6531
14.6898
14.5445
14.5797
14.3485
14.4868
14.3727
14.1946
14.2672
14.1649
14.0754
14.0691
14.0187
14.2192
14.055
14.095
14.561
14.3277
14.5894
14.3984
14.5346
14.444
14.1498
14.2828
14.1477
13.9549
14.0663
13.9495
13.9789
13.8982
13.9125
14.4623
14.1893
14.1938
14.0577
14.1782
50.7288
67.372
56.9519
52.7028
48.4854
56.401
48.4896
49.474
50.7435
49.3516
49.3245
47.611
48.1939
47.4487
74.0353
76.1755
78.2404
69.0022
68.6891
73.5026
74.4093
64.8833
74.9602
72.951
61.3877
51.3316
68.0765
62.0546
60.5612
68.9773
72.6348
45.4462
46.6176
55.3653
53.4505
63.6162
66.2106
68.4542
51.4299
54.3988
58.814
64.1762
82.2906
87.0577
89.1942
77.8726
79.1994
82.4449
84.4126
85.7175
92.6565
98.8171
77.3152
75.2402
85.0905
88.1846
81.6764
99.6357
95.4883
65.0043
63.4532
83.9327
74.2281
70.9956
85.7717
80.5205
66.8104
69.6964
73.0911
69.6107
111.134
114.968
116.522
100.459
105.469
113.731
116.665
110.948
118.089
119.293
104.861
100.045
117.868
111.556
48.8308
51.1387
47.0571
47.4818
47.1536
46.4634
45.0273
46.9959
46.9926
46.7693
46.2807
44.9659
44.5872
44.1605
65.0263
70.6603
69.6226
66.4033
60.3786
67.4933
63.3099
75.7829
77.9435
78.9886
71.3164
71.9904
73.125
72.9944
44.9407
42.0575
41.7041
42.2454
42.61
38.6214
38.1587
42.4529
40.7903
39.9866
39.3936
39.9124
36.5465
36.0136
53.7468
64.6856
55.2143
62.858
46.6875
61.3855
46.1354
64.1235
65.9756
62.7886
58.4761
52.1437
48.8168
42.0334
39.3841
35.2505
34.6522
34.3785
33.7755
32.1925
32.2631
36.0247
32.8073
32.9019
27.587
29.2402
31.0879
31.204
39.7835
51.5343
35.6185
42.366
31.1163
29.0247
22.0417
33.9127
16.266
19.3772
14.2375
16.6944
12.792
13.4773
22.4374
28.0443
31.8005
13.4135
13.5915
19.1092
28.6233
17.4152
30.7401
32.266
13.1866
13.6479
29.282
30.4842
23.2558
13.5806
15.7975
13.2263
13.5765
13.1584
12.9583
13.367
13.5595
13.2742
13.3458
13.0425
13.4882
13.3221
12.8783
13.4303
16.0674
13.2602
13.3607
13.2221
12.425
13.2657
19.4162
16.8776
13.0845
13.5606
11.5529
12.1622
13.3467
13.2992
13.1595
13.3178
13.3985
13.3071
13.238
13.2334
13.4324
13.4016
13.3399
13.3144
13.4167
13.3864
13.3082
13.2377
12.9492
13.2797
13.2881
13.1739
13.1021
13.5467
12.6403
13.6575
13.3329
13.46
13.3539
13.7398
13.2882
13.2823
13.2378
13.2713
13.2747
13.2807
13.2744
13.2906
13.3887
13.3201
13.315
13.3027
13.3777
13.3508
13.31
13.1528
13.1489
13.278
13.325
13.213
13.2501
13.4547
13.3653
13.494
13.4341
13.4407
13.3664
13.3822
13.2746
13.2762
13.2805
13.289
13.2812
13.2662
13.2886
13.3216
13.3523
13.363
13.325
13.3407
13.3164
13.3578
13.3128
13.278
13.2974
13.2952
13.3112
13.3341
13.3227
13.4435
13.3805
13.3942
13.3977
13.4458
13.3513
13.4045
13.2896
13.2584
13.303
13.2659
13.2883
13.2486
13.3031
13.3419
13.2979
13.3503
13.2896
13.3219
13.2761
13.3303
13.3311
13.366
13.3695
13.3131
13.343
13.3526
13.4019
13.4293
13.3315
13.4046
13.3945
13.411
13.3589
13.3983
13.2791
13.2393
13.2842
13.2594
13.2786
13.2305
13.2604
13.2978
13.2473
13.306
13.2292
13.2742
13.2422
13.2874
13.3382
13.3162
13.3776
13.2983
13.3279
13.2824
13.3397
13.3902
13.3795
13.3693
13.3647
13.3712
13.3698
13.3639
13.277
13.227
13.2404
13.2706
13.2676
13.235
13.2258
13.2525
13.2487
13.2718
13.227
13.2422
13.2558
13.2699
13.3097
13.248
13.2973
13.2513
13.2845
13.2105
13.2626
13.3433
13.3211
13.3277
13.2931
13.3144
13.2793
13.2944
13.2498
13.2365
13.2124
13.21
13.2136
13.2135
13.1965
13.2227
13.2576
13.2624
13.1981
13.2001
13.2484
13.2529
13.2516
13.171
13.2254
13.1811
13.2132
13.1251
13.1855
13.2837
13.2261
13.2415
13.224
13.2542
13.1801
13.1899
13.1639
13.165
13.1629
13.1096
13.1075
13.1043
13.1214
13.1824
13.2412
13.2477
13.177
13.1767
13.2388
13.2422
13.1778
13.0925
13.1428
13.1314
13.1526
13.0785
13.1079
13.2245
13.1244
13.1257
13.1792
13.2001
13.0873
13.0899
13.0515
13.0408
13.0851
13.0207
13.0097
13.0081
13.0695
13.179
13.2293
13.2438
13.1859
13.181
13.2183
13.249
13.1391
13.0765
13.0869
13.1314
13.1385
13.0843
13.0838
13.1885
13.0569
13.0543
13.1695
13.1843
13.0544
13.0486
13.0118
13.0416
13.0921
13.0468
13.0457
13.0934
13.1352
13.1899
13.2157
13.2586
13.2004
13.2101
13.2236
13.2761
13.1544
13.1031
13.0949
13.1774
13.1765
13.1289
13.1135
13.2021
13.0805
13.0682
13.2119
13.2202
13.1139
13.0996
13.0962
13.1471
13.1826
13.1524
13.1533
13.1911
13.2251
13.2367
13.2475
13.3008
13.2569
13.2693
13.2812
13.3309
13.2101
13.1606
13.1366
13.2508
13.2462
13.1969
13.1616
13.2588
13.1604
13.1556
13.2901
13.2926
13.2007
13.2093
13.201
13.2378
13.2715
13.2636
13.2364
13.2896
13.3035
13.3102
13.3269
13.3679
13.3722
13.3492
13.3831
13.4103
13.2916
13.2538
13.198
13.3765
13.3527
13.3227
13.2647
13.341
13.2375
13.258
13.3811
13.3901
13.2871
13.3178
13.2753
13.3418
13.3206
13.3918
13.3383
13.3978
13.3443
13.3919
13.4344
13.4501
13.4809
13.4493
13.4838
13.4878
13.4295
13.3844
13.35
13.506
13.4975
13.4503
13.4292
13.4468
13.3528
13.379
13.4955
13.5005
13.4223
13.4444
13.4187
13.4657
13.4057
13.5085
13.5005
13.5329
13.517
13.5071
13.5277
13.5418
13.5597
13.5777
13.5601
13.6088
13.56
13.5158
13.5045
13.5981
13.6082
13.5631
13.5568
13.5559
13.4876
13.5098
13.6002
13.6032
13.542
13.5628
13.5533
13.5765
13.5932
13.5752
13.5896
13.5909
13.6184
13.636
13.5949
13.6516
13.6345
13.6756
13.6219
13.6801
13.6449
13.6011
13.5957
13.648
13.6706
13.6321
13.6252
13.6415
13.5888
13.6061
13.6685
13.6664
13.6218
13.6336
13.6074
13.591
13.6164
13.6244
13.6204
13.5993
13.6164
13.6702
13.6278
13.6783
13.635
13.6494
13.6364
13.6551
13.6839
13.6511
13.647
13.6576
13.6871
13.6593
13.6582
13.6798
13.6465
13.6534
13.703
13.6842
13.6649
13.6672
13.6346
13.6223
13.6221
13.6566
13.6475
13.6418
13.6304
13.6433
13.6549
13.6436
13.6474
13.6455
13.6647
13.6436
13.6816
13.6621
13.6651
13.6546
13.6726
13.666
13.6742
13.6856
13.6814
13.6767
13.7154
13.6902
13.6959
13.6812
13.6607
13.6559
13.6395
13.689
13.6719
13.671
13.6473
13.655
13.6728
13.6552
13.6748
13.6652
13.6844
13.6713
13.6668
13.6701
13.6828
13.664
13.6699
13.6775
13.6918
13.696
13.7094
13.6852
13.7163
13.7076
13.7157
13.691
13.6833
13.6851
13.6553
13.706
13.6955
13.6948
13.664
13.6793
13.7007
13.6927
13.7075
13.6905
13.7174
13.7119
13.6756
13.6885
13.6964
13.6725
13.6819
13.6959
13.6971
13.7197
13.7209
13.7028
13.7187
13.7294
13.7232
13.7189
13.7058
13.7005
13.6719
13.7187
13.7168
13.7055
13.6833
13.701
13.7304
13.7284
13.7321
13.7105
13.7416
13.7409
13.6895
13.7007
13.6984
13.6909
13.7014
13.7061
13.7025
13.7313
13.7169
13.7272
13.7124
13.7295
13.7104
13.7258
13.7251
13.7142
13.6906
13.7274
13.7323
13.7242
13.6996
13.7191
13.7504
13.7503
13.7503
13.7309
13.7611
13.7621
13.7172
13.7157
13.7137
13.7301
13.7322
13.7293
13.7324
13.722
13.7087
13.7199
13.7259
13.7193
13.7168
13.7274
13.7459
13.7352
13.7217
13.7403
13.7565
13.7464
13.7381
13.7407
13.7735
13.7754
13.7727
13.7489
13.7873
13.7891
13.753
13.746
13.7584
13.7677
13.7675
13.7663
13.7747
13.7246
13.7551
13.7329
13.7839
13.733
13.8041
13.7421
13.7639
13.7631
13.7506
13.758
13.7573
13.7755
13.7484
13.7551
13.7999
13.8012
13.7931
13.7573
13.8082
13.8062
13.7805
13.788
13.7899
13.7882
13.8146
13.8169
13.8111
13.7449
13.818
13.7528
13.7973
13.755
13.8067
13.7529
13.7533
13.7822
13.7527
13.7803
13.7593
13.7822
13.7564
13.759
13.8087
13.8042
13.7894
13.7565
13.8026
13.7976
13.8279
13.8209
13.7967
13.7847
13.7893
13.787
13.7668
13.7525
13.7903
13.7442
13.7656
13.7403
13.7647
13.7283
13.7658
13.7733
13.7473
13.7603
13.7658
13.7552
13.7287
13.7427
13.7907
13.7839
13.7591
13.723
13.7729
13.7657
13.7493
13.7468
13.7415
13.7479
13.7163
13.7046
13.7126
13.7218
13.7359
13.7081
13.7172
13.7005
13.7058
13.6839
13.7483
13.7292
13.699
13.7113
13.7149
13.7014
13.668
13.7071
13.7488
13.7402
13.7135
13.6856
13.7192
13.7049
13.6823
13.6656
13.6809
13.6542
13.6478
13.6265
13.6436
13.6752
13.6754
13.6575
13.6568
13.6448
13.6396
13.6273
13.6796
13.6733
13.6411
13.6549
13.6454
13.6454
13.6155
13.665
13.6872
13.6723
13.6569
13.6407
13.6535
13.6387
13.6113
13.5902
13.6054
13.5663
13.5711
13.5542
13.5646
13.6102
13.6025
13.5965
13.5821
13.5759
13.5616
13.5644
13.6152
13.6154
13.5917
13.5913
13.5827
13.583
13.5634
13.6113
13.6174
13.6049
13.5893
13.5784
13.5796
13.5679
13.5285
13.5213
13.5271
13.4797
13.4854
13.4897
13.4897
13.5421
13.5212
13.5339
13.4945
13.509
13.4817
13.5023
13.5487
13.5482
13.5336
13.5175
13.5144
13.5114
13.4996
13.5449
13.5409
13.5318
13.5152
13.506
13.5019
13.4921
13.442
13.4589
13.4527
13.4002
13.3954
13.4285
13.4142
13.4748
13.4441
13.4699
13.4061
13.4342
13.4076
13.436
13.476
13.4748
13.4714
13.4337
13.4378
13.4382
13.4411
13.4683
13.4621
13.4538
13.4349
13.4272
13.4207
13.4109
13.3441
13.3963
13.372
13.3405
13.3034
13.3603
13.3266
13.3951
13.3719
13.4021
13.3317
13.3639
13.3362
13.3669
13.4009
13.4015
13.4106
13.3537
13.3658
13.3657
13.3785
13.3861
13.3796
13.3701
13.3513
13.3441
13.3389
13.3283
13.2849
13.3212
13.29
13.2862
13.2847
13.2869
13.2645
13.3407
13.3019
13.3323
13.2973
13.3218
13.2671
13.3012
13.3338
13.3329
13.3442
13.3046
13.3104
13.3064
13.3084
13.3048
13.3046
13.2955
13.2835
13.2695
13.2814
13.2704
13.2879
13.2647
13.2512
13.2792
13.2947
13.2553
13.2437
13.3065
13.2345
13.2727
13.28
13.2926
13.2071
13.2545
13.2972
13.2869
13.2824
13.2824
13.29
13.2763
13.2684
13.2476
13.2701
13.2561
13.257
13.2367
13.2659
13.244
13.2904
13.2573
13.2398
13.2887
13.26
13.2649
13.2329
13.2692
13.191
13.2434
13.2391
13.2418
13.1846
13.2307
13.2852
13.2687
13.2566
13.2723
13.2849
13.2577
13.2397
13.2276
13.2644
13.2292
13.2468
13.2202
13.2626
13.2129
13.2369
13.2749
13.2307
13.268
13.242
13.2847
13.2341
13.2171
13.1783
13.2211
13.2011
13.1932
13.1808
13.2178
13.2731
13.248
13.2251
13.2501
13.2541
13.2402
13.2149
13.2122
13.2584
13.202
13.2366
13.2022
13.252
13.1934
13.2554
13.2858
13.2422
13.2512
13.2528
13.2794
13.2578
13.1788
13.1874
13.2187
13.1769
13.1647
13.2006
13.2224
13.242
13.2339
13.2047
13.2467
13.2345
13.2326
13.1925
13.1915
13.2426
13.1936
13.2225
13.1847
13.2348
13.2007
13.2423
13.2768
13.2815
13.2425
13.2299
13.2771
13.304
13.1343
13.2042
13.2247
13.1003
13.0765
13.1972
13.213
13.2334
13.2378
13.19
13.2602
13.2458
13.2448
13.2054
13.1849
13.2298
13.2077
13.2263
13.1833
13.2331
13.2165
13.1989
13.287
13.3076
13.2505
13.153
13.3038
13.3179
13.0208
13.2016
13.1797
12.9513
12.9977
13.2069
13.1183
13.2576
13.2597
13.2223
13.2961
13.2685
13.2836
13.2482
13.1994
13.246
13.2283
13.27
13.2337
13.2683
13.2412
13.1261
13.3249
13.3193
13.2961
13.1377
13.3465
13.3412
13.0636
13.2126
13.132
13.1214
13.1898
13.2628
13.2043
13.2704
13.3128
13.2721
13.3553
13.27
13.3399
13.2982
13.2676
13.3003
13.2708
13.3398
13.296
13.3351
13.2997
13.1888
13.3753
13.3646
13.33
13.2416
13.3989
13.3847
13.3366
13.34
13.3152
13.4041
13.4913
13.4144
13.4197
13.281
13.3678
13.3316
13.3932
13.2998
13.3926
13.3631
13.3219
13.3709
13.328
13.3985
13.3532
13.4041
13.3572
13.306
13.4122
13.3857
13.3344
13.3915
13.4157
13.3765
13.6146
13.4663
13.494
13.5975
13.6434
13.4775
13.5239
13.3259
13.4105
13.3927
13.4169
13.3493
13.4242
13.4126
13.3834
13.4335
13.3863
13.4459
13.4017
13.4542
13.4124
13.4326
13.4221
13.3758
13.3879
13.4312
13.4426
13.3817
13.6208
13.4725
13.5283
13.5164
13.585
13.4707
13.5242
13.3741
13.4363
13.4218
13.4431
13.4024
13.4489
13.4247
13.4187
13.469
13.4416
13.462
13.4401
13.4899
13.4748
13.4136
13.4743
13.4192
13.4378
13.4085
13.492
13.473
13.5542
13.468
13.5193
13.49
13.5327
13.4789
13.5165
13.4246
13.4694
13.4327
13.4946
13.45
13.4933
13.4673
13.4668
13.5144
13.5028
13.5088
13.5004
13.5423
13.529
13.4197
13.5113
13.5199
13.5485
13.4399
13.5208
13.5409
13.5243
13.4965
13.5161
13.4936
13.522
13.5128
13.5164
13.4849
13.5192
13.5167
13.5556
13.5182
13.5562
13.5566
13.5256
13.5785
13.5635
13.5906
13.5675
13.6083
13.5845
13.471
13.5345
13.5315
13.5375
13.5003
13.5588
13.5466
13.5233
13.5211
13.5169
13.502
13.5266
13.5324
13.5178
13.5324
13.5877
13.5847
13.5881
13.5304
13.5921
13.5852
13.6186
13.6192
13.6202
13.6148
13.6338
13.6272
13.6711
13.5337
13.5599
13.5636
13.5805
13.5618
13.6281
13.5784
13.5313
13.5475
13.5192
13.5364
13.5355
13.5622
13.5195
13.5415
13.5876
13.5853
13.5926
13.5872
13.5861
13.5928
13.6352
13.64
13.7027
13.6
13.6395
13.642
13.7072
13.5774
13.6905
13.6036
13.5565
13.5857
13.6547
13.6123
13.539
13.5709
13.5175
13.5644
13.5412
13.5739
13.5118
13.6096
13.5827
13.6006
13.5828
13.6292
13.5784
13.6134
13.6425
13.6296
13.6959
13.6019
13.6452
13.6105
13.6867
13.5918
13.6288
13.6114
13.6173
13.6003
13.6391
13.6136
13.542
13.5742
13.5031
13.5819
13.5403
13.5729
13.4928
13.6544
13.5866
13.6205
13.6048
13.6483
13.607
13.6147
13.646
13.6285
13.6723
13.6447
13.6388
13.6589
13.6614
13.607
13.6518
13.6162
13.6424
13.6151
13.6635
13.6144
13.5364
13.5692
13.4806
13.5848
13.5306
13.566
13.4685
13.6279
13.6307
13.6076
13.709
13.6299
13.6588
13.6071
13.6306
13.6796
13.654
13.6554
13.6153
13.6841
13.6417
13.6211
13.6578
13.6127
13.6524
13.6236
13.65
13.6098
13.5244
13.5628
13.4571
13.5831
13.5181
13.5582
13.4446
13.6412
13.6719
13.613
13.7121
13.6462
13.6683
13.6196
13.5983
13.672
13.6285
13.6332
13.5922
13.6567
13.6135
13.6253
13.6423
13.6062
13.6489
13.6288
13.6376
13.6042
13.5128
13.5546
13.432
13.5835
13.5102
13.5516
13.4247
13.6463
13.6661
13.6302
13.6654
13.65
13.6858
13.6457
13.6007
13.6483
13.5995
13.6733
13.608
13.6556
13.5863
13.6344
13.6378
13.6032
13.6628
13.6436
13.6452
13.6055
13.5125
13.5505
13.4188
13.5942
13.5176
13.5492
13.4098
13.6544
13.7248
13.657
13.7207
13.6632
13.7496
13.6647
13.6103
13.685
13.5863
13.7248
13.6161
13.713
13.5893
13.6554
13.6598
13.6114
13.7
13.6691
13.6791
13.6213
13.5252
13.5476
13.4042
13.6127
13.5361
13.5469
13.4015
13.6771
13.7588
13.6707
13.7551
13.6907
13.7563
13.6699
13.6193
13.7164
13.5836
13.7281
13.618
13.705
13.5821
13.6856
13.6982
13.6328
13.7487
13.7044
13.7205
13.6481
13.5489
13.5487
13.4005
13.6415
13.5645
13.5563
13.4054
13.7038
13.7545
13.6709
13.7682
13.7172
13.7576
13.6752
13.6068
13.6922
13.5745
13.6955
13.5902
13.6611
13.5244
13.7275
13.745
13.6662
13.8146
13.7563
13.7705
13.6897
13.5829
13.5657
13.4129
13.6862
13.604
13.5794
13.4247
13.734
13.7643
13.6786
13.8137
13.7532
13.7769
13.6811
13.5727
13.6183
13.4567
13.6539
13.5476
13.5557
13.3825
13.7883
13.7955
13.7147
13.8876
13.8238
13.8201
13.7409
13.6271
13.5955
13.4401
13.7444
13.654
13.6204
13.4683
13.7775
13.7917
13.6853
13.8712
13.812
13.8007
13.6938
13.5194
13.5052
13.3291
13.6182
13.491
13.5
13.2818
13.8613
13.8513
13.7716
13.9536
13.889
13.8808
13.799
13.6833
13.6495
13.4987
13.8102
13.7121
13.6811
13.5298
13.8471
13.8042
13.719
13.8873
13.8717
13.8081
13.763
13.4999
13.5396
13.2657
13.6981
13.5863
13.5725
13.3604
13.9107
13.916
13.828
13.9778
13.9222
13.9205
13.8332
13.7404
13.7183
13.5726
13.8611
13.7623
13.7331
13.5959
13.8814
13.8149
13.7985
13.8758
13.8733
13.8178
13.8163
13.691
13.6404
13.5878
13.7674
13.7545
13.7319
13.7811
13.9185
13.9025
13.8246
13.9414
13.9061
13.8723
13.8071
13.7786
13.7388
13.6136
13.8755
13.7988
13.7309
13.619
13.8525
13.8483
13.8273
13.8734
13.8348
13.8896
13.8597
13.7981
13.8103
13.8753
13.8826
13.845
13.9362
13.94
13.9032
13.8443
13.7948
13.9295
13.9199
13.8426
13.8109
13.8362
13.7322
13.6234
13.9165
13.891
13.7785
13.7072
13.8084
13.932
13.888
13.8825
13.7915
13.9679
13.916
13.8933
13.9428
14.0128
14.0013
13.9776
14.0507
14.0783
13.9465
13.8435
13.8303
13.9907
13.9865
13.8689
13.8767
13.9457
13.8131
13.7936
14.0004
14.0375
13.8802
13.9179
13.7742
13.9373
13.9007
13.8245
13.7559
13.897
13.8417
14.0154
14.1054
14.0949
14.0521
14.0117
14.1187
14.0897
14.0465
13.9207
13.9402
14.1197
14.1028
14.0242
14.0218
14.1337
13.9657
14.0346
14.1333
14.186
14.058
14.1291
13.7788
13.9414
13.8318
13.9014
13.8851
13.9866
13.9018
14.013
14.1155
14.0808
14.0559
14.0192
14.1108
14.0744
14.154
14.1116
14.0992
14.2019
14.1936
14.1526
14.1544
14.221
14.1445
14.2075
14.2228
14.26
14.2047
14.2557
13.9994
14.0356
13.9847
14.0561
14.0739
14.0657
14.0407
14.0465
14.1116
14.0808
14.08
14.0651
14.1136
14.0885
14.2046
14.1547
14.1798
14.1652
14.2019
14.1565
14.1847
14.2643
14.2339
14.2692
14.222
14.2497
14.2212
14.2405
14.1158
14.085
14.0768
14.0895
14.1248
14.1032
14.0965
14.084
14.1236
14.1054
14.1094
14.0988
14.1374
14.1217
14.1956
14.1522
14.1789
14.1648
14.1876
14.1435
14.1635
14.2253
14.2027
14.2186
14.1939
14.1923
14.1809
14.195
14.1352
14.1214
14.1149
14.1204
14.1319
14.1405
14.1254
14.1118
14.1525
14.1357
14.1488
14.1233
14.169
14.1473
14.1792
14.1384
14.1512
14.1636
14.1693
14.1352
14.1384
14.1577
14.16
14.1614
14.1584
14.1324
14.138
14.1431
14.1456
14.164
14.1407
14.1751
14.1574
14.1923
14.1584
14.1349
14.1866
14.1587
14.197
14.1482
14.2107
14.1727
14.1644
14.1415
14.1352
14.1782
14.1681
14.1641
14.1496
14.1309
14.1321
14.1532
14.1617
14.1594
14.1562
14.1879
14.1767
14.2307
14.1859
14.2601
14.2068
14.2752
14.2171
14.1702
14.2436
14.1953
14.2733
14.1956
14.2845
14.2233
14.182
14.196
14.1756
14.2241
14.2073
14.2318
14.2108
14.208
14.1888
14.2288
14.2162
14.2846
14.2315
14.2852
14.248
14.3249
14.2607
14.3698
14.2999
14.3742
14.3075
14.2345
14.3354
14.2628
14.3718
14.2822
14.3857
14.3024
14.2464
14.2575
14.2259
14.3037
14.2874
14.2747
14.246
14.3665
14.2484
14.303
14.3286
14.4271
14.2672
14.3285
14.3185
14.4003
14.3231
14.4032
14.3198
14.4315
14.3351
14.1997
14.249
14.1905
14.2583
14.2259
14.2651
14.2212
14.2226
14.1708
14.1401
14.2287
14.2427
14.1796
14.1556
14.328
14.2207
14.285
14.3197
14.4138
14.2555
14.3552
14.3125
14.4358
14.333
14.4535
14.3381
14.4813
14.3674
14.1388
14.2144
14.1124
14.2512
14.1765
14.2483
14.1483
14.0069
14.028
13.9624
14.0915
14.0529
14.0459
13.9864
14.0751
13.9933
13.9983
14.0997
14.1495
14.0061
14.0236
14.0799
14.2153
14.0347
14.2438
14.133
14.2698
14.1146
13.8774
13.9651
13.8614
14.0193
13.9167
14.0272
13.8901
)
;

boundaryField
{
    fbOut
    {
        type            fixedValue;
        value           uniform 0;
    }
    CAD_patch1
    {
        type            zeroGradient;
    }
    fbGasin
    {
        type            zeroGradient;
    }
    CAD_patch3
    {
        type            zeroGradient;
    }
    fbBioin
    {
        type            zeroGradient;
    }
}


// ************************************************************************* //
