/*--------------------------------*- C++ -*----------------------------------*\
| =========                 |                                                 |
| \\      /  F ield         | OpenFOAM: The Open Source CFD Toolbox           |
|  \\    /   O peration     | Version:  5.x                                   |
|   \\  /    A nd           | Web:      www.OpenFOAM.org                      |
|    \\/     M anipulation  |                                                 |
\*---------------------------------------------------------------------------*/
FoamFile
{
    version     2.0;
    format      ascii;
    class       volScalarField;
    location    "1.3";
    object      p;
}
// * * * * * * * * * * * * * * * * * * * * * * * * * * * * * * * * * * * * * //

dimensions      [0 2 -2 0 0 0 0];

internalField   nonuniform List<scalar> 
10571
(
130.637
105.161
105.8
133.552
160.883
91.3561
147.799
182.93
198.783
185.96
48.2079
89.8986
166.672
206.746
215.876
188.572
112.138
169.042
199.635
197.168
172.491
140.254
153.11
166.924
42.8799
46.5918
44.1775
37.0898
54.7906
40.3755
32.9657
30.864
20.7637
61.5037
32.4721
33.7906
24.4309
10.2315
18.2579
63.4323
35.5907
11.9888
15.64
64.4902
62.6308
43.9857
42.7948
52.6387
8.1524
2.6325
7.54308
26.1744
3.1996
3.61178
1.97398
1.82558
1.64989
2.48202
22.9813
9.46951
1.37074
1.39136
1.49991
2.33578
2.55769
1.08559
1.38109
2.10734
2.42065
1.96044
2.33847
2.30384
2.67649
2.65075
2.68705
2.45685
2.6524
2.68868
2.42541
2.43516
2.68092
2.53116
1.57499
2.56299
2.62373
2.81352
2.66519
2.53593
2.49601
2.58872
2.62477
2.42379
2.52267
2.3641
2.54088
2.38827
2.47721
2.52351
2.4659
2.50387
2.50758
2.48688
2.48708
2.51586
2.43647
2.43412
2.64467
2.42879
2.46391
2.39488
2.3852
2.41538
2.43527
2.3144
2.36132
2.38144
2.40392
2.37971
2.4028
2.43054
2.4653
2.46831
2.45304
2.45744
2.46208
2.42086
2.41795
2.43022
2.40272
2.41991
2.42626
2.38191
2.40991
2.41755
2.41998
2.39105
2.4106
2.41095
2.39115
2.38421
2.37197
2.38509
2.39104
2.3988
2.38479
2.39371
2.46528
2.43742
2.46396
2.46947
2.45517
2.40596
2.44253
2.42205
2.41668
2.41613
2.4212
2.40759
2.40291
2.42652
2.43742
2.40638
2.40546
2.41955
2.38688
2.42633
2.40412
2.39154
2.40333
2.41937
2.4058
2.40154
2.39553
2.45564
2.43238
2.45685
2.4571
2.44151
2.40441
2.46064
2.43209
2.41338
2.40752
2.4147
2.38901
2.39603
2.4371
2.43572
2.41213
2.40871
2.42109
2.40359
2.42127
2.41116
2.38822
2.38645
2.42046
2.41381
2.40603
2.40021
2.44192
2.42834
2.44265
2.44135
2.4321
2.418
2.45759
2.43606
2.41569
2.41291
2.42182
2.37792
2.39707
2.44398
2.43073
2.42045
2.41832
2.43504
2.40893
2.41031
2.4103
2.38388
2.39942
2.41751
2.40832
2.40422
2.43115
2.42825
2.43051
2.42806
2.42296
2.43166
2.44349
2.43222
2.41221
2.41391
2.43114
2.42285
2.44075
2.42345
2.42282
2.42279
2.4197
2.40402
2.41431
2.39033
2.4095
2.41941
2.41227
2.41044
2.42404
2.42894
2.4235
2.42021
2.41718
2.43246
2.41795
2.42151
2.41086
2.42267
2.62537
2.45987
2.42625
2.41885
2.42563
2.42076
2.43454
2.40393
2.4244
2.40721
2.41997
2.42017
2.42032
2.4195
2.42118
2.42937
2.42138
2.41265
2.41699
2.42235
2.39655
2.41406
2.41899
2.42718
2.51025
2.4315
2.41185
2.42455
2.43161
2.43142
2.43352
2.41828
2.43192
2.42092
2.4336
2.42338
2.43001
2.43045
2.42872
2.43526
2.42496
2.41559
2.43003
2.4295
2.4072
2.4252
2.43696
2.43878
2.45016
2.41712
2.41705
2.43795
2.44917
2.44671
2.43279
2.43676
2.44791
2.43888
2.44853
2.43359
2.44244
2.44422
2.44806
2.44832
2.44071
2.4384
2.45253
2.45202
2.43662
2.45234
2.45877
2.45588
2.45546
2.4412
2.44759
2.46356
2.47294
2.46452
2.44703
2.45264
2.46656
2.46381
2.46627
2.45021
2.45862
2.45968
2.46889
2.46233
2.45902
2.46326
2.47083
2.46934
2.46071
2.4781
2.47695
2.47194
2.47544
2.47627
2.47994
2.48779
2.48812
2.47736
2.46849
2.46479
2.47801
2.48135
2.4784
2.46613
2.4732
2.47097
2.48252
2.47384
2.47059
2.47604
2.4798
2.48075
2.47465
2.48872
2.48918
2.4838
2.48714
2.48705
2.49396
2.49729
2.49556
2.48793
2.48371
2.47194
2.48551
2.48755
2.48586
2.47486
2.48303
2.47924
2.49299
2.4852
2.48219
2.48466
2.4881
2.48996
2.48416
2.49687
2.49696
2.49108
2.49269
2.4916
2.49757
2.49977
2.49863
2.49404
2.48853
2.47884
2.49066
2.49038
2.49189
2.47968
2.48765
2.48647
2.49817
2.49558
2.49945
2.49595
2.49452
2.4969
2.48996
2.50269
2.49584
2.49251
2.49591
2.49496
2.49886
2.50025
2.50066
2.49618
2.49091
2.48416
2.49341
2.49249
2.49604
2.48372
2.49135
2.49191
2.50438
2.50184
2.51773
2.50531
2.49765
2.50051
2.49542
2.50156
2.48759
2.49135
2.49739
2.49675
2.50288
2.50221
2.50071
2.496
2.49504
2.48597
2.49488
2.49417
2.49795
2.49119
2.48958
2.49352
2.50902
2.50165
2.51863
2.50833
2.49728
2.50178
2.50169
2.49564
2.48093
2.49124
2.49779
2.49601
2.50626
2.50285
2.49412
2.49473
2.49616
2.49104
2.49836
2.49413
2.49696
2.50614
2.48991
2.49325
2.50567
2.49995
2.51094
2.50266
2.49501
2.50109
2.50182
2.48895
2.48196
2.49136
2.49628
2.4919
2.50197
2.49956
2.48711
2.49383
2.49304
2.49391
2.49585
2.49161
2.49358
2.51259
2.4978
2.49461
2.49892
2.49827
2.50245
2.49478
2.4921
2.49706
2.497
2.48622
2.48964
2.4925
2.49352
2.4862
2.49634
2.49367
2.48523
2.49141
2.4898
2.49084
2.48981
2.487
2.49007
2.50555
2.49961
2.49489
2.49598
2.49501
2.49444
2.49562
2.48939
2.49173
2.49102
2.49012
2.49654
2.49369
2.49175
2.48345
2.49322
2.49097
2.48768
2.4899
2.4871
2.49394
2.48708
2.48221
2.48797
2.49974
2.49499
2.49197
2.49756
2.49283
2.48988
2.49774
2.49048
2.4889
2.48525
2.49659
2.49611
2.49459
2.49281
2.48529
2.49109
2.49101
2.49192
2.49168
2.4871
2.50037
2.49076
2.48434
2.49147
2.49903
2.49371
2.49107
2.48831
2.49264
2.48972
2.49408
2.48956
2.49017
2.48241
2.49738
2.49053
2.49612
2.49497
2.48947
2.48711
2.49186
2.49585
2.49543
2.4913
2.50903
2.49703
2.49401
2.49736
2.49824
2.49559
2.49311
2.4814
2.49353
2.48898
2.48422
2.48399
2.49373
2.48233
2.49118
2.48825
2.49842
2.49586
2.49274
2.48263
2.49492
2.49879
2.49861
2.4916
2.51092
2.50407
2.50142
2.50233
2.49794
2.49845
2.49756
2.46607
2.49476
2.48857
2.47487
2.48269
2.4965
2.48645
2.48705
2.4911
2.50059
2.49641
2.49269
2.48614
2.49505
2.50176
2.50089
2.49178
2.50984
2.50672
2.506
2.50516
2.49936
2.50079
2.50143
2.45872
2.49642
2.48707
2.47389
2.48929
2.50013
2.49485
2.49156
2.49621
2.50262
2.4992
2.49488
2.49306
2.49519
2.50331
2.50288
2.49294
2.50556
2.50666
2.5054
2.50587
2.50133
2.50219
2.50334
2.47808
2.49971
2.49092
2.4707
2.49859
2.50463
2.50649
2.49709
2.50127
2.50418
2.50499
2.50048
2.49816
2.49837
2.50468
2.50451
2.49651
2.50043
2.50535
2.5036
2.50514
2.50246
2.50283
2.50325
2.51016
2.50419
2.50337
2.48688
2.50325
2.50374
2.51545
2.50287
2.50511
2.50545
2.51043
2.50666
2.50528
2.50233
2.50587
2.50593
2.50242
2.49741
2.50362
2.50217
2.50482
2.50427
2.50343
2.50326
2.5444
2.50865
2.51389
2.51688
2.50858
2.5042
2.52114
2.5089
2.50833
2.50706
2.51589
2.51083
2.51651
2.50678
2.50694
2.50804
2.50766
2.50174
2.50239
2.5027
2.50629
2.50796
2.50543
2.50451
2.54289
2.51252
2.51928
2.52181
2.51121
2.50702
2.5231
2.51548
2.51142
2.51103
2.52269
2.51918
2.52178
2.51357
2.50969
2.51135
2.51391
2.51024
2.5048
2.50652
2.50999
2.51258
2.50849
2.50783
2.52553
2.51873
2.52088
2.51975
2.51399
2.51612
2.52141
2.51989
2.51484
2.51649
2.52887
2.52828
2.52435
2.51909
2.51419
2.51553
2.51707
2.51556
2.51081
2.51127
2.51512
2.51734
2.5122
2.51226
2.52174
2.52466
2.52091
2.51873
2.51684
2.5198
2.51818
2.51944
2.51811
2.52154
2.52632
2.52233
2.52172
2.52115
2.51878
2.51969
2.5191
2.5167
2.515
2.51617
2.52059
2.51973
2.51562
2.51708
2.52145
2.52705
2.52139
2.51878
2.51845
2.5203
2.51519
2.51681
2.51922
2.52492
2.52204
2.51852
2.51892
2.52225
2.52208
2.52306
2.52067
2.51696
2.51742
2.52008
2.52459
2.52127
2.51912
2.52124
2.52287
2.52699
2.52241
2.51973
2.52034
2.52113
2.51516
2.51515
2.52376
2.52843
2.52057
2.5174
2.51817
2.52247
2.52344
2.52621
2.52047
2.51624
2.52057
2.52267
2.52668
2.52272
2.52254
2.52461
2.52461
2.52626
2.52324
2.522
2.52297
2.5227
2.51704
2.51719
2.53087
2.52955
2.52023
2.51856
2.51801
2.52082
2.52311
2.52835
2.52001
2.51708
2.52383
2.524
2.52714
2.52334
2.52425
2.52698
2.5252
2.52591
2.52436
2.5237
2.52215
2.52662
2.52034
2.51955
2.53229
2.52906
2.52164
2.52105
2.51721
2.51927
2.52393
2.52902
2.52115
2.51943
2.526
2.52561
2.52695
2.52359
2.52554
2.52904
2.52578
2.52442
2.52537
2.52397
2.51963
2.52791
2.52503
2.51987
2.5268
2.52728
2.52362
2.52292
2.51545
2.52015
2.52644
2.52783
2.52295
2.52187
2.52705
2.52669
2.52653
2.52431
2.52673
2.53002
2.52715
2.52081
2.52604
2.52518
2.52071
2.52472
2.52792
2.52064
2.52114
2.52653
2.52528
2.5234
2.51556
2.52341
2.53087
2.5287
2.52495
2.52323
2.52668
2.52846
2.52886
2.52435
2.52738
2.53022
2.52955
2.52146
2.5273
2.527
2.52405
2.52277
2.52986
2.52439
2.5217
2.52789
2.52826
2.52438
2.52111
2.52692
2.5351
2.53164
2.52684
2.52477
2.5261
2.53004
2.53188
2.52393
2.52758
2.53016
2.53133
2.5282
2.53007
2.5288
2.52772
2.52331
2.53189
2.52926
2.52499
2.53044
2.53179
2.52687
2.5277
2.52992
2.53587
2.53372
2.52916
2.52774
2.52711
2.5315
2.53376
2.52642
2.52819
2.53037
2.53279
2.53566
2.53299
2.53103
2.53025
2.52372
2.53182
2.53369
2.52784
2.53278
2.53448
2.52886
2.53432
2.53199
2.53429
2.53399
2.53218
2.53216
2.52884
2.53205
2.53362
2.53023
2.5297
2.53078
2.53403
2.54131
2.53392
2.53293
2.53192
2.52661
2.53225
2.53618
2.5313
2.5349
2.53548
2.52917
2.53786
2.53405
2.53188
2.53384
2.5342
2.5346
2.531
2.53208
2.533
2.53392
2.53198
2.53195
2.53442
2.54103
2.53302
2.53382
2.53592
2.53634
2.53446
2.53805
2.53338
2.53643
2.53497
2.53072
2.53847
2.53631
2.5323
2.53438
2.53582
2.53729
2.53316
2.53337
2.53384
2.5369
2.53429
2.53391
2.53542
2.53822
2.53203
2.53484
2.53687
2.53988
2.53445
2.53859
2.53412
2.53701
2.53637
2.53583
2.53746
2.53722
2.53398
2.5362
2.53692
2.53934
2.53515
2.53487
2.53577
2.53831
2.53606
2.53579
2.53597
2.53604
2.53263
2.5341
2.53605
2.53414
2.53355
2.53795
2.53489
2.53725
2.53758
2.53669
2.53647
2.53755
2.53553
2.53841
2.53645
2.54039
2.53718
2.53617
2.53758
2.53892
2.53743
2.53751
2.53766
2.53549
2.53713
2.53667
2.53665
2.53195
2.53488
2.53804
2.53599
2.53735
2.53655
2.53623
2.5368
2.53813
2.53652
2.53986
2.53749
2.53945
2.53898
2.53723
2.53887
2.53926
2.53875
2.53889
2.5435
2.53617
2.53846
2.53863
2.53788
2.5334
2.53691
2.53832
2.5374
2.53751
2.53539
2.53496
2.53838
2.53897
2.53746
2.54028
2.53899
2.53857
2.54042
2.53808
2.54018
2.53976
2.53987
2.5398
2.5417
2.53892
2.53902
2.53925
2.53897
2.53762
2.53931
2.53911
2.53906
2.53779
2.53962
2.53824
2.54139
2.53865
2.53741
2.54022
2.54095
2.53938
2.54207
2.53876
2.54083
2.54077
2.54087
2.54049
2.54195
2.54226
2.54085
2.54006
2.53997
2.54125
2.54141
2.54024
2.54015
2.53868
2.55074
2.54292
2.54403
2.53799
2.53706
2.53985
2.54233
2.54056
2.54275
2.53925
2.54111
2.54212
2.5417
2.54109
2.54308
2.5437
2.54343
2.54151
2.54075
2.54212
2.54189
2.5413
2.54102
2.54034
2.54851
2.54407
2.54571
2.53979
2.53751
2.53953
2.54303
2.54173
2.54204
2.53988
2.54117
2.54352
2.54224
2.54153
2.54399
2.54462
2.54469
2.54286
2.54204
2.54084
2.54318
2.54223
2.54147
2.54224
2.54548
2.54411
2.54646
2.54195
2.53872
2.5404
2.54304
2.5426
2.54192
2.54068
2.54135
2.54444
2.54279
2.54236
2.54417
2.54616
2.54514
2.54347
2.54386
2.54344
2.54394
2.54225
2.54144
2.54316
2.54546
2.54495
2.54566
2.54368
2.54031
2.54162
2.54323
2.54296
2.54227
2.5412
2.54176
2.54473
2.54312
2.54306
2.54449
2.54675
2.54506
2.54409
2.54466
2.54529
2.54371
2.54156
2.54118
2.54264
2.54654
2.54607
2.54518
2.54418
2.54005
2.54162
2.54403
2.54323
2.54276
2.54077
2.54159
2.54493
2.54341
2.54311
2.54506
2.54616
2.54558
2.5446
2.54427
2.54605
2.54388
2.5414
2.53896
2.5401
2.54798
2.54714
2.54487
2.54325
2.53811
2.53942
2.54522
2.54349
2.54284
2.53964
2.54012
2.54527
2.54367
2.54253
2.54613
2.54563
2.54585
2.54504
2.54282
2.54716
2.54432
2.54165
2.53537
2.53528
2.54957
2.54852
2.54441
2.5417
2.5346
2.53456
2.54784
2.54377
2.54237
2.53746
2.53664
2.54598
2.54402
2.54147
2.54697
2.54705
2.54561
2.54548
2.54115
2.54891
2.54498
2.5418
2.5307
2.52832
2.55147
2.55042
2.54466
2.53943
2.52908
2.52568
2.55106
2.54518
2.54259
2.53496
2.53049
2.54853
2.54522
2.5406
2.54846
2.5507
2.54656
2.54617
2.5396
2.55188
2.54622
2.54079
2.52383
2.51609
2.55405
2.55301
2.54667
2.53672
2.51944
2.50937
2.55536
2.54834
2.54372
2.53169
2.5203
2.55336
2.54782
2.54059
2.55124
2.55596
2.55059
2.54754
2.53834
2.55605
2.54923
2.53672
2.51226
2.49181
2.55792
2.55674
2.54966
2.53278
2.50394
2.47432
2.56001
2.55359
2.5451
2.52628
2.5019
2.56201
2.5542
2.54186
2.55606
2.5628
2.55751
2.55056
2.53679
2.56164
2.55269
2.53062
2.48859
2.4393
2.5637
2.56182
2.55429
2.52583
2.47891
2.39501
2.56527
2.56081
2.54933
2.52002
2.46938
2.56842
2.56564
2.54688
2.56307
2.57059
2.56676
2.55571
2.53541
2.5683
2.5574
2.52272
2.45347
2.30978
2.57101
2.56882
2.55986
2.51863
2.44239
2.21849
2.57175
2.56716
2.55415
2.51161
2.40608
2.57335
2.57284
2.55525
2.57161
2.57911
2.57692
2.56293
2.53542
2.57599
2.56514
2.51953
2.41825
1.94813
2.57898
2.57671
2.56754
2.51327
2.41267
1.93592
-2.07989
2.57912
2.57753
2.56085
2.50533
2.25534
2.57997
2.5771
2.56872
2.58124
2.58746
2.58623
2.57354
2.54456
2.5843
2.57628
2.53402
2.42452
1.73045
0.0782391
2.58592
2.58458
2.57728
2.53764
2.41072
1.9189
0.0553336
2.58808
2.59091
2.57769
2.51321
2.10661
2.58837
2.58181
2.57529
2.59114
2.59462
2.59309
2.58584
2.56664
2.592
2.58949
2.55889
2.47168
1.95958
0.495144
2.59249
2.59115
2.58979
2.56138
2.46667
1.9845
0.486159
2.596
2.60094
2.59032
2.55027
2.28122
0.734239
2.59749
2.59028
2.586
2.60055
2.59966
2.59821
2.59486
2.58565
2.59894
2.60352
2.5808
2.51993
2.0953
0.49531
2.59913
2.59844
2.60729
2.58542
2.54167
2.17418
0.404401
2.60185
2.60763
2.60413
2.5686
2.32257
2.60506
2.60092
2.59676
2.60178
2.60349
2.60373
2.59952
2.58888
2.60533
2.61334
2.60165
2.56877
2.26954
2.60627
2.60648
2.61676
2.6106
2.59317
2.31454
-1.05576
2.60697
2.61293
2.61298
2.59659
2.50198
2.61031
2.60873
2.60846
2.60654
2.60627
2.60829
2.60541
2.60371
2.60781
2.61483
2.61324
2.5959
2.52917
2.60756
2.60789
2.61493
2.6151
2.60945
2.52995
2.60983
2.61398
2.61533
2.60632
2.583
2.61287
2.61334
2.61389
2.61407
2.61015
2.6136
2.61497
2.61352
2.60914
2.61554
2.61496
2.60953
2.59192
2.60777
2.60477
2.61455
2.61737
2.6152
2.59258
2.61218
2.61651
2.61847
2.6141
2.60816
2.61709
2.6184
2.61829
2.61988
2.61949
2.61906
2.62162
2.6193
2.62029
2.61821
2.61921
2.61686
2.61199
2.61534
2.61175
2.61497
2.61952
2.61898
2.61244
2.61808
2.6204
2.6207
2.61871
2.61696
2.62175
2.62163
2.62097
2.62395
2.62514
2.62313
2.62312
2.62318
2.62798
2.62152
2.62189
2.62178
2.62012
2.62434
2.6216
2.61726
2.62146
2.62225
2.62001
2.62225
2.62038
2.62236
2.62175
2.62141
2.62293
2.62298
2.62275
2.62697
2.62877
2.6264
2.62569
2.62601
2.62957
2.62549
2.62495
2.62522
2.6245
2.62893
2.62487
2.62154
2.62379
2.62498
2.62412
2.61695
2.62177
2.62432
2.62423
2.62442
2.62401
2.62455
2.62469
2.62904
2.63175
2.62925
2.62811
2.62795
2.63149
2.62703
2.62735
2.62735
2.62698
2.63267
2.62868
2.62523
2.62675
2.62716
2.62664
2.62097
2.62573
2.62701
2.62643
2.62663
2.62626
2.62669
2.62673
2.63022
2.63322
2.63089
2.62953
2.62909
2.6339
2.6294
2.62858
2.62847
2.62839
2.63595
2.63296
2.62774
2.62795
2.62821
2.62812
2.63273
2.62838
2.62842
2.62807
2.62807
2.62965
2.62859
2.62827
2.63078
2.63397
2.6313
2.63003
2.62947
2.63462
2.63055
2.6294
2.62902
2.62892
2.63723
2.63526
2.63005
2.62906
2.62879
2.62872
2.63671
2.63056
2.62934
2.62878
2.62858
2.631
2.62948
2.62888
171.699
184.882
184.505
194.209
190.78
204.942
207.805
210.484
153.954
165.028
180.382
175.925
187.065
189.677
200.181
199.455
214.039
211.85
220.353
225.659
235.425
227.836
226.588
247.302
249.335
243.111
161.194
135.507
153.983
178.214
193.996
177.613
199.249
217.335
232.893
226.11
242.395
244.826
252.959
254.367
264.536
263.149
268.585
271.806
277.227
258.876
267.811
252.111
134.351
152.834
154.938
177.828
200.974
178.954
202.404
229.87
246.496
230.999
249.386
259.99
270.706
261.413
270.624
275.231
278.849
275.307
271.885
264.565
248.297
253.199
157.725
181.876
206.916
184.098
206.979
232.02
248.056
231.671
244.511
259.725
266.224
251.752
256.071
265.284
251.248
248.12
233.653
237.668
201.683
218.488
223.455
207.545
228.036
229.281
210.288
230.913
104.549
59.8287
118.584
106.408
122.184
62.0375
57.759
59.8794
138.23
144.47
66.3052
64.9446
73.0509
151.57
83.719
86.5768
52.0077
106.394
98.3879
102.754
61.3503
61.4881
57.6063
55.4254
169.897
173.674
181.835
88.83
102.54
86.1223
110.777
179.846
111.551
72.6692
50.571
65.2154
44.3527
32.7317
35.6977
191.836
175.554
114.1
117.559
106.059
65.486
75.5748
31.5036
33.1913
35.4398
172.742
177.833
113.777
102.022
104.994
93.8635
40.2094
130.672
125.135
139.889
47.1631
53.7637
60.2221
72.7426
180.977
180.735
171.866
122.434
101.285
109.076
93.1949
99.7898
138.055
73.0739
145.845
128.501
74.5957
66.1632
44.5786
156.573
137.566
64.2504
73.5265
47.5133
93.1684
47.574
38.4807
42.878
46.6627
42.9034
36.5744
41.1339
37.6701
42.4743
48.2387
35.7375
36.4247
37.9762
53.4848
36.7794
42.3282
32.4827
47.3262
45.0626
44.3165
32.0775
37.5241
34.1865
40.9761
59.3966
49.1826
60.6762
37.7516
28.8415
36.15
24.0439
61.7552
21.8662
37.5339
32.5624
32.8484
31.2398
29.9089
29.6574
63.5807
60.8186
19.8467
22.78
26.9315
32.5273
33.8402
30.3934
30.3348
32.5553
61.1179
62.565
23.695
28.5132
26.6861
34.7834
33.7857
37.2913
37.5595
40.5953
31.8576
31.496
20.9359
16.699
62.7649
60.0237
59.6646
16.5185
29.9306
17.7539
29.0555
29.8734
42.3115
15.7739
41.8659
41.9036
16.4841
22.36
37.8981
46.5406
42.2992
28.2933
26.5401
37.4103
20.082
3.16646
2.04668
9.1115
5.14065
13.4435
1.85108
1.92159
1.98196
12.4725
5.43034
1.85659
1.95111
1.87047
3.14038
2.03034
2.83386
2.13612
3.08465
2.81928
3.54359
2.15074
2.09757
2.12909
2.01094
2.51058
3.09379
2.5083
2.06654
2.11737
2.01051
2.14148
2.49081
2.14655
3.7367
21.0366
15.8537
1.98845
5.69639
2.42303
2.39887
3.19127
2.04185
2.0358
1.91926
19.9286
6.05354
8.28101
2.75698
1.63932
3.07317
2.38395
1.99351
1.83389
1.89099
2.82763
2.00269
2.66399
2.27727
2.14658
2.01298
1.84026
2.07818
2.09495
2.3173
2.03739
2.2616
2.14743
1.95456
2.10779
1.98903
1.98853
2.23344
2.2068
2.08969
2.59719
2.10925
2.03551
1.93474
2.34122
2.67407
2.04002
2.00203
1.97395
2.19129
2.69143
2.36321
2.68857
2.70414
2.66762
2.51647
2.35508
2.50478
2.65661
2.69605
2.50791
2.50988
2.37484
2.67453
2.37542
2.65718
2.36444
2.68657
2.64881
2.69034
2.37839
2.36505
2.36116
2.34242
2.58005
2.64481
2.55609
2.3952
2.40997
2.40431
2.39616
2.53345
2.36072
2.6781
1.89831
2.4544
2.37776
2.67386
2.50176
2.5187
2.54964
2.39565
2.34177
2.40312
2.23473
2.59448
2.63471
2.51527
2.37579
2.58991
2.5638
2.34818
2.40777
2.36798
2.55453
2.26734
2.5274
2.3955
2.33771
2.23141
2.29194
2.26974
2.25327
2.51546
2.41437
2.46786
2.29681
2.3415
2.30629
2.33262
2.31693
2.34737
2.29342
2.47718
2.538
2.31853
2.3378
2.38891
2.46838
2.56914
2.34918
2.34971
2.37474
2.27082
2.53119
2.42173
2.48061
2.49079
2.4789
2.47019
2.45091
2.4667
2.47179
2.47198
2.46678
2.46002
2.43933
2.50883
2.4187
2.51262
2.40404
2.53476
2.51688
2.51349
2.41046
2.40592
2.40124
2.4209
2.48536
2.4922
2.48146
2.41127
2.42368
2.40959
2.41587
2.47362
2.41244
2.48233
2.57703
2.44903
2.4066
2.41867
2.40853
2.44326
2.43305
2.39678
2.4191
2.30075
2.43845
2.39718
2.42471
2.39255
2.39426
2.40284
2.39584
2.40228
2.24942
2.39634
2.43754
2.34444
2.40261
2.41189
2.39729
2.30669
2.35715
2.32469
2.3167
2.40991
2.38927
2.4053
2.35542
2.38079
2.36466
2.37319
2.3819
2.40261
2.34009
2.39294
2.37465
2.3303
2.3699
2.37572
2.40235
2.38774
2.38139
2.38751
2.38216
2.37634
2.47462
2.4504
2.46789
2.46224
2.46555
2.46609
2.46425
2.46546
2.46003
2.44731
2.46611
2.46177
2.45308
2.46071
2.4415
2.44165
2.4177
2.47534
2.45341
2.45104
2.43129
2.44122
2.42435
2.44197
2.45489
2.44187
2.45421
2.43509
2.43248
2.43134
2.42962
2.44243
2.41269
2.4094
2.38897
2.40135
2.39936
2.38897
2.38993
2.42568
2.42777
2.47618
2.41555
2.42609
2.40713
2.40992
2.42815
2.42009
2.42379
2.42502
2.426
2.42137
2.42092
2.40447
2.39614
2.39909
2.41046
2.401
2.45443
2.39328
2.38908
2.40762
2.40283
2.40044
2.40579
2.4238
2.41302
2.42163
2.42199
2.42303
2.416
2.42148
2.38781
2.38859
2.38441
2.40621
2.41835
2.36832
2.3832
2.3645
2.36923
2.3976
2.3943
2.39869
2.38865
2.39042
2.38597
2.38958
2.3934
2.4
2.37463
2.38014
2.38129
2.38377
2.37381
2.38368
2.3931
2.38329
2.39002
2.39197
2.3924
2.38639
2.45413
2.44986
2.46377
2.46387
2.46442
2.46166
2.46085
2.46121
2.46308
2.45832
2.46189
2.46034
2.45546
2.45656
2.4484
2.41176
2.40746
2.45206
2.42468
2.43874
2.43525
2.44574
2.42414
2.43423
2.44456
2.44984
2.44964
2.44544
2.43625
2.44978
2.43838
2.42422
2.42273
2.41248
2.41825
2.42367
2.42981
2.41988
2.42918
2.38839
2.3813
2.37352
2.37995
2.367
2.35842
2.42018
2.4038
2.41837
2.40348
2.4049
2.40208
2.41691
2.42446
2.41822
2.42094
2.41236
2.42166
2.41356
2.41973
2.40362
2.40367
2.40095
2.39556
2.40308
2.41162
2.40229
2.41689
2.4042
2.41606
2.39039
2.41321
2.42419
2.41724
2.42221
2.41834
2.42487
2.41924
2.4232
2.39487
2.40124
2.39461
2.40654
2.4161
2.39609
2.40171
2.39931
2.40229
2.39688
2.3958
2.39982
2.39096
2.39633
2.3952
2.39782
2.41356
2.38715
2.41647
2.42209
2.41864
2.4227
2.40479
2.40056
2.39608
2.41085
2.40988
2.4106
2.42758
2.39979
2.40943
2.40603
2.40525
2.41517
2.39751
2.44432
2.44048
2.45766
2.45561
2.45669
2.45154
2.44878
2.45188
2.45374
2.44917
2.44889
2.44632
2.44265
2.44334
2.43758
2.40194
2.40429
2.43962
2.41995
2.42761
2.43058
2.43596
2.41833
2.42241
2.43593
2.44521
2.43747
2.4369
2.43069
2.43665
2.427
2.41547
2.41686
2.41187
2.41818
2.41899
2.42829
2.4207
2.43013
2.38022
2.35778
2.35169
2.38801
2.35618
2.35604
2.40964
2.40419
2.41784
2.40803
2.41371
2.40528
2.42025
2.4247
2.41279
2.42155
2.41764
2.42768
2.41704
2.42424
2.38455
2.40142
2.37876
2.37967
2.39544
2.4202
2.40028
2.42331
2.40926
2.4256
2.40499
2.42996
2.42655
2.42279
2.42505
2.42758
2.42966
2.42494
2.42933
2.4064
2.4076
2.40625
2.41015
2.41783
2.40676
2.40858
2.41026
2.41622
2.39675
2.39729
2.40092
2.38546
2.39428
2.39701
2.40084
2.41906
2.37702
2.42298
2.4251
2.42169
2.42863
2.41482
2.41585
2.41458
2.42261
2.41613
2.41561
2.41836
2.40774
2.41241
2.40679
2.40907
2.41171
2.40171
2.43596
2.43225
2.44529
2.44086
2.44654
2.44005
2.43378
2.44085
2.43858
2.43645
2.4354
2.43128
2.42986
2.43158
2.42584
2.41061
2.42069
2.43123
2.4183
2.42026
2.42783
2.42827
2.42192
2.42128
2.42876
2.42672
2.4232
2.42705
2.424
2.41738
2.41344
2.41871
2.41321
2.39845
2.36772
2.37102
2.4137
2.41711
2.40779
2.42149
2.41309
2.4279
2.41085
2.42005
2.4158
2.4278
2.43203
2.42571
2.42935
2.43089
2.43375
2.43691
2.43228
2.38391
2.38799
2.39678
2.38365
2.39001
2.43764
2.41587
2.43945
2.42126
2.43605
2.41916
2.4364
2.43424
2.42789
2.43257
2.44329
2.43884
2.43213
2.43402
2.40671
2.40744
2.40938
2.4142
2.41988
2.41228
2.41009
2.41754
2.42002
2.39409
2.40107
2.40308
2.38485
2.39683
2.40396
2.40655
2.40537
2.41935
2.42051
2.41664
2.41653
2.41857
2.41726
2.41615
2.41035
2.41211
2.41001
2.4119
2.4132
2.40698
2.42996
2.42868
2.43722
2.42837
2.43525
2.43376
2.42398
2.42994
2.42649
2.42456
2.42727
2.42456
2.42215
2.42184
2.41958
2.43343
2.44492
2.42642
2.42738
2.42343
2.4287
2.42544
2.43217
2.4253
2.42008
2.40848
2.40674
2.41921
2.41438
2.39971
2.39655
2.41324
2.40963
2.4365
2.47216
2.4533
2.45956
2.57374
2.50083
2.41996
2.43849
2.41948
2.41714
2.39751
2.40448
2.41287
2.54736
2.47818
2.44433
2.45113
2.41727
2.41591
2.39223
2.41831
2.41764
2.43235
2.41131
2.42141
2.41891
2.42787
2.41415
2.42428
2.41645
2.40298
2.4086
2.4122
2.39939
2.41163
2.41313
2.41753
2.41471
2.42022
2.41928
2.41758
2.41631
2.41986
2.41823
2.41728
2.41372
2.41516
2.41556
2.41669
2.41809
2.4146
2.4281
2.42818
2.42777
2.42064
2.42487
2.42206
2.41905
2.42038
2.42277
2.42241
2.4222
2.42104
2.42303
2.41914
2.41971
2.45015
2.44757
2.42548
2.43474
2.42706
2.42887
2.42643
2.43423
2.42815
2.41258
2.39376
2.39348
2.41532
2.41157
2.3935
2.39402
2.40922
2.40941
2.47024
2.6098
2.52621
2.46308
2.54652
2.50267
2.42196
2.42212
2.4245
2.42451
2.42405
2.53232
2.46378
2.57894
2.514
2.4648
2.42179
2.42086
2.42589
2.42831
2.42633
2.44201
2.44324
2.41437
2.42646
2.41398
2.43491
2.41132
2.42522
2.40973
2.42086
2.41805
2.4239
2.41526
2.42814
2.42364
2.4288
2.42675
2.4185
2.41718
2.41899
2.41897
2.42155
2.42122
2.42138
2.42162
2.42201
2.42501
2.42643
2.42626
2.42468
2.42932
2.43144
2.42024
2.42022
2.41834
2.42231
2.42398
2.42037
2.42094
2.42379
2.42313
2.42361
2.42608
2.42187
2.42631
2.44338
2.44061
2.42851
2.43276
2.42826
2.43124
2.43147
2.43234
2.4282
2.41602
2.39922
2.40253
2.42164
2.4223
2.40871
2.41283
2.41501
2.4227
2.44978
2.4926
2.47352
2.44082
2.46239
2.45291
2.42736
2.42919
2.43107
2.43215
2.43446
2.48147
2.45549
2.46735
2.45636
2.44546
2.43443
2.43246
2.43851
2.44171
2.4394
2.44037
2.43741
2.41235
2.42646
2.41386
2.43176
2.41363
2.42697
2.41656
2.43368
2.42942
2.43458
2.43006
2.43878
2.43622
2.43991
2.44063
2.41977
2.42307
2.42439
2.42531
2.42672
2.42885
2.43005
2.43152
2.43111
2.43591
2.4369
2.43673
2.43693
2.43508
2.44056
2.42826
2.4304
2.42643
2.43748
2.439
2.43558
2.42988
2.43138
2.43738
2.43862
2.4392
2.43307
2.44167
2.44149
2.44635
2.43589
2.43536
2.43023
2.44109
2.44137
2.44179
2.43761
2.43181
2.4231
2.42629
2.4406
2.44177
2.43962
2.43956
2.43343
2.44422
2.44038
2.44996
2.44305
2.44695
2.44968
2.44369
2.43888
2.44183
2.44635
2.44563
2.44902
2.44444
2.44222
2.44836
2.44483
2.44609
2.45009
2.44653
2.4556
2.45829
2.45416
2.43797
2.44303
2.41765
2.43281
2.42557
2.4379
2.4243
2.44052
2.4358
2.44435
2.44309
2.44673
2.45137
2.45197
2.45049
2.45362
2.45758
2.43049
2.4394
2.43552
2.43742
2.44034
2.44208
2.4448
2.44256
2.44385
2.4498
2.44923
2.45123
2.45201
2.44748
2.45488
2.44871
2.44879
2.4465
2.46019
2.45829
2.45765
2.44898
2.44918
2.45935
2.45888
2.45943
2.45113
2.46063
2.45396
2.46158
2.44744
2.45025
2.44918
2.45561
2.45319
2.45864
2.46092
2.45271
2.45693
2.4523
2.46353
2.46284
2.47322
2.46373
2.45536
2.46549
2.45626
2.45706
2.45259
2.46537
2.46645
2.46373
2.45501
2.45797
2.46429
2.46338
2.46589
2.45314
2.45639
2.46576
2.4645
2.46786
2.4669
2.46239
2.47071
2.47366
2.46929
2.45191
2.46211
2.43457
2.4521
2.44771
2.45782
2.44707
2.46326
2.45934
2.46112
2.45955
2.462
2.4752
2.46894
2.46713
2.46886
2.47341
2.45036
2.46076
2.45227
2.45405
2.45828
2.46079
2.46268
2.45742
2.46
2.46618
2.46476
2.46752
2.466
2.46186
2.46806
2.47048
2.46626
2.46754
2.47899
2.47273
2.47562
2.46718
2.4688
2.47643
2.47407
2.47617
2.46905
2.4757
2.4686
2.47471
2.45856
2.46599
2.47123
2.46811
2.46294
2.47238
2.47936
2.47186
2.48353
2.47392
2.47552
2.47909
2.48982
2.48327
2.47409
2.4815
2.47303
2.4744
2.47331
2.4795
2.4798
2.47933
2.47117
2.47336
2.47836
2.47777
2.4796
2.47527
2.47758
2.48236
2.48309
2.48436
2.48007
2.47641
2.48336
2.48539
2.48253
2.47156
2.47913
2.45838
2.47264
2.46855
2.47714
2.47061
2.47828
2.47545
2.47507
2.47305
2.47453
2.48454
2.47972
2.47737
2.47903
2.48225
2.46954
2.47576
2.46945
2.47072
2.47119
2.47576
2.4774
2.47175
2.47445
2.4786
2.47716
2.47996
2.47497
2.47438
2.481
2.4859
2.47872
2.4826
2.49151
2.48457
2.48905
2.48035
2.48211
2.48816
2.48631
2.48723
2.48131
2.48632
2.47987
2.4844
2.46796
2.47779
2.48268
2.47956
2.4743
2.48269
2.48374
2.48504
2.49409
2.49082
2.48424
2.49
2.4972
2.4964
2.48751
2.49197
2.48504
2.48397
2.48375
2.4895
2.48734
2.48732
2.48353
2.48501
2.48793
2.48821
2.48936
2.48813
2.48877
2.49031
2.4912
2.49071
2.4897
2.48767
2.49164
2.49293
2.4919
2.48403
2.48721
2.4794
2.48155
2.4793
2.48682
2.48529
2.48277
2.48077
2.48351
2.48099
2.48294
2.48959
2.48655
2.48433
2.48631
2.4891
2.47935
2.48021
2.48065
2.4823
2.47763
2.48305
2.48437
2.48171
2.48427
2.48609
2.48604
2.4867
2.48323
2.48869
2.49661
2.49627
2.4904
2.49464
2.50043
2.49721
2.49947
2.49111
2.49178
2.49605
2.49393
2.49554
2.49014
2.49294
2.48825
2.49154
2.48137
2.48686
2.48339
2.49057
2.48912
2.49059
2.48271
2.49314
2.49587
2.49916
2.49177
2.49514
2.49181
2.49999
2.49429
2.4954
2.49279
2.49023
2.49019
2.49514
2.4927
2.49256
2.49198
2.4928
2.49228
2.49394
2.49479
2.49323
2.4917
2.49454
2.49465
2.49245
2.49523
2.49483
2.49559
2.49678
2.49711
2.48934
2.49076
2.48839
2.48344
2.48016
2.48948
2.49042
2.4842
2.47881
2.48932
2.48701
2.48934
2.49192
2.49178
2.48984
2.49209
2.49423
2.48026
2.48102
2.48305
2.48434
2.48109
2.4834
2.48521
2.48897
2.48857
2.48945
2.49274
2.49094
2.48929
2.50435
2.51154
2.50433
2.50411
2.50409
2.50725
2.51209
2.50788
2.49612
2.49783
2.5009
2.49961
2.49995
2.49569
2.49806
2.49467
2.49731
2.49678
2.49419
2.48467
2.49977
2.50321
2.49732
2.4892
2.49584
2.48993
2.49833
2.4966
2.49595
2.49482
2.49702
2.49523
2.49495
2.49661
2.4947
2.49443
2.49756
2.49632
2.49608
2.49431
2.49495
2.49205
2.49313
2.4941
2.49566
2.49329
2.49677
2.49628
2.49418
2.49769
2.49855
2.49633
2.49814
2.49951
2.49218
2.49373
2.49219
2.48543
2.47819
2.49294
2.49409
2.48704
2.47971
2.49402
2.49183
2.49445
2.4937
2.49612
2.49327
2.49638
2.49739
2.48293
2.48683
2.48559
2.48734
2.48727
2.48723
2.48869
2.49708
2.4925
2.49025
2.49692
2.49228
2.49375
2.51197
2.50884
2.50906
2.51948
2.51022
2.50896
2.52254
2.50942
2.50403
2.50308
2.50742
2.50784
2.50493
2.49974
2.50056
2.499
2.49977
2.50555
2.49938
2.49236
2.50226
2.50346
2.50055
2.49364
2.4956
2.49697
2.49495
2.49785
2.49517
2.49756
2.49306
2.49413
2.49337
2.49823
2.49753
2.4973
2.49857
2.49835
2.49806
2.49154
2.4926
2.49164
2.49111
2.49154
2.49684
2.49512
2.49775
2.49729
2.49567
2.49801
2.4998
2.49526
2.49701
2.49978
2.4951
2.49606
2.49597
2.48899
2.48411
2.4963
2.49651
2.49118
2.48959
2.49781
2.49376
2.49768
2.49476
2.49863
2.49392
2.49822
2.49788
2.49132
2.49901
2.48842
2.48926
2.49818
2.49052
2.49098
2.4922
2.4917
2.49029
2.49088
2.48693
2.49311
2.50641
2.50468
2.5084
2.52175
2.508
2.50844
2.51807
2.50795
2.5099
2.50627
2.50852
2.50976
2.50644
2.5013
2.5011
2.5
2.49996
2.5009
2.50105
2.49427
2.50072
2.49897
2.50111
2.49501
2.49423
2.49588
2.49095
2.49629
2.49325
2.49389
2.48908
2.49242
2.49145
2.49863
2.49868
2.49836
2.49839
2.4985
2.49814
2.4908
2.49101
2.49147
2.4913
2.49127
2.49731
2.49549
2.49732
2.49671
2.49445
2.49626
2.49855
2.49488
2.49551
2.49699
2.49602
2.49513
2.4954
2.49322
2.49425
2.49507
2.4937
2.49467
2.49411
2.49834
2.49359
2.49763
2.49325
2.49658
2.49308
2.496
2.49557
2.50393
2.50233
2.49548
2.49497
2.5125
2.50477
2.50075
2.49321
2.48152
2.49136
2.49599
2.49396
2.49385
2.5027
2.50059
2.50724
2.51292
2.50724
2.50464
2.5074
2.50467
2.50721
2.50485
2.50206
2.50371
2.50268
2.49972
2.49748
2.49963
2.49887
2.49762
2.50098
2.49573
2.49945
2.49607
2.5005
2.49582
2.49247
2.49256
2.48761
2.49339
2.49197
2.4918
2.48683
2.49079
2.49061
2.4978
2.49788
2.49748
2.49687
2.49684
2.4965
2.49143
2.49173
2.49172
2.49152
2.49194
2.49559
2.49282
2.49484
2.49414
2.49104
2.49403
2.49463
2.49241
2.49285
2.49252
2.49378
2.49291
2.49214
2.49435
2.49154
2.49133
2.49102
2.49287
2.489
2.49357
2.49285
2.49359
2.49007
2.49053
2.49196
2.49118
2.49171
2.50032
2.49861
2.51011
2.50978
2.50928
2.5096
2.51543
2.49754
2.50277
2.50131
2.49842
2.50543
2.49521
2.49826
2.49572
2.50322
2.50238
2.50315
2.5009
2.49783
2.50108
2.50024
2.49973
2.49646
2.49688
2.49669
2.49481
2.49277
2.49774
2.49642
2.49382
2.49902
2.49557
2.4966
2.49209
2.49702
2.49493
2.49212
2.49181
2.48738
2.4906
2.49217
2.49154
2.48869
2.49133
2.49214
2.49568
2.49556
2.49541
2.4944
2.49436
2.49435
2.49169
2.49197
2.4929
2.49169
2.4921
2.49272
2.4896
2.49236
2.49178
2.48944
2.49193
2.49081
2.49054
2.49102
2.48958
2.49251
2.49281
2.49095
2.49229
2.48836
2.48844
2.49145
2.49217
2.49002
2.48764
2.49056
2.48888
2.48467
2.48551
2.48925
2.48726
2.48849
2.4974
2.49655
2.50623
2.51076
2.50216
2.50226
2.50524
2.4973
2.50224
2.4973
2.49589
2.49853
2.49345
2.49321
2.49036
2.49494
2.49295
2.49375
2.48525
2.48877
2.48094
2.4957
2.49385
2.49842
2.4963
2.49087
2.49215
2.49262
2.49549
2.4948
2.49083
2.49491
2.49539
2.49368
2.49046
2.49355
2.49645
2.49313
2.49129
2.49079
2.48961
2.49409
2.4914
2.49241
2.49301
2.49374
2.49313
2.49344
2.49359
2.49229
2.49276
2.49305
2.49204
2.49261
2.49411
2.492
2.49284
2.49166
2.49025
2.492
2.49238
2.49152
2.49046
2.49016
2.49027
2.49137
2.49218
2.49398
2.49707
2.49294
2.49257
2.49291
2.4864
2.49743
2.49198
2.49391
2.48495
2.48809
2.48683
2.48203
2.48651
2.48742
2.48757
2.48892
2.49639
2.49653
2.49948
2.50192
2.49889
2.49784
2.50018
2.49447
2.49598
2.49372
2.49379
2.49461
2.49108
2.48862
2.48899
2.48289
2.48728
2.47468
2.48716
2.48989
2.48024
2.4951
2.48853
2.49388
2.48995
2.48689
2.49273
2.49189
2.49433
2.49404
2.49063
2.49343
2.49606
2.49251
2.49068
2.49381
2.49426
2.49476
2.49177
2.49385
2.49065
2.49492
2.49174
2.49483
2.49502
2.49624
2.49214
2.49267
2.49294
2.49263
2.49313
2.49331
2.49232
2.49291
2.49527
2.49279
2.49345
2.49366
2.49268
2.49397
2.49499
2.49406
2.49287
2.49484
2.4935
2.49467
2.49748
2.49929
2.49847
2.5019
2.4911
2.49289
2.4889
2.50532
2.49081
2.49201
2.49015
2.48738
2.48984
2.48905
2.49401
2.48815
2.49254
2.49435
2.49643
2.49598
2.49727
2.50011
2.49893
2.49702
2.49982
2.49399
2.49462
2.49427
2.49476
2.49521
2.49185
2.49065
2.49177
2.4908
2.49276
2.48855
2.48893
2.49024
2.49145
2.48464
2.4842
2.48481
2.48354
2.48323
2.48993
2.48792
2.49408
2.49449
2.49075
2.49417
2.49264
2.49297
2.49107
2.49449
2.49226
2.49391
2.49161
2.49502
2.48692
2.49165
2.49222
2.49466
2.49667
2.49664
2.49367
2.4938
2.49394
2.49507
2.49478
2.4947
2.49326
2.49429
2.49737
2.49424
2.49539
2.49598
2.49543
2.49557
2.49632
2.49604
2.49669
2.49958
2.49723
2.49858
2.5007
2.49622
2.49546
2.50667
2.49114
2.49333
2.49179
2.50489
2.49194
2.49507
2.49794
2.49036
2.49581
2.4983
2.50073
2.49365
2.49874
2.50036
2.49613
2.49643
2.49661
2.49963
2.49803
2.49703
2.49958
2.49589
2.49649
2.49705
2.49698
2.49782
2.49522
2.49305
2.4952
2.49114
2.48494
2.50345
2.50085
2.48518
2.52161
2.48165
2.48416
2.47407
2.46911
2.4837
2.48706
2.48775
2.49517
2.49612
2.49201
2.49483
2.49289
2.49419
2.49336
2.49535
2.49398
2.48877
2.49315
2.49433
2.48224
2.48649
2.49461
2.4943
2.49691
2.4976
2.4967
2.49581
2.49562
2.49843
2.49681
2.49642
2.49542
2.49666
2.49957
2.49696
2.49799
2.49609
2.49565
2.49602
2.49591
2.49475
2.50016
2.50108
2.49989
2.50143
2.50139
2.49458
2.49393
2.50269
2.49343
2.49738
2.49113
2.50019
2.49507
2.49893
2.50201
2.49776
2.50099
2.50387
2.50334
2.50048
2.50246
2.50397
2.49712
2.49771
2.49748
2.49968
2.49821
2.49804
2.49991
2.49816
2.49928
2.49976
2.4993
2.50036
2.49966
2.49556
2.49266
2.51524
2.48804
2.52536
2.50574
2.4863
2.50215
2.4505
2.48113
2.46112
2.44436
2.48196
2.49037
2.49655
2.49735
2.49891
2.49423
2.49614
2.49508
2.49538
2.49434
2.49722
2.49608
2.48584
2.49614
2.49462
2.48419
2.4869
2.4973
2.49526
2.49844
2.49983
2.50019
2.49797
2.49732
2.5023
2.49945
2.49838
2.49868
2.49947
2.50169
2.50052
2.5009
2.49607
2.49416
2.49738
2.49687
2.49461
2.50259
2.50154
2.50195
2.50357
2.50203
2.49389
2.49431
2.49658
2.49651
2.50006
2.49233
2.49452
2.49764
2.50088
2.50442
2.50295
2.50368
2.50668
2.50492
2.50466
2.50401
2.50583
2.4982
2.49847
2.49896
2.50022
2.50016
2.49959
2.50056
2.5001
2.5013
2.5016
2.50075
2.50191
2.50274
2.48904
2.4868
2.47988
2.48385
2.47113
2.45662
2.48276
2.44603
2.44873
2.48878
2.46754
2.45827
2.50377
2.5041
2.50686
2.50056
2.50201
2.49425
2.4986
2.49725
2.49788
2.49473
2.50018
2.49887
2.49029
2.49778
2.49635
2.49501
2.49465
2.49772
2.49765
2.50133
2.50287
2.50425
2.50134
2.49966
2.50514
2.50387
2.50171
2.50224
2.50228
2.50336
2.50362
2.50336
2.49864
2.4969
2.50178
2.50097
2.49971
2.50449
2.50227
2.50385
2.50525
2.50285
2.49568
2.49845
2.492
2.49845
2.50111
2.49429
2.48986
2.49929
2.50121
2.50494
2.50497
2.50374
2.50527
2.50493
2.50453
2.50346
2.50551
2.49865
2.49913
2.5009
2.50096
2.50194
2.50184
2.5014
2.50128
2.50237
2.50251
2.5019
2.50262
2.5034
2.48963
2.49613
2.45016
2.48634
2.44243
2.46523
2.49553
2.46835
2.47756
2.52953
2.4905
2.5044
2.53678
2.5062
2.51073
2.50309
2.50394
2.49655
2.50153
2.50109
2.50183
2.49985
2.50259
2.50352
2.4982
2.49762
2.49972
2.50098
2.50063
2.4982
2.50228
2.50445
2.50598
2.50523
2.5069
2.50441
2.5054
2.50919
2.50649
2.50491
2.5045
2.50473
2.5058
2.50547
2.50388
2.50267
2.50799
2.50658
2.50588
2.50585
2.50382
2.50513
2.50631
2.50484
2.50157
2.50404
2.48958
2.50045
2.50117
2.49957
2.49091
2.50228
2.50169
2.50439
2.50385
2.50318
2.50302
2.50392
2.50324
2.50309
2.5048
2.50011
2.50156
2.50278
2.50179
2.50308
2.50358
2.50231
2.50265
2.50279
2.5031
2.50341
2.50297
2.50309
2.50311
2.50922
2.48711
2.50527
2.49185
2.51263
2.51284
2.50878
2.52569
2.52796
2.52022
2.53201
2.52338
2.51334
2.51444
2.50477
2.50594
2.504
2.50359
2.50571
2.50656
2.5082
2.50487
2.50767
2.50288
2.4996
2.50486
2.50611
2.50482
2.50196
2.50715
2.50729
2.50852
2.50549
2.5103
2.50804
2.50616
2.51105
2.50952
2.50691
2.50666
2.50593
2.50798
2.50792
2.50892
2.51014
2.513
2.51147
2.51486
2.50696
2.50588
2.50682
2.50774
2.50701
2.50596
2.50845
2.49303
2.50462
2.50298
2.50485
2.49645
2.50726
2.50537
2.50339
2.50279
2.50321
2.50222
2.50337
2.50303
2.50372
2.50529
2.50355
2.50643
2.5046
2.50325
2.50584
2.50586
2.50465
2.5043
2.50337
2.50412
2.50528
2.50399
2.50361
2.51398
2.51723
2.53081
2.5183
2.5215
2.53603
2.52129
2.52634
2.53441
2.52288
2.55449
2.53731
2.52292
2.51612
2.51717
2.50742
2.50912
2.51187
2.50617
2.50961
2.51052
2.51476
2.50753
2.51124
2.50696
2.50435
2.50881
2.51006
2.50923
2.50603
2.51097
2.50956
2.51069
2.5075
2.51219
2.51101
2.50934
2.51376
2.51284
2.50947
2.50948
2.50858
2.51111
2.51127
2.51441
2.51796
2.51867
2.51865
2.51943
2.50886
2.50836
2.50954
2.51017
2.51
2.51138
2.51419
2.50066
2.51032
2.5085
2.51096
2.50526
2.5132
2.51201
2.50379
2.50376
2.50459
2.50425
2.50518
2.50501
2.50597
2.50787
2.50961
2.51284
2.50792
2.50677
2.51009
2.50997
2.5091
2.50653
2.50493
2.50685
2.50797
2.50636
2.50596
2.51931
2.52068
2.5313
2.52224
2.52557
2.52647
2.52234
2.52382
2.53353
2.5218
2.53163
2.52824
2.52056
2.51739
2.51742
2.51142
2.51455
2.51704
2.50941
2.51304
2.51536
2.51891
2.51215
2.51517
2.51151
2.50758
2.5127
2.51248
2.51333
2.50989
2.51394
2.51208
2.51382
2.51236
2.51585
2.51452
2.51664
2.51853
2.5168
2.51327
2.51344
2.51369
2.51558
2.51539
2.52343
2.52028
2.52808
2.5298
2.5215
2.51183
2.51199
2.51335
2.51363
2.51427
2.5165
2.51827
2.51019
2.51565
2.5153
2.51586
2.51605
2.51752
2.5185
2.5073
2.50674
2.50789
2.50859
2.50965
2.50872
2.51022
2.51237
2.5158
2.51832
2.51244
2.51151
2.51485
2.51439
2.51364
2.50941
2.50837
2.51026
2.5109
2.5103
2.50987
2.52164
2.52235
2.52383
2.52227
2.52265
2.52263
2.52223
2.52195
2.52472
2.51994
2.52297
2.52276
2.51976
2.51779
2.51846
2.51819
2.52183
2.52056
2.51585
2.51746
2.52203
2.52195
2.52026
2.51993
2.51497
2.51253
2.51503
2.51549
2.51644
2.51483
2.51614
2.51563
2.51734
2.52029
2.52112
2.51998
2.52221
2.52353
2.52373
2.51805
2.51727
2.51903
2.52029
2.51876
2.53196
2.52187
2.52765
2.52759
2.52228
2.51574
2.51682
2.51761
2.51785
2.51923
2.51953
2.5204
2.52002
2.51892
2.52043
2.5181
2.52179
2.51957
2.52073
2.51273
2.51126
2.51301
2.51369
2.51562
2.51381
2.51586
2.5179
2.51986
2.52061
2.51611
2.51548
2.51898
2.51729
2.51688
2.51313
2.51255
2.51381
2.51523
2.51447
2.5147
2.52286
2.52316
2.52193
2.52223
2.52156
2.5216
2.52229
2.52138
2.52198
2.51994
2.52132
2.52174
2.52034
2.51934
2.52024
2.5251
2.5274
2.52295
2.52502
2.52214
2.52632
2.52349
2.52956
2.52381
2.51773
2.51687
2.51716
2.51783
2.51871
2.51825
2.51812
2.51886
2.5202
2.52292
2.52498
2.52584
2.52325
2.52512
2.52541
2.52209
2.52065
2.52356
2.52302
2.52174
2.52479
2.52239
2.52404
2.5235
2.52241
2.52008
2.52182
2.52144
2.52215
2.52387
2.52117
2.52178
2.52172
2.51995
2.52059
2.52001
2.52094
2.52047
2.5204
2.51839
2.51637
2.51852
2.51822
2.52085
2.51875
2.52081
2.52288
2.52099
2.5214
2.51783
2.51789
2.52071
2.51846
2.5188
2.51752
2.5164
2.5173
2.51948
2.5182
2.51925
2.52334
2.52352
2.52168
2.52243
2.52143
2.52198
2.52267
2.52166
2.52183
2.52086
2.52201
2.52231
2.5215
2.52119
2.52243
2.52895
2.52965
2.52371
2.53259
2.52472
2.52719
2.52376
2.53382
2.52505
2.51961
2.51915
2.51872
2.51921
2.5205
2.52103
2.51955
2.52121
2.52271
2.52333
2.5239
2.52361
2.52291
2.52228
2.52159
2.52368
2.52295
2.52689
2.52447
2.52434
2.52249
2.52215
2.52098
2.52161
2.52172
2.52416
2.52517
2.52467
2.52532
2.52607
2.52211
2.52195
2.52063
2.52085
2.52069
2.5208
2.5204
2.52086
2.52102
2.52294
2.52095
2.52252
2.52169
2.52465
2.52304
2.52385
2.52573
2.52164
2.52164
2.51866
2.51951
2.52206
2.51926
2.52034
2.52113
2.51997
2.52094
2.52272
2.52159
2.52307
2.52377
2.52406
2.5225
2.52295
2.52212
2.52317
2.52329
2.52276
2.52312
2.52227
2.52385
2.52396
2.5231
2.5243
2.52573
2.52951
2.52866
2.52387
2.53326
2.52501
2.52656
2.524
2.53133
2.52478
2.52147
2.52276
2.51993
2.52169
2.52239
2.5247
2.52021
2.5242
2.52514
2.52234
2.52079
2.51978
2.52206
2.51993
2.51868
2.52453
2.5252
2.52955
2.5261
2.5268
2.52111
2.52136
2.52027
2.52065
2.52119
2.52642
2.52691
2.52731
2.52761
2.52733
2.52143
2.52112
2.5202
2.52083
2.52171
2.51999
2.51999
2.52078
2.52202
2.52566
2.52478
2.52475
2.52363
2.52646
2.5259
2.52552
2.52724
2.52254
2.5228
2.51991
2.52124
2.52325
2.52067
2.52188
2.52394
2.52297
2.5236
2.52507
2.52386
2.52577
2.52433
2.52452
2.52387
2.52368
2.52346
2.52449
2.52409
2.52413
2.52452
2.5236
2.52502
2.52474
2.52367
2.52575
2.52479
2.52734
2.52583
2.52417
2.52886
2.52449
2.5261
2.52433
2.52688
2.52428
2.5228
2.52506
2.52084
2.52306
2.52231
2.52371
2.52056
2.5256
2.52535
2.52211
2.5199
2.51887
2.52269
2.52086
2.52016
2.52749
2.5283
2.52986
2.52911
2.52892
2.5206
2.52134
2.52075
2.52086
2.52175
2.52809
2.52797
2.52915
2.52815
2.52835
2.52111
2.52144
2.52024
2.52082
2.52181
2.52044
2.52047
2.52096
2.52122
2.52636
2.5268
2.52615
2.52471
2.52626
2.52769
2.52677
2.52705
2.52258
2.52231
2.52129
2.5223
2.5233
2.52237
2.52259
2.52583
2.52441
2.52496
2.52625
2.52512
2.52815
2.52466
2.5248
2.52506
2.52451
2.52476
2.52562
2.52492
2.52535
2.52471
2.52357
2.52543
2.52466
2.52353
2.52356
2.52283
2.52482
2.52457
2.52441
2.5259
2.52414
2.52551
2.52439
2.52477
2.52409
2.52148
2.52365
2.52097
2.52055
2.52052
2.52297
2.52073
2.52455
2.52345
2.52382
2.52235
2.5219
2.52508
2.52401
2.52365
2.5292
2.52855
2.52845
2.52892
2.52835
2.52146
2.52237
2.52265
2.52229
2.52311
2.52822
2.52782
2.52854
2.52824
2.52734
2.52204
2.52283
2.52099
2.52134
2.52099
2.52203
2.52154
2.52191
2.52103
2.52644
2.52866
2.5278
2.52627
2.52674
2.52985
2.5291
2.52684
2.52219
2.52226
2.52315
2.52286
2.52404
2.52383
2.52361
2.52663
2.5255
2.52618
2.52691
2.52585
2.52966
2.52497
2.52518
2.52623
2.52538
2.52598
2.52684
2.52587
2.52661
2.52485
2.52376
2.52634
2.52539
2.52436
2.52245
2.52276
2.52452
2.52419
2.52427
2.52346
2.52398
2.52256
2.52406
2.52161
2.52361
2.52011
2.52196
2.52058
2.51979
2.52035
2.52132
2.52035
2.52256
2.52249
2.52604
2.52553
2.52491
2.52675
2.52664
2.52585
2.52825
2.52788
2.52673
2.52789
2.52754
2.52321
2.52387
2.52451
2.52402
2.52464
2.52817
2.52647
2.52779
2.52856
2.52657
2.52368
2.52456
2.52231
2.52269
2.52147
2.52393
2.52301
2.52353
2.52206
2.52802
2.53038
2.53052
2.52764
2.53027
2.53069
2.5319
2.52715
2.52253
2.52284
2.52425
2.52447
2.52448
2.52445
2.52468
2.52722
2.52644
2.52719
2.52734
2.52692
2.53017
2.52536
2.52561
2.52732
2.52647
2.52711
2.52761
2.52732
2.52736
2.52623
2.52545
2.52832
2.52722
2.52692
2.52365
2.52498
2.52352
2.52344
2.52384
2.51982
2.52271
2.52006
2.52355
2.51928
2.52123
2.52129
2.52119
2.52093
2.52223
2.52271
2.52164
2.52195
2.52324
2.5244
2.52688
2.52711
2.52708
2.5274
2.52816
2.52826
2.52805
2.52764
2.52696
2.52886
2.52828
2.52472
2.52553
2.52654
2.52551
2.52666
2.52962
2.52766
2.53007
2.53087
2.52937
2.52547
2.52644
2.52392
2.52449
2.52295
2.52591
2.52488
2.52558
2.524
2.53212
2.53106
2.53265
2.52945
2.53281
2.5315
2.53291
2.5306
2.52331
2.52402
2.52446
2.5248
2.52417
2.52442
2.52486
2.52735
2.52707
2.52752
2.52751
2.52719
2.5302
2.52622
2.52749
2.52785
2.52861
2.52767
2.52831
2.53017
2.52817
2.52831
2.52855
2.53059
2.52924
2.53002
2.52655
2.5281
2.52435
2.52577
2.52374
2.52013
2.5198
2.52435
2.52521
2.52233
2.52008
2.52449
2.52269
2.52333
2.52596
2.52637
2.52407
2.52497
2.52589
2.5275
2.52875
2.52941
2.52896
2.52995
2.52952
2.52879
2.53011
2.52942
2.52899
2.53137
2.5307
2.52653
2.52801
2.52991
2.52764
2.5295
2.53221
2.53124
2.53297
2.53348
2.5327
2.52751
2.52878
2.52592
2.52682
2.52544
2.52789
2.52685
2.52823
2.52697
2.53317
2.53159
2.53294
2.53112
2.53393
2.53162
2.53313
2.53311
2.52508
2.52641
2.52426
2.52508
2.52458
2.52458
2.52565
2.5276
2.52723
2.52776
2.52792
2.52743
2.53025
2.52932
2.53144
2.52922
2.53195
2.52923
2.53045
2.53356
2.53068
2.53027
2.5312
2.53204
2.53129
2.53215
2.52963
2.53103
2.5275
2.52953
2.52778
2.52556
2.52218
2.53194
2.5307
2.52909
2.52544
2.52797
2.52557
2.52679
2.52908
2.52944
2.5271
2.52848
2.52908
2.53047
2.53006
2.52947
2.52871
2.52981
2.52977
2.52864
2.53269
2.53178
2.53155
2.53356
2.53252
2.52882
2.53111
2.5334
2.53002
2.53269
2.53407
2.53356
2.53402
2.53423
2.53407
2.53028
2.53199
2.52781
2.52977
2.52858
2.53064
2.52935
2.53136
2.53054
2.53376
2.53147
2.53311
2.53213
2.53356
2.53111
2.53272
2.53387
2.52807
2.52986
2.52599
2.52694
2.52792
2.52744
2.52846
2.52847
2.52798
2.52881
2.52919
2.52872
2.53049
2.53343
2.53496
2.53168
2.53449
2.53215
2.53267
2.53502
2.53329
2.53216
2.53283
2.53353
2.53302
2.53333
2.53218
2.53304
2.53188
2.53429
2.53327
2.53143
2.52969
2.53897
2.53556
2.5342
2.53406
2.53109
2.52852
2.5301
2.53096
2.53192
2.53021
2.53182
2.53178
2.53298
2.52996
2.53005
2.5286
2.53035
2.53015
2.5284
2.5345
2.53327
2.53382
2.53519
2.53387
2.53097
2.53402
2.53508
2.53166
2.53494
2.53407
2.53396
2.5339
2.53395
2.53369
2.53375
2.53543
2.53093
2.53289
2.53241
2.53346
2.53253
2.53424
2.53419
2.53301
2.53053
2.53218
2.5317
2.5323
2.53041
2.5318
2.53325
2.53175
2.53343
2.52947
2.53031
2.53213
2.53123
2.53203
2.52996
2.52971
2.53072
2.53087
2.53083
2.53118
2.5356
2.53531
2.53331
2.53496
2.53402
2.53355
2.53425
2.53414
2.53357
2.534
2.5342
2.53373
2.53493
2.53407
2.53504
2.5359
2.54018
2.53691
2.53921
2.53733
2.54139
2.53684
2.54551
2.53849
2.53343
2.5316
2.53283
2.5341
2.53541
2.53297
2.53418
2.53394
2.53495
2.53049
2.53062
2.52875
2.53192
2.53122
2.52936
2.53596
2.53452
2.53569
2.53644
2.53499
2.53248
2.53549
2.53539
2.53281
2.5359
2.53393
2.53361
2.53391
2.53401
2.53351
2.53701
2.53814
2.53408
2.53522
2.53544
2.53489
2.53609
2.5358
2.53644
2.53178
2.53114
2.53191
2.53247
2.53166
2.53191
2.53261
2.53316
2.53488
2.53612
2.53301
2.53365
2.53548
2.53462
2.53512
2.53206
2.53206
2.53315
2.53316
2.53325
2.53289
2.53439
2.53327
2.53332
2.53299
2.53349
2.53316
2.53209
2.53261
2.53409
2.53495
2.53473
2.53417
2.5374
2.53568
2.53752
2.54603
2.54651
2.53591
2.54855
2.53828
2.53988
2.53449
2.54567
2.53745
2.53634
2.53444
2.53535
2.53682
2.53624
2.53559
2.5357
2.53591
2.53653
2.53609
2.53192
2.5303
2.53978
2.53362
2.53372
2.5369
2.53552
2.53683
2.53718
2.53602
2.53235
2.53633
2.53575
2.53383
2.53667
2.53444
2.53372
2.53515
2.53519
2.53399
2.53876
2.53878
2.5377
2.53614
2.53691
2.5365
2.5384
2.53643
2.53697
2.53248
2.53313
2.53378
2.53391
2.53362
2.53412
2.53505
2.53472
2.53701
2.53756
2.53614
2.53637
2.53783
2.53715
2.53732
2.53432
2.53437
2.53525
2.53529
2.53536
2.53483
2.53288
2.53372
2.53343
2.53202
2.53279
2.53438
2.53279
2.53362
2.53468
2.53928
2.53542
2.53411
2.53846
2.53811
2.53713
2.54386
2.54067
2.53355
2.54204
2.53639
2.53684
2.53341
2.53905
2.53602
2.53619
2.53633
2.53584
2.53634
2.53619
2.53627
2.53598
2.53672
2.53681
2.54172
2.53473
2.53612
2.54029
2.53552
2.53619
2.53746
2.5365
2.5372
2.53774
2.53696
2.53518
2.53715
2.53719
2.53601
2.53761
2.53607
2.53472
2.53725
2.53691
2.53551
2.53818
2.53731
2.53882
2.53671
2.53698
2.53678
2.5391
2.53699
2.53721
2.53489
2.53528
2.53627
2.53554
2.53591
2.53632
2.53732
2.53674
2.53789
2.53819
2.53772
2.53792
2.53879
2.53827
2.5384
2.53615
2.53622
2.5368
2.53698
2.53699
2.53667
2.53541
2.53744
2.53484
2.53362
2.53414
2.53554
2.53737
2.53424
2.53521
2.53632
2.53537
2.53809
2.53584
2.53654
2.53652
2.53809
2.53633
2.53421
2.53697
2.53579
2.53591
2.53562
2.53603
2.53588
2.53627
2.53628
2.53621
2.53619
2.53661
2.53669
2.53641
2.5369
2.53704
2.53738
2.53574
2.53574
2.53447
2.53478
2.53406
2.53795
2.53733
2.53734
2.53817
2.53763
2.53669
2.53721
2.53738
2.53623
2.53658
2.53765
2.53654
2.53929
2.53819
2.53767
2.53702
2.53728
2.53907
2.53728
2.53777
2.53686
2.53875
2.5378
2.53852
2.53681
2.53728
2.53814
2.53676
2.53771
2.53809
2.53883
2.5383
2.5385
2.5389
2.53855
2.53869
2.53917
2.5389
2.53897
2.53772
2.5377
2.53809
2.5385
2.53838
2.53825
2.53946
2.53985
2.53929
2.54276
2.53941
2.5443
2.54471
2.54497
2.53875
2.53732
2.54153
2.53983
2.53807
2.53703
2.53815
2.53511
2.53423
2.53662
2.53533
2.53623
2.53563
2.5367
2.5347
2.53613
2.53712
2.5374
2.53688
2.53728
2.53774
2.53815
2.53732
2.5373
2.53766
2.53249
2.53276
2.53098
2.53104
2.53022
2.52808
2.53831
2.53786
2.53746
2.53844
2.53809
2.53512
2.53654
2.53559
2.53415
2.53669
2.53856
2.53866
2.54019
2.53885
2.53932
2.53743
2.53786
2.5386
2.53839
2.53914
2.53809
2.53867
2.53898
2.53975
2.53833
2.53881
2.53935
2.53776
2.53885
2.53937
2.53979
2.53957
2.53927
2.53967
2.53909
2.53913
2.53953
2.53939
2.5394
2.53924
2.53903
2.53935
2.53991
2.53963
2.53942
2.53991
2.53999
2.5464
2.54397
2.54546
2.54498
2.54265
2.54418
2.54109
2.53832
2.54261
2.54124
2.53864
2.53868
2.53923
2.53414
2.53528
2.53704
2.53494
2.53572
2.53733
2.53754
2.53629
2.53624
2.53832
2.53893
2.53791
2.53845
2.53895
2.5396
2.53845
2.53811
2.53859
2.53053
2.52895
2.52746
2.53211
2.53072
2.52986
2.53855
2.53825
2.53764
2.53868
2.53853
2.5348
2.53707
2.53739
2.53676
2.53993
2.53909
2.53968
2.54035
2.53914
2.53989
2.53872
2.53991
2.53913
2.53977
2.54027
2.53993
2.54022
2.54038
2.54094
2.53928
2.53965
2.54011
2.53845
2.53974
2.53997
2.54045
2.54058
2.54012
2.54066
2.53965
2.53968
2.54014
2.54003
2.54021
2.54046
2.5402
2.54039
2.541
2.54069
2.54016
2.54044
2.5415
2.54341
2.54179
2.54317
2.54276
2.54188
2.54293
2.54117
2.53918
2.54147
2.54145
2.53986
2.53986
2.54051
2.5373
2.53956
2.53857
2.53805
2.53761
2.54069
2.53987
2.53975
2.53911
2.53954
2.54022
2.53907
2.53945
2.54016
2.5407
2.53964
2.53912
2.53972
2.53527
2.53423
2.53465
2.5385
2.53894
2.53905
2.53867
2.53874
2.53824
2.53871
2.53891
2.54156
2.54294
2.54406
2.54573
2.54403
2.53916
2.53992
2.5401
2.53916
2.53989
2.54164
2.54241
2.5408
2.54087
2.54131
2.54178
2.54132
2.54163
2.54161
2.54016
2.54029
2.54079
2.53906
2.54059
2.54062
2.54112
2.541
2.54117
2.54169
2.54069
2.54092
2.54137
2.54135
2.54177
2.54143
2.54117
2.54131
2.54183
2.54162
2.5408
2.54272
2.54378
2.54325
2.54253
2.54333
2.54378
2.5434
2.54399
2.54204
2.54063
2.54253
2.54272
2.54139
2.54115
2.5415
2.54154
2.54284
2.54115
2.54103
2.54032
2.5432
2.54224
2.54171
2.541
2.54071
2.54102
2.54019
2.54039
2.54122
2.5412
2.54071
2.54044
2.54103
2.54118
2.54718
2.54308
2.54302
2.55078
2.5455
2.53871
2.5391
2.53931
2.53894
2.53953
2.54711
2.54433
2.55179
2.5472
2.54446
2.53908
2.53979
2.5398
2.53914
2.53969
2.54304
2.54338
2.5418
2.54201
2.54196
2.54278
2.54243
2.54243
2.54222
2.54092
2.54099
2.54145
2.53963
2.54121
2.54133
2.54171
2.54111
2.54221
2.54273
2.54218
2.54266
2.54278
2.54292
2.54346
2.5421
2.54192
2.54206
2.54234
2.54221
2.54132
2.5446
2.5451
2.54424
2.54417
2.54458
2.54478
2.54466
2.54508
2.54331
2.54199
2.54371
2.5438
2.54248
2.54185
2.54271
2.54317
2.54297
2.54302
2.54209
2.54176
2.54396
2.54389
2.54237
2.54268
2.54163
2.54126
2.54113
2.54132
2.54215
2.54152
2.54159
2.5416
2.54219
2.54365
2.54819
2.54529
2.54343
2.546
2.5446
2.53955
2.54015
2.54128
2.54015
2.54091
2.54596
2.54414
2.54633
2.54506
2.54404
2.53923
2.53947
2.53971
2.5397
2.53953
2.54349
2.54356
2.54274
2.54271
2.54242
2.54307
2.54298
2.5429
2.54264
2.54141
2.54163
2.54191
2.54035
2.54146
2.54197
2.54204
2.54125
2.54317
2.54353
2.54366
2.54404
2.54408
2.54415
2.54448
2.54238
2.54239
2.54257
2.54268
2.54263
2.54189
2.54568
2.54619
2.5451
2.54494
2.54538
2.5452
2.54527
2.54545
2.54413
2.54293
2.54414
2.54424
2.5432
2.54341
2.54367
2.54271
2.54321
2.54505
2.54255
2.54384
2.54507
2.54615
2.54365
2.54467
2.54256
2.54177
2.54201
2.54291
2.54306
2.54203
2.54245
2.54261
2.54282
2.543
2.545
2.54426
2.54244
2.54466
2.54408
2.54091
2.54156
2.54286
2.54134
2.54211
2.54479
2.54422
2.54529
2.5449
2.54456
2.54035
2.53996
2.54097
2.54117
2.54035
2.5437
2.54385
2.54299
2.54307
2.54291
2.54307
2.54274
2.54324
2.54309
2.5414
2.54248
2.54226
2.54079
2.54148
2.54289
2.54254
2.54158
2.54383
2.544
2.54451
2.54468
2.54462
2.54478
2.54489
2.54309
2.54277
2.54296
2.54344
2.54269
2.54275
2.54618
2.54577
2.54514
2.5451
2.54528
2.54511
2.54495
2.5452
2.5443
2.54347
2.54426
2.54439
2.54385
2.54406
2.54447
2.54394
2.5452
2.54692
2.54504
2.54518
2.54684
2.5467
2.54617
2.54522
2.54336
2.54265
2.54282
2.54455
2.54357
2.54297
2.54282
2.54293
2.54289
2.54304
2.54514
2.54477
2.54442
2.54578
2.54568
2.54158
2.54221
2.54307
2.54144
2.54216
2.54523
2.54488
2.54588
2.54576
2.54528
2.54172
2.54102
2.54179
2.54211
2.54128
2.54409
2.54451
2.54247
2.54345
2.54324
2.54356
2.5424
2.54375
2.54331
2.54161
2.54309
2.5424
2.54112
2.54143
2.543
2.54221
2.54195
2.54414
2.54425
2.54485
2.54515
2.54483
2.54487
2.54496
2.54394
2.54295
2.54325
2.54432
2.54348
2.54316
2.54566
2.54579
2.54521
2.54509
2.54536
2.54531
2.54553
2.54537
2.54463
2.54426
2.54471
2.54492
2.54461
2.54476
2.54494
2.54606
2.54643
2.54632
2.54646
2.54539
2.54643
2.54612
2.54622
2.5457
2.54359
2.54333
2.54285
2.54459
2.54339
2.54377
2.54266
2.54263
2.54207
2.54548
2.54654
2.54652
2.54615
2.54728
2.54731
2.54106
2.54151
2.5416
2.54033
2.54071
2.54642
2.54577
2.54725
2.54713
2.54633
2.54177
2.54132
2.5409
2.54115
2.54082
2.54505
2.54563
2.54264
2.54417
2.54344
2.54451
2.54299
2.54466
2.54365
2.5411
2.54271
2.54185
2.54012
2.54055
2.5422
2.54142
2.5412
2.54442
2.54464
2.54488
2.54494
2.54507
2.54493
2.545
2.5447
2.54375
2.54355
2.54492
2.54401
2.54288
2.5461
2.54656
2.54566
2.54625
2.54559
2.5468
2.54705
2.5467
2.54526
2.54495
2.54564
2.54578
2.54515
2.54494
2.54466
2.54658
2.54681
2.5462
2.54578
2.54606
2.54587
2.54617
2.54579
2.5465
2.54277
2.54448
2.54186
2.54369
2.54196
2.54481
2.54104
2.5415
2.54072
2.54674
2.54797
2.54801
2.54738
2.54861
2.54861
2.53905
2.53917
2.53806
2.53737
2.53734
2.54787
2.54702
2.54874
2.54862
2.54791
2.5395
2.53961
2.53745
2.53764
2.53787
2.54635
2.54731
2.5435
2.54542
2.54405
2.54644
2.54422
2.54629
2.54471
2.5399
2.54161
2.54069
2.53867
2.53877
2.54084
2.5398
2.53886
2.54497
2.54547
2.54501
2.54505
2.54548
2.54507
2.5452
2.54496
2.54422
2.54381
2.54495
2.54448
2.54201
2.54654
2.5459
2.54781
2.54745
2.54789
2.5481
2.5472
2.54827
2.54612
2.54525
2.54652
2.54638
2.54534
2.54414
2.54358
2.54719
2.54778
2.5456
2.54627
2.5466
2.54622
2.54526
2.54666
2.54649
2.5409
2.54342
2.53957
2.542
2.53976
2.54185
2.53794
2.53902
2.53668
2.54787
2.54924
2.5491
2.54862
2.55001
2.54979
2.53496
2.5345
2.53214
2.53158
2.53095
2.54941
2.54897
2.55048
2.55034
2.55018
2.53449
2.53517
2.53083
2.53087
2.53162
2.54845
2.54966
2.54524
2.54743
2.54557
2.54922
2.54661
2.54941
2.547
2.53721
2.53992
2.5386
2.53626
2.53523
2.53913
2.53726
2.53412
2.54629
2.5475
2.54538
2.54548
2.54679
2.54589
2.54614
2.54488
2.54474
2.54445
2.54492
2.54526
2.54092
2.54621
2.54712
2.54834
2.54716
2.5485
2.54876
2.54741
2.54889
2.54671
2.54547
2.54759
2.54723
2.54577
2.54307
2.54265
2.54892
2.55048
2.54539
2.54773
2.5466
2.54863
2.54671
2.54924
2.54759
2.53862
2.54025
2.53603
2.54037
2.53718
2.53867
2.53387
2.53369
2.53018
2.54973
2.55098
2.55075
2.55121
2.55222
2.55199
2.52716
2.52607
2.52291
2.52085
2.5198
2.55135
2.55154
2.55263
2.5525
2.55296
2.52544
2.5268
2.51914
2.51874
2.52071
2.5512
2.55303
2.54813
2.5516
2.54935
2.55312
2.55029
2.55372
2.55236
2.53298
2.53821
2.53558
2.5336
2.53004
2.5375
2.53372
2.5265
2.54932
2.55142
2.54725
2.54737
2.55091
2.54901
2.54914
2.54533
2.54603
2.54624
2.54609
2.54698
2.54044
2.54879
2.55116
2.54946
2.54844
2.54969
2.55085
2.55024
2.55093
2.54793
2.54636
2.54965
2.54886
2.54721
2.54239
2.54234
2.55232
2.55445
2.54857
2.55112
2.54906
2.55313
2.55093
2.55335
2.55098
2.53576
2.53692
2.5311
2.53894
2.53421
2.53503
2.52827
2.52552
2.52
2.553
2.55377
2.55353
2.55496
2.55556
2.55528
2.51218
2.51041
2.50596
2.49865
2.49737
2.55395
2.55467
2.55582
2.55573
2.55676
2.50842
2.51199
2.49495
2.49426
2.4999
2.55503
2.55726
2.55267
2.55599
2.55524
2.55762
2.55515
2.5582
2.55835
2.52614
2.53657
2.53129
2.52916
2.52076
2.53576
2.52844
2.51302
2.55533
2.55941
2.55082
2.55139
2.55762
2.55427
2.55464
2.54746
2.54898
2.55065
2.54935
2.55156
2.54095
2.55412
2.55762
2.55274
2.55272
2.55273
2.55524
2.55595
2.55514
2.55012
2.5484
2.55335
2.5518
2.54992
2.54258
2.54302
2.55695
2.55981
2.55379
2.55595
2.5534
2.5592
2.55713
2.5589
2.55625
2.53242
2.5328
2.52473
2.53771
2.53027
2.53005
2.52038
2.51182
2.50149
2.55718
2.5576
2.5573
2.55992
2.56011
2.5598
2.47997
2.47671
2.47014
2.44935
2.44573
2.55785
2.55905
2.56046
2.56037
2.56165
2.47145
2.48314
2.44217
2.43886
2.45841
2.55966
2.56223
2.55767
2.56065
2.56097
2.56247
2.56008
2.56311
2.5633
2.51417
2.53511
2.52478
2.52323
2.50576
2.53487
2.52047
2.48896
2.56236
2.56503
2.55841
2.55974
2.5655
2.56467
2.56537
2.55171
2.55491
2.55957
2.55496
2.5599
2.54363
2.56158
2.56593
2.55838
2.55977
2.55814
2.56219
2.56404
2.56175
2.55391
2.55186
2.55928
2.55645
2.55415
2.54367
2.54473
2.5629
2.56619
2.56098
2.56217
2.55957
2.56662
2.56523
2.56569
2.56334
2.52757
2.52648
2.51365
2.5362
2.52426
2.52248
2.50443
2.48565
2.4667
2.56297
2.5631
2.5627
2.56617
2.56632
2.56582
2.40649
2.38695
2.38787
2.33459
2.28021
2.56372
2.56459
2.56732
2.56778
2.56785
2.37452
2.42148
2.31945
2.26439
2.35982
2.56507
2.56826
2.56293
2.56579
2.56601
2.56831
2.56609
2.56852
2.56874
2.49499
2.53521
2.51569
2.51565
2.48052
2.53624
2.51002
2.44473
2.56779
2.57047
2.57041
2.57034
2.57099
2.57374
2.57404
2.56008
2.56542
2.57029
2.56561
2.57128
2.55073
2.57063
2.57553
2.56661
2.56865
2.56587
2.57137
2.57342
2.57033
2.55952
2.55706
2.56722
2.56324
2.56038
2.54641
2.54907
2.56972
2.57352
2.56974
2.56945
2.56748
2.57476
2.57452
2.57343
2.57199
2.51998
2.51848
2.48953
2.53515
2.51524
2.51441
2.469
2.43582
2.39562
2.56958
2.56976
2.56923
2.57323
2.57351
2.57295
2.24306
1.9233
2.16192
2.09761
1.19622
2.57194
2.5713
2.57498
2.57578
2.57492
1.88604
2.26352
2.07455
1.15373
2.10422
2.57183
2.57574
2.56932
2.57188
2.57187
2.5753
2.57302
2.57542
2.57557
2.46398
2.53894
2.50471
2.50837
2.4468
2.54337
2.50094
2.35557
2.5734
2.57687
2.57643
2.57701
2.5765
2.57858
2.57931
2.57055
2.57549
2.57497
2.57563
2.5778
2.56206
2.58036
2.58481
2.57623
2.57829
2.57513
2.58075
2.583
2.57991
2.56751
2.56441
2.57641
2.57249
2.5692
2.55277
2.55854
2.57754
2.58171
2.57954
2.57765
2.57672
2.58339
2.58441
2.58194
2.58147
2.51153
2.50957
2.44745
2.53794
2.5087
2.50655
2.42864
2.30972
2.17122
2.57707
2.57755
2.57691
2.58113
2.58156
2.58101
1.95729
0.694685
1.55201
-0.464612
1.83386
0.828804
-2.11379
-0.527742
-0.653178
-0.0162546
-0.471698
0.0800472
2.57927
2.57871
2.58261
2.58264
2.58259
0.650159
1.86997
1.8302
0.780535
1.4714
-0.634439
-0.454243
-0.5042
0.119001
-0.711294
0.00947468
2.57995
2.58391
2.57812
2.57955
2.57978
2.58356
2.5836
2.58378
2.58419
2.43233
2.54585
2.5006
2.50333
2.4227
2.54475
2.50449
2.09618
2.58072
2.58494
2.58131
2.58309
2.58402
2.58491
2.58655
2.58058
2.58018
2.57925
2.58507
2.58275
2.57198
2.58884
2.5924
2.58523
2.5873
2.58467
2.58859
2.59104
2.58891
2.57776
2.57469
2.58597
2.5834
2.58092
2.56559
2.57492
2.58588
2.5897
2.58871
2.58624
2.58614
2.59134
2.59241
2.5902
2.59061
2.51178
2.51424
2.41854
2.55429
2.51584
2.52857
2.38023
2.153
2.12221
0.440438
0.331177
0.577883
2.58521
2.58542
2.58505
2.58895
2.58906
2.58883
0.380751
1.94448
1.13745
1.82152
0.830017
1.98066
1.23105
0.104386
0.0537836
-0.140148
0.157605
0.193913
0.229275
0.0795657
2.58593
2.58629
2.58916
2.58927
2.59001
1.11692
1.71384
0.322011
1.97293
1.25107
1.83182
0.821561
-0.112711
0.0831609
0.180578
0.252893
0.107704
0.180892
0.164943
2.5879
2.5918
2.58785
2.58854
2.58937
2.5923
2.59119
2.59286
2.59328
2.4177
2.54496
2.51663
2.54055
2.38572
2.5519
2.52093
2.11029
0.294612
0.387531
0.531305
2.58933
2.59344
2.58883
2.59192
2.59234
2.59214
2.59512
2.5892
2.58629
2.58558
2.59319
2.59027
2.57975
2.59538
2.59792
2.59171
2.59418
2.5927
2.59461
2.59692
2.59593
2.58948
2.58799
2.59655
2.5958
2.59674
2.58402
2.59458
2.59321
2.59622
2.59537
2.59365
2.59453
2.59732
2.59779
2.59646
2.59761
2.53821
2.53787
2.41207
2.57943
2.53931
2.54683
2.43712
2.20717
0.821269
2.2768
0.851825
0.510673
0.411788
0.574406
0.766968
2.59227
2.59247
2.59225
2.59561
2.59576
2.59556
1.18601
1.97101
1.35804
2.04565
1.22741
1.97849
1.39325
0.190891
0.45295
0.130339
0.449162
0.268462
0.425562
0.147528
2.59266
2.59337
2.59584
2.59603
2.59636
1.37403
1.99777
1.1964
2.03136
1.44479
1.91218
0.990657
0.167734
0.592159
0.283813
0.458576
0.142581
0.327644
0.285475
2.59523
2.59826
2.59425
2.59665
2.59658
2.59906
2.59785
2.59975
2.59966
2.41013
2.56244
2.52997
2.55592
2.41562
2.56947
2.52901
0.873206
2.13807
0.521337
0.859403
0.487044
0.673476
2.59728
2.60057
2.59676
2.6002
2.59992
2.59882
2.60203
2.59674
2.59522
2.59358
2.5996
2.59803
2.5888
2.60018
2.60207
2.59824
2.59953
2.59894
2.5998
2.60185
2.60065
2.59962
2.60071
2.60205
2.60071
2.59893
2.59841
2.59516
2.59907
2.60178
2.59999
2.59894
2.60029
2.60174
2.60171
2.60147
2.60255
2.54802
2.55662
2.45904
2.58469
2.55699
2.55771
2.50596
2.22172
0.661243
2.34788
0.386729
0.760492
2.59877
2.59895
2.59873
2.60172
2.60199
2.60172
1.1284
2.10916
1.45902
1.96017
0.503296
2.14796
1.30014
0.406375
0.396704
0.0474879
-0.000195471
0.461381
0.0508937
0.213957
2.59925
2.59948
2.60256
2.60213
2.60244
1.5086
2.05907
0.896322
2.17101
1.35793
1.98001
0.524311
0.0705022
0.44826
0.334245
0.0778953
0.196555
-0.063886
0.384054
2.60105
2.60363
2.60136
2.60271
2.60237
2.60441
2.60519
2.60536
2.60532
2.51418
2.58221
2.56093
2.58963
2.53185
2.59229
2.5827
2.39904
2.60391
2.60652
2.60442
2.60743
2.60719
2.60691
2.60924
2.60518
2.60386
2.60284
2.60711
2.60557
2.60206
2.60392
2.60586
2.60183
2.60436
2.60338
2.60545
2.60676
2.60587
2.60213
2.60003
2.60315
2.60356
2.60339
2.5966
2.60051
2.60411
2.60582
2.6032
2.60372
2.60415
2.60497
2.60482
2.60497
2.60549
2.57358
2.57579
2.54217
2.59579
2.58727
2.59278
2.57062
2.48455
2.54696
2.60436
2.60459
2.60429
2.60649
2.60659
2.60625
2.30599
1.42207
2.4515
2.44877
1.9672
-1.06491
-0.179997
2.60528
2.60473
2.60801
2.60655
2.60569
1.46274
2.31191
2.4672
2.02201
2.47471
-0.218121
2.60596
2.60738
2.60881
2.60787
2.60843
2.60869
2.6104
2.60956
2.61029
2.56554
2.5989
2.59653
2.60148
2.58422
2.60422
2.60318
2.55579
2.60939
2.61138
2.6102
2.61223
2.61239
2.61242
2.61391
2.61259
2.61031
2.61063
2.61388
2.61202
2.6109
2.60816
2.61122
2.60732
2.60936
2.6075
2.60981
2.61228
2.6099
2.606
2.6081
2.61028
2.60952
2.61284
2.60629
2.61104
2.60734
2.60903
2.60683
2.60564
2.60729
2.60777
2.60914
2.60636
2.60932
2.59959
2.60112
2.5902
2.60959
2.60677
2.60893
2.60199
2.57793
2.59445
2.60803
2.60787
2.60757
2.6094
2.60894
2.60871
2.52359
2.39621
2.57249
2.56472
2.54389
2.60552
2.6059
2.60708
2.60419
2.60618
2.42131
2.54156
2.57182
2.55392
2.58204
2.60814
2.60883
2.61169
2.61091
2.61199
2.61068
2.61275
2.61228
2.61366
2.59808
2.60948
2.60828
2.61092
2.60622
2.61408
2.61217
2.59851
2.61279
2.61474
2.61396
2.61516
2.61542
2.61636
2.61653
2.61576
2.61458
2.61616
2.61717
2.61697
2.61621
2.61466
2.61798
2.61394
2.61524
2.61324
2.61754
2.61792
2.61681
2.61356
2.61612
2.61723
2.61675
2.6188
2.61483
2.61787
2.61158
2.61509
2.61204
2.60881
2.61146
2.61449
2.6156
2.61475
2.61429
2.61221
2.61326
2.60914
2.61674
2.61592
2.61615
2.61364
2.60545
2.61157
2.61151
2.6107
2.61051
2.61569
2.61358
2.61377
2.58989
2.58491
2.60556
2.60357
2.60197
2.60475
2.60705
2.60999
2.60784
2.609
2.58875
2.59704
2.60649
2.6043
2.60897
2.61027
2.61277
2.61416
2.61411
2.61561
2.61449
2.61592
2.6163
2.61784
2.61193
2.6166
2.61526
2.6167
2.61533
2.6184
2.61759
2.61326
2.61667
2.61887
2.61804
2.61843
2.61958
2.61997
2.61995
2.61865
2.61903
2.62007
2.61997
2.62052
2.61966
2.62041
2.62251
2.62059
2.62039
2.6199
2.62303
2.62229
2.62232
2.61923
2.62092
2.62205
2.62125
2.62276
2.62033
2.6223
2.62168
2.6278
2.61902
2.62077
2.61794
2.62267
2.62201
2.62439
2.62091
2.61896
2.61881
2.61743
2.62135
2.62119
2.62091
2.6201
2.61635
2.61941
2.61944
2.61765
2.61697
2.62622
2.62286
2.62301
2.61191
2.61134
2.61676
2.61652
2.61634
2.61387
2.61266
2.62087
2.62034
2.61756
2.61239
2.61365
2.61711
2.6169
2.6181
2.61662
2.62039
2.61896
2.61914
2.6205
2.62169
2.62067
2.62181
2.62163
2.61818
2.62001
2.6195
2.62043
2.62012
2.62122
2.62083
2.61947
2.62109
2.62202
2.62169
2.62159
2.62231
2.62204
2.622
2.62151
2.62181
2.6222
2.62205
2.62234
2.62176
2.62426
2.6261
2.625
2.6243
2.62423
2.62652
2.62621
2.62562
2.62311
2.62435
2.62558
2.62477
2.62572
2.62403
2.62541
2.62994
2.63054
2.62384
2.62688
2.62374
2.62706
2.62586
2.62811
2.62563
2.62316
2.6226
2.6223
2.62461
2.62458
2.62412
2.62384
2.62198
2.62375
2.63217
2.62779
2.62832
2.633
2.63068
2.6305
2.62023
2.62018
2.62261
2.62254
2.62242
2.62448
2.62168
2.62716
2.62633
2.62398
2.62026
2.62042
2.62237
2.62236
2.62262
2.62249
2.62255
2.61986
2.62174
2.62094
2.61983
2.61657
2.61915
2.61913
2.62184
2.62235
2.62226
2.6229
2.62304
2.62334
2.62329
2.62295
2.6218
2.6208
2.62264
2.62249
2.62308
2.62286
2.62301
2.62302
2.62307
2.62361
2.62377
2.62368
2.62362
2.62766
2.62928
2.62778
2.62733
2.62692
2.62884
2.62835
2.62816
2.62622
2.6269
2.62811
2.62745
2.62789
2.62668
2.62762
2.63109
2.63189
2.62762
2.6293
2.62711
2.63044
2.62939
2.63056
2.62868
2.62602
2.62557
2.62548
2.62699
2.62697
2.62669
2.62655
2.6254
2.62652
2.63312
2.63175
2.63137
2.63339
2.6328
2.63223
2.62454
2.62464
2.62585
2.62577
2.62567
2.62741
2.6257
2.63072
2.62919
2.62766
2.62429
2.6242
2.6254
2.62541
2.62546
2.62237
2.62366
2.61291
2.61585
2.61767
2.61687
2.61373
2.61384
2.61847
2.62451
2.62452
2.62466
2.62527
2.62551
2.62546
2.62549
2.62551
2.62031
2.62156
2.62391
2.62406
2.62475
2.625
2.62516
2.62483
2.62462
2.62546
2.62578
2.62552
2.6256
2.63065
2.63168
2.62974
2.62947
2.62923
2.63041
2.6305
2.63011
2.62847
2.62872
2.62973
2.62926
2.62934
2.62848
2.62906
2.63262
2.63405
2.63084
2.63161
2.63009
2.63245
2.63179
2.63273
2.63142
2.62795
2.62765
2.62755
2.62856
2.62853
2.62835
2.62822
2.62753
2.62822
2.63398
2.63391
2.63353
2.63535
2.63522
2.63524
2.62698
2.62707
2.6278
2.62775
2.62768
2.63139
2.63017
2.63453
2.63355
2.63267
2.62679
2.62666
2.62747
2.62746
2.62749
2.62719
2.63143
2.61941
2.61796
2.62186
2.62706
2.62576
2.62568
2.6263
2.62663
2.62662
2.62676
2.62722
2.62732
2.6274
2.62736
2.62738
2.62463
2.62802
2.62684
2.62704
2.6279
2.6283
2.62823
2.62699
2.62687
2.62766
2.62782
2.6278
2.62753
2.63251
2.63307
2.63086
2.63122
2.63071
2.63117
2.63177
2.63115
2.62983
2.6298
2.63057
2.63022
2.6301
2.62953
2.62989
2.6355
2.6362
2.63253
2.63404
2.63266
2.63383
2.63306
2.63484
2.63341
2.62905
2.6289
2.62878
2.62943
2.62943
2.62924
2.62912
2.62878
2.62919
2.63655
2.63628
2.63639
2.63712
2.63696
2.637
2.62835
2.62838
2.62885
2.62876
2.62878
2.63525
2.6349
2.63708
2.63671
2.6373
2.62818
2.62808
2.62856
2.62859
2.62855
2.63524
2.63851
2.63021
2.631
2.62996
2.63638
2.63279
2.63398
2.63227
2.62805
2.6281
2.62813
2.62858
2.62848
2.6286
2.62861
2.62855
2.63066
2.63255
2.62938
2.62949
2.63084
2.63029
2.63029
2.62852
2.62879
2.62925
2.62907
2.62943
2.62882
2.63304
2.63115
2.63174
2.63108
2.63029
2.63009
2.62984
2.63634
2.63297
2.63476
2.63352
2.63053
2.63153
2.63052
2.62963
2.62982
2.62952
2.62936
2.62936
2.62922
2.62914
2.63715
2.63715
2.63704
2.63319
2.63468
2.63301
2.63006
2.63056
2.63004
2.62916
2.62936
2.62912
2.62901
2.62896
2.62891
2.62889
2.62886
2.63685
2.63824
2.63295
2.63661
2.63354
2.6296
2.63028
2.62985
2.6289
2.62924
2.62897
2.62877
2.6288
2.62876
2.62872
2.62865
2.63955
2.63284
2.63444
2.63229
2.62999
2.63079
2.63001
2.62901
2.62947
2.62903
2.62866
2.62877
2.62865
2.63229
2.63037
2.63034
2.62918
2.62977
118.204
113.192
132.772
56.2652
55.7727
50.723
50.4178
147.097
145.806
156.814
57.0665
65.2169
48.6108
53.6476
106.449
87.3512
113.235
50.4948
49.7497
43.4091
46.2418
170.5
162.296
188.213
78.6871
99.4667
91.989
122.956
192.266
200.939
208.411
108.337
115.51
132.409
138.034
198.743
213.076
208.602
121.602
121.918
138.659
130.535
114.314
96.8514
117.869
39.6576
41.2717
37.9756
39.4636
193.128
168.005
193.593
93.3703
126.549
95.3762
124.631
214.385
206.441
212.932
134.209
138.128
132.48
136.065
210.284
211.425
199.925
139.633
129.623
132.636
120.167
190.482
162.532
176.604
95.9779
120.025
92.2992
101.423
204.033
183.971
186.205
126.535
128.66
106.441
108.706
39.0344
43.2208
40.3949
39.8915
38.15
43.3057
40.0992
43.6685
39.3486
41.894
37.4201
38.3531
39.0355
41.217
41.5771
35.8123
38.1551
35.9906
43.388
33.7945
39.5399
35.7496
34.0125
34.8245
33.3232
37.7127
35.1782
35.8146
24.1044
8.91089
20.8729
1.90849
2.41197
1.78494
2.36265
9.61948
22.1672
11.3273
2.50496
1.89535
2.7266
1.73826
4.3645
7.70983
7.0751
2.01127
1.77175
1.8337
1.58504
10.0688
4.70788
8.60445
1.78721
1.38732
1.53692
1.13968
2.55752
2.66208
2.35552
2.37999
2.59286
2.39414
2.53984
2.67234
2.21194
2.54295
2.60452
2.44809
2.63239
2.4738
2.72883
2.67366
2.69708
2.3471
2.35369
2.43921
2.40694
2.60866
2.64716
2.64708
2.44012
2.42776
2.329
2.4874
2.49409
2.43703
2.48531
2.4423
2.45691
2.43037
2.4547
2.44662
2.54538
2.43102
2.44796
2.4251
2.45783
2.39839
2.46388
2.45858
2.4434
2.39569
2.3953
2.44063
2.43708
2.39428
2.39125
2.41602
2.41709
2.39579
2.39252
2.40633
2.46439
2.44434
2.46798
2.46071
2.46878
2.45756
2.48049
2.43235
2.4534
2.41058
2.46786
2.44538
2.4791
2.43474
2.41244
2.42862
2.42655
2.41402
2.41429
2.41744
2.41862
2.40246
2.397
2.40814
2.40764
2.40722
2.39994
2.4086
2.46818
2.46114
2.47676
2.46192
2.46452
2.45603
2.46669
2.4568
2.48525
2.45728
2.46414
2.45534
2.47297
2.46432
2.4123
2.41056
2.41549
2.40193
2.40716
2.40411
2.41156
2.40793
2.40476
2.41163
2.39794
2.40796
2.40615
2.41348
2.45911
2.4482
2.45715
2.45023
2.45349
2.43986
2.44871
2.45033
2.45866
2.45575
2.44908
2.44282
2.4472
2.44402
2.4063
2.398
2.40637
2.41141
2.41065
2.39413
2.40367
2.41016
2.40596
2.4161
2.39524
2.41328
2.40713
2.41784
2.44807
2.43426
2.44316
2.43606
2.4428
2.43003
2.43776
2.43763
2.43857
2.4341
2.43418
2.43371
2.43061
2.42512
2.41704
2.39291
2.40785
2.42441
2.42282
2.40561
2.41561
2.4152
2.41035
2.41899
2.40454
2.41925
2.41644
2.41993
2.43446
2.42817
2.43267
2.42661
2.42465
2.42651
2.42604
2.43071
2.42304
2.41717
2.42385
2.42662
2.41431
2.40865
2.42675
2.43279
2.42475
2.43548
2.42914
2.45372
2.43013
2.42546
2.42883
2.42086
2.44724
2.4283
2.44253
2.42011
2.41627
2.42379
2.41884
2.42186
2.41115
2.42026
2.41218
2.42114
2.40514
2.40039
2.41604
2.4157
2.39492
2.39434
2.42539
2.45614
2.42534
2.42637
2.41842
2.44068
2.41648
2.42222
2.44926
2.41573
2.44884
2.40883
2.44105
2.41056
2.4095
2.4157
2.40636
2.4222
2.4112
2.4137
2.40459
2.41244
2.38482
2.39242
2.41149
2.41309
2.38276
2.39565
2.41306
2.42539
2.40752
2.42282
2.41155
2.41775
2.40231
2.39567
2.42686
2.40291
2.41867
2.38949
2.41613
2.39599
2.41717
2.41537
2.40806
2.43129
2.42642
2.42157
2.418
2.41904
2.39361
2.40558
2.42455
2.42942
2.4118
2.42137
2.4162
2.41971
2.40548
2.43971
2.42659
2.43084
2.41845
2.39582
2.41358
2.39927
2.42461
2.41308
2.42396
2.41447
2.43904
2.43359
2.43331
2.45039
2.45211
2.44523
2.44823
2.44308
2.43246
2.44062
2.45241
2.45753
2.45078
2.45809
2.44325
2.44792
2.43855
2.46261
2.45943
2.46565
2.45917
2.43757
2.4425
2.43577
2.45994
2.45971
2.46254
2.45493
2.46401
2.4564
2.46284
2.46536
2.47334
2.4647
2.4757
2.46906
2.46607
2.47245
2.47127
2.47721
2.47824
2.48338
2.47495
2.478
2.47786
2.475
2.48592
2.48084
2.48889
2.48046
2.47763
2.47163
2.48416
2.49793
2.48531
2.48654
2.48006
2.47066
2.48561
2.4759
2.48528
2.47525
2.49253
2.48288
2.48521
2.48962
2.47987
2.48843
2.49077
2.49352
2.49526
2.4829
2.49333
2.48569
2.50104
2.4852
2.49591
2.50291
2.4889
2.49429
2.48939
2.50303
2.49093
2.49764
2.49023
2.47942
2.49668
2.49
2.49566
2.48346
2.49829
2.49276
2.49478
2.49467
2.49107
2.49539
2.49561
2.49721
2.50163
2.48819
2.49653
2.49358
2.5006
2.49101
2.49645
2.50216
2.49227
2.49761
2.49342
2.50146
2.49327
2.49676
2.50095
2.48867
2.50009
2.50947
2.50533
2.49755
2.50259
2.49836
2.49564
2.50614
2.50105
2.50172
2.49735
2.51723
2.49726
2.49386
2.49629
2.49902
2.49567
2.49607
2.49652
2.50025
2.49444
2.49576
2.49612
2.49936
2.49534
2.49618
2.50741
2.50604
2.50453
2.52066
2.50704
2.50972
2.5052
2.50381
2.4998
2.51748
2.5075
2.5046
2.50652
2.51241
2.49492
2.4978
2.49617
2.50138
2.49473
2.49903
2.49669
2.49884
2.49583
2.4973
2.49674
2.49827
2.49584
2.49776
2.50588
2.50729
2.50394
2.51486
2.50623
2.50475
2.50346
2.5053
2.51194
2.5056
2.50755
2.50445
2.51284
2.50191
2.49617
2.49987
2.49716
2.50171
2.49666
2.49999
2.49603
2.49677
2.49521
2.49663
2.49441
2.49507
2.49348
2.4949
2.50687
2.5027
2.50241
2.50662
2.50653
2.50086
2.50041
2.50148
2.50837
2.49801
2.49769
2.49661
2.50227
2.49531
2.49625
2.49905
2.49488
2.49947
2.49504
2.49721
2.4934
2.49269
2.49125
2.49262
2.48899
2.49007
2.48885
2.4906
2.50375
2.49888
2.49807
2.49861
2.50227
2.49665
2.49898
2.4902
2.49543
2.49225
2.49459
2.48511
2.49115
2.49022
2.49313
2.49464
2.49197
2.49446
2.49089
2.4923
2.49077
2.48767
2.48702
2.48944
2.48423
2.48552
2.48618
2.48931
2.50092
2.49396
2.49827
2.49122
2.49851
2.49225
2.49551
2.48547
2.48988
2.48731
2.49729
2.48824
2.48994
2.48595
2.48909
2.4905
2.49022
2.48966
2.48777
2.4893
2.48973
2.48419
2.4859
2.49061
2.48391
2.48297
2.48595
2.49298
2.49601
2.49147
2.49349
2.48963
2.49247
2.49076
2.49186
2.49111
2.48975
2.48568
2.49676
2.49166
2.48955
2.48561
2.48774
2.48946
2.4899
2.48902
2.48781
2.49041
2.48963
2.48296
2.48642
2.49386
2.48707
2.48356
2.48758
2.4942
2.48766
2.49024
2.49038
2.48966
2.48079
2.49002
2.49118
2.4892
2.49024
2.48548
2.48963
2.48459
2.49021
2.48506
2.48859
2.49136
2.48981
2.49198
2.49011
2.49236
2.4906
2.48571
2.48933
2.49503
2.49168
2.49017
2.49107
2.49553
2.4767
2.48939
2.49364
2.4889
2.48576
2.48836
2.49609
2.47759
2.48939
2.4849
2.47877
2.46931
2.48802
2.48577
2.49279
2.49317
2.49257
2.49528
2.49563
2.49389
2.49425
2.49415
2.49182
2.49456
2.49268
2.49643
2.49116
2.49313
2.49267
2.48792
2.4951
2.48742
2.4898
2.48879
2.49209
2.46262
2.48565
2.48691
2.47198
2.4602
2.4835
2.49004
2.49849
2.49491
2.49638
2.49783
2.50147
2.49572
2.4974
2.49683
2.49027
2.49049
2.49317
2.49644
2.48997
2.48758
2.48507
2.49204
2.49107
2.48806
2.4832
2.49584
2.49284
2.46556
2.48692
2.49372
2.47533
2.48073
2.49428
2.49822
2.50369
2.4972
2.49851
2.50311
2.50664
2.50101
2.50383
2.49747
2.49052
2.48583
2.49732
2.49979
2.49346
2.48835
2.48711
2.50059
2.49744
2.49662
2.49254
2.50472
2.50343
2.49739
2.50128
2.50136
2.47065
2.50794
2.50692
2.50289
2.50788
2.50457
2.50751
2.50423
2.50736
2.50633
2.50856
2.50238
2.49834
2.49243
2.50364
2.50501
2.50365
2.49663
2.50199
2.50818
2.50863
2.50934
2.51055
2.51111
2.51304
2.51064
2.51029
2.5035
2.50555
2.51186
2.51287
2.50406
2.50667
2.50752
2.50823
2.50386
2.50614
2.50845
2.50757
2.50649
2.50892
2.50136
2.50856
2.50608
2.51387
2.50568
2.51673
2.51341
2.51622
2.51715
2.51988
2.51526
2.51852
2.5132
2.51479
2.50455
2.52139
2.5141
2.51568
2.5053
2.50715
2.50917
2.50734
2.50498
2.50812
2.50875
2.50716
2.50779
2.51873
2.5106
2.51436
2.50991
2.52273
2.51451
2.52078
2.51681
2.51974
2.52046
2.52068
2.51793
2.51982
2.51436
2.51593
2.50749
2.52081
2.51471
2.5157
2.50959
2.5094
2.51072
2.50955
2.51144
2.51264
2.51379
2.5132
2.51276
2.52319
2.51792
2.52637
2.52066
2.52192
2.52129
2.52036
2.51931
2.51968
2.52098
2.5201
2.52033
2.51914
2.51489
2.51605
2.51245
2.51906
2.51567
2.5163
2.51409
2.51604
2.51657
2.516
2.51875
2.51873
2.51977
2.51818
2.52521
2.52081
2.52118
2.52582
2.52469
2.51988
2.52088
2.51985
2.52091
2.51832
2.52102
2.51972
2.52152
2.51755
2.51667
2.51633
2.51511
2.51865
2.51743
2.51609
2.51579
2.51973
2.52126
2.51897
2.52027
2.52038
2.52013
2.51922
2.52156
2.51954
2.52009
2.52001
2.51928
2.51936
2.51967
2.51982
2.52178
2.5168
2.5219
2.5202
2.52209
2.51664
2.51776
2.51609
2.51587
2.51916
2.51797
2.51649
2.51648
2.52088
2.51814
2.51885
2.5206
2.52183
2.51641
2.51899
2.51819
2.51902
2.51941
2.5177
2.5187
2.51862
2.51954
2.52081
2.52206
2.51726
2.52283
2.52159
2.52188
2.51855
2.51844
2.51718
2.5179
2.52071
2.51965
2.51875
2.52052
2.52379
2.51568
2.51948
2.52201
2.52596
2.51646
2.52006
2.51963
2.51873
2.51981
2.51782
2.52074
2.51912
2.52054
2.5225
2.52151
2.51977
2.52375
2.52338
2.52144
2.52078
2.52105
2.52011
2.52144
2.52308
2.52186
2.52126
2.52086
2.52641
2.51866
2.52041
2.52444
2.5262
2.52124
2.5213
2.52157
2.51975
2.52155
2.51973
2.52224
2.52089
2.52209
2.52414
2.52174
2.52168
2.52486
2.52486
2.52242
2.52249
2.52201
2.52178
2.51977
2.52387
2.52166
2.52189
2.51904
2.52607
2.52322
2.52222
2.52778
2.5252
2.52458
2.52195
2.52231
2.52194
2.52196
2.52215
2.52205
2.52268
2.52206
2.52562
2.5236
2.52367
2.52577
2.52635
2.52475
2.52518
2.52142
2.52234
2.51858
2.52439
2.5215
2.52289
2.51826
2.52463
2.52522
2.52207
2.52661
2.52432
2.52519
2.52247
2.52178
2.52312
2.52218
2.52329
2.52181
2.52338
2.52259
2.52717
2.52579
2.52718
2.52651
2.52793
2.52632
2.52918
2.52219
2.52399
2.51874
2.52599
2.52348
2.52559
2.52009
2.52424
2.52562
2.52342
2.52318
2.5243
2.52639
2.5241
2.52181
2.52381
2.52327
2.52356
2.52193
2.52454
2.52365
2.52842
2.52656
2.52998
2.52845
2.52855
2.52696
2.5302
2.52505
2.5274
2.52223
2.52795
2.52674
2.52852
2.52455
2.52441
2.52671
2.52419
2.52307
2.52427
2.52577
2.52428
2.52285
2.52578
2.52456
2.52553
2.524
2.52717
2.52569
2.52882
2.52822
2.53064
2.53172
2.52955
2.52984
2.53127
2.52837
2.52928
2.52666
2.52986
2.52967
2.53021
2.52854
2.52482
2.52444
2.5241
2.52364
2.526
2.5236
2.52383
2.52581
2.52876
2.52734
2.52808
2.52744
2.53037
2.52884
2.53063
2.53171
2.53173
2.53373
2.5315
2.53415
2.53239
2.53091
2.53132
2.53026
2.53218
2.53216
2.53219
2.5321
2.52789
2.52299
2.52428
2.52428
2.53036
2.52137
2.52613
2.52952
2.53183
2.53053
2.52911
2.53221
2.53308
2.53175
2.5321
2.53594
2.53277
2.53359
2.53245
2.5367
2.53337
2.53275
2.53308
2.5334
2.53319
2.53353
2.53416
2.53393
2.53201
2.52082
2.52805
2.53181
2.53436
2.52627
2.52899
2.53437
2.53407
2.53279
2.52882
2.53555
2.53459
2.53409
2.53275
2.53642
2.53383
2.53231
2.53295
2.53596
2.53402
2.5349
2.53476
2.53491
2.53454
2.5359
2.5355
2.53598
2.53669
2.53091
2.53134
2.5397
2.53731
2.53317
2.5328
2.53678
2.53566
2.53483
2.53327
2.53759
2.53665
2.5356
2.53285
2.53535
2.53428
2.53194
2.53296
2.53524
2.53468
2.53668
2.53609
2.53663
2.53467
2.53684
2.53662
2.53671
2.5355
2.53305
2.53374
2.5372
2.53431
2.53298
2.53488
2.53813
2.53721
2.53612
2.537
2.53801
2.53755
2.53675
2.53364
2.53552
2.53522
2.53445
2.5344
2.53619
2.53613
2.53667
2.53728
2.53697
2.53483
2.53678
2.53774
2.53773
2.53362
2.53332
2.53542
2.53243
2.53298
2.53265
2.53528
2.53801
2.537
2.5372
2.53645
2.53759
2.53632
2.53784
2.53533
2.537
2.53711
2.53811
2.53761
2.53708
2.53791
2.53733
2.5379
2.53806
2.53789
2.53762
2.53803
2.53861
2.5325
2.53192
2.53534
2.53236
2.53296
2.53215
2.5356
2.53746
2.53585
2.53838
2.5353
2.53745
2.5357
2.53907
2.53908
2.5369
2.53836
2.53865
2.53986
2.53655
2.53883
2.53747
2.53814
2.53903
2.53904
2.53753
2.53835
2.53956
2.534
2.53316
2.53599
2.53539
2.53581
2.53505
2.53692
2.53782
2.53631
2.53952
2.53604
2.53919
2.53796
2.53993
2.54031
2.53713
2.53939
2.5397
2.54084
2.53803
2.54007
2.53767
2.53875
2.53983
2.53953
2.53785
2.53941
2.54011
2.53767
2.53763
2.53864
2.53965
2.53901
2.54046
2.54012
2.54027
2.54006
2.54025
2.54139
2.54077
2.54142
2.54075
2.5415
2.53912
2.54099
2.54213
2.54234
2.54022
2.54183
2.53812
2.54008
2.54032
2.54079
2.53879
2.5407
2.54033
2.53996
2.54254
2.54053
2.54217
2.54091
2.54329
2.54103
2.54054
2.54262
2.54153
2.54377
2.54182
2.54316
2.54213
2.54312
2.5416
2.54262
2.54433
2.54382
2.54272
2.54321
2.53974
2.5412
2.54008
2.54226
2.54069
2.54182
2.53984
2.54176
2.54311
2.54134
2.54137
2.5425
2.54251
2.54156
2.54334
2.54325
2.54257
2.54401
2.54339
2.54327
2.54286
2.5444
2.54354
2.54355
2.54492
2.54467
2.54406
2.54338
2.5417
2.54228
2.53966
2.54325
2.54252
2.54214
2.53944
2.54296
2.5427
2.54252
2.54181
2.54405
2.54362
2.54365
2.54373
2.54345
2.5431
2.54448
2.54415
2.54386
2.54328
2.54459
2.54399
2.54279
2.54511
2.54462
2.54419
2.54296
2.54306
2.54207
2.53953
2.54376
2.54352
2.54274
2.54095
2.54458
2.54466
2.54432
2.54458
2.54488
2.54559
2.54481
2.54458
2.54422
2.54331
2.54551
2.54485
2.54456
2.54341
2.54495
2.5445
2.54359
2.5453
2.54526
2.54532
2.5446
2.54385
2.54382
2.54274
2.54439
2.54411
2.54435
2.54444
2.54494
2.54625
2.54532
2.54588
2.545
2.5468
2.54579
2.54518
2.54494
2.54356
2.54663
2.54552
2.54542
2.54377
2.54553
2.54576
2.54605
2.54587
2.54588
2.54599
2.54703
2.54421
2.54505
2.5454
2.54484
2.54421
2.54651
2.54545
2.54545
2.54753
2.54651
2.54635
2.54574
2.54803
2.54732
2.54588
2.54602
2.54423
2.54778
2.54635
2.54684
2.54482
2.54628
2.54566
2.54716
2.54557
2.5465
2.54532
2.54691
2.54414
2.54641
2.54469
2.54524
2.54413
2.54604
2.54385
2.54614
2.54865
2.54801
2.5479
2.54667
2.54937
2.54864
2.5469
2.54796
2.5457
2.54939
2.54777
2.54924
2.54689
2.54675
2.54511
2.54663
2.54577
2.54714
2.5449
2.5465
2.54409
2.54552
2.54306
2.54583
2.54421
2.54514
2.54261
2.54757
2.55026
2.54939
2.55024
2.54865
2.55134
2.5503
2.54891
2.55063
2.54848
2.55159
2.5503
2.5521
2.55031
2.54774
2.54523
2.54664
2.54814
2.5487
2.54644
2.54722
2.54439
2.54486
2.54229
2.54674
2.5447
2.54454
2.54197
2.55003
2.5527
2.5515
2.5538
2.55169
2.55434
2.55291
2.55176
2.5538
2.55218
2.55475
2.55356
2.55588
2.55422
2.55034
2.54843
2.54834
2.5537
2.55247
2.5511
2.54967
2.54509
2.5443
2.5418
2.54882
2.54568
2.54461
2.54182
2.55369
2.55632
2.55457
2.55868
2.55619
2.55866
2.55669
2.55566
2.55831
2.55652
2.55908
2.558
2.56102
2.55885
2.55541
2.55453
2.55169
2.56187
2.55897
2.55835
2.55415
2.54635
2.54515
2.54146
2.55282
2.54736
2.54579
2.54056
2.55883
2.56143
2.55893
2.56484
2.56208
2.5645
2.56176
2.56033
2.56377
2.56119
2.56506
2.56353
2.56654
2.56402
2.56328
2.56279
2.5574
2.5718
2.56802
2.56801
2.56148
2.54897
2.54679
2.53977
2.55896
2.55094
2.54925
2.54038
2.5656
2.56772
2.56474
2.57197
2.56946
2.57116
2.56802
2.56679
2.56971
2.56686
2.57275
2.56968
2.5733
2.56973
2.57316
2.57384
2.56671
2.58169
2.57795
2.57964
2.57246
2.55419
2.55288
2.54244
2.56764
2.55857
2.55754
2.54594
2.57345
2.57511
2.57155
2.5801
2.57799
2.57925
2.57612
2.57254
2.57717
2.57395
2.58074
2.57701
2.58146
2.57956
2.58266
2.58576
2.57907
2.58983
2.58632
2.59019
2.58512
2.56401
2.56411
2.55045
2.57939
2.5703
2.57144
2.55552
2.58275
2.58353
2.58113
2.58817
2.58747
2.58753
2.58608
2.58176
2.58587
2.58404
2.58784
2.58623
2.5898
2.58784
2.59023
2.5934
2.58988
2.59567
2.59358
2.59587
2.59296
2.57692
2.57861
2.56683
2.59091
2.5835
2.5848
2.57368
2.59219
2.59135
2.59073
2.5955
2.59634
2.5951
2.59525
2.59035
2.59327
2.5916
2.59484
2.59457
2.59634
2.59513
2.59782
2.59791
2.59553
2.60072
2.6
2.60178
2.60041
2.58608
2.58947
2.57382
2.59703
2.58808
2.59315
2.57493
2.59995
2.59863
2.59956
2.60228
2.6031
2.60212
2.60356
2.59954
2.60035
2.60003
2.60227
2.60617
2.60428
2.60543
2.60355
2.60656
2.60508
2.60612
2.60705
2.60781
2.60834
2.59055
2.60089
2.58165
2.60108
2.59569
2.60624
2.5932
2.60617
2.60515
2.60772
2.60729
2.60906
2.607
2.6104
2.61301
2.60709
2.60913
2.60853
2.61414
2.60804
2.60995
2.60987
2.60909
2.6107
2.61085
2.61236
2.61092
2.61269
2.60466
2.6104
2.60588
2.61054
2.61185
2.61169
2.61261
2.61095
2.60726
2.61184
2.60813
2.61121
2.60607
2.61124
2.61305
2.60791
2.6112
2.60603
2.61123
2.60777
2.61172
2.61467
2.61312
2.61464
2.61639
2.61698
2.61563
2.61647
2.61583
2.61304
2.61601
2.61864
2.61805
2.61576
2.61932
2.61215
2.60611
2.61092
2.61384
2.61339
2.60996
2.61087
2.61153
2.6086
2.61278
2.606
2.61348
2.61075
2.61445
2.61909
2.61774
2.61781
2.62127
2.62089
2.6202
2.61942
2.62004
2.61809
2.62019
2.62263
2.62172
2.62067
2.62132
2.61689
2.61578
2.61486
2.62497
2.62028
2.62101
2.61912
2.61672
2.6145
2.61738
2.61784
2.61977
2.61876
2.619
2.6231
2.62193
2.62092
2.62466
2.62531
2.62399
2.62339
2.62332
2.62235
2.62271
2.62408
2.62465
2.62326
2.62408
2.62343
2.62474
2.62185
2.62904
2.62519
2.62662
2.62358
2.62138
2.62187
2.61865
2.62339
2.6216
2.62293
2.61738
2.62663
2.62576
2.62543
2.62805
2.62746
2.62729
2.62666
2.62596
2.62466
2.62539
2.62698
2.62698
2.62615
2.62655
2.62615
2.62774
2.62465
2.63044
2.62768
2.62886
2.62608
2.62189
2.62411
2.61652
2.62661
2.62277
2.62529
2.61824
2.62847
2.62866
2.62777
2.63019
2.62933
2.62981
2.62882
2.62798
2.62745
2.62762
2.6289
2.62864
2.62847
2.62841
2.62937
2.63026
2.62804
2.63268
2.63107
2.63197
2.63037
2.62539
2.62729
2.62274
2.63091
2.62846
2.62971
2.62728
2.63009
2.63088
2.62986
2.63133
2.63043
2.63144
2.63032
2.6292
2.62921
2.62902
2.62989
2.62953
2.62964
2.62938
2.63196
2.63351
2.63165
2.6347
2.63291
2.6345
2.63268
2.62971
2.62921
2.62973
2.63057
2.62969
2.63051
2.62962
2.62862
2.62853
2.62857
2.62915
2.62897
2.62911
2.62891
2.6285
2.62839
2.62841
2.62886
2.62885
2.62879
2.62875
2.63027
2.63275
2.63032
2.63482
2.63236
2.63584
2.63297
2.62901
2.62797
2.62923
2.63002
2.62905
2.63001
2.62929
2.62823
2.62818
2.62831
2.62876
2.62867
2.62891
2.62873
2.62824
2.62819
2.62818
2.6286
2.62859
2.62861
2.62858
2.62887
2.62945
2.62906
2.63044
2.62964
2.63044
2.62963
2.62829
2.62861
2.62826
2.62907
2.6288
2.62917
2.62881
)
;

boundaryField
{
    fbOut
    {
        type            fixedValue;
        value           uniform 0;
    }
    CAD_patch1
    {
        type            zeroGradient;
    }
    fbGasin
    {
        type            zeroGradient;
    }
    CAD_patch3
    {
        type            zeroGradient;
    }
    fbBioin
    {
        type            zeroGradient;
    }
}


// ************************************************************************* //
