/*--------------------------------*- C++ -*----------------------------------*\
| =========                 |                                                 |
| \\      /  F ield         | OpenFOAM: The Open Source CFD Toolbox           |
|  \\    /   O peration     | Version:  5.x                                   |
|   \\  /    A nd           | Web:      www.OpenFOAM.org                      |
|    \\/     M anipulation  |                                                 |
\*---------------------------------------------------------------------------*/
FoamFile
{
    version     2.0;
    format      ascii;
    class       volScalarField;
    location    "6";
    object      voidfraction;
}
// * * * * * * * * * * * * * * * * * * * * * * * * * * * * * * * * * * * * * //

dimensions      [0 0 0 0 0 0 0];

internalField   nonuniform List<scalar> 
10571
(
0.940587
0.679398
0.833264
0.851587
0.902222
0.589571
0.734271
0.951614
0.859797
0.874667
0.743691
0.599333
0.564391
0.849045
0.846934
0.838472
0.490434
0.808188
0.620015
0.613807
0.45495
0.83654
0.812493
0.790396
0.423715
0.428489
0.595635
0.921189
0.593575
0.502122
0.942451
0.910896
0.620965
0.755275
0.48386
0.475002
0.839622
0.814982
0.545454
0.530408
0.460753
0.49609
0.604602
0.599927
0.436093
0.573512
0.842718
0.655285
0.645103
0.41881
0.471534
0.857216
0.55711
0.458943
0.898894
0.876638
0.598423
0.485694
0.415017
0.440619
0.661528
0.914722
0.851724
0.504883
0.421813
0.424999
0.544613
0.849429
0.816198
0.44874
0.485286
0.440547
1
0.869253
0.764076
0.967748
0.99961
0.840065
0.497558
0.676667
0.799708
0.753142
0.906037
0.805934
0.546039
0.882323
0.912426
0.968663
0.472755
0.466082
0.540668
0.854231
0.978024
0.432613
0.425016
0.445592
1
0.95968
1
1
1
0.997266
0.865227
0.954394
0.998155
1
0.996811
0.99902
0.937169
0.719395
0.904047
0.981239
0.999609
0.906033
0.677129
0.659148
0.95299
0.794882
0.434467
0.688398
1
0.984821
1
1
1
0.996419
0.999183
1
1
1
0.502242
0.993622
0.994724
0.999548
0.998479
1
1
0.4729
0.999429
0.999652
0.997348
0.998648
1
0.994695
0.995591
0.990533
1
0.990254
1
1
1
0.999459
0.999109
1
1
1
1
1
0.997057
0.998248
0.999773
1
1
1
0.998075
0.999296
0.999764
0.999014
1
1
0.986912
1
1
1
0.992382
1
1
1
0.998817
0.999443
1
1
1
1
0.996701
1
0.99824
1
1
1
1
0.997053
0.999891
0.999605
0.997522
1
1
0.99485
0.999124
0.997836
1
0.998376
1
1
1
0.999966
1
1
1
1
1
0.9989
0.999019
0.995904
0.999886
1
1
1
0.993263
0.999765
0.999841
1
1
0.997832
1
0.99727
1
0.997368
1
1
1
1
1
1
1
1
1
1
0.997327
0.999887
1
1
0.998075
0.998293
0.999789
1
1
1
1
1
1
0.9958
1
1
1
0.99902
1
1
1
1
0.993842
0.999358
0.999776
0.999887
1
1
0.99591
0.996105
0.999644
1
1
1
0.999668
0.99797
1
1
1
1
1
0.998041
1
1
1
1
0.997471
0.999053
1
1
1
1
0.99564
0.996155
0.99977
1
1
1
0.998249
1
1
1
1
1
1
1
1
1
1
1
0.993623
0.999358
1
1
1
1
0.99092
0.998308
1
1
1
0.996438
1
1
1
1
1
1
1
1
1
1
1
1
0.996811
1
1
1
1
1
0.998136
1
1
1
1
0.997755
0.999124
1
1
0.998712
1
1
1
1
1
1
1
1
0.986036
1
1
1
1
1
0.998737
1
1
1
1
0.999768
1
1
1
1
1
1
1
0.998041
1
1
1
1
0.991314
1
1
1
1
1
0.999128
1
1
1
1
1
1
1
1
1
1
1
1
1
1
1
1
1
0.998351
1
1
1
1
1
1
1
1
1
1
1
1
1
1
1
1
1
1
1
1
1
1
1
0.989445
1
1
1
1
1
1
1
1
1
1
1
1
1
1
1
1
1
1
1
1
1
1
1
0.998901
1
1
1
1
1
1
1
1
1
1
1
1
1
1
1
1
1
1
1
1
1
1
1
0.990436
1
1
1
1
1
1
1
1
1
1
1
1
1
1
1
1
1
1
1
1
1
1
1
1
1
1
1
1
1
1
1
1
1
1
1
1
1
1
1
1
1
1
1
1
1
1
1
1
1
1
1
1
1
1
1
1
1
1
1
1
1
1
1
1
1
1
1
1
1
1
1
1
1
1
1
1
1
1
1
1
1
1
1
1
1
1
1
1
1
1
1
1
1
1
1
1
1
1
1
1
1
1
1
1
1
1
1
1
1
1
1
1
1
1
1
1
1
1
1
1
1
1
1
1
1
1
1
1
1
1
1
1
1
1
1
1
1
1
1
1
1
1
1
1
1
1
1
1
1
1
1
1
1
1
1
1
1
1
1
1
1
1
1
1
1
1
1
1
1
1
1
1
1
1
1
1
1
1
1
1
1
1
1
1
1
1
1
1
1
1
1
1
1
1
1
1
1
1
1
1
1
1
1
1
1
1
1
1
1
1
1
1
1
1
1
1
1
1
1
1
1
1
1
1
1
1
1
1
1
1
1
1
1
1
1
1
1
1
1
1
1
1
1
1
1
1
1
1
1
1
1
1
1
1
1
1
1
1
1
1
1
1
1
1
1
1
1
1
1
1
1
1
1
1
1
1
1
1
1
1
1
1
1
1
1
1
1
1
1
1
1
1
1
1
1
1
1
1
1
1
1
1
1
1
1
1
1
1
1
1
1
1
1
1
1
1
1
1
1
1
1
1
1
1
1
1
1
1
1
1
1
1
1
1
1
1
1
1
1
1
1
1
1
1
1
1
1
1
1
1
1
1
1
1
1
1
1
1
1
1
1
1
1
1
1
1
1
1
1
1
1
1
1
1
1
1
1
1
1
1
1
1
1
1
1
1
1
1
1
1
1
1
1
1
1
1
1
1
1
1
1
1
1
1
1
1
1
1
1
1
1
1
1
1
1
1
1
1
1
1
1
1
1
1
1
1
1
1
1
1
1
1
1
1
1
1
1
1
1
1
1
1
1
1
1
1
1
1
1
1
1
1
1
1
1
1
1
1
1
1
1
1
1
1
1
1
1
1
1
1
1
1
1
1
1
1
1
1
1
1
1
1
1
1
1
1
1
1
1
1
1
1
1
1
1
1
1
1
1
1
1
1
1
1
1
1
1
1
1
1
1
1
1
1
1
1
1
1
1
1
1
1
1
1
1
1
1
1
1
1
1
1
1
1
1
1
1
1
1
1
1
1
1
1
1
1
1
1
1
1
1
1
1
1
1
1
1
1
1
1
1
1
1
1
1
1
1
1
1
1
1
1
1
1
1
1
1
1
1
1
1
1
1
1
1
1
1
1
1
1
1
1
1
1
1
1
1
1
1
1
1
1
1
1
1
1
1
1
1
1
1
1
1
1
1
1
1
1
1
1
1
1
1
1
1
1
1
1
1
1
1
1
1
1
1
1
1
1
1
1
1
1
1
1
1
1
1
1
1
1
1
1
1
1
1
1
1
1
1
1
1
1
1
1
1
1
1
1
1
1
1
1
1
1
1
1
1
1
1
1
1
1
1
1
1
1
1
1
1
1
1
1
1
1
1
1
1
1
1
1
1
1
1
1
1
1
1
1
1
1
1
1
1
1
1
1
1
1
1
1
1
1
1
1
1
1
1
1
1
1
1
1
1
1
1
1
1
1
1
1
1
1
1
1
1
1
1
1
1
1
1
1
1
1
1
1
1
1
1
1
1
1
1
1
1
1
1
1
1
1
1
1
1
1
1
1
1
1
1
1
1
1
1
1
1
1
1
1
1
1
1
1
1
1
1
1
1
1
1
1
1
1
1
1
1
1
1
1
1
1
1
1
1
1
1
1
1
1
1
1
1
1
1
1
1
1
1
1
1
1
1
1
1
1
1
1
1
1
1
1
1
1
1
1
1
1
1
1
1
1
1
1
1
1
1
1
1
1
1
1
1
1
1
1
1
1
1
1
1
1
1
1
1
1
1
1
1
1
1
1
1
1
1
1
1
1
1
1
1
1
1
1
1
1
1
1
1
1
1
1
1
1
1
1
1
1
1
1
1
1
1
1
1
1
1
1
1
1
1
1
1
1
1
1
1
1
1
1
1
1
1
1
1
1
1
1
1
1
1
1
1
1
1
1
1
1
1
1
1
1
1
1
1
1
1
1
1
1
1
1
1
1
1
1
1
1
1
1
1
1
1
1
1
1
1
1
1
1
1
1
1
1
1
1
1
1
1
1
1
1
1
1
1
1
1
1
1
1
1
1
1
1
1
1
1
1
1
1
1
1
1
1
1
1
1
1
1
1
1
1
1
1
1
1
1
1
1
1
1
1
1
1
1
1
1
1
1
1
1
1
1
1
1
1
1
1
1
1
1
1
1
1
1
1
1
1
1
1
1
1
1
1
1
1
1
1
1
1
1
1
1
1
1
1
1
1
1
1
1
1
1
1
1
1
1
1
1
1
1
1
1
1
1
1
1
1
1
1
1
1
1
1
1
1
1
1
1
1
1
1
1
1
1
1
1
1
1
1
1
1
1
1
1
1
1
1
1
1
1
1
1
1
1
1
1
1
1
1
1
1
1
1
1
1
1
1
1
1
1
1
1
1
1
1
1
1
1
1
1
1
1
1
1
1
1
1
1
1
1
1
1
1
1
1
1
1
1
1
1
1
1
1
1
1
1
1
1
1
1
1
1
1
1
1
1
1
1
1
1
1
1
1
1
1
1
1
1
1
1
1
1
1
1
1
1
1
1
1
1
1
1
1
1
1
1
1
1
1
1
1
1
1
1
1
1
1
1
1
1
1
1
1
1
1
1
1
1
1
1
1
1
1
1
1
1
1
1
1
1
1
1
1
1
1
1
1
1
1
1
1
1
1
1
1
1
1
1
1
1
1
1
1
1
1
1
1
1
1
1
1
1
1
1
1
1
1
1
1
1
1
1
1
1
1
1
1
1
1
1
1
1
1
1
1
1
1
1
1
1
1
1
1
1
1
1
1
1
1
1
1
1
1
1
1
1
1
1
1
1
1
1
1
0.598986
0.762902
0.667501
0.559188
0.758786
0.560477
0.592869
0.490017
0.490031
0.491835
0.533728
0.508765
0.628378
0.66518
0.659985
0.665098
0.590933
0.59893
0.559416
0.613919
0.604276
0.498188
0.454156
0.592647
0.533487
0.50443
0.510898
0.687146
0.526635
0.606597
0.633505
0.600634
0.542336
0.619502
0.521466
0.528162
0.49087
0.567907
0.635453
0.625845
0.850706
0.733963
0.729407
0.888819
0.881707
0.724037
0.800487
0.828639
0.651588
0.521957
0.569457
0.563863
0.499397
0.517861
0.549616
0.479307
0.46257
0.488624
0.516087
0.62245
0.806884
0.478952
0.690855
0.858238
0.839383
0.763134
0.640898
0.594266
0.794604
0.585636
0.502414
0.495834
0.634407
0.499254
0.479773
0.559258
0.603846
0.595734
0.635373
0.521707
0.574149
0.629445
0.566406
0.607531
0.489881
0.532342
0.487761
0.465968
0.480807
0.553771
0.587915
0.614035
0.536324
0.5509
0.550697
0.546834
0.896756
0.61882
0.934192
0.885214
0.763929
0.637038
0.610709
0.604838
0.758964
0.832346
0.613602
0.595455
0.55868
0.816231
0.559442
0.530836
0.461903
0.814314
0.566322
0.864192
0.520163
0.580049
0.518006
0.706972
0.833103
0.91308
0.89034
0.665586
0.629054
0.868252
0.819857
0.817247
0.793982
0.507745
0.79461
0.587212
0.470767
0.650191
0.504587
0.891317
0.919785
0.844507
0.857459
0.880412
0.601036
0.639475
0.646161
0.589021
0.615544
0.927796
0.632403
0.652669
0.82454
0.481699
0.585098
0.602208
0.732775
0.525246
0.570318
0.546863
0.695764
0.530501
0.629596
0.466506
0.641824
0.493632
0.534216
0.449238
0.658866
0.479214
0.438419
0.636265
0.631446
0.793891
0.875655
0.703008
0.656617
0.81193
0.867692
0.893657
0.725585
0.724977
0.784262
0.740672
0.40622
0.407969
0.41418
0.43728
0.421491
0.415901
0.439772
0.449689
0.443229
0.437678
0.425567
0.454065
0.451131
0.403917
0.416251
0.414988
0.411465
0.455408
0.448428
0.624884
0.416566
0.44547
0.435463
0.549455
0.57183
0.818088
0.728268
0.49575
0.415619
0.792845
0.50749
0.73613
0.538248
0.446002
0.498316
0.449058
0.436676
0.429802
0.436371
0.743204
0.781835
0.618874
0.541402
0.60384
0.457065
0.467034
0.436981
0.428595
0.440423
0.685202
0.478452
0.439118
0.570461
0.470835
0.45885
0.410013
0.513229
0.442716
0.517702
0.425261
0.437201
0.417884
0.444542
0.444152
0.68615
0.462361
0.809611
0.653761
0.666385
0.559395
0.49295
0.471371
0.424733
0.617562
0.762397
0.480883
0.479989
0.514195
0.833136
0.9023
0.621164
0.616226
0.688284
0.484735
0.415699
0.454825
0.600012
0.457563
0.47819
0.996817
0.603446
0.834105
0.601214
0.651381
1
0.977387
0.995064
0.597483
0.997915
0.405117
0.434165
0.444729
0.431223
0.514605
0.435964
0.449558
0.459785
0.481382
0.470672
0.61963
0.441808
0.883243
0.852837
0.643324
0.627484
0.446637
0.523097
0.435781
0.4125
0.431025
0.467722
0.455129
0.438811
0.431005
0.522129
0.485198
0.474145
0.577552
0.435215
0.433593
0.432517
0.433802
0.430735
0.555381
0.748137
0.841285
0.728948
0.964241
0.410224
0.403447
0.427496
0.402459
0.424021
0.411882
0.409163
0.385529
0.405497
0.90633
0.606716
0.710562
0.856415
0.950229
0.521923
0.726585
0.948451
0.419832
0.394472
0.44895
0.489133
0.434346
0.430347
0.448172
0.45981
0.528045
0.432555
0.44609
0.450174
0.448179
0.861638
0.986134
1
0.910382
0.998217
1
1
1
1
1
1
1
1
1
1
0.806182
0.937744
0.688561
0.886857
0.521257
0.957002
0.986441
0.984817
0.860093
0.999944
0.874227
0.973859
1
1
0.995185
1
0.936348
1
0.9048
0.938347
0.932771
0.978568
0.996592
0.993977
0.869639
0.954964
0.990544
0.978422
0.983261
0.878376
0.747202
0.99978
0.998395
0.998723
0.934427
0.978043
0.966483
0.971248
0.953076
0.522459
0.993723
0.438354
0.385154
0.406375
0.978638
0.934467
0.841638
0.740267
0.955924
0.490411
0.795848
0.788427
0.933522
0.573328
0.917397
0.956295
0.383037
0.588517
0.407571
0.443478
0.428416
0.415246
0.431413
0.431781
0.438043
0.421829
0.448145
0.441904
0.457571
0.982158
0.997212
1
1
1
1
0.999071
1
1
1
1
1
1
1
1
0.963711
0.97144
0.996526
0.993328
0.997398
0.976757
0.996884
0.993862
1
1
1
1
1
1
1
1
1
1
0.985024
0.996921
0.993793
0.990827
0.996371
0.995942
0.985639
0.974386
1
0.992427
0.938439
0.996335
0.997754
0.993622
0.999121
0.997754
0.943046
0.945592
0.999807
0.946852
0.992625
1
0.997977
0.998451
0.998369
0.991011
0.996572
0.999604
0.9973
0.995731
0.888287
0.866937
0.984769
0.853638
0.987265
0.996242
0.998134
0.992438
0.979431
0.993213
0.455452
0.453777
0.981995
0.882343
0.784877
0.477648
0.442982
0.783029
0.828801
0.70951
0.950072
0.989405
0.997978
1
0.999806
1
1
1
1
1
1
1
1
1
1
1
0.967468
0.973249
0.995925
0.99547
0.999967
0.982412
0.99997
0.996424
0.999805
1
1
1
1
1
1
1
1
1
0.987924
0.997251
0.99794
0.98951
0.993622
0.998031
0.895759
1
0.803161
1
1
1
1
0.391096
0.470843
0.416671
0.951362
0.620448
0.921052
0.621425
0.99794
0.996631
0.996811
0.997546
0.997792
0.836292
1
0.949859
1
1
1
1
0.382572
0.607087
0.402393
0.933966
0.633112
0.991037
0.787888
1
1
0.99934
0.994769
0.9967
0.998556
1
0.997075
0.997336
1
1
1
1
1
0.998408
1
1
0.995942
0.989365
0.995559
0.994732
0.98939
0.993896
1
0.993713
0.991989
1
1
0.99989
0.997548
0.993935
0.996027
1
1
1
1
1
1
1
1
1
1
1
1
1
0.975966
0.983071
0.999431
0.99848
0.998632
0.992606
0.99967
0.995738
0.999609
1
1
1
1
1
1
1
1
1
1
1
1
1
1
1
0.9952
1
0.996668
0.991484
0.996811
0.995668
1
1
1
1
1
1
1
0.999975
1
1
1
1
1
1
0.999121
0.999961
0.992742
0.99497
0.998877
1
1
1
1
1
1
1
1
1
1
1
1
1
1
0.996442
0.997907
0.999967
0.992349
0.991523
0.998256
0.99967
0.988243
0.993551
1
0.996462
0.996849
1
1
0.999118
1
1
1
1
1
1
1
0.991184
0.986076
0.999124
0.996817
0.990281
0.997674
0.996817
1
1
1
1
1
0.997975
0.998048
0.999233
1
1
1
1
1
1
1
1
1
1
1
1
1
0.990107
0.985579
0.999131
0.997556
1
0.994959
0.999431
0.9969
1
1
1
1
1
1
1
1
1
1
1
1
1
1
1
1
0.991755
0.993732
0.996728
0.994813
1
0.997546
1
1
1
1
1
1
1
1
1
1
1
1
1
1
0.997364
0.997754
0.997911
0.997364
0.995895
1
1
1
1
1
1
1
1
1
1
1
1
1
1
0.997279
0.994349
0.997657
0.989368
0.993218
0.997714
0.997294
0.986949
0.989524
1
0.997871
1
1
1
0.998233
1
1
1
1
1
1
1
0.979569
0.974742
0.999698
0.996817
0.999923
1
1
0.998953
1
0.999124
0.998565
1
0.997973
1
1
1
1
1
1
1
1
1
1
1
1
1
1
1
0.981678
0.981122
0.999131
0.997347
0.998567
0.998376
1
0.997109
0.999674
1
1
1
1
1
1
1
1
1
0.992452
1
0.995517
0.997716
1
0.99794
1
1
1
1
1
1
1
1
1
1
1
1
1
1
0.998424
0.995662
0.996811
0.998818
0.998877
1
1
1
1
1
1
1
1
1
1
1
1
1
1
0.990442
0.983048
0.994191
0.970635
0.995368
0.997414
0.997756
0.991843
0.997063
1
0.999297
1
1
1
1
1
1
0.992443
0.997341
1
1
1
1
1
0.997168
1
1
1
1
0.996638
1
1
1
1
1
1
1
1
1
1
1
1
1
1
1
0.984535
0.986486
0.998801
0.999583
0.999512
0.999664
1
0.997348
0.997851
1
1
1
1
1
1
1
1
1
0.9916
0.990433
0.998546
0.997523
1
0.998243
1
1
1
1
1
0.999121
0.995043
0.99989
0.998243
0.996011
1
1
1
1
1
0.993233
0.982769
0.996799
0.993587
0.994248
0.995189
0.994722
0.995106
0.998093
1
1
1
1
1
1
1
1
0.997271
1
1
1
0.998877
1
1
0.998876
1
1
0.997365
1
0.998669
1
1
1
1
1
1
1
1
1
1
1
1
1
1
1
0.988576
0.99199
1
0.999106
1
0.99944
0.99988
0.997348
0.999382
1
1
1
1
1
1
1
1
1
0.99373
0.996811
0.996487
0.99551
0.996811
0.998243
1
1
1
1
1
0.997697
0.991326
0.996811
0.997304
0.992681
1
1
1
1
1
0.979701
0.992327
0.99426
0.996738
0.999122
0.998527
0.993767
0.998369
0.996973
1
1
1
1
1
1
1
1
0.995942
0.997971
1
1
0.999613
1
1
0.998567
1
0.999517
0.997986
1
1
1
1
1
1
1
1
1
1
1
1
1
1
1
1
1
0.990736
0.99394
1
0.999136
1
0.997312
1
0.997944
1
1
1
1
1
1
1
1
1
1
0.995046
0.996151
0.998819
0.997562
1
0.993125
1
1
1
1
1
0.99591
0.99121
0.986365
0.994274
0.996399
1
1
1
1
1
0.974679
0.977818
0.997131
0.996907
0.985591
0.997444
0.998384
0.992069
0.994128
1
1
1
1
1
1
1
1
0.994613
0.998391
1
1
0.992915
0.999456
1
1
1
1
0.998877
1
1
1
1
1
1
1
1
1
1
1
1
1
1
1
1
1
0.99805
0.991642
1
0.997438
1
1
1
0.999136
1
1
1
1
1
1
1
1
1
1
0.99551
0.997801
0.995033
0.995123
0.984496
0.994518
1
1
1
1
1
0.996152
0.992449
0.991973
0.995092
0.996592
1
1
1
1
1
0.982841
0.995954
1
0.98937
0.997367
0.997174
1
0.992688
0.999788
1
1
1
1
1
1
1
1
1
1
0.997372
1
0.998839
0.996527
1
0.998838
1
0.997373
0.998915
0.990452
1
1
1
1
1
1
1
1
1
1
1
1
1
1
1
1
0.983632
0.98788
1
0.999136
1
1
1
1
1
1
1
1
1
1
1
1
1
1
0.996904
0.9989
0.995578
0.993653
1
0.9947
1
1
1
1
1
0.99794
0.995508
0.983177
0.995365
0.992604
1
1
1
1
1
0.997977
0.989956
1
0.9973
0.998729
0.999369
1
0.997806
0.999364
1
1
1
1
1
1
1
1
0.997971
0.997411
0.994443
0.990342
0.99911
0.997674
0.994842
1
1
1
1
1
1
1
1
1
1
1
1
1
1
1
1
1
1
1
1
1
0.990945
0.995124
1
0.999076
1
1
1
0.999136
1
1
1
1
1
1
1
1
1
1
0.996323
0.995052
0.998244
0.996014
0.994282
0.99467
1
1
1
1
1
0.995244
0.996205
0.99912
0.996153
0.99547
1
1
1
1
1
0.991909
0.987305
1
0.999325
0.999304
0.999699
1
1
1
1
1
1
1
1
1
1
1
0.9993
0.998671
1
0.998902
0.996632
1
1
1
1
1
1
1
1
1
1
1
1
1
1
1
1
1
1
1
1
1
1
1
0.996657
0.995194
1
0.999136
1
1
1
0.999166
1
1
1
1
1
1
1
1
1
1
0.993885
1
0.995518
0.99524
0.987245
0.997789
1
1
1
1
1
0.996365
0.991985
1
0.991396
0.995973
1
1
1
1
1
0.99728
0.991909
1
1
1
0.999128
1
1
1
1
1
1
1
1
1
1
1
1
1
1
1
1
1
1
1
1
1
1
1
1
1
1
1
1
1
1
1
1
1
1
1
1
1
1
1
0.99596
1
1
1
1
1
1
1
1
1
1
1
1
1
1
1
1
1
0.996633
0.993622
0.997487
0.998878
0.993623
0.996668
1
1
1
1
1
0.996456
0.992063
0.987245
0.993031
0.995082
1
1
1
1
1
0.991908
0.998047
1
1
1
0.999128
1
0.999944
1
1
1
1
1
1
1
1
1
1
1
1
1
1
1
1
1
1
1
1
1
1
1
1
1
1
1
1
1
1
1
1
1
1
1
1
1
0.99596
0.997562
1
1
1
1
1
1
1
1
1
1
1
1
1
1
1
1
0.994002
0.990436
0.997366
0.997174
0.990542
0.997244
1
1
1
1
1
0.99791
0.996941
0.989884
0.99697
1
1
1
1
1
1
0.998675
0.997977
1
1
1
1
1
1
1
1
1
1
1
1
1
1
1
1
1
1
1
1
1
1
1
1
1
1
1
1
1
1
1
1
1
1
1
1
1
1
1
1
1
1
1
0.998398
0.99798
1
1
1
1
1
1
1
1
1
1
1
1
1
1
1
1
0.996633
0.996702
0.999092
0.996632
0.993622
0.998092
1
1
1
1
1
0.998243
1
0.996811
1
1
1
1
1
1
1
1
1
1
1
1
1
1
1
1
1
1
1
1
1
1
1
1
1
1
1
1
1
1
1
1
1
1
1
1
1
1
1
1
1
1
1
1
1
1
1
1
1
1
1
1
1
1
1
1
1
1
1
1
1
1
1
1
1
1
1
1
1
1
0.998142
0.996812
0.998425
0.998452
0.996811
0.998304
1
1
1
1
1
1
1
0.996811
1
1
1
1
1
1
1
1
1
1
1
1
1
1
1
1
1
1
1
1
1
1
1
1
1
1
1
1
1
1
1
1
1
1
1
1
1
1
1
1
1
1
1
1
1
1
1
1
1
1
1
1
1
1
1
1
1
1
1
1
1
1
1
1
1
1
1
1
1
1
0.998878
1
0.999092
1
1
1
1
1
1
1
1
1
1
1
1
1
1
1
1
1
1
1
1
1
1
1
1
1
1
1
1
1
1
1
1
1
1
1
1
1
1
1
1
1
1
1
1
1
1
1
1
1
1
1
1
1
1
1
1
1
1
1
1
1
1
1
1
1
1
1
1
1
1
1
1
1
1
1
1
1
1
1
1
1
1
1
1
1
1
1
1
1
1
1
1
1
1
1
1
1
1
1
1
1
1
1
1
1
1
1
1
1
1
1
1
1
1
1
1
1
1
1
1
1
1
1
1
1
1
1
1
1
1
1
1
1
1
1
1
1
1
1
1
1
1
1
1
1
1
1
1
1
1
1
1
1
1
1
1
1
1
1
1
1
1
1
1
1
1
1
1
1
1
1
1
1
1
1
1
1
1
1
1
1
1
1
1
1
1
1
1
1
1
1
1
1
1
1
1
1
1
1
1
1
1
1
1
1
1
1
1
1
1
1
1
1
1
1
1
1
1
1
1
1
1
1
1
1
1
1
1
1
1
1
1
1
1
1
1
1
1
1
1
1
1
1
1
1
1
1
1
1
1
1
1
1
1
1
1
1
1
1
1
1
1
1
1
1
1
1
1
1
1
1
1
1
1
1
1
1
1
1
1
1
1
1
1
1
1
1
1
1
1
1
1
1
1
1
1
1
1
1
1
1
1
1
1
1
1
1
1
1
1
1
1
1
1
1
1
1
1
1
1
1
1
1
1
1
1
1
1
1
1
1
1
1
1
1
1
1
1
1
1
1
1
1
1
1
1
1
1
1
1
1
1
1
1
1
1
1
1
1
1
1
1
1
1
1
1
1
1
1
1
1
1
1
1
1
1
1
1
1
1
1
1
1
1
1
1
1
1
1
1
1
1
1
1
1
1
1
1
1
1
1
1
1
1
1
1
1
1
1
1
1
1
1
1
1
1
1
1
1
1
1
1
1
1
1
1
1
1
1
1
1
1
1
1
1
1
1
1
1
1
1
1
1
1
1
1
1
1
1
1
1
1
1
1
1
1
1
1
1
1
1
1
1
1
1
1
1
1
1
1
1
1
1
1
1
1
1
1
1
1
1
1
1
1
1
1
1
1
1
1
1
1
1
1
1
1
1
1
1
1
1
1
1
1
1
1
1
1
1
1
1
1
1
1
1
1
1
1
1
1
1
1
1
1
1
1
1
1
1
1
1
1
1
1
1
1
1
1
1
1
1
1
1
1
1
1
1
1
1
1
1
1
1
1
1
1
1
1
1
1
1
1
1
1
1
1
1
1
1
1
1
1
1
1
1
1
1
1
1
1
1
1
1
1
1
1
1
1
1
1
1
1
1
1
1
1
1
1
1
1
1
1
1
1
1
1
1
1
1
1
1
1
1
1
1
1
1
1
1
1
1
1
1
1
1
1
1
1
1
1
1
1
1
1
1
1
1
1
1
1
1
1
1
1
1
1
1
1
1
1
1
1
1
1
1
1
1
1
1
1
1
1
1
1
1
1
1
1
1
1
1
1
1
1
1
1
1
1
1
1
1
1
1
1
1
1
1
1
1
1
1
1
1
1
1
1
1
1
1
1
1
1
1
1
1
1
1
1
1
1
1
1
1
1
1
1
1
1
1
1
1
1
1
1
1
1
1
1
1
1
1
1
1
1
1
1
1
1
1
1
1
1
1
1
1
1
1
1
1
1
1
1
1
1
1
1
1
1
1
1
1
1
1
1
1
1
1
1
1
1
1
1
1
1
1
1
1
1
1
1
1
1
1
1
1
1
1
1
1
1
1
1
1
1
1
1
1
1
1
1
1
1
1
1
1
1
1
1
1
1
1
1
1
1
1
1
1
1
1
1
1
1
1
1
1
1
1
1
1
1
1
1
1
1
1
1
1
1
1
1
1
1
1
1
1
1
1
1
1
1
1
1
1
1
1
1
1
1
1
1
1
1
1
1
1
1
1
1
1
1
1
1
1
1
1
1
1
1
1
1
1
1
1
1
1
1
1
1
1
1
1
1
1
1
1
1
1
1
1
1
1
1
1
1
1
1
1
1
1
1
1
1
1
1
1
1
1
1
1
1
1
1
1
1
1
1
1
1
1
1
1
1
1
1
1
1
1
1
1
1
1
1
1
1
1
1
1
1
1
1
1
1
1
1
1
1
1
1
1
1
1
1
1
1
1
1
1
1
1
1
1
1
1
1
1
1
1
1
1
1
1
1
1
1
1
1
1
1
1
1
1
1
1
1
1
1
1
1
1
1
1
1
1
1
1
1
1
1
1
1
1
1
1
1
1
1
1
1
1
1
1
1
1
1
1
1
1
1
1
1
1
1
1
1
1
1
1
1
1
1
1
1
1
1
1
1
1
1
1
1
1
1
1
1
1
1
1
1
1
1
1
1
1
1
1
1
1
1
1
1
1
1
1
1
1
1
1
1
1
1
1
1
1
1
1
1
1
1
1
1
1
1
1
1
1
1
1
1
1
1
1
1
1
1
1
1
1
1
1
1
1
1
1
1
1
1
1
1
1
1
1
1
1
1
1
1
1
1
1
1
1
1
1
1
1
1
1
1
1
1
1
1
1
1
1
1
1
1
1
1
1
1
1
1
1
1
1
1
1
1
1
1
1
1
1
1
1
1
1
1
1
1
1
1
1
1
1
1
1
1
1
1
1
1
1
1
1
1
1
1
1
1
1
1
1
1
1
1
1
1
1
1
1
1
1
1
1
1
1
1
1
1
1
1
1
1
1
1
1
1
1
1
1
1
1
1
1
1
1
1
1
1
1
1
1
1
1
1
1
1
1
1
1
1
1
1
1
1
1
1
1
1
1
1
1
1
1
1
1
1
1
1
1
1
1
1
1
1
1
1
1
1
1
1
1
1
1
1
1
1
1
1
1
1
1
1
1
1
1
1
1
1
1
1
1
1
1
1
1
1
1
1
1
1
1
1
1
1
1
1
1
1
1
1
1
1
1
1
1
1
1
1
1
1
1
1
1
1
1
1
1
1
1
1
1
1
1
1
1
1
1
1
1
1
1
1
1
1
1
1
1
1
1
1
1
1
1
1
1
1
1
1
1
1
1
1
1
1
1
1
1
1
1
1
1
1
1
1
1
1
1
1
1
1
1
1
1
1
1
1
1
1
1
1
1
1
1
1
1
1
1
1
1
1
1
1
1
1
1
1
1
1
1
1
1
1
1
1
1
1
1
1
1
1
1
1
1
1
1
1
1
1
1
1
1
1
1
1
1
1
1
1
1
1
1
1
1
1
1
1
1
1
1
1
1
1
1
1
1
1
1
1
1
1
1
1
1
1
1
1
1
1
1
1
1
1
1
1
1
1
1
1
1
1
1
1
1
1
1
1
1
1
1
1
1
1
1
1
1
1
1
1
1
1
1
1
1
1
1
1
1
1
1
1
1
1
1
1
1
1
1
1
1
1
1
1
1
1
1
1
1
1
1
1
1
1
1
1
1
1
1
1
1
1
1
1
1
1
1
1
1
1
1
1
1
1
1
1
1
1
1
1
1
1
1
1
1
1
1
1
1
1
1
1
1
1
1
1
1
1
1
1
1
1
1
1
1
1
1
1
1
1
1
1
1
1
1
1
1
1
1
1
1
1
1
1
1
1
1
1
1
1
1
1
1
1
1
1
1
1
1
1
1
1
1
1
1
1
1
1
1
1
1
1
1
1
1
1
1
1
1
1
1
1
1
1
1
1
1
1
1
1
1
1
1
1
1
1
1
1
1
1
1
1
1
1
1
1
1
1
1
1
1
1
1
1
1
1
1
1
1
1
1
1
1
1
1
1
1
1
1
1
1
1
1
1
1
1
1
1
1
1
1
1
1
1
1
1
1
1
1
1
1
1
1
1
1
1
1
1
1
1
1
1
1
1
1
1
1
1
1
1
1
1
1
1
1
1
1
1
1
1
1
1
1
1
1
1
1
1
1
1
1
1
1
1
1
1
1
1
1
1
1
1
1
1
1
1
1
1
1
1
1
1
1
1
1
1
1
1
1
1
1
1
1
1
1
1
1
1
1
1
1
1
1
1
1
1
1
1
1
1
1
1
1
1
1
1
1
1
1
1
1
1
1
1
1
1
1
1
1
1
1
1
1
1
1
1
1
1
1
1
1
1
1
1
1
1
1
1
1
1
1
1
1
1
1
1
1
1
1
1
1
1
1
1
1
1
1
1
1
1
1
1
1
1
1
1
1
1
1
1
1
1
1
1
1
1
1
1
1
1
1
1
1
1
1
1
1
1
1
1
1
1
1
1
1
1
1
1
1
1
1
1
1
1
1
1
1
1
1
1
1
1
1
1
1
1
1
1
1
1
1
1
1
1
1
1
1
1
1
1
1
1
1
1
1
1
1
1
1
1
1
1
1
1
1
1
1
1
1
1
1
1
1
1
1
1
1
1
1
1
1
1
1
1
1
1
1
1
1
1
1
1
1
1
1
1
1
1
1
1
1
1
1
1
1
1
1
1
1
1
1
1
1
1
1
1
1
1
1
1
1
1
1
1
1
1
1
1
1
1
1
1
1
1
1
1
1
1
1
1
1
1
1
1
1
1
1
1
1
1
1
1
1
1
1
1
1
1
1
1
1
1
1
1
1
1
1
1
1
1
1
1
1
1
1
1
1
1
1
1
1
1
1
1
1
1
1
1
1
1
1
1
1
1
1
1
1
1
1
1
1
1
1
1
1
1
1
1
1
1
1
1
1
1
1
1
1
1
1
1
1
1
1
1
1
1
1
1
1
1
1
1
1
1
1
1
1
1
1
1
1
1
1
1
1
1
1
1
1
1
1
1
1
1
1
1
1
1
1
1
1
1
1
1
1
1
1
1
1
1
1
1
1
1
1
1
1
1
1
1
1
1
1
1
1
1
1
1
1
1
1
1
1
1
1
1
1
1
1
1
1
1
1
1
1
1
1
1
1
1
1
1
1
1
1
1
1
1
1
1
1
1
1
1
1
1
1
1
1
1
1
1
1
1
1
1
1
1
1
1
1
1
1
1
1
1
1
1
1
1
1
1
1
1
1
1
1
1
1
1
1
1
1
1
1
1
1
1
1
1
1
1
1
1
1
1
1
1
1
1
1
1
1
1
1
1
1
1
1
1
1
1
1
1
1
1
1
1
1
1
1
1
1
1
1
1
1
1
1
1
1
1
1
1
1
1
1
1
1
1
1
1
1
1
1
1
1
1
1
1
1
1
1
1
1
1
1
1
1
1
1
1
1
1
1
1
1
1
1
1
1
1
1
1
1
1
1
1
1
1
1
1
1
1
1
1
1
1
1
1
1
1
1
1
1
1
1
1
1
1
1
1
1
1
1
1
1
1
1
1
1
1
1
1
1
1
1
1
1
1
1
1
1
1
1
1
1
1
1
1
1
1
1
1
1
1
1
1
1
1
1
1
1
1
1
1
1
1
1
1
1
1
1
1
1
1
1
1
1
1
1
1
1
1
1
1
1
1
1
1
1
1
1
1
1
1
1
1
1
1
1
1
1
1
1
1
1
1
1
1
1
1
1
1
1
1
1
1
1
1
1
1
1
1
1
1
1
1
1
1
1
1
1
1
1
1
1
1
1
1
1
1
1
1
1
1
1
1
1
1
1
1
1
1
1
1
1
1
1
1
1
1
1
1
1
1
1
1
1
1
1
1
1
1
1
1
1
1
1
1
1
1
1
1
1
1
1
1
1
1
1
1
1
1
1
1
1
1
1
1
1
1
1
1
1
1
1
1
1
1
1
1
1
1
1
1
1
1
1
1
1
1
1
1
1
1
1
1
1
1
1
1
1
1
1
1
1
1
1
1
1
1
1
1
1
1
1
1
1
1
1
1
1
1
1
1
1
1
1
1
1
1
1
1
1
1
1
1
1
1
1
1
1
1
1
1
1
1
1
1
1
1
1
1
1
1
1
1
1
1
1
1
1
1
1
1
1
1
1
1
1
1
1
1
1
1
1
1
1
1
1
1
1
1
1
1
1
1
1
1
1
1
1
1
1
1
1
1
1
1
1
1
1
1
1
1
1
1
1
1
1
1
1
1
1
1
1
1
1
1
1
1
1
1
1
1
1
1
1
1
1
1
1
1
1
1
1
1
1
1
1
1
1
1
1
1
1
1
1
1
1
1
1
1
1
1
1
1
1
1
1
1
1
1
1
1
1
1
1
1
1
1
1
1
1
1
1
1
1
1
1
1
1
1
1
1
1
1
1
1
1
1
1
1
1
1
1
1
1
1
1
1
1
1
1
1
1
1
1
1
1
1
1
1
1
1
1
1
1
1
1
1
1
1
1
1
1
1
1
1
1
1
1
1
1
1
1
1
1
1
1
1
1
1
1
1
1
1
1
1
1
1
1
1
1
1
1
1
1
1
1
1
1
1
1
1
1
1
1
1
1
1
1
1
1
1
1
1
1
1
1
1
1
1
1
1
1
1
1
1
1
1
1
1
1
1
1
1
1
1
1
1
1
1
1
1
1
1
1
1
1
1
1
1
1
1
1
1
1
1
1
1
1
1
1
1
1
1
1
1
1
1
1
1
1
1
1
1
1
1
1
1
1
1
1
1
1
1
1
1
1
1
1
1
1
1
1
1
1
1
1
1
1
1
1
1
1
1
1
1
1
1
1
1
1
1
1
1
1
1
1
1
1
1
1
1
1
1
1
1
1
1
1
1
1
1
1
1
1
1
1
1
1
1
1
1
1
1
1
1
1
1
1
1
1
1
1
1
1
1
1
1
1
1
1
1
1
1
1
1
1
1
1
1
1
1
1
1
1
1
1
1
1
1
1
1
1
1
1
1
1
1
1
1
1
1
1
1
1
1
1
1
1
1
1
1
1
1
1
1
1
1
1
1
1
1
1
1
1
1
1
1
1
1
1
1
1
1
1
1
1
1
1
1
1
1
1
1
1
1
1
1
1
1
1
1
1
1
1
1
1
1
1
1
1
1
1
1
1
1
1
1
1
1
1
1
1
1
1
1
1
1
1
1
1
1
1
1
1
1
1
1
1
1
1
1
1
1
1
1
1
1
1
1
1
1
1
1
1
1
1
1
1
1
1
1
1
1
1
1
1
1
1
1
1
1
1
1
1
1
1
1
1
1
1
1
1
1
1
1
1
1
1
1
1
1
1
1
1
1
1
1
1
1
1
1
1
1
1
1
1
1
1
1
1
1
1
1
1
1
1
1
1
1
1
1
1
1
1
1
1
1
1
1
1
1
1
1
1
1
1
1
1
1
1
1
1
1
1
1
1
1
1
1
1
1
1
1
1
1
1
1
1
1
1
1
1
1
1
1
1
1
1
1
1
1
1
1
1
1
1
1
1
1
1
1
1
1
1
1
1
1
1
1
1
1
1
1
1
1
1
1
1
1
1
1
1
1
1
1
1
1
1
1
1
1
1
1
1
1
1
1
1
1
1
1
1
1
1
1
1
1
1
1
1
1
1
1
1
1
1
1
1
1
1
1
1
1
1
1
1
1
1
1
1
1
1
1
1
1
1
1
1
1
1
1
1
1
1
1
1
1
1
1
1
1
1
1
1
1
1
1
1
1
1
1
1
1
1
1
1
1
1
1
1
1
1
1
1
1
1
1
1
1
1
1
1
1
1
1
1
1
1
1
1
1
1
1
1
1
1
1
1
1
1
1
1
1
1
1
1
1
1
1
1
1
1
1
1
1
1
1
1
1
1
1
1
1
1
1
1
1
1
1
1
1
1
1
1
1
1
1
1
1
1
1
1
1
1
1
1
1
1
1
1
1
1
1
1
1
1
1
1
1
1
1
1
1
1
1
1
1
1
1
1
1
1
1
1
1
1
1
1
1
1
1
1
1
1
1
1
1
1
1
1
1
1
1
1
1
1
1
1
1
1
1
1
1
1
1
1
1
1
1
1
1
1
1
1
1
1
1
1
1
1
1
1
1
1
1
1
1
1
1
1
1
1
1
1
1
1
1
1
1
1
1
1
1
1
1
1
1
1
1
1
1
1
1
1
1
1
1
1
1
1
1
1
1
1
1
1
1
1
1
1
1
1
1
1
1
1
1
1
1
1
1
1
1
1
1
1
1
1
1
1
1
1
1
1
1
1
1
1
1
1
1
1
1
1
1
1
1
1
1
1
1
1
1
1
1
1
1
1
1
1
1
1
1
1
1
1
1
1
1
1
1
1
1
1
1
1
1
1
1
1
1
1
1
1
1
1
1
1
1
1
1
1
1
1
1
1
1
1
1
1
1
1
1
1
1
1
1
1
1
1
1
1
1
1
1
1
1
1
1
1
1
1
1
1
1
1
1
1
1
1
1
1
1
1
1
1
1
1
1
1
1
1
1
1
1
1
1
1
1
1
1
1
1
1
1
1
1
1
1
1
1
1
1
1
1
1
1
1
1
1
1
1
1
1
1
1
1
1
1
1
1
1
1
1
1
1
1
1
1
1
1
1
1
1
1
1
1
1
1
1
1
1
1
1
1
1
1
1
1
1
1
1
1
1
1
1
1
1
1
1
1
1
1
1
1
1
1
1
1
1
1
1
1
1
1
1
1
1
1
1
1
1
1
1
1
1
1
1
1
1
1
1
1
1
1
1
1
1
1
1
1
1
1
1
1
1
1
1
1
1
1
1
1
1
1
1
1
1
1
1
1
1
1
1
1
1
1
1
1
1
1
1
1
1
1
1
1
1
1
1
1
1
1
1
1
1
1
1
1
1
1
1
1
1
1
1
1
1
1
1
1
1
1
1
1
1
1
1
1
1
1
1
1
1
1
1
1
1
1
1
1
1
1
1
1
1
1
1
1
1
1
1
1
1
1
1
1
1
1
1
1
1
1
1
1
1
1
1
1
1
1
1
1
1
1
1
1
1
1
1
1
1
1
1
1
1
1
1
1
1
1
1
1
1
1
1
1
1
1
1
1
1
1
1
1
1
1
1
1
1
1
1
1
1
1
1
1
1
1
1
1
1
1
1
1
1
1
1
1
1
1
1
1
1
1
1
1
1
1
1
1
1
1
1
1
1
1
1
1
1
1
1
1
1
1
1
1
1
1
1
1
1
1
1
1
1
1
1
1
1
1
1
1
1
1
1
1
1
1
1
1
1
1
1
1
1
1
1
1
1
1
1
1
1
1
1
1
1
1
1
1
1
1
1
1
1
1
1
1
1
1
1
1
1
1
1
1
1
1
1
1
1
1
1
1
1
1
1
1
1
1
1
1
1
1
1
1
1
1
1
1
1
1
1
1
1
1
1
1
1
1
1
1
1
1
1
1
1
1
1
1
1
1
1
1
1
1
1
1
1
1
1
1
1
1
1
1
1
1
1
1
1
1
1
1
1
1
1
1
1
1
1
1
1
1
1
1
1
1
1
1
1
1
1
1
1
1
1
1
1
1
1
1
1
1
1
1
1
1
1
1
1
1
1
1
1
1
1
1
1
1
1
1
1
1
1
1
1
1
1
1
1
1
1
1
1
1
1
1
1
1
1
1
1
1
1
1
1
1
1
1
1
1
1
1
1
1
1
1
1
1
1
1
1
1
1
1
1
1
1
1
1
1
1
1
1
1
1
1
1
1
1
1
1
1
1
1
1
1
1
1
1
1
1
1
1
1
1
1
1
1
1
1
1
1
1
1
1
1
1
1
1
1
1
1
1
1
1
1
1
1
1
1
1
1
1
1
1
1
1
1
1
1
1
1
1
1
1
1
1
1
1
1
1
1
1
1
1
1
1
1
1
1
1
1
1
1
1
1
1
1
1
1
1
1
1
1
1
1
1
1
1
1
1
1
1
1
1
1
1
1
1
1
1
1
1
1
1
1
1
1
1
1
1
1
1
1
1
1
1
1
1
1
1
1
1
1
1
1
1
1
1
1
1
1
1
1
1
1
1
1
1
1
1
1
1
1
1
1
1
1
1
1
1
1
1
1
1
1
1
1
1
1
1
1
1
1
1
1
1
1
1
1
1
1
1
1
1
1
1
1
1
1
1
1
1
1
1
1
1
1
1
1
1
1
1
1
1
1
1
1
1
1
1
1
1
1
1
1
1
1
1
1
1
1
1
1
1
1
1
1
1
1
1
1
1
1
1
1
1
1
1
1
1
1
1
1
1
1
1
1
1
1
1
1
1
1
1
1
1
1
1
1
1
1
1
1
1
1
1
1
1
1
1
1
1
1
1
1
1
1
1
1
1
1
1
1
1
1
1
1
1
1
1
1
1
1
1
1
1
1
1
1
1
1
1
1
1
1
1
1
1
1
1
1
1
1
1
1
1
1
1
1
1
1
1
1
1
1
1
1
1
1
1
1
1
1
1
1
1
1
1
1
1
1
1
1
1
1
1
1
1
1
1
1
1
1
1
1
1
1
1
1
1
1
1
1
1
1
1
1
1
1
1
1
1
1
1
1
1
1
1
1
1
1
1
1
1
1
1
1
1
1
1
1
1
1
1
1
1
1
1
1
1
1
1
1
1
1
1
1
1
1
1
1
1
1
1
1
1
1
1
1
1
1
0.807704
0.824445
0.899903
0.733993
0.798698
0.814994
0.814177
0.912225
0.941643
0.949806
0.794081
0.734545
0.860558
0.878632
0.868039
0.519605
0.820231
0.528001
0.843209
0.486116
0.866359
0.936983
0.649406
0.755294
0.877855
0.893438
0.831581
0.955881
0.887325
0.83786
0.849308
0.97666
0.982241
0.93302
0.920395
0.819558
0.848509
0.912025
0.970499
0.9114
0.882089
0.850001
0.538845
0.586456
0.662516
0.570682
0.638349
0.649131
0.699433
0.5295
0.754541
0.585747
0.633775
0.592401
0.705117
0.455745
0.932102
0.630039
0.773577
0.73313
0.903205
0.475741
0.88695
0.879654
0.732419
0.560383
0.910584
0.685659
0.701233
0.468843
0.680981
0.815909
0.844671
0.684071
0.468496
0.670689
0.600677
0.636222
0.873723
0.690854
0.446452
0.661989
0.593954
0.611322
0.845185
0.906775
0.965278
0.510509
0.775344
0.893076
0.978559
0.828935
0.927975
0.846983
0.887684
0.755093
0.956152
0.905967
0.833144
0.497981
0.822674
0.473467
0.804348
0.478303
0.789582
0.723903
0.467681
0.559392
0.448332
0.587593
0.431963
0.448611
0.807152
0.841014
0.966973
0.473532
0.689659
0.722989
0.915846
0.748899
0.949377
0.872495
0.750755
0.804552
0.823251
0.694514
0.708068
0.46006
0.654524
0.4573
0.585702
0.443208
0.521108
0.505284
0.432284
0.448634
0.427149
0.458019
0.422711
0.429633
0.831875
0.623744
0.646209
0.997812
0.997102
0.82241
0.902412
0.991807
0.73954
0.796448
0.999663
1
0.976758
0.969826
0.50166
0.789867
0.504866
0.985668
0.74501
0.993767
0.837912
0.534607
0.673371
0.539909
0.999022
0.921254
0.99662
0.95032
0.999865
0.974896
0.994518
1
1
0.997903
1
1
1
1
1
1
1
1
0.974188
0.991229
0.981223
0.999426
0.998101
0.9948
0.995725
0.995102
0.997699
0.996959
0.99902
0.999045
0.999357
0.999835
1
0.999246
1
1
1
1
1
1
1
1
1
1
1
1
0.999378
0.994731
0.995889
0.999932
0.999049
0.997973
0.994075
0.997333
1
1
0.990427
0.991067
0.998679
0.998973
1
0.999048
1
1
1
1
1
1
1
1
1
1
1
1
1
0.999662
0.995853
0.999358
1
1
0.999374
0.994827
0.995055
0.997814
0.997666
0.995945
0.997053
0.999006
1
1
1
1
1
1
1
1
1
1
1
1
1
1
1
1
0.998124
0.998243
1
0.999358
1
0.99232
0.99895
0.992349
0.998884
0.995682
0.997629
0.992118
1
1
1
1
1
1
1
1
1
1
1
1
1
1
0.999934
0.999662
1
1
1
0.999966
1
0.999011
0.995089
0.988771
1
0.998155
0.999932
0.995695
1
1
1
1
1
1
1
1
1
1
1
1
1
1
1
0.998075
1
0.99902
1
1
0.999046
0.999802
0.997087
0.999073
0.999662
1
0.997968
0.999669
1
1
1
1
1
1
1
1
1
1
1
1
1
1
1
1
1
0.997061
0.99905
0.998042
1
1
0.99614
1
0.999966
1
0.999594
1
1
1
1
1
1
1
1
1
1
1
1
1
1
1
1
1
1
0.997028
1
0.998042
1
1
0.998375
1
1
1
0.999357
0.999669
1
1
1
1
1
1
1
1
1
1
1
1
1
1
1
1
1
0.998987
1
1
1
1
1
1
1
1
0.999052
1
1
1
1
1
1
1
1
1
1
1
1
1
1
1
1
1
1
0.999966
1
1
1
1
1
1
1
1
1
1
1
1
1
1
1
1
1
1
1
1
1
1
1
1
1
0.998819
1
1
1
0.998582
1
1
0.999357
1
1
1
0.998714
1
1
1
1
1
1
1
1
1
1
1
1
1
1
1
1
0.999662
1
1
1
1
1
1
1
1
1
1
1
1
1
1
1
1
1
1
1
1
1
1
1
1
1
1
1
1
1
1
1
1
1
1
1
1
1
1
1
1
1
1
1
1
1
1
1
1
1
1
1
1
1
1
1
1
1
1
1
1
1
1
1
1
1
1
1
1
1
1
1
1
1
1
1
1
1
1
1
1
1
1
1
1
1
1
1
1
1
1
1
1
1
1
1
1
1
1
1
1
1
1
1
1
1
1
1
1
1
1
1
1
1
1
1
1
1
1
1
1
1
1
1
1
1
1
1
1
1
1
1
1
1
1
1
1
1
1
1
1
1
1
1
1
1
1
1
1
1
1
1
1
1
1
1
1
1
1
1
1
1
1
1
1
1
1
1
1
1
1
1
1
1
1
1
1
1
1
1
1
1
1
1
1
1
1
1
1
1
1
1
1
1
1
1
1
1
1
1
1
1
1
1
1
1
1
1
1
1
1
1
1
1
1
1
1
1
1
1
1
1
1
1
1
1
1
1
1
1
1
1
1
1
1
1
1
1
1
1
1
1
1
1
1
1
1
1
1
1
1
1
1
1
1
1
1
1
1
1
1
1
1
1
1
1
1
1
1
1
1
1
1
1
1
1
1
1
1
1
1
1
1
1
1
1
1
1
1
1
1
1
1
1
1
1
1
1
1
1
1
1
1
1
1
1
1
1
1
1
1
1
1
1
1
1
1
1
1
1
1
1
1
1
1
1
1
1
1
1
1
1
1
1
1
1
1
1
1
1
1
1
1
1
1
1
1
1
1
1
1
1
1
1
1
1
1
1
1
1
1
1
1
1
1
1
1
1
1
1
1
1
1
1
1
1
1
1
1
1
1
1
1
1
1
1
1
1
1
1
1
1
1
1
1
1
1
1
1
1
1
1
1
1
1
1
1
1
1
1
1
1
1
1
1
1
1
1
1
1
1
1
1
1
1
1
1
1
1
1
1
1
1
1
1
1
1
1
1
1
1
1
1
1
1
1
1
1
1
1
1
1
1
1
1
1
1
1
1
1
1
1
1
1
1
1
1
1
1
1
1
1
1
1
1
1
1
1
1
1
1
1
1
1
1
1
1
1
1
1
1
1
1
1
1
1
1
1
1
1
1
1
1
1
1
1
1
1
1
1
1
1
1
1
1
1
1
1
1
1
1
1
1
1
1
1
1
1
1
1
1
1
1
1
1
1
1
1
1
1
1
1
1
1
1
1
1
1
1
1
1
1
1
1
1
1
1
1
1
1
1
1
1
1
1
1
1
1
1
1
1
1
1
1
1
1
1
1
1
1
1
1
1
1
1
1
1
1
1
1
1
1
1
1
1
1
1
1
1
1
1
1
1
1
1
1
1
1
1
1
1
1
1
1
1
1
1
1
1
1
1
1
1
1
1
1
1
1
1
1
1
1
1
1
1
1
1
1
1
1
1
1
1
1
1
1
1
1
1
1
1
1
1
1
1
1
1
1
1
1
1
1
1
1
1
1
1
1
1
1
1
1
1
1
1
1
1
1
1
1
1
1
1
1
1
1
1
1
1
1
1
1
1
1
1
1
1
1
1
1
1
1
1
1
1
1
1
1
1
1
1
1
1
1
1
1
1
1
1
1
1
1
1
1
1
1
1
1
1
1
1
1
1
1
1
1
1
1
1
1
1
1
1
1
1
1
1
1
1
1
1
1
1
1
1
1
1
1
1
1
1
1
1
1
1
1
1
1
1
1
1
1
1
1
1
1
1
1
1
1
1
1
1
1
1
1
1
1
1
1
1
1
1
1
1
1
1
1
1
1
1
1
1
1
1
1
1
1
1
1
1
1
1
1
1
1
1
1
1
1
1
1
1
1
1
1
1
1
1
1
1
1
1
1
1
1
1
1
1
1
1
1
1
1
1
1
1
1
1
1
1
1
1
1
1
1
1
1
1
1
1
1
1
1
1
1
1
1
1
1
1
1
1
1
1
1
1
1
1
1
1
1
1
1
1
1
1
1
1
1
1
1
1
1
1
1
1
1
1
1
1
1
1
1
1
1
1
1
1
1
1
1
1
1
1
1
1
1
1
1
1
1
1
1
1
1
1
1
1
1
1
1
1
1
1
1
1
1
1
1
1
1
1
1
1
1
1
1
1
1
1
1
1
1
1
1
1
1
1
1
1
1
1
1
1
1
1
1
1
1
1
1
1
1
1
1
1
1
1
1
1
1
1
1
1
1
1
1
1
1
1
1
1
1
1
1
1
1
1
1
1
1
1
1
1
1
1
1
1
1
1
1
1
1
1
1
1
1
1
1
1
1
1
1
1
1
1
1
1
1
1
1
1
1
1
1
1
1
1
1
1
1
1
1
1
1
1
1
1
1
1
1
1
1
1
1
1
1
1
1
1
1
1
1
1
1
1
1
1
1
1
1
1
1
1
1
1
1
1
1
1
1
1
1
1
1
1
1
1
1
1
1
1
1
1
1
1
1
1
1
1
1
1
1
1
1
1
1
1
1
1
1
1
1
1
1
1
1
1
1
1
1
1
1
1
1
1
1
1
1
1
1
1
1
1
1
1
1
1
1
1
1
1
1
1
1
1
1
1
1
1
1
1
1
1
1
1
1
1
1
1
1
1
1
1
1
1
1
1
1
1
1
1
1
1
1
1
1
1
1
1
1
1
1
1
1
1
1
1
1
1
1
1
1
1
1
1
1
1
1
1
1
1
1
1
1
1
1
1
1
1
1
1
1
1
1
1
1
1
1
1
1
1
1
1
1
1
1
1
1
1
1
1
1
1
1
1
1
1
1
1
1
1
1
1
1
1
1
1
1
1
1
1
1
1
1
1
1
1
1
1
1
1
1
1
1
1
1
1
1
1
1
1
1
1
1
1
1
1
1
1
1
1
1
1
1
1
1
1
1
1
1
1
1
1
1
1
1
1
1
1
1
1
1
1
1
1
1
1
1
1
1
1
1
1
1
1
1
1
1
1
1
1
1
1
1
1
1
1
1
1
1
1
1
1
1
1
1
1
1
1
1
1
1
1
1
1
1
1
1
1
1
1
1
1
1
1
1
1
1
1
1
1
1
1
1
1
1
1
1
1
1
1
1
1
1
1
1
1
1
1
1
1
1
1
1
1
1
1
1
1
1
1
1
1
1
1
1
1
1
1
1
1
1
1
1
1
1
1
1
1
1
1
1
1
1
1
1
1
1
1
1
1
1
1
1
1
1
1
1
1
1
1
1
1
1
1
1
1
1
1
1
1
1
1
1
1
1
1
1
1
1
1
1
1
1
1
1
1
1
1
1
1
1
1
1
1
1
1
1
1
1
1
1
1
1
1
1
1
1
1
1
1
1
1
1
1
1
1
1
1
1
1
1
1
1
1
1
1
1
1
1
1
1
1
1
1
1
1
1
1
1
1
1
1
1
1
1
1
1
1
1
1
1
1
1
1
1
1
1
1
1
1
1
1
1
1
1
1
1
1
1
1
1
1
1
1
1
1
1
1
1
1
1
1
1
1
1
1
1
1
1
1
1
1
1
1
1
1
1
1
1
1
1
1
1
1
1
1
1
1
1
1
1
1
1
1
1
1
1
1
1
1
1
1
1
1
1
1
1
1
1
1
1
1
1
1
1
1
1
1
1
1
1
1
1
1
1
1
1
1
1
1
1
1
1
1
1
1
1
1
1
1
1
1
1
1
1
1
1
1
1
1
1
1
1
1
1
1
1
1
1
1
1
1
1
1
1
1
1
1
1
1
1
1
1
1
1
1
1
1
1
1
1
1
1
1
1
1
1
1
1
1
1
1
1
1
1
1
1
1
1
1
)
;

boundaryField
{
    fbOut
    {
        type            fixedValue;
        value           uniform 1;
    }
    CAD_patch1
    {
        type            zeroGradient;
    }
    fbGasin
    {
        type            fixedValue;
        value           uniform 1;
    }
    CAD_patch3
    {
        type            zeroGradient;
    }
    fbBioin
    {
        type            zeroGradient;
    }
}


// ************************************************************************* //
