/*--------------------------------*- C++ -*----------------------------------*\
| =========                 |                                                 |
| \\      /  F ield         | OpenFOAM: The Open Source CFD Toolbox           |
|  \\    /   O peration     | Version:  5.x                                   |
|   \\  /    A nd           | Web:      www.OpenFOAM.org                      |
|    \\/     M anipulation  |                                                 |
\*---------------------------------------------------------------------------*/
FoamFile
{
    version     2.0;
    format      ascii;
    class       volScalarField;
    location    "1.15";
    object      voidfraction;
}
// * * * * * * * * * * * * * * * * * * * * * * * * * * * * * * * * * * * * * //

dimensions      [0 0 0 0 0 0 0];

internalField   nonuniform List<scalar> 
10571
(
0.723273
0.480846
0.910421
0.843557
0.45645
0.656948
0.65693
0.783478
0.712683
0.451913
0.557662
0.627123
0.647459
0.944868
0.487623
0.494946
0.687251
0.749811
0.556012
0.567745
0.56153
0.451032
0.47624
0.541528
0.966126
0.807291
0.801361
0.764066
0.887465
0.872562
0.881866
0.835406
0.468333
0.481761
0.443984
0.959119
0.850114
0.80827
0.425418
0.421869
0.502692
0.760625
0.542252
0.422647
0.423422
0.550163
0.458969
0.430051
0.983262
0.962255
0.997125
0.998084
0.96989
0.99007
0.968636
0.908139
0.784547
0.534108
0.60899
0.977037
0.935882
0.714882
0.448888
0.412391
0.632553
0.976849
0.620608
0.426481
0.449844
0.677878
0.430558
0.415691
0.997363
0.97102
0.998018
0.993913
0.949737
0.980757
0.997667
0.998446
0.918481
0.862641
0.547441
0.942241
0.980738
0.939684
0.702533
0.819089
0.79128
0.886053
0.713987
0.428366
0.501833
0.592894
0.425136
0.418366
0.986698
0.976256
0.998416
0.998243
0.982478
0.963137
0.9967
0.999501
0.993402
0.965634
0.522804
0.986251
0.991505
0.998337
0.888409
0.909093
0.735377
0.894437
0.740867
0.465021
0.591077
0.522049
0.428671
0.413802
1
0.982189
0.996019
0.996614
0.994413
0.974796
0.99165
0.992481
0.996925
0.978816
0.385977
0.804046
0.96723
0.976855
0.954617
0.977673
0.970677
0.414695
0.934775
0.847661
0.718405
0.592447
0.939846
0.899948
0.536584
0.445529
0.997691
0.986501
0.991832
0.998374
0.995362
0.994762
0.992637
0.992238
0.996433
0.993913
0.996764
0.96822
0.980481
0.985722
0.984318
0.980779
0.985109
0.998015
0.951429
0.929048
0.716612
0.532351
0.976788
1
0.993534
0.863615
0.504712
0.993844
0.992158
0.99568
0.997393
0.998257
0.99466
0.997527
0.999257
0.99581
0.991194
1
0.991972
0.994891
0.988744
0.98735
0.968718
0.991867
1
0.945984
0.99108
0.923363
0.584297
0.935676
1
0.991404
0.965545
0.73154
1
0.993671
0.993014
0.999661
0.997649
0.997668
0.997552
0.998961
0.996157
0.991043
1
0.996701
0.995095
0.992544
0.992545
0.994605
0.986404
1
0.961714
0.994629
0.997346
0.995379
0.752267
0.98548
0.989852
0.953666
0.996812
0.98723
0.991903
0.998985
0.999127
0.995878
0.99193
0.989884
0.995961
0.997688
0.993622
0.992525
0.99625
0.997133
0.998305
0.995372
0.976693
0.996117
0.998666
0.999092
0.91379
0.988462
0.991816
0.991313
0.993184
0.987175
0.974976
0.994017
0.999129
0.99946
0.974138
0.98955
0.998837
1
1
0.997058
0.998281
0.999775
0.999175
0.996452
0.989295
0.995038
0.999219
0.997093
0.995396
0.99245
0.996588
0.996359
0.987576
0.989696
0.98358
0.996621
0.997687
0.999021
0.999374
0.999666
0.999766
1
0.996811
0.998141
0.999669
0.999888
0.999765
1
0.989416
0.9954
0.999883
0.999032
0.997972
0.98401
1
0.99797
0.980099
0.987176
0.99029
0.99446
0.996665
0.998075
0.999313
1
1
1
0.996811
0.999053
0.999885
0.999663
0.999882
1
0.998376
0.999806
1
1
1
0.997909
0.999124
1
0.991534
0.997312
0.995145
0.995338
0.997386
0.999966
0.999691
1
0.999996
1
1
0.999797
0.999892
1
1
1
1
0.999883
1
1
1
1
1
1
0.993733
1
0.999798
1
0.999579
1
0.999866
0.999962
0.999883
1
0.996811
1
1
0.999888
1
1
1
1
0.999883
1
1
1
1
1
1
0.997088
0.999022
0.99902
1
1
0.999889
0.999704
0.99996
1
1
0.99902
1
1
1
1
1
0.999883
1
1
1
1
1
1
1
1
1
1
1
0.999966
0.999779
0.999889
0.999806
1
0.996812
1
1
0.999888
1
1
1
1
1
1
1
1
1
1
1
1
1
1
1
1
0.999889
0.999889
0.999649
1
0.99934
0.999358
1
1
1
1
1
1
1
1
1
1
1
1
1
1
1
1
1
1
0.999668
0.999889
1
1
1
1
1
1
1
1
1
1
0.999883
1
1
1
1
1
1
0.997088
1
1
1
1
0.999668
1
1
1
1
1
0.999888
1
1
1
1
1
1
1
1
1
1
1
1
1
1
1
1
0.999021
0.999779
1
1
1
1
1
1
1
1
1
1
1
1
1
1
1
1
1
1
1
1
1
1
0.999021
0.999889
1
1
1
1
1
1
1
1
1
1
1
1
1
1
1
1
1
1
1
1
1
1
0.999797
0.999889
1
1
1
1
1
0.999996
1
0.999882
1
1
1
1
1
1
1
1
1
1
0.998376
1
1
1
1
1
1
1
1
1
1
0.999558
0.999888
1
1
1
1
1
1
1
1
1
1
1
1
1
1
1
1
1
1
1
1
1
1
0.999888
1
1
1
1
1
1
1
1
1
1
1
1
1
1
1
1
1
1
1
1
1
1
1
0.999665
1
1
1
1
1
1
1
1
1
1
1
1
1
1
1
1
0.999088
1
1
1
1
1
1
0.999665
1
1
1
1
1
1
1
1
1
1
1
1
1
1
1
1
1
1
1
1
1
1
1
0.999888
1
1
1
1
0.999883
1
1
1
1
0.999124
1
1
1
1
1
1
1
1
1
1
1
1
1
0.999888
1
1
1
1
0.999883
1
1
1
1
1
1
1
1
1
1
1
1
1
1
0.999883
1
1
1
1
1
1
1
1
1
1
1
1
1
1
1
1
1
1
1
1
1
1
1
1
1
1
1
1
1
1
1
1
1
1
1
1
1
1
1
1
1
1
1
1
1
1
1
1
1
1
1
1
1
1
1
1
1
1
1
1
1
0.999124
1
1
1
1
1
1
1
1
1
1
1
1
1
1
1
1
1
1
0.999883
1
1
1
1
1
1
1
1
1
1
1
1
1
1
1
1
1
1
1
1
1
1
1
0.999907
1
1
1
1
1
1
1
1
1
1
1
1
1
1
1
1
1
1
1
1
1
1
1
0.999976
1
1
1
1
1
1
1
1
1
1
1
1
1
1
1
1
1
1
1
1
1
1
1
1
1
1
1
0.998877
1
1
1
1
1
1
1
1
1
1
1
1
1
1
1
1
1
1
1
1
1
1
1
1
1
1
1
1
1
1
1
1
1
1
1
1
1
1
1
1
1
1
1
1
1
1
1
1
0.999698
1
1
1
1
1
1
1
1
1
1
1
1
1
1
1
1
1
1
1
1
1
1
1
1
1
1
1
1
1
1
1
1
1
1
1
1
1
1
1
1
1
1
1
1
1
1
1
1
1
1
1
1
1
1
1
1
1
1
1
1
1
1
1
1
1
1
1
1
1
1
1
1
1
1
1
1
1
1
1
1
1
1
1
1
1
1
1
1
1
1
1
1
1
1
1
1
1
1
1
1
1
1
1
1
1
1
1
1
1
1
1
1
1
1
1
1
1
1
1
1
1
1
1
1
1
1
1
1
1
1
1
1
1
1
1
1
1
1
1
1
1
1
1
1
1
1
1
1
1
1
1
1
1
1
1
1
1
1
1
1
1
1
1
1
1
1
1
1
1
1
1
1
1
1
1
1
1
1
1
1
1
1
1
1
1
1
1
1
1
1
1
1
1
1
1
1
1
1
1
1
1
1
1
1
1
1
1
1
1
1
1
1
1
1
1
1
1
1
1
1
1
1
1
1
1
1
1
1
1
1
1
1
1
1
1
1
1
1
1
1
1
1
1
1
1
1
1
1
1
1
1
1
1
1
1
1
1
1
1
1
1
1
1
1
1
1
1
1
1
1
1
1
1
1
1
1
1
1
1
1
1
1
1
1
1
1
1
1
1
1
1
1
1
1
1
1
1
1
1
1
1
1
1
1
1
1
1
1
1
1
1
1
1
1
1
1
1
1
1
1
1
1
1
1
1
1
1
1
1
1
1
1
1
1
1
1
1
1
1
1
1
1
1
1
1
1
1
1
1
1
1
1
1
1
1
1
1
1
1
1
1
1
1
1
1
1
1
1
1
1
1
1
1
1
1
1
1
1
1
1
1
1
1
1
1
1
1
1
1
1
1
1
1
1
1
1
1
1
1
1
1
1
1
1
1
1
1
1
1
1
1
1
1
1
1
1
1
1
1
1
1
1
1
1
1
1
1
1
1
1
1
1
1
1
1
1
1
1
1
1
1
1
1
1
1
1
1
1
1
1
1
1
1
1
1
1
1
1
1
1
1
1
1
1
1
1
1
1
1
1
1
1
1
1
1
1
1
1
1
1
1
1
1
1
1
1
1
1
1
1
1
1
1
1
1
1
1
1
1
1
1
1
1
1
1
1
1
1
1
1
1
1
1
1
1
1
1
1
1
1
1
1
1
1
1
1
1
1
1
1
1
1
1
1
1
1
1
1
1
1
1
1
1
1
1
1
1
1
1
1
1
1
1
1
1
1
1
1
1
1
1
1
1
1
1
1
1
1
1
1
1
1
1
1
1
1
1
1
1
1
1
1
1
1
1
1
1
1
1
1
1
1
1
1
1
1
1
1
1
1
1
1
1
1
1
1
1
1
1
1
1
1
1
1
1
1
1
1
1
1
1
1
1
1
1
1
1
1
1
1
1
1
1
1
1
1
1
1
1
1
1
1
1
1
1
1
1
1
1
1
1
1
1
1
1
1
1
1
1
1
1
1
1
1
1
1
1
1
1
1
1
1
1
1
1
1
1
1
1
1
1
1
1
1
1
1
1
1
1
1
1
1
1
1
1
1
1
1
1
1
1
1
1
1
1
1
1
1
1
1
1
1
1
1
1
1
1
1
1
1
1
1
1
1
1
1
1
1
1
1
1
1
1
1
1
1
1
1
1
1
1
1
1
1
1
1
1
1
1
1
1
1
1
1
1
1
1
1
1
1
1
1
1
1
1
1
1
1
1
1
1
1
1
1
1
1
1
1
1
1
1
1
1
1
1
1
1
1
1
1
1
1
1
1
1
1
1
1
1
1
1
1
1
1
1
1
1
1
1
1
1
1
1
1
1
1
1
1
1
1
1
1
1
1
1
1
1
1
1
1
1
1
1
1
1
1
1
1
1
1
1
1
1
1
1
1
1
1
1
1
1
1
1
1
1
1
1
1
1
1
1
1
1
1
1
1
1
1
1
1
1
1
1
1
1
1
1
1
1
1
1
1
1
1
1
1
1
1
1
1
1
1
1
1
1
1
1
1
0.532377
0.674686
0.539331
0.516037
0.689927
0.714006
0.583284
0.493539
0.764507
0.703063
0.715665
0.899775
0.951955
0.743659
0.663882
0.884778
0.777701
0.861736
0.700615
0.603684
0.850964
0.505771
0.488466
0.702849
0.54873
0.481773
0.797091
0.895808
0.836079
0.891309
0.91031
0.919055
0.937107
0.884949
0.901425
0.89354
0.920005
0.63115
0.665794
0.874209
0.517029
0.890865
0.734473
0.633943
0.692488
0.559862
0.627172
0.672591
0.812854
0.702395
0.64921
0.877964
0.875272
0.871073
0.930962
0.867006
0.891354
0.863833
0.799493
0.857857
0.524095
0.592851
0.534348
0.524842
0.69473
0.599201
0.812953
0.723564
0.767329
0.719678
0.530916
0.649953
0.769947
0.474743
0.499157
0.663688
0.625579
0.626128
0.766461
0.771287
0.855468
0.771216
0.752442
0.749861
0.78021
0.663556
0.589441
0.661297
0.479286
0.571191
0.624787
0.592191
0.578145
0.634765
0.545968
0.627765
0.753472
0.408338
0.823235
0.854334
0.850009
0.464573
0.440242
0.447528
0.638196
0.47869
0.517082
0.513758
0.697967
0.433125
0.618896
0.518363
0.437846
0.615835
0.643139
0.709977
0.412895
0.434629
0.446895
0.448109
0.439213
0.509018
0.459563
0.698847
0.434345
0.595354
0.497113
0.445449
0.441743
0.566074
0.526399
0.545698
0.473047
0.46924
0.492143
0.470557
0.537032
0.463153
0.426201
0.497772
0.576189
0.606504
0.459696
0.459478
0.470193
0.570927
0.539887
0.432099
0.495048
0.458954
0.484126
0.442979
0.855903
0.421853
0.44944
0.477182
0.519962
0.429769
0.434264
0.530571
0.569393
0.53047
0.441598
0.430624
0.451529
0.423948
0.444517
0.421962
0.409158
0.463696
0.460249
0.448423
0.454942
0.419252
0.510117
0.451893
0.453355
0.46145
0.438657
0.447663
0.812926
0.986251
0.950369
0.824994
0.909942
0.983709
0.993083
0.992849
0.920116
0.974957
0.991637
0.993704
0.980677
0.885947
0.917395
0.566151
0.819739
0.775524
0.753478
0.695438
0.954487
0.986762
0.959818
0.996185
0.546647
0.487528
0.573651
0.968245
0.723335
0.799191
0.824164
0.460338
0.484141
0.727751
0.465728
0.808044
0.787161
0.538194
0.878272
0.439414
0.543398
0.504996
0.440408
0.576988
0.651047
0.466297
0.513658
0.830056
0.581537
0.540562
0.459365
0.414544
0.540579
0.459188
0.441767
0.437806
0.635962
0.451733
0.65157
0.655878
0.995537
0.644725
0.978268
0.413741
0.431549
0.419924
0.428578
0.415798
0.427971
0.419648
0.431767
0.476605
0.699311
0.567267
0.435666
0.678728
0.613851
0.460796
0.439164
0.436084
0.451166
0.43912
0.445598
0.42521
0.980323
0.99208
0.991466
0.989886
0.996676
0.991548
0.994179
0.997076
0.987808
0.976544
0.988476
0.991829
0.99005
0.944876
0.965036
0.830319
0.881611
0.988607
0.967064
0.997488
0.965233
0.993211
0.972545
0.98889
0.806162
0.997554
0.899883
0.956829
0.868803
0.977153
0.838802
0.577716
0.747706
0.803932
0.580982
0.839164
0.798849
0.585968
0.796246
0.441546
0.530561
0.726998
0.609434
0.693005
0.8635
0.693738
0.588603
0.862733
0.779809
0.540827
0.453548
0.447681
0.665663
0.448695
0.461566
0.523188
0.985089
0.583453
0.960038
0.724445
0.786878
0.539917
0.759934
0.422571
0.424799
0.43036
0.433474
0.429527
0.416471
0.443871
0.49156
0.718897
0.68021
0.568498
0.476241
0.637019
0.495269
0.472941
0.440634
0.45747
0.42379
0.430864
0.467819
0.424639
0.990739
0.99554
0.994615
0.99459
0.992927
0.988347
0.993811
0.992011
0.989508
0.991456
0.988568
0.99228
0.987189
0.97269
0.973013
0.886562
0.935724
0.987865
0.970124
0.983771
0.972958
0.988745
0.95859
0.983531
0.947483
0.902388
0.811695
0.964204
0.983575
0.958249
0.974986
0.88115
0.969726
0.81331
0.526229
0.77942
0.907812
0.569476
0.816448
0.848876
0.947256
0.939786
0.878629
0.964772
0.844357
0.774891
0.505495
0.79658
0.802015
0.969964
0.517295
0.926366
0.981197
0.833677
0.553264
0.552132
0.869124
0.540088
0.665888
0.738453
0.979945
0.461986
0.590145
0.427688
0.418185
0.430826
0.431929
0.431359
0.421772
0.427833
0.47904
0.601953
0.48659
0.479227
0.466844
0.508357
0.465652
0.484858
0.434337
0.445282
0.422735
0.427259
0.441246
0.413793
0.991846
0.992333
0.990434
0.997369
0.993884
0.99912
0.991447
0.993095
0.992972
0.992061
0.989116
0.990939
0.991088
0.977183
0.964674
0.952358
0.97346
0.989517
0.9468
0.989592
0.986951
0.991761
0.978428
0.987826
0.994144
0.990068
0.99248
0.982598
0.993754
0.997071
0.994275
0.989951
0.98528
0.954994
0.694878
0.896508
0.962186
0.923578
0.95645
0.925578
0.926965
0.96619
0.938162
0.893573
0.784975
0.807064
0.688265
0.796168
0.823806
0.954663
0.973274
0.920932
0.89512
0.975831
0.634564
0.729543
0.944102
0.480008
0.516081
0.863754
0.861435
0.828602
0.746247
0.422004
0.416415
0.440919
0.554176
0.451827
0.41469
0.426798
0.820892
0.481432
0.806121
0.485439
0.504701
0.703986
0.600771
0.660304
0.421392
0.470086
0.440974
0.432245
0.483329
0.428778
0.995539
0.993866
1
0.996594
0.99373
0.99978
0.995471
0.988429
0.994211
0.993218
0.989226
0.994514
0.992172
0.985828
0.985071
0.993034
0.983281
0.989842
0.976637
0.989906
0.991318
0.994336
0.988377
0.996417
0.999665
0.99903
0.999305
0.994926
0.997468
0.999359
0.994814
0.99577
0.997529
0.982311
0.975038
0.974284
0.986723
0.984715
0.988853
0.723805
0.980209
0.685257
0.995007
0.973335
0.9885
0.990628
0.386444
0.422942
0.416875
0.751896
0.4524
0.75327
0.458055
0.826715
0.773142
0.920715
0.884214
0.76995
0.685029
0.974325
0.755388
0.984832
0.992653
0.983465
0.989117
0.409337
0.408165
0.412985
0.744585
0.451307
0.762633
0.451087
0.738534
0.762311
0.902743
0.951117
0.973147
0.931608
0.974155
0.95269
0.988858
0.515084
0.423824
0.446012
0.561041
0.590294
0.433328
0.48052
0.977031
0.993983
0.997131
0.802737
0.940735
0.981646
0.879459
0.983098
0.436419
0.695353
0.776658
0.501848
0.936567
0.467556
0.99519
0.993935
0.996812
0.995781
0.992155
0.996812
0.995974
0.994942
0.994787
0.997095
1
0.997909
0.997716
0.98997
0.997009
0.997283
0.998398
0.991429
0.995947
0.9957
0.987565
0.995325
0.992131
0.992475
0.999459
0.998045
0.996185
0.995732
0.995959
0.999023
0.994306
0.994173
0.988871
0.996085
0.999509
0.995234
1
0.99854
1
0.987032
0.991532
0.989701
0.994116
0.989333
0.99273
0.99521
0.990479
0.996398
0.995229
0.997034
0.994087
0.99629
0.956151
0.998808
0.983949
0.999178
1
0.999198
1
0.92
0.837647
0.990103
0.967363
0.847366
0.996466
0.988194
0.998007
0.984684
0.998178
0.993009
0.999071
0.977655
0.999285
0.95696
0.999199
1
1
1
0.788194
0.81854
0.982445
0.980874
0.991099
0.94526
0.985048
0.986892
0.989978
0.634985
0.449187
0.487273
0.499671
0.643541
0.485576
0.483911
1
0.976481
1
0.99776
1
1
0.996641
0.997551
0.962297
0.982001
0.991714
0.984531
0.987269
0.704795
0.968285
0.912693
0.822829
0.977724
0.579638
0.98801
0.993796
0.99989
0.994426
0.993519
0.996921
0.991368
0.997032
0.997637
0.996167
0.996812
0.999121
0.996631
1
0.996798
0.991501
0.981747
0.988072
0.994277
0.989673
0.993166
0.993437
0.987392
0.990944
0.992138
0.99808
0.996381
0.99615
0.99838
0.995893
0.996253
0.994224
0.995763
0.994533
0.999257
1
1
1
1
0.994581
0.985814
0.997031
0.995239
0.99934
0.998819
0.998956
0.991963
0.997968
0.991291
0.999131
0.98748
0.995809
1
0.999193
1
1
1
1
1
0.987575
0.883153
0.996811
0.994121
0.974206
0.997272
0.990032
0.995732
0.982491
0.996138
0.962413
0.995965
1
1
1
1
1
1
1
0.894795
0.96714
0.985676
0.98453
0.986678
0.954856
0.987591
0.988862
0.991492
0.610934
0.576153
0.503543
0.859843
0.606002
0.839102
0.534989
1
0.857394
1
1
1
1
0.988035
0.990344
0.991329
0.983867
0.991598
0.991903
0.984526
0.90718
0.992758
0.988525
0.975754
0.994843
0.906558
0.996445
0.98801
0.996811
0.993419
0.993609
1
0.98982
0.993276
0.996788
0.997366
0.995493
0.997727
0.998877
1
0.99728
0.989829
0.994148
0.991429
0.994814
0.992704
0.988462
0.983249
0.991417
0.991239
0.99786
0.997242
0.997047
0.998131
0.992981
0.998532
0.996839
0.996566
0.996668
0.993884
1
0.997667
0.990284
0.996811
0.997092
0.99877
0.990251
0.998207
0.993796
0.998504
0.997268
0.997734
1
1
1
1
1
1
1
0.992454
0.968784
0.996701
0.994394
0.982301
0.991214
0.945625
0.993647
0.991748
0.99504
0.978186
0.992717
1
1
1
1
1
1
1
0.980885
0.975513
0.990527
0.988299
0.990917
0.970317
0.991618
0.98363
0.98907
0.785022
0.967987
0.707149
0.997031
0.92776
0.994166
0.929026
0.795299
0.994333
0.985097
0.994199
0.992537
0.983273
0.992719
0.990452
0.990184
1
0.996376
0.9891
0.996818
0.990683
0.974001
0.970796
0.996811
0.991795
0.996214
0.993623
0.990131
0.998244
0.995576
0.998916
0.99956
0.993153
0.99698
0.998675
0.996723
0.99798
0.981749
0.988195
0.990136
0.989548
0.986895
0.98469
0.990792
0.976202
0.998036
0.99359
0.99384
0.993805
0.99163
0.990442
0.995781
0.998244
0.994
0.994774
0.996811
0.999061
0.996865
0.994722
0.996486
0.998596
0.997813
0.996947
0.996377
0.99661
0.998546
0.987723
0.99956
0.996606
0.995237
0.990885
0.988983
0.99733
0.994148
0.994648
0.989885
0.991838
0.983005
0.987906
0.985468
0.973507
0.987299
0.992406
0.984046
0.97618
0.98884
0.986074
0.997724
0.992596
0.996408
0.996329
0.976588
0.983978
0.9802
0.992991
0.993525
0.990785
0.993657
0.993744
0.996782
0.993416
0.994082
0.996551
0.990453
0.994467
0.961667
0.963897
0.987245
0.981657
0.991945
0.977679
0.983206
0.980439
0.993154
0.998103
0.982959
0.990762
0.994697
0.991913
0.990938
0.993731
1
0.973128
0.992938
0.978517
0.99132
0.972171
0.991896
0.98236
0.992642
0.995481
0.995794
0.994473
0.992699
0.996343
0.996131
0.996655
0.999302
0.995007
0.995712
0.999122
0.99702
1
0.999122
1
1
1
0.999123
0.996813
0.996485
0.995314
0.993622
0.998243
0.995702
0.997386
1
0.997401
0.999451
1
0.992675
0.993234
0.989015
0.980538
0.98005
0.985417
0.98374
0.964902
0.980081
0.996492
0.998236
0.998419
1
1
1
1
1
0.973694
0.978662
0.993747
0.987269
0.981107
0.992812
0.996817
0.997753
0.992209
1
0.998954
0.997915
0.99986
0.971007
0.948844
0.987575
0.966103
0.988978
0.976579
0.964711
0.980349
0.988399
0.993846
0.97713
0.990489
0.99222
0.990938
0.991844
0.998677
1
0.979032
0.995888
0.994826
0.9888
0.983795
1
0.997462
0.992136
0.997793
0.99737
0.996576
0.996011
0.996146
0.999425
0.993922
0.997693
0.999226
1
1
1
1
1
1
1
0.999923
1
1
0.999939
0.998335
0.993622
1
0.999729
1
0.998878
0.999124
1
1
0.997907
0.996164
0.982917
0.977389
0.975117
0.99552
0.994196
0.995444
0.986832
1
0.998814
0.998927
1
0.999116
1
1
1
0.985378
0.989786
0.995953
0.993634
0.994386
0.998309
0.996817
1
1
1
1
1
1
0.972401
0.988082
0.980428
0.974462
0.978108
0.982847
0.988972
0.986253
0.988763
0.988581
0.983068
0.98525
0.991329
0.996096
0.992959
0.999582
1
0.986371
0.997497
0.992972
0.992496
0.994009
0.999136
0.997397
0.997415
1
0.998245
0.996245
0.994661
1
1
0.998391
1
0.999961
1
0.998243
0.997755
1
0.999122
1
1
1
1
1
0.998122
0.997909
0.993623
1
0.998219
0.996813
1
1
1
1
0.991909
0.999163
0.999802
0.998594
0.995127
0.999158
0.998087
1
0.99997
1
1
1
1
1
1
1
1
0.996782
1
1
1
1
1
1
1
1
1
1
1
1
0.996655
0.998885
0.985266
0.989591
0.996245
0.984056
0.996634
0.997366
0.989702
0.99551
1
0.997244
0.992181
0.997978
0.997978
0.99798
0.99798
0.997694
1
0.999056
0.996192
0.998442
0.999702
0.998438
0.998876
1
1
0.999129
1
1
1
1
0.997971
0.998491
1
1
0.998181
1
0.99997
1
1
0.998915
1
1
1
0.998877
1
0.999121
1
1
1
1
1
1
1
1
0.999242
1
1
0.999128
1
1
1
1
1
1
1
0.999115
1
1
1
1
1
1
1
1
1
1
1
1
1
1
1
1
0.994564
1
0.994172
0.995395
0.998244
0.99934
0.997678
0.998304
1
0.998839
1
1
1
0.999373
0.997839
1
0.996239
0.999131
0.999136
1
0.998376
0.999131
1
0.999056
1
1
1
0.99988
1
1
0.999123
1
1
1
1
0.999122
0.998723
0.996811
1
1
1
1
1
1
1
1
1
1
0.998877
1
1
1
1
1
1
1
1
1
1
1
1
0.998369
1
1
1
1
1
1
1
1
1
1
1
1
1
1
1
1
1
1
1
1
1
1
1
1
1
1
0.999122
0.99978
1
1
1
0.998877
0.99912
0.999425
0.998877
1
1
0.99798
0.99798
1
0.999136
1
0.999664
0.999131
0.998272
0.999577
1
1
1
1
1
1
1
1
1
0.998878
1
1
0.998878
1
0.999122
1
1
1
1
1
1
0.998916
0.998021
0.999667
1
1
1
1
1
1
1
1
1
1
1
1
1
1
1
1
1
1
1
1
1
1
1
1
1
1
1
1
1
1
1
1
1
1
1
1
1
0.997979
1
1
1
1
0.998878
1
1
1
1
1
1
1
1
0.998746
0.999303
1
1
0.999805
1
0.99997
0.998332
0.999056
1
1
1
1
0.998371
1
1
1
1
0.999961
1
1
0.999303
0.996811
0.998789
1
1
1
1
1
0.999122
1
1
1
1
1
1
1
1
1
1
1
1
1
1
1
1
1
1
1
1
1
1
1
1
1
1
1
1
1
1
1
1
1
1
1
1
1
1
1
1
1
1
1
0.999122
0.99791
1
0.999122
1
1
1
0.999121
1
1
1
1
1
1
0.999106
1
1
0.999431
0.998272
0.999675
1
1
1
1
0.998371
1
1
1
1
1
1
0.999122
0.998878
0.996811
1
1
1
1
1
1
0.999303
1
1
1
1
1
0.999613
1
1
0.999264
1
1
1
1
1
1
1
1
1
1
1
1
1
1
1
1
1
1
1
1
1
1
1
1
1
1
1
1
1
1
0.99993
0.997979
0.996812
0.998917
0.999122
0.9989
1
0.999697
1
1
1
1
1
1
1
1
1
1
1
1
1
0.998262
0.999702
1
1
1
1
1
1
1
1
1
1
1
1
1
1
1
1
0.999123
1
1
1
1
0.999122
1
1
1
1
1
1
1
1
1
1
1
1
1
1
1
1
1
1
1
1
1
0.999032
1
1
1
1
1
1
1
1
1
1
1
1
1
1
1
1
1
1
1
1
1
0.999425
1
1
1
1
1
1
0.999818
0.999845
1
1
1
1
0.9997
0.999434
0.999382
0.999664
1
1
1
1
1
1
1
1
1
1
1
1
1
1
0.999122
1
1
1
1
1
1
1
1
1
1
1
1
1
1
1
1
1
1
1
1
1
1
1
1
1
1
1
1
1
1
1
0.999695
1
1
1
1
1
1
1
1
1
1
1
1
1
0.998877
1
1
1
1
1
1
1
1
1
1
0.999606
0.999768
0.996811
1
1
1
1
1
1
0.999132
1
1
1
1
1
1
1
1
1
1
1
1
1
1
1
1
1
1
0.997755
1
1
1
1
1
1
1
1
1
1
1
1
1
1
1
1
1
1
1
1
1
1
1
1
1
1
0.99942
1
1
1
1
1
1
1
1
1
1
1
1
1
1
1
1
1
1
1
1
1
1
1
1
1
1
1
1
1
1
1
1
1
1
1
1
1
1
1
1
1
1
1
1
1
0.999045
1
1
1
1
1
1
1
1
1
1
1
1
1
1
1
1
1
1
1
0.999264
1
1
0.999613
1
1
1
1
1
1
1
1
1
1
1
1
1
1
1
1
1
1
1
1
1
1
1
1
1
1
1
1
0.996817
1
1
1
1
1
1
1
1
1
1
1
1
1
1
1
1
1
1
1
1
1
1
1
1
1
1
1
1
1
1
1
1
1
1
1
1
1
1
1
1
1
1
1
1
1
1
1
1
1
1
1
1
1
1
1
1
1
1
1
1
1
1
1
1
1
1
1
1
1
1
1
1
1
1
1
1
1
1
1
1
1
1
1
1
1
1
1
1
1
1
1
1
1
1
0.999122
1
1
0.999122
1
1
1
1
1
1
1
1
1
1
1
1
1
0.9997
1
1
1
1
1
1
1
1
1
1
1
1
1
1
1
1
1
1
1
1
1
1
1
1
1
1
1
1
1
1
1
1
1
1
0.999044
1
1
1
1
1
1
1
1
0.998361
1
1
1
1
1
1
1
1
1
1
1
1
1
1
1
1
1
1
1
1
1
0.998878
1
1
1
1
1
1
1
1
1
1
1
1
0.99798
0.999431
1
1
1
1
1
1
1
1
1
1
1
1
1
1
1
0.998878
1
1
1
1
1
1
1
1
1
1
1
1
1
1
1
1
1
1
1
1
1
1
0.999242
1
0.999818
1
1
1
1
1
1
1
1
1
1
1
1
1
1
1
1
1
1
1
1
1
1
1
1
1
1
1
1
1
1
1
1
1
1
1
1
1
1
1
1
1
1
1
1
1
1
1
1
1
1
1
1
1
1
1
1
1
1
1
1
1
1
1
1
1
1
1
1
1
1
1
1
1
1
1
1
1
1
1
1
1
1
1
1
1
1
1
1
1
1
1
1
1
1
1
1
1
1
1
1
1
0.998248
1
1
1
1
1
1
1
1
1
1
1
1
1
1
1
1
1
1
1
1
1
1
1
1
1
1
1
1
1
1
1
1
1
1
1
1
1
1
1
1
1
1
1
1
1
1
1
1
1
1
1
1
1
1
1
1
1
1
1
1
1
1
1
1
1
1
1
1
1
1
1
1
1
1
1
1
1
1
1
1
1
1
1
1
1
1
1
1
1
1
1
1
1
1
1
1
1
1
1
1
1
1
1
1
1
1
1
1
1
1
1
1
1
1
1
1
1
1
1
1
1
1
1
1
1
1
1
1
1
1
1
1
1
1
1
1
1
1
1
1
1
1
1
1
1
1
1
1
1
1
1
1
1
1
1
1
1
1
1
1
1
1
1
1
1
1
1
1
1
1
1
1
1
1
1
1
1
1
1
1
1
1
1
1
1
1
1
1
1
1
1
1
1
1
1
0.998376
1
1
1
1
1
1
1
1
1
1
1
1
0.998917
1
1
0.999961
1
1
1
1
1
1
1
1
1
1
0.999121
1
1
1
1
1
1
1
1
1
1
1
1
1
1
1
1
1
1
1
1
1
1
1
1
1
1
1
1
1
1
1
1
1
1
1
1
1
1
1
1
1
1
1
1
1
1
1
1
1
1
1
1
0.99798
1
1
1
1
1
1
1
1
1
1
1
1
1
1
1
1
1
1
1
1
1
1
1
1
1
1
1
1
1
1
1
1
1
1
1
1
1
1
1
1
1
1
1
1
1
1
1
1
1
1
1
1
1
1
1
1
1
1
1
1
1
1
1
1
1
1
1
1
1
1
1
1
1
1
1
1
1
1
1
1
1
1
1
0.99798
1
1
1
1
1
1
1
1
1
1
1
1
1
1
1
1
1
1
1
1
1
1
1
1
1
1
1
1
1
1
1
1
1
1
1
1
1
1
1
1
1
1
1
1
1
1
1
1
1
1
1
1
1
1
1
1
1
1
1
1
1
1
1
1
1
1
1
1
1
1
1
1
1
1
1
1
1
1
1
1
1
1
1
1
1
1
1
1
1
1
1
1
1
1
1
1
1
1
1
1
1
1
1
1
1
1
1
1
1
1
1
1
1
1
1
1
1
1
1
1
1
1
1
1
1
1
1
1
1
1
1
1
1
1
1
1
1
1
1
1
1
1
1
1
1
1
1
1
1
1
1
1
1
1
1
1
1
1
1
1
1
1
1
1
1
1
1
1
1
1
1
1
1
1
1
1
1
1
1
1
1
1
1
1
1
1
0.999122
1
0.996811
1
1
1
1
1
1
1
1
1
1
1
1
1
1
1
1
1
1
1
1
1
1
1
1
1
1
1
1
1
1
1
1
1
1
1
1
1
1
1
1
1
1
1
1
1
1
1
1
1
1
1
1
1
1
1
1
1
1
1
1
1
1
1
1
1
1
1
1
1
1
1
1
1
1
1
1
1
1
1
1
1
1
1
1
1
1
1
1
1
1
1
1
1
1
1
1
1
1
1
1
1
1
1
1
1
1
1
1
1
1
1
1
1
1
1
1
1
1
1
1
1
1
1
1
1
1
1
1
1
1
1
1
1
1
1
1
1
1
1
1
1
1
1
1
1
1
1
1
1
1
1
1
1
1
1
1
1
1
1
1
1
1
1
1
1
1
1
1
0.999122
1
1
1
1
1
1
1
1
1
1
1
1
1
1
1
1
1
1
1
1
1
1
1
1
1
1
1
1
1
1
1
1
1
1
1
1
1
1
1
1
1
1
1
1
1
1
1
1
1
1
1
1
1
1
1
1
1
1
1
1
1
1
1
1
1
1
1
1
1
1
1
1
1
1
1
1
1
1
1
1
1
1
1
1
1
1
1
1
1
1
1
1
1
1
1
1
1
1
1
1
1
1
1
1
1
1
1
1
1
1
1
1
1
1
1
1
1
1
1
1
1
1
1
1
1
1
1
1
1
1
1
1
1
1
1
1
1
1
1
1
1
1
1
1
1
1
1
1
1
1
1
1
1
1
1
1
1
1
1
1
1
1
1
1
1
1
1
1
1
1
1
1
1
1
1
1
1
1
1
1
1
1
1
1
1
1
1
1
1
1
1
1
1
1
1
1
1
1
1
1
1
1
1
1
1
1
1
1
1
1
1
1
1
1
1
1
1
1
1
1
1
1
1
1
1
1
1
1
1
1
1
1
1
1
1
1
1
1
1
1
1
1
1
1
1
1
1
1
1
1
1
1
1
1
1
1
1
1
1
1
1
1
1
1
1
1
1
1
1
1
1
1
1
1
1
1
1
1
1
1
1
1
1
1
1
1
1
1
1
1
1
1
1
0.999426
1
1
1
1
1
1
1
1
1
1
1
1
1
1
1
1
1
1
1
1
1
1
1
1
1
1
1
1
1
1
1
1
1
1
1
1
1
1
1
1
1
1
1
1
1
1
1
1
1
1
1
1
1
1
1
1
1
1
1
1
1
1
1
1
1
1
1
1
1
1
1
1
1
1
1
1
1
1
1
1
1
1
1
1
1
1
1
1
1
1
1
1
1
1
1
1
1
1
1
1
1
1
1
1
1
1
1
1
1
1
1
1
1
1
1
1
1
1
1
1
1
1
1
1
1
1
1
1
1
1
1
1
1
1
1
1
1
1
1
1
1
1
1
1
1
1
0.999128
1
1
1
1
1
1
1
1
1
1
1
1
1
1
1
1
1
1
1
1
1
1
1
1
1
1
1
1
1
1
1
1
1
1
1
1
1
1
1
1
1
1
1
1
1
1
1
1
1
1
1
1
1
1
1
1
1
1
1
1
1
1
1
1
1
1
1
1
1
1
1
1
1
1
1
1
1
1
1
1
1
1
1
1
1
1
1
1
1
1
1
1
1
1
1
1
1
1
1
1
1
1
1
1
1
1
1
1
1
1
1
1
1
1
1
1
1
1
1
1
1
1
1
1
1
1
1
1
1
1
1
1
1
1
1
1
1
1
1
1
1
1
1
1
1
1
1
1
1
1
1
1
1
1
1
1
1
1
1
1
1
1
1
1
1
1
1
1
1
1
1
1
1
1
1
1
1
1
1
1
1
1
1
1
1
1
1
1
1
1
1
1
1
1
1
1
1
1
1
1
1
1
1
1
1
1
1
1
1
1
1
1
1
1
1
1
1
1
1
1
1
1
1
1
1
1
1
1
1
1
1
1
1
1
1
1
1
1
1
1
1
1
1
1
1
1
1
1
1
1
1
1
1
1
1
1
1
1
1
1
1
1
1
1
1
1
1
1
1
1
1
1
1
1
1
1
1
1
1
1
1
1
1
1
1
1
1
1
1
1
1
1
1
1
1
1
1
1
1
1
1
1
1
1
1
1
1
1
1
1
1
1
1
1
1
1
1
1
1
1
1
1
1
1
1
1
1
1
1
1
1
1
1
1
1
1
1
1
1
1
1
1
1
1
1
1
1
1
1
1
1
1
1
1
1
1
1
1
1
1
1
1
1
1
1
1
1
1
1
1
1
1
1
1
1
1
1
1
1
1
1
1
1
1
1
1
1
1
1
1
1
1
1
1
1
1
1
1
1
1
1
1
1
1
1
1
1
1
1
1
1
1
1
1
1
1
1
1
1
1
1
1
1
1
1
1
1
1
1
1
1
1
1
1
1
1
1
1
1
1
1
1
1
1
1
1
1
1
1
1
1
1
1
1
1
1
1
1
1
1
1
1
1
1
1
1
1
1
1
1
1
1
1
1
1
1
1
1
1
1
1
1
1
1
1
1
1
1
1
1
1
1
1
1
1
1
1
1
1
1
1
1
1
1
1
1
1
1
1
1
1
1
1
1
1
1
1
1
1
1
1
1
1
1
1
1
1
1
1
1
1
1
1
1
1
1
1
1
1
1
1
1
1
1
1
1
1
1
1
1
1
1
1
1
1
1
1
1
1
1
1
1
1
1
1
1
1
1
1
1
1
1
1
1
1
1
1
1
1
1
1
1
1
1
1
1
1
1
1
1
1
1
1
1
1
1
1
1
1
1
1
1
1
1
1
1
1
1
1
1
1
1
1
1
1
1
1
1
1
1
1
1
1
1
1
1
1
1
1
1
1
1
1
1
1
1
1
1
1
1
1
1
1
1
1
1
1
1
1
1
1
1
1
1
1
1
1
1
1
1
1
1
1
1
1
1
1
1
1
1
1
1
1
1
1
1
1
1
1
1
1
1
1
1
1
1
1
1
1
1
1
1
1
1
1
1
1
1
1
1
1
1
1
1
1
1
1
1
1
1
1
1
1
1
1
1
1
1
1
1
1
1
1
1
1
1
1
1
1
1
1
1
1
1
1
1
1
1
1
1
1
1
1
1
1
1
1
1
1
1
1
1
1
1
1
1
1
1
1
1
1
1
1
1
1
1
1
1
1
1
1
1
1
1
1
1
1
1
1
1
1
1
1
1
1
1
1
1
1
1
1
1
1
1
1
1
1
1
1
1
1
1
1
1
1
1
1
1
1
1
1
1
1
1
1
1
1
1
1
1
1
1
1
1
1
1
1
1
1
1
1
1
1
1
1
1
1
1
1
1
1
1
1
1
1
1
1
1
1
1
1
1
1
1
1
1
1
1
1
1
1
1
1
1
1
1
1
1
1
1
1
1
1
1
1
1
1
1
1
1
1
1
1
1
1
1
1
1
1
1
1
1
1
1
1
1
1
1
1
1
1
1
1
1
1
1
1
1
1
1
1
1
1
1
1
1
1
1
1
1
1
1
1
1
1
1
1
1
1
1
1
1
1
1
1
1
1
1
1
1
1
1
1
1
1
1
1
1
1
1
1
1
1
1
1
1
1
1
1
1
1
1
1
1
1
1
1
1
1
1
1
1
1
1
1
1
1
1
1
1
1
1
1
1
1
1
1
1
1
1
1
1
1
1
1
1
1
1
1
1
1
1
1
1
1
1
1
1
1
1
1
1
1
1
1
1
1
1
1
1
1
1
1
1
1
1
1
1
1
1
1
1
1
1
1
1
1
1
1
1
1
1
1
1
1
1
1
1
1
1
1
1
1
1
1
1
1
1
1
1
1
1
1
1
1
1
1
1
1
1
1
1
1
1
1
1
1
1
1
1
1
1
1
1
1
1
1
1
1
1
1
1
1
1
1
1
1
1
1
1
1
1
1
1
1
1
1
1
1
1
1
1
1
1
1
1
1
1
1
1
1
1
1
1
1
1
1
1
1
1
1
1
1
1
1
1
1
1
1
1
1
1
1
1
1
1
1
1
1
1
1
1
1
1
1
1
1
1
1
1
1
1
1
1
1
1
1
1
1
1
1
1
1
1
1
1
1
1
1
1
1
1
1
1
1
1
1
1
1
1
1
1
1
1
1
1
1
1
1
1
1
1
1
1
1
1
1
1
1
1
1
1
1
1
1
1
1
1
1
1
1
1
1
1
1
1
1
1
1
1
1
1
1
1
1
1
1
1
1
1
1
1
1
1
1
1
1
1
1
1
1
1
1
1
1
1
1
1
1
1
1
1
1
1
1
1
1
1
1
1
1
1
1
1
1
1
1
1
1
1
1
1
1
1
1
1
1
1
1
1
1
1
1
1
1
1
1
1
1
1
1
1
1
1
1
1
1
1
1
1
1
1
1
1
1
1
1
1
1
1
1
1
1
1
1
1
1
1
1
1
1
1
1
1
1
1
1
1
1
1
1
1
1
1
1
1
1
1
1
1
1
1
1
1
1
1
1
1
1
1
1
1
1
1
1
1
1
1
1
1
1
1
1
1
1
1
1
1
1
1
1
1
1
1
1
1
1
1
1
1
1
1
1
1
1
1
1
1
1
1
1
1
1
1
1
1
1
1
1
1
1
1
1
1
1
1
1
1
1
1
1
1
1
1
1
1
1
1
1
1
1
1
1
1
1
1
1
1
1
1
1
1
1
1
1
1
1
1
1
1
1
1
1
1
1
1
1
1
1
1
1
1
1
1
1
1
1
1
1
1
1
1
1
1
1
1
1
1
1
1
1
1
1
1
1
1
1
1
1
1
1
1
1
1
1
1
1
1
1
1
1
1
1
1
1
1
1
1
1
1
1
1
1
1
1
1
1
1
1
1
1
1
1
1
1
1
1
1
1
1
1
1
1
1
1
1
1
1
1
1
1
1
1
1
1
1
1
1
1
1
1
1
1
1
1
1
1
1
1
1
1
1
1
1
1
1
1
1
1
1
1
1
1
1
1
1
1
1
1
1
1
1
1
1
1
1
1
1
1
1
1
1
1
1
1
1
1
1
1
1
1
1
1
1
1
1
1
1
1
1
1
1
1
1
1
1
1
1
1
1
1
1
1
1
1
1
1
1
1
1
1
1
1
1
1
1
1
1
1
1
1
1
1
1
1
1
1
1
1
1
1
1
1
1
1
1
1
1
1
1
1
1
1
1
1
1
1
1
1
1
1
1
1
1
1
1
1
1
1
1
1
1
1
1
1
1
1
1
1
1
1
1
1
1
1
1
1
1
1
1
1
1
1
1
1
1
1
1
1
1
1
1
1
1
1
1
1
1
1
1
1
1
1
1
1
1
1
1
1
1
1
1
1
1
1
1
1
1
1
1
1
1
1
1
1
1
1
1
1
1
1
1
1
1
1
1
1
1
1
1
1
1
1
1
1
1
1
1
1
1
1
1
1
1
1
1
1
1
1
1
1
1
1
1
1
1
1
1
1
1
1
1
1
1
1
1
1
1
1
1
1
1
1
1
1
1
1
1
1
1
1
1
1
1
1
1
1
1
1
1
1
1
1
1
1
1
1
1
1
1
1
1
1
1
1
1
1
1
1
1
1
1
1
1
1
1
1
1
1
1
1
1
1
1
1
1
1
1
1
1
1
1
1
1
1
1
1
1
1
1
1
1
1
1
1
1
1
1
1
1
1
1
1
1
1
1
1
1
1
1
1
1
1
1
1
1
1
1
1
1
1
1
1
1
1
1
1
1
1
1
1
1
1
1
1
1
1
1
1
1
1
1
1
1
1
1
1
1
1
1
1
1
1
1
1
1
1
1
1
1
1
1
1
1
1
1
1
1
1
1
1
1
1
1
1
1
1
1
1
1
1
1
1
1
1
1
1
1
1
1
1
1
1
1
1
1
1
1
1
1
1
1
1
1
1
1
1
1
1
1
1
1
1
1
1
1
1
1
1
1
1
1
1
1
1
1
1
1
1
1
1
1
1
1
1
1
1
1
1
1
1
1
1
1
1
1
1
1
1
1
1
1
1
1
1
1
1
1
1
1
1
1
1
1
1
1
1
1
1
1
1
1
1
1
1
1
1
1
1
1
1
1
1
1
1
1
1
1
1
1
1
1
1
1
1
1
1
1
1
1
1
1
1
1
1
1
1
1
1
1
1
1
1
1
1
1
1
1
1
1
1
1
1
1
1
1
1
1
1
1
1
1
1
1
1
1
1
1
1
1
1
1
1
1
1
1
1
1
1
1
1
1
1
1
1
1
1
1
1
1
1
1
1
1
1
1
1
1
1
1
1
1
1
1
1
1
1
1
1
1
1
1
1
1
1
1
1
1
1
1
1
1
1
1
1
1
1
1
1
1
1
1
1
1
1
1
1
1
1
1
1
1
1
1
1
1
1
1
1
1
1
1
1
1
1
1
1
1
1
1
1
1
1
1
1
1
1
1
1
1
1
1
1
1
1
1
1
1
1
1
1
1
1
1
1
1
1
1
1
1
1
1
1
1
1
1
1
1
1
1
1
1
1
1
1
1
1
1
1
1
1
1
1
1
1
1
1
1
1
1
1
1
1
1
1
1
1
1
1
1
1
1
1
1
1
1
1
1
1
1
1
1
1
1
1
1
1
1
1
1
1
1
1
1
1
1
1
1
1
1
1
1
1
1
1
1
1
1
1
1
1
1
1
1
1
1
1
1
1
1
1
1
1
1
1
1
1
1
1
1
1
1
1
1
1
1
1
1
1
1
1
1
1
1
1
1
1
1
1
1
1
1
1
1
1
1
1
1
1
1
1
1
1
1
1
1
1
1
1
1
1
1
1
1
1
1
1
1
1
1
1
1
1
1
1
1
1
1
1
1
1
1
1
1
1
1
1
1
1
1
1
1
1
1
1
1
1
1
1
1
1
1
1
1
1
1
1
1
1
1
1
1
1
1
1
1
1
1
1
1
1
1
1
1
1
1
1
1
1
1
1
1
1
1
1
1
1
1
1
1
1
1
1
1
1
1
1
1
1
1
1
1
1
1
1
1
1
1
1
1
1
1
1
1
1
1
1
1
1
1
1
1
1
1
1
1
1
1
1
1
1
1
1
1
1
1
1
1
1
1
1
1
1
1
1
1
1
1
1
1
1
1
1
1
1
1
1
1
1
1
1
1
1
1
1
1
1
1
1
1
1
1
1
1
1
1
1
1
1
1
1
1
1
1
1
1
1
1
1
1
1
1
1
1
1
1
1
1
1
1
1
1
1
1
1
1
1
1
1
1
1
1
1
1
1
1
1
1
1
1
1
1
1
1
1
1
1
1
1
1
1
1
1
1
1
1
1
1
1
1
1
1
1
1
1
1
1
1
1
1
1
1
1
1
1
1
1
1
1
1
1
1
1
1
1
1
1
1
1
1
1
1
1
1
1
1
1
1
1
1
1
1
1
1
1
1
1
1
1
1
1
1
1
1
1
1
1
1
1
1
1
1
1
1
1
1
1
1
1
1
1
1
1
1
1
1
1
1
1
1
1
1
1
1
1
1
1
1
1
1
1
1
1
1
1
1
1
1
1
1
1
1
1
1
1
1
1
1
1
1
1
1
1
1
1
1
1
1
1
1
1
1
1
1
1
1
1
1
1
1
1
1
1
1
1
1
1
1
1
1
1
1
1
1
1
1
1
1
1
1
1
1
1
1
1
1
1
1
1
1
1
1
1
1
1
1
1
1
1
1
1
1
1
1
1
1
1
1
1
1
1
1
1
1
1
1
1
1
1
1
1
1
1
1
1
1
1
1
1
1
1
1
1
1
1
1
1
1
1
1
1
1
1
1
1
1
1
1
1
1
1
1
1
1
1
1
1
1
1
1
1
1
1
1
1
1
1
1
1
1
1
1
1
1
1
1
1
1
1
1
1
1
1
1
1
1
1
1
1
1
1
1
1
1
1
1
1
1
1
1
1
1
1
1
1
1
1
1
1
1
1
1
1
1
1
1
1
1
1
1
1
1
1
1
1
1
1
1
1
1
1
1
1
1
1
1
1
1
1
1
1
1
1
1
1
1
1
1
1
1
1
1
1
1
1
1
1
1
1
1
1
1
1
1
1
1
1
1
1
1
1
1
1
1
1
1
1
1
1
1
1
1
1
1
1
1
1
1
1
1
1
1
1
1
1
1
1
1
1
1
1
1
1
1
1
1
1
1
1
1
1
1
1
1
1
1
1
1
1
1
1
1
1
1
1
1
1
1
1
1
1
1
1
1
1
1
1
1
1
1
1
1
1
1
1
1
1
1
1
1
1
1
1
1
1
1
1
1
1
1
1
1
0.913926
0.721666
0.944888
0.513646
0.491024
0.487971
0.649333
0.578919
0.763875
0.82198
0.439484
0.549752
0.530746
0.67186
0.748799
0.542271
0.580331
0.469551
0.445571
0.615657
0.542583
0.746355
0.679393
0.672606
0.493301
0.744717
0.528829
0.648514
0.823915
0.75084
0.606687
0.757502
0.772711
0.689554
0.683806
0.466387
0.63615
0.544622
0.495419
0.438189
0.460579
0.432109
0.61577
0.84981
0.932674
0.541724
0.540802
0.546595
0.745079
0.772592
0.867868
0.871378
0.497356
0.585986
0.662846
0.57235
0.597361
0.715986
0.467604
0.774504
0.575447
0.65593
0.447112
0.620091
0.567634
0.657609
0.434394
0.428899
0.442248
0.423551
0.602135
0.457298
0.493241
0.498072
0.467957
0.439291
0.447863
0.597467
0.578693
0.665018
0.452158
0.441537
0.482899
0.486209
0.884504
0.834759
0.894911
0.995504
0.996835
0.999969
0.989671
0.784222
0.677027
0.508847
0.99457
0.993479
0.972795
0.815327
0.707601
0.995014
0.869276
0.992647
0.997256
0.994962
0.982016
0.932531
0.716477
0.775693
0.991691
0.954086
0.917173
0.964487
0.995711
0.996269
0.997229
0.995222
0.996059
0.996185
0.993783
0.998707
0.995917
0.993084
0.996456
0.997284
0.995751
0.997093
0.999043
0.997888
0.985046
0.981793
0.991398
0.98507
0.993485
0.981358
0.86721
0.982297
0.918728
0.979648
0.876135
0.919714
0.995432
0.997526
0.9956
0.995455
0.99626
0.998367
0.996855
0.995111
0.995559
0.999967
0.997065
0.994624
0.999278
0.997191
0.988055
0.979675
0.988125
0.964694
0.990659
0.973181
0.990855
0.94087
0.967863
0.863656
0.986134
0.982767
0.981104
0.975804
0.997098
0.997087
0.997111
0.993693
0.997804
0.995347
0.999671
0.995664
0.997499
0.998111
0.996244
0.993146
0.994027
0.996472
0.996761
0.968929
0.994255
0.968757
0.991911
0.975589
0.99875
0.987739
0.988056
0.996166
0.984144
0.990417
0.993093
0.992453
0.993139
0.996393
0.995226
0.99379
0.994928
0.994816
0.993538
0.995754
0.996762
0.999667
0.996714
0.998029
0.988218
0.999029
0.990302
0.981323
0.996678
0.98949
0.990888
0.986352
0.99075
0.990384
0.977143
0.979577
0.977133
0.99054
0.961929
0.983505
0.991817
0.996521
0.985296
0.993047
0.991952
0.992911
0.994921
1
0.983949
0.99739
0.999018
0.998982
0.998676
0.999063
0.990821
0.991047
0.992661
0.993511
0.994885
0.995101
0.994765
0.992817
0.965282
0.976589
0.989208
0.994067
0.970394
0.984995
0.9953
0.992287
0.99667
0.990347
0.996686
0.998983
0.996736
0.996166
0.99583
1
0.997393
0.997862
0.99904
0.99903
0.992951
0.998682
0.996939
0.996012
0.995148
0.996993
0.998091
0.999341
0.973511
0.985393
0.993369
0.993408
0.964569
0.990793
0.995402
0.994127
0.995978
0.994803
0.993003
0.995572
0.996048
0.998812
0.997453
0.99903
0.998071
0.99715
0.999042
0.998101
0.996919
0.99902
0.998091
0.994458
0.99905
0.994798
0.999046
0.992254
0.97131
0.995694
0.994825
1
0.97409
0.994238
0.993918
0.994918
0.99503
0.990421
0.998717
0.985188
0.993523
0.998983
0.997096
0.992254
0.99601
0.99746
0.987414
0.988893
0.995412
0.998007
0.994143
0.998074
0.977723
0.997264
0.984148
0.992981
0.988925
0.99841
0.997667
1
0.992008
0.995134
0.991998
0.945161
0.980515
0.979566
0.985249
0.976945
0.983023
0.994077
0.984397
0.992618
0.992465
0.995128
0.990461
0.996231
0.969605
0.99919
0.99293
0.99902
0.995579
0.998211
0.997765
0.999045
0.993871
0.995631
0.998986
0.999045
0.996851
0.996162
0.992204
0.996464
0.991399
0.99083
0.990213
0.998887
0.997768
0.998309
0.992174
0.997158
0.994257
0.996989
1
0.998744
0.99905
0.999021
0.999803
1
0.998297
1
0.999047
0.999045
0.997122
0.998081
0.999966
0.998289
0.999932
0.996394
0.991293
0.995581
0.999376
0.99147
0.994297
0.997217
0.99918
0.994148
0.997765
0.998083
0.994865
0.992862
0.999375
0.99805
0.998494
1
1
0.998379
0.996431
1
1
1
0.99807
0.999802
0.999223
1
1
1
0.99396
0.998069
0.999114
0.998011
0.998043
0.999345
1
0.999357
1
0.999042
1
0.996719
0.998093
1
0.999083
1
1
1
0.998101
1
1
0.999046
1
1
1
0.999967
1
1
1
0.999673
0.999048
0.999022
1
1
1
1
1
1
1
1
1
0.999802
1
0.999021
1
1
1
1
1
1
1
1
1
1
1
1
0.999021
1
1
0.999022
1
1
0.999048
0.999357
1
0.99924
1
0.999662
0.999047
1
1
1
1
1
0.999804
1
1
1
0.999966
1
1
1
1
1
1
1
1
0.999123
1
0.999935
1
1
1
1
1
1
1
1
0.99892
0.999021
0.999047
0.99902
1
1
0.999047
1
1
1
1
1
1
1
1
0.999673
0.998425
1
1
1
1
0.999019
1
1
1
1
1
1
1
1
1
1
1
1
0.999047
0.999671
1
0.999372
0.999662
1
1
1
1
1
1
1
1
1
1
1
1
1
1
1
0.999047
1
0.999051
1
1
0.999932
0.999116
1
1
1
1
1
1
1
1
1
1
1
1
1
1
1
1
1
1
1
1
1
1
1
1
1
1
1
1
1
1
1
1
1
1
1
1
1
1
1
0.999048
1
1
1
1
1
1
1
1
1
1
1
0.999051
1
1
1
1
1
1
1
1
1
1
1
1
1
0.999966
1
1
1
0.999392
1
0.999672
1
1
1
1
1
1
1
1
1
1
0.999223
1
0.999021
0.999047
1
1
1
1
1
1
0.999041
1
1
1
1
1
1
1
1
1
1
1
1
1
1
1
1
0.999376
1
1
1
0.999671
1
1
1
1
1
1
1
1
1
1
1
1
1
1
1
1
1
1
1
1
1
1
1
1
1
0.99905
1
1
1
1
1
1
1
1
1
1
1
1
1
1
1
1
1
1
1
1
1
1
1
1
1
1
1
1
1
1
0.999046
1
1
1
1
1
1
1
1
1
1
1
1
1
1
1
1
1
1
1
1
1
1
1
1
1
1
1
1
1
1
1
1
1
1
1
1
1
1
1
1
1
1
1
1
1
1
1
1
0.999935
1
0.999047
1
1
1
1
1
1
1
1
1
1
1
1
1
1
1
1
1
1
1
1
1
1
1
1
1
1
1
1
1
1
1
1
1
1
1
1
1
1
1
1
1
1
1
1
1
1
1
1
1
1
1
1
1
1
1
1
1
1
1
1
1
1
1
1
1
1
1
1
1
1
1
1
1
1
1
1
1
1
1
1
1
1
1
1
1
1
1
1
1
1
1
1
1
1
1
1
1
1
1
1
1
1
1
1
1
1
1
1
1
1
1
1
1
1
1
1
1
1
0.999041
1
1
1
1
1
1
1
1
1
1
1
1
1
1
1
1
1
1
1
1
1
1
1
1
1
1
1
1
1
1
1
1
1
1
1
1
1
1
1
1
1
1
1
1
1
1
1
1
1
1
1
1
1
1
1
1
1
1
1
0.999041
1
1
1
1
1
1
1
1
1
1
1
1
1
1
1
1
1
1
1
1
1
1
1
1
1
1
1
1
1
1
1
1
1
1
1
1
1
1
1
1
1
1
1
1
1
1
1
1
1
1
1
1
1
1
1
1
1
1
1
1
1
1
1
1
1
1
1
1
1
1
1
1
1
1
1
1
1
1
1
1
1
1
1
1
1
1
1
1
1
1
1
1
1
1
1
1
1
1
1
1
1
1
1
1
1
1
1
1
1
1
1
1
1
1
1
1
1
1
1
1
1
1
1
1
1
1
1
1
1
1
1
1
1
1
1
1
1
1
1
1
1
1
1
1
1
1
1
1
1
1
1
1
1
1
1
1
1
1
1
1
1
1
1
1
1
1
1
1
1
1
1
1
1
1
1
1
1
1
1
1
1
1
1
1
1
1
1
1
1
1
1
1
1
1
1
1
1
1
1
1
1
1
1
1
1
1
1
1
1
1
1
1
1
1
1
1
1
1
1
1
1
1
1
1
1
1
1
1
1
1
1
1
1
1
1
1
1
1
1
1
1
1
1
1
1
1
1
1
1
1
1
1
1
1
1
1
1
1
1
1
1
1
1
1
1
1
1
1
1
1
1
1
1
1
1
1
1
1
1
1
1
1
1
1
1
1
1
1
1
1
1
1
1
1
1
1
1
1
1
1
1
1
1
1
1
1
1
1
1
1
1
1
1
1
1
1
1
1
1
1
1
1
1
1
1
1
1
1
1
1
1
1
1
1
1
1
1
1
1
1
1
1
1
1
1
1
1
1
1
1
1
1
1
1
1
1
1
1
1
1
1
1
1
1
1
1
1
1
1
1
1
1
1
1
1
1
1
1
1
1
1
1
1
1
1
1
1
1
1
1
1
1
1
1
1
1
1
1
1
1
1
1
1
1
1
1
1
1
1
1
1
1
1
1
1
1
1
1
1
1
1
1
1
1
1
1
1
1
1
1
1
1
1
1
1
1
1
1
1
1
1
1
1
1
1
1
1
1
1
1
1
1
1
1
1
1
1
1
1
1
1
1
1
1
1
1
1
1
1
1
1
1
1
1
1
1
1
1
1
1
1
1
1
1
1
1
1
1
1
1
1
1
1
1
1
1
1
1
1
1
1
1
1
1
1
1
1
1
1
1
1
1
1
1
1
1
1
1
1
1
1
1
1
1
1
1
1
1
1
1
1
1
1
1
1
1
1
1
1
1
1
1
1
1
1
1
1
1
1
1
1
1
1
1
1
1
1
1
1
1
1
1
1
1
1
1
1
1
1
1
1
1
1
1
1
1
1
1
1
1
1
1
1
1
1
1
1
1
1
1
1
1
1
1
1
1
1
1
1
1
1
1
1
1
1
1
1
1
1
1
1
1
1
1
1
1
1
1
1
1
1
1
1
1
1
1
1
1
1
1
1
1
1
1
1
1
1
1
1
1
1
1
1
1
1
1
1
1
1
1
1
1
1
1
1
1
1
1
1
1
1
1
1
1
1
1
1
1
1
1
1
1
1
1
1
1
1
1
1
1
1
1
1
1
1
1
1
1
1
1
1
1
1
1
1
1
1
1
1
1
1
1
1
1
1
1
1
1
1
1
1
1
1
1
1
1
1
1
1
1
1
1
1
1
1
1
1
1
1
1
1
1
1
1
1
1
1
1
1
1
1
1
1
1
1
1
1
1
1
1
1
1
1
1
1
1
1
1
1
1
1
1
1
1
1
1
1
1
1
1
1
1
1
1
1
1
1
1
1
1
1
1
1
1
1
1
1
1
1
1
1
1
1
1
1
1
1
1
1
1
1
1
1
1
1
1
1
1
1
1
1
1
1
1
1
1
1
1
1
1
1
1
1
1
1
1
1
1
1
1
1
1
1
1
1
1
1
1
1
1
1
1
1
1
1
1
1
1
1
1
1
1
1
1
1
1
1
1
1
1
1
1
1
1
1
1
1
1
1
1
1
1
1
1
1
1
1
1
1
1
1
1
1
1
1
1
1
1
1
1
1
1
1
1
1
1
1
1
1
1
1
1
1
1
1
1
1
1
1
1
1
1
1
1
1
1
1
1
1
1
1
1
1
1
1
1
1
1
1
1
1
1
1
1
1
1
1
1
1
1
1
1
1
1
1
1
1
1
1
1
1
1
1
1
1
1
1
1
1
1
1
1
1
1
1
1
1
1
1
1
1
1
1
1
1
1
1
1
1
1
1
1
1
1
1
1
1
1
1
1
1
1
1
1
1
1
1
1
1
1
1
1
1
1
1
1
1
1
1
1
1
1
1
1
1
1
1
1
1
1
1
1
1
1
1
1
1
1
1
1
1
1
1
1
1
1
1
1
1
1
1
1
1
1
1
1
1
1
1
1
1
1
1
1
1
1
1
1
1
1
1
1
1
1
1
1
1
1
1
1
1
1
1
1
1
1
1
1
1
1
1
1
1
1
1
1
1
1
1
1
1
1
1
1
1
1
1
1
1
1
1
1
1
1
1
1
1
1
1
1
1
1
1
1
1
1
1
1
1
1
1
1
1
1
1
1
1
1
1
1
1
1
1
1
1
1
1
1
1
1
1
1
1
1
1
1
1
1
1
1
1
1
1
1
1
1
1
1
1
1
1
1
1
1
1
1
1
1
1
1
1
1
1
1
1
1
1
1
1
1
1
1
1
1
1
1
1
1
1
1
1
1
1
1
1
1
1
1
1
1
1
1
1
1
)
;

boundaryField
{
    fbOut
    {
        type            fixedValue;
        value           uniform 1;
    }
    CAD_patch1
    {
        type            zeroGradient;
    }
    fbGasin
    {
        type            fixedValue;
        value           uniform 1;
    }
    CAD_patch3
    {
        type            zeroGradient;
    }
    fbBioin
    {
        type            zeroGradient;
    }
}


// ************************************************************************* //
