/*--------------------------------*- C++ -*----------------------------------*\
| =========                 |                                                 |
| \\      /  F ield         | OpenFOAM: The Open Source CFD Toolbox           |
|  \\    /   O peration     | Version:  5.x                                   |
|   \\  /    A nd           | Web:      www.OpenFOAM.org                      |
|    \\/     M anipulation  |                                                 |
\*---------------------------------------------------------------------------*/
FoamFile
{
    version     2.0;
    format      ascii;
    class       volScalarField;
    location    "4.7";
    object      Ksl;
}
// * * * * * * * * * * * * * * * * * * * * * * * * * * * * * * * * * * * * * //

dimensions      [1 -3 -1 0 0 0 0];

internalField   nonuniform List<scalar> 
10571
(
5667.86
4197.09
2028.49
590.545
10120.8
2207.19
1694.04
347.691
4245.17
12650.7
84.7952
1398.33
1321.67
49.8691
80.4698
12223.4
932.198
1325.94
68.5876
194.297
8517.7
4192.46
161.282
2214.42
11502.8
9579.72
7259.61
8394.55
11462
10897.3
7320.27
4279.59
4621.45
9544.85
9763.07
10679.8
8606.29
4089.07
4029.98
11106
9889.11
6821.37
6475.06
7725.25
11083.6
7650.44
8333.76
10645.8
13608.5
10003.3
10650.8
10321.3
11983.7
1860.21
1405.96
1782.65
5759.72
8663.57
1370.31
1194.42
2000
1590.66
5106.1
10845.2
158.234
320.494
3864.01
9533.36
10366.9
115.371
6641.12
12235.5
692.6
341.36
1042.28
1426.84
7660.56
109.62
528.656
1767.1
6191.56
10141.7
87.3245
28.572
856.203
2951.57
7156.04
11030.8
9.97794
137.21
3152.15
8175.24
7126.32
12.8668
1988.28
12200.9
50.9952
77.1779
58.1493
63.8888
47.8379
9.11993
135.173
486.186
1766.81
10338.5
16.2282
20.2414
53.5069
538.002
2373.37
10546.8
21.8491
22.6158
646.057
9816.41
9556.72
0
130.989
9972.84
24.6632
40.0401
44.0162
43.3419
31.6304
13.5758
58.2312
227.343
360.279
476.695
47455.6
76.8257
35.77
25.0585
63.9604
323.915
7854.98
6879.72
11.5894
4.40921
43.7888
692.052
9732.38
0
10.8468
2924.81
0
14.1352
12.5843
23.9274
25.2104
5.89578
20.5746
78.6129
41.6747
14.0493
8.62514
-1.9361e-12
20.1866
8.48444
22.2407
18.3706
98.354
12.6135
11.6054
0
14.7044
3.75446
530.984
0
0
1.09699
63.5365
0
29.3713
7.96044
0
25.9016
11.2834
17.4439
19.3362
23.5551
0
2.48709
24.216
17.5512
1.75156
24.653
11.6249
30.3167
7.68139
0
0
14.4676
6.54079
26.0635
0
0
0
0
0
14.2403
6.12322
5.10833
0
10.708
11.8696
1.55426
22.0868
11.121
0
12.3083
32.3966
0.608521
9.32784
13.2449
13.5628
0
0
0
5.42471
39.271
33.327
0
0
0
0
13.5086
8.94218
0
0.61571
6.53327
5.77062
0
20.5849
46.2872
0
42.2689
0
0.597496
18.4509
56.5305
0
0
0.0369696
0.727829
10.8176
0
0
0
0
13.6163
14.1174
0
0
9.67226
3.44108
0
1.43528
9.00025
26.8475
8.93753
0
0
2.62329
0
0
0
0
0
0
0
0
0
0
6.95788
0
0
0
20.5302
0.60475
0
0
0
15.8651
5.17978
0
0
0
0
0
0
0
0
0
0
0
0
0
0
0
0
0
4.1475
0.385152
0
0
0
0
-1.19522e-13
0
0
0
0
0
0
0
0
0
0
0
0
0
0
0
0
0
0
0
0
0
0
0
0
0
0
0
0
0
0
0
0
0
0
0
0
0
0
0
0
0
0
0
0
0
0
7.20041
0
0
0
0
0
0
0
0
0
0
0
0
0
0
0
0
0
0
0
0
0
0
0
0
0
0
0
0
0
0
0
0
0
0
0
0
0
0
0
0
0
0
0
0
0
0
0
0
0
0
0
0
0
0
0
0
0
0
0
0
0
0
0
0
0
0
0
0
0
0
0
0
0
0
0
0
0
0
0
0
0
0
0
0
0
0
0
0
0
0
0
0
0
0
0
0
0
0
0
0
0
0
0
0
0
0
0
0
0
0
0
0
0
0
0
0
0
0
0
0
0
0
0
0
0
0
0
0
0
0
0
0
0
0
0
0
0
0
0
0
0
0
0
0
0
0
0
0
0
0
0
0
0
0
0
0
0
0
0
0
0
0
0
0
0
0
0
0
0
0
0
0
0
0
0
0
0
0
0
0
0
0
0
0
0
0
0
0
0
0
0
0
0
0
0
0
0
0
0
0
0
0
0
0
0
0
0
0
0
0
0
0
0
0
0
0
0
0
0
0
0
0
0
0
0
0
0
0
0
0
0
0
0
0
0
0
0
0
0
0
0
0
0
0
0
0
0
0
0
0
0
0
0
0
0
0
0
0
0
0
0
0
0
0
0
0
0
0
0
0
0
0
0
0
0
0
0
0
0
0
0
0
0
0
0
0
0
0
0
0
0
0
0
0
0
0
0
0
0
0
0
0
0
0
0
0
0
0
0
0
0
0
0
0
0
0
0
0
0
0
0
0
0
0
0
0
0
0
0
0
0
0
0
0
0
0
0
0
0
0
0
0
0
0
0
0
0
0
0
0
0
0
0
0
0
0
0
0
0
0
0
0
0
0
0
0
0
0
0
0
0
0
0
0
0
0
0
0
0
0
0
0
0
0
0
0
0
0
0
0
0
0
0
0
0
0
0
0
0
0
0
0
0
0
0
0
0
0
0
0
0
0
0
0
0
0
0
0
0
0
0
0
0
0
0
0
0
0
0
0
0
0
0
0
0
0
0
0
0
0
0
0
0
0
0
0
0
0
0
0
0
0
0
0
0
0
0
0
0
0
0
0
0
0
0
0
0
0
0
0
0
0
0
0
0
0
0
0
0
0
0
0
0
0
0
0
0
0
0
0
0
0
0
0
0
0
0
0
0
0
0
0
0
0
0
0
0
0
0
0
0
0
0
0
0
0
0
0
0
0
0
0
0
0
0
0
0
0
0
0
0
0
0
0
0
0
0
0
0
0
0
0
0
0
0
0
0
0
0
0
0
0
0
0
0
0
0
0
0
0
0
0
0
0
0
0
0
0
0
0
0
0
0
0
0
0
0
0
0
0
0
0
0
0
0
0
0
0
0
0
0
0
0
0
0
0
0
0
0
0
0
0
0
0
0
0
0
0
0
0
0
0
0
0
0
0
0
0
0
0
0
0
0
0
0
0
0
0
0
0
0
0
0
0
0
0
0
0
0
0
0
0
0
0
0
0
0
0
0
0
0
0
0
0
0
0
0
0
0
0
0
0
0
0
0
0
0
0
0
0
0
0
0
0
0
0
0
0
0
0
0
0
0
0
0
0
0
0
0
0
0
0
0
0
0
0
0
0
0
0
0
0
0
0
0
0
0
0
0
0
0
0
0
0
0
0
0
0
0
0
0
0
0
0
0
0
0
0
0
0
0
0
0
0
0
0
0
0
0
0
0
0
0
0
0
0
0
0
0
0
0
0
0
0
0
0
0
0
0
0
0
0
0
0
0
0
0
0
0
0
0
0
0
0
0
0
0
0
0
0
0
0
0
0
0
0
0
0
0
0
0
0
0
0
0
0
0
0
0
0
0
0
0
0
0
0
0
0
0
0
0
0
0
0
0
0
0
0
0
0
0
0
0
0
0
0
0
0
0
0
0
0
0
0
0
0
0
0
0
0
0
0
0
0
0
0
0
0
0
0
0
0
0
0
0
0
0
0
0
0
0
0
0
0
0
0
0
0
0
0
0
0
0
0
0
0
0
0
0
0
0
0
0
0
0
0
0
0
0
0
0
0
0
0
0
0
0
0
0
0
0
0
0
0
0
0
0
0
0
0
0
0
0
0
0
0
0
0
0
0
0
0
0
0
0
0
0
0
0
0
0
0
0
0
0
0
0
0
0
0
0
0
0
0
0
0
0
0
0
0
0
0
0
0
0
0
0
0
0
0
0
0
0
0
0
0
0
0
0
0
0
0
0
0
0
0
0
0
0
0
0
0
0
0
0
0
0
0
0
0
0
0
0
0
0
0
0
0
0
0
0
0
0
0
0
0
0
0
0
0
0
0
0
0
0
0
0
0
0
0
0
0
0
0
0
0
0
0
0
0
0
0
0
0
0
0
0
0
0
0
0
0
0
0
0
0
0
0
0
0
0
0
0
0
0
0
0
0
0
0
0
0
0
0
0
0
0
0
0
0
0
0
0
0
0
0
0
0
0
0
0
0
0
0
0
0
0
0
0
0
0
0
0
0
0
0
0
0
0
0
0
0
0
0
0
0
0
0
0
0
0
0
0
0
0
0
0
0
0
0
0
0
0
0
0
0
0
0
0
0
0
0
0
0
0
0
0
0
0
0
0
0
0
0
0
0
0
0
0
0
0
0
0
0
0
0
0
0
0
0
0
0
0
0
0
0
0
0
0
0
0
0
0
0
0
0
0
0
0
0
0
0
0
0
0
0
0
0
0
0
0
0
0
0
0
0
0
0
0
0
0
0
0
0
0
0
0
0
0
0
0
0
0
0
0
0
0
0
0
0
0
0
0
0
0
0
0
0
0
0
0
0
0
0
0
0
0
0
0
0
0
0
0
0
0
0
0
0
0
0
0
0
0
0
0
0
0
0
0
0
0
0
0
0
0
0
0
0
0
0
0
0
0
0
0
0
0
0
0
0
0
0
0
0
0
0
0
0
0
0
0
0
0
0
0
0
0
0
0
0
0
0
0
0
0
0
0
0
0
0
0
0
0
0
0
0
0
0
0
0
0
0
0
0
0
0
0
0
0
0
0
0
0
0
0
0
0
0
0
0
0
0
0
0
0
0
0
0
0
0
0
0
0
0
0
0
0
0
0
0
0
0
0
0
0
0
0
0
0
0
0
0
0
0
0
0
0
0
0
0
0
0
0
0
0
0
0
0
0
0
0
0
0
0
0
0
0
0
0
0
0
0
0
0
0
0
0
0
0
0
0
0
0
0
0
0
0
0
0
0
0
0
0
0
0
0
0
0
0
0
0
0
0
0
0
0
0
0
0
0
0
0
0
0
0
0
0
0
0
0
0
0
0
0
0
0
0
0
0
0
0
0
2894.33
3539.74
3147.5
3251.75
4801.49
5220.41
4779.97
3855.21
1081.56
2744.28
1158.83
1205.96
432.936
473.193
573.028
456.404
521.283
1336.01
4889.95
675.636
3884.53
6746.59
8566.34
6488.1
9128.22
8718.33
999.183
874.696
847.671
764.852
433.173
562.576
293.599
425.186
469.874
313.154
303.858
514.523
1326.89
386.677
654.717
7943.1
9716.04
3636.38
10164.2
9828.81
11353.4
9755.07
440.954
806.837
542.584
642.408
330.411
496.649
310.282
314.313
326.83
456.966
484.686
412.688
628.273
468.432
587.041
985.782
6849.6
966.321
5866.14
10143.3
9110.96
6262.51
1488.81
1378.36
534.792
1514.62
1258.71
582.603
504.446
675.515
508.926
410.904
491.53
584.054
701.51
1174.75
7694.79
3438.47
8899.77
5301.12
1742.44
1950.85
1734.96
1772.46
1288.67
2560.46
2762.2
5643.74
3947.79
6219.17
5645.46
3653.3
3479.61
9423.13
6662.01
7772.6
5773.42
5022.74
9716.98
9700.26
10321.1
4185.15
12080.4
2436.03
7939.18
2628.61
2691.09
2271.41
7150.51
5276.04
6398.99
5112.39
11404.5
9831.13
11934.9
11492
12893.3
11268.7
11955.9
12547.2
12362.9
1419.76
295.151
1271.18
6460.94
4121.5
5308.79
13228.4
11120.5
11104.8
12511.4
9253.7
905.721
348.693
1544.89
3066.53
2461.21
10590.2
9308.21
11645.2
8774.83
9946
945.022
3279.41
1381.23
1288.61
2840.43
3736.86
5135.52
7277.78
8244.91
8969.04
1170.49
10171.5
1617.59
10205.5
3978.95
11419
10893.8
3709.73
10981.5
2857.61
3174.32
11113.1
9955.58
10857.2
260.733
721.499
6767.66
3149.22
7991.29
6192.31
8841.99
11514.8
11107.9
8921.26
9823.92
12445.4
10267.1
10732
10539.2
11277.4
12755.7
11505.1
11974.1
13402.7
14003.9
11520
12422
8267.21
9721.02
8738.93
11470.6
10393.9
11488.3
11165.1
12438
10925
11667.5
11818
12919.2
10849.8
11512.4
11627.1
11003.8
10532.6
11528.5
10808.2
10514.9
10225.5
11160.4
11244.1
6881.46
8693.11
10690.7
5682.85
9192.1
8338.64
10533.4
11444.7
11496.1
6569.24
9079.11
10698.9
6456.35
9377.1
9260.7
12384.7
11108.7
13183.1
9811.4
8798.8
3407.97
5845.25
1027.71
10257.4
9309.52
10959.4
9331.26
10650.5
10222.3
11473.5
10845.4
10666.8
493.838
6935.14
6192.56
431.375
975.418
3622.42
8247.59
6860.25
6912.38
10288.5
9526.47
11389.8
11282.4
2895.32
13025.8
10630.3
10752.2
9398.37
5705.43
9348.03
11601.6
12071.3
10956.3
9942.13
9111.74
14385.6
7466.89
3956.07
287.886
10844
6615.83
5377.58
1039.06
2249.5
403.322
178.51
12444.3
11046.5
11688.2
11352.9
12453.9
10481.3
11096.7
9693.5
9981.58
1139.71
965.205
520.518
75.112
118.932
54.7984
10970.4
6913.77
9285.38
11320.2
7956.12
1084.62
1506.37
96.5333
29.853
25.8474
6513.83
9585.6
11016.4
6704.56
9762.96
772.962
-6.86544e-13
50.1849
24.8836
19.9702
11.9515
39.3276
10.8125
32.3114
11450.8
10829.3
12523.6
6895.66
11331.4
11884.3
10991.8
8036.17
16.5322
9.2548
638.635
2915
46.6174
275.984
772.125
10742
10351.5
5540.6
10713.9
9171.73
11868.2
353.919
116.1
730.294
930.788
1766.83
119.132
172.935
222.142
1063.17
376.256
76.7827
120.042
68.424
600.741
126.869
114.252
48.4945
590.272
146.784
119.422
164.679
188.599
93.6079
142.872
11151.5
9260.32
11187.6
1409.75
6624.06
6541.7
10982
10638.7
10301.6
82.281
79.1557
60.8411
20.7512
109.135
36.4372
11065.1
8618.35
10672
11238.6
8302.03
31.1963
14.5528
25.4835
25.6603
17.0621
6181.03
9321.16
10910.1
6234.81
9790.88
20.3754
26.0681
20.0318
25.7469
-1.90142e-14
10.2106
26.9804
9.3194
13.6307
10321.8
11093.4
10944.5
10546.2
10573.5
10877.2
10259.7
8844.26
0
15.5532
56.2788
70.3438
7.83077
31.4323
0
10054
2393.04
338.603
7390.19
356.036
11234.5
61.0734
26.8237
1.00399
33.6057
39.8831
31.2936
20.4466
15.7527
47.8512
68.1451
54.8936
41.4934
33.7935
98.225
109.778
48.8634
10.9924
49.8409
33.4225
64.1873
86.1422
46.4076
38.6202
38.6561
478.537
777.777
4621.61
30.8558
33.6263
118.115
389.698
8559.69
2712.95
45.4031
93.981
25.8359
39.8996
62.7621
29.387
10521.6
8585.26
8074.98
10121.5
2741.08
40.1226
33.025
53.7766
47.5732
12.6949
6463.25
9446.8
10959.2
2766.07
9326.9
32.4211
16.7244
19.1357
0
11.9262
26.9603
7.73671
-3.71594e-14
0.203792
10766.4
10446.2
10084.6
5188.58
10833.9
10171.2
9395.72
10013.3
0
0
5.1842
11.0681
8.7696
0.218985
0
3462.99
92.5672
50.5325
967.779
34.8521
11789.2
65.9235
19.4073
34.7029
3.59671
9.922
12.8499
19.827
24.7019
30.3529
53.2106
23.5924
22.1019
11.4999
186.238
75.333
36.6878
45.5864
46.4524
64.0163
31.6701
51.7772
26.2395
17.7387
25.6515
49.9699
133.731
80.2137
30.3171
30.6753
122.031
36.2029
115.464
11.4476
24.7056
66.7458
26.1382
35.0475
27.5573
9.71962
747.808
942.513
2334
58.6575
24.4076
45.0507
11.1668
20953.9
8486.11
13592
503.301
4893.64
285.626
4848.41
14.4773
61.4169
55.0586
31.157
-1.46674e-12
3515.69
10109.3
862.432
626.439
263.957
12342.1
352.814
86035.5
5582.04
35823
207.461
2988.77
114.518
2250.89
0
0
7.34675
0
0
0
0
0
6.3651
8653.8
4474.09
9850.97
33.8839
1686.79
295.456
5569.99
7595.22
0
0
0
0
0
0
0
123.194
1.8962
9.19406
37.1218
0
301.673
35.9243
15.9809
20.2254
15.0806
28.7693
12.0832
6.70078
12.7963
3.99728
21.4988
0
4.06209
5.05646
64.9865
80.4862
24.3965
0.298448
20.5652
16.03
16.6075
28.2852
24.9168
13.1142
7.5997
59.7408
25.3726
9.02036
39.5675
51.9681
33.9352
14.7593
11.9744
35.8583
5.93709
0
11.6099
31.3185
4.67462
0.419207
17.5426
0
18.9339
16.1652
14.2755
28.1652
1.74539
25.2331
15.7815
7.03939
0
7.45138
12.7535
38.9958
16.5585
9.04155
2.6831
1.36401
0
2.48636
17.164
7.49663
19.0712
19.2599
48.1915
58.1078
618.078
151.1
18.4287
24.7515
20.3318
20.2163
0
5.93489
-2.16293e-13
17.5606
0
6.99318
0
25.8185
25.6676
0.265304
0
0
5.98311
0
0
0
132.457
73.8945
224.104
5.51298
24.3029
6.54762
16.3062
6.57178
22.6646
1.7089
0
0
0
0
0
0
0
0
0
0
3.83836
0
0
0.876691
0
24.6508
29.8222
13.7985
0
12.0358
3.59371
0
11.6054
12.6376
0
0
0
0
0
24.7179
-2.90558e-13
19.6548
12.2389
30.4657
14.5554
23.2981
20.933
24.0854
2.8346
10.019
80.8544
33.7264
35.9909
11.8622
89.7339
12.6765
41.6029
5.36731
0
45.7512
0
0
0
0
0
22.6862
18.1897
16.7427
17.6507
2.84822
24.3902
6.50127
12.0295
2.96787
7.80664
4.39124
0
16.0108
0
0.948339
2.53786
0
0
0
0
33.4653
10.9517
8.01975
27.6243
12.3994
4.65849
10.7535
25.777
3.56651
13.5029
9.45151
2.52986
0
0
0
2.45796
0
0
0
0
13.8832
0
0
0
6.12123
0
0
0
6.92743
10.5978
5.09913
9.49308
4.72124
7.75876
4.54057
0
1.56511
0
0
0
0
0
0
0
0
0
0
0
0
0
0
0
0
0
18.5507
25.0223
0
23.2411
6.95568
0
3.23831
10.1232
0
0
0
0
0
0
0
16.8778
14.2019
11.4225
0.232075
25.1309
0.471668
25.1824
6.71492
19.4298
63.3991
3.15976
65.1803
0
13.9672
3.83179
65.8209
37.8966
92.3063
6.06336
0
8.36005
11.7093
-8.45684e-14
9.41323
6.84173
8.83511
6.85489
25.5102
0
15.8382
21.2461
0
0
0
0
0
0
0
32.1723
0
19.278
22.9119
24.1683
14.8403
47.4382
15.7532
49.0135
34.1597
51.2663
5.67919
0
0
0
0
0
0
0
13.4955
0
0
0
0
0
0
0
0
7.68287
15.9923
2.25363
34.8652
24.3151
0.694481
5.07648
12.8479
0
0
0
0
0
0
0
0
0
0
0
0
0
37.4313
38.4156
0
17.5413
2.80707
0
8.08962
3.32591
0
0
0
0
0
0
0
10.9897
0
5.96531
7.37478
23.7362
21.6018
25.0104
14.7085
14.6767
8.78219
0
30.027
0
0
0
2.69865
40.8504
13.1282
3.39335
0
13.0825
10.0647
31.1495
5.11283
31.2996
29.764
37.5799
47.7076
76.8024
34.4449
14.6641
0
35.7778
0
53.302
25.8105
17.1032
72.1524
4.13995
0
0
0
0
0
0
0
0
0
10.8895
0
0
0
0
0
0
0
0
0
0
0
0
0
0
0
0
0
0
0
0
20.3604
7.10048
0
6.6796
0
0
1.46119
0
0
0
0
0
0
0
0
10.6155
9.5152
18.8664
29.5369
7.26644
6.61661
16.6427
22.1845
3.08361
0
0
-9.20593e-15
0
0
0
0
0
0
9.44788
15.158
24.6666
18.8822
0
8.12469
18.1491
19.1488
0
0
0
11.3286
13.6154
0.638584
9.22877
0
0
0
0
0
0
0
0
0
0
0
0
0
0
0
0
0
0
0
0
0
0
0
0
0
0
0
0
0
0
0
0
0
0
0
0
7.2775
0
0
0
0
0
0
0
0
0
0
0
0
0
0
15.7124
7.39069
7.53783
17.4907
4.63253
0
-2.66481e-13
3.4127
6.44831
0
0
0
0
0
0
0
0
0
21.6714
14.8933
12.3459
1.6821
0
14.2529
0
0
0
0
0
13.598
0
15.2506
4.27618
0
0
0
0
0
0
0
0.468224
0
0
0
5.71036
0
0
0
0
0
0
0
0
0
0
0
0
0
0
0
0
0
0
0
0
0
0
0
0
0
3.03925
0
0
0
0
0
0
0
0
0
0
0
0
0
4.54897
7.08181
6.82396
7.54753
9.53358
0
2.38284
-7.41357e-14
0.156903
0
0
0
0
0
0
0
0
0
12.4041
13.7287
31.8941
13.6966
36.5906
23.2323
0
0
0
0
0
8.19872
0
11.9781
3.65734
0.197096
0
0
0
0
0
0
0
0
0
0
0
0
0
0
0
0
0
0
0
0
0
0
0
0
0
0
0
0
0
0
0
0
0
0
0
0
0
0
0
0
0
0
0
0
0
0
0
0
0
0
0
0
0
0
0
0
0
0
0
0
0
0
0
0
0
0
0
0
14.8311
23.7951
15.1602
3.76212
0
5.06893
0
0
0
0
0
3.89941
0
0
0
0
0
0
0
0
0
0
0
0
0
0
0
0
0
0
0
0
0
0
0
0
0
0
0
0
0
0
0
0
0
0
0
0
0
0
0
0
0
0
0
0
0
0
0
0
0
0
0
0
0
0
0
0
0
0
0
0
0
3.1692
0
0
0
0
0
0
0
0
0
0
0
5.07507
3.23855
2.87266
0
0
0
0
0
0
0
0
0
0
0
0
0
0
0
0
0
0
0
0
0
0
0
0
0
0
0
0
0
0
0
0
0
0
0
0
0
0
0
0
0
0
0
0
0
0
0
0
0
0
0
0
0
0
0
0
0
0
0
0
0
0
0
0
0
0
0
0
0
0
0
0
0
0
0
0
0
0
0
0
0
0
0
0
0
0
0
0
0
0
0
0
0
0
0
0
0
0
0
0
0
0
0
0
0
0
0
0
0
0
0
0
0
0
0
0
0
0
0
0
0
0
0
0
0
0
0
0
0
0
0
0
0
0
0
0
0
0
0
0
0
0
0
0
0
0
0
0
0
0
0
0
0
0
0
0
0
0
0
0
0
0
0
0
0
0
0
0
0
0
0
0
0
0
0
0
0
0
0
0
0
0
0
0
0
0
0
0
0
0
0
0
0
0
0
0
0
0
0
0
0
0
0
0
0
0
0
0
0
0
0
0
0
0
0
0
0
0
0
0
0
0
0
0
0
0
0
0
0
0
0
0
0
0
0
0
0
0
0
0
0
0
0
0
0
0
0
0
0
0
0
0
0
0
0
0
0
0
0
0
0
0
0
0
0
0
0
0
0
0
0
0
0
0
0
0
0
0
0
0
0
0
0
0
0
0
0
0
0
0
0
0
0
0
0
0
0
0
0
0
0
0
0
0
0
0
0
0
0
0
0
0
0
0
0
0
0
0
0
0
0
0
0
0
0
0
0
0
0
0
0
0
0
0
0
0
0
0
0
0
0
0
0
0
0
0
0
0
0
0
0
0
0
0
0
0
0
0
0
0
0
0
0
0
0
0
0
0
0
0
0
0
0
0
0
0
0
0
0
0
0
0
0
0
0
0
0
0
0
0
0
0
0
0
0
0
0
0
0
0
0
0
0
0
0
0
0
0
0
0
0
0
0
0
0
0
0
0
0
0
0
0
0
0
0
0
0
0
0
0
0
0
0
0
0
0
0
0
0
0
0
0
0
0
0
0
0
0
0
0
0
0
0
0
0
0
0
0
0
0
0
0
0
0
0
0
0
0
0
0
0
0
0
0
0
0
0
0
0
0
0
0
0
0
0
0
0
0
0
0
0
0
0
0
0
0
0
0
0
0
0
0
0
0
0
0
0
0
0
0
0
0
0
0
0
0
0
0
0
0
0
0
0
0
0
0
0
0
0
0
0
0
0
0
0
0
0
0
0
0
0
0
0
0
0
0
0
0
0
0
0
0
0
0
0
0
0
0
0
0
0
0
0
0
0
0
0
0
0
0
0
0
0
0
0
0
0
0
0
0
0
0
0
0
0
0
0
0
0
0
0
0
0
0
0
0
0
0
0
0
0
0
0
0
0
0
0
0
0
0
0
0
0
0
0
0
0
0
0
0
0
0
0
0
0
0
0
0
0
0
0
0
0
0
0
0
0
0
0
0
0
0
0
0
0
0
0
0
0
0
0
0
0
0
0
0
0
0
0
0
0
0
0
0
0
0
0
0
0
0
0
0
0
0
0
0
0
0
0
0
0
0
0
0
0
0
0
0
0
0
0
0
0
0
0
0
0
0
0
0
0
0
0
0
0
0
0
0
0
0
0
0
0
0
0
0
0
0
0
0
0
0
0
0
0
0
0
0
0
0
0
0
0
0
0
0
0
0
0
0
0
0
0
0
0
0
0
0
0
0
0
0
0
0
0
0
0
0
0
0
0
0
0
0
0
0
0
0
0
0
0
0
0
0
0
0
0
0
0
0
0
0
0
0
0
0
0
0
0
0
0
0
0
0
0
0
0
0
0
0
0
0
0
0
0
0
0
0
0
0
0
0
0
0
0
0
0
0
0
0
0
0
0
0
0
0
0
0
0
0
0
0
0
0
0
0
0
0
0
0
0
0
0
0
0
0
0
0
0
0
0
0
0
0
0
0
0
0
0
0
0
0
0
0
0
0
0
0
0
0
0
0
0
0
0
0
0
0
0
0
0
0
0
0
0
0
0
0
0
0
0
0
0
0
0
0
0
0
0
0
0
0
0
0
0
0
0
0
0
0
0
0
0
0
0
0
0
0
0
0
0
0
0
0
0
0
0
0
0
0
0
0
0
0
0
0
0
0
0
0
0
0
0
0
0
0
0
0
0
0
0
0
0
0
0
0
0
0
0
0
0
0
0
0
0
0
0
0
0
0
0
0
0
0
0
0
0
0
0
0
0
0
0
0
0
0
0
0
0
0
0
0
0
0
0
0
0
0
0
0
0
0
0
0
0
0
0
0
0
0
0
0
0
0
0
0
0
0
0
0
0
0
0
0
0
0
0
0
0
0
0
0
0
0
0
0
0
0
0
0
0
0
0
0
0
0
0
0
0
0
0
0
0
0
0
0
0
0
0
0
0
0
0
0
0
0
0
0
0
0
0
0
0
0
0
0
0
0
0
0
0
0
0
0
0
0
0
0
0
0
0
0
0
0
0
0
0
0
0
0
0
0
0
0
0
0
0
0
0
0
0
0
0
0
0
0
0
0
0
0
0
0
0
0
0
0
0
0
0
0
0
0
0
0
0
0
0
0
0
0
0
0
0
0
0
0
0
0
0
0
0
0
0
0
0
0
0
0
0
0
0
0
0
0
0
0
0
0
0
0
0
0
0
0
0
0
0
0
0
0
0
0
0
0
0
0
0
0
0
0
0
0
0
0
0
0
0
0
0
0
0
0
0
0
0
0
0
0
0
0
0
0
0
0
0
0
0
0
0
0
0
0
0
0
0
0
0
0
0
0
0
0
0
0
0
0
0
0
0
0
0
0
0
0
0
0
0
0
0
0
0
0
0
0
0
0
0
0
0
0
0
0
0
0
0
0
0
0
0
0
0
0
0
0
0
0
0
0
0
0
0
0
0
0
0
0
0
0
0
0
0
0
0
0
0
0
0
0
0
0
0
0
0
0
0
0
0
0
0
0
0
0
0
0
0
0
0
0
0
0
0
0
0
0
0
0
0
0
0
0
0
0
0
0
0
0
0
0
0
0
0
0
0
0
0
0
0
0
0
0
0
0
0
0
0
0
0
0
0
0
0
0
0
0
0
0
0
0
0
0
0
0
0
0
0
0
0
0
0
0
0
0
0
0
0
0
0
0
0
0
0
0
0
0
0
0
0
0
0
0
0
0
0
0
0
0
0
0
0
0
0
0
0
0
0
0
0
0
0
0
0
0
0
0
0
0
0
0
0
0
0
0
0
0
0
0
0
0
0
0
0
0
0
0
0
0
0
0
0
0
0
0
0
0
0
0
0
0
0
0
0
0
0
0
0
0
0
0
0
0
0
0
0
0
0
0
0
0
0
0
0
0
0
0
0
0
0
0
0
0
0
0
0
0
0
0
0
0
0
0
0
0
0
0
0
0
0
0
0
0
0
0
0
0
0
0
0
0
0
0
0
0
0
0
0
0
0
0
0
0
0
0
0
0
0
0
0
0
0
0
0
0
0
0
0
0
0
0
0
0
0
0
0
0
0
0
0
0
0
0
0
0
0
0
0
0
0
0
0
0
0
0
0
0
0
0
0
0
0
0
0
0
0
0
0
0
0
0
0
0
0
0
0
0
0
0
0
0
0
0
0
0
0
0
0
0
0
0
0
0
0
0
0
0
0
0
0
0
0
0
0
0
0
0
0
0
0
0
0
0
0
0
0
0
0
0
0
0
0
0
0
0
0
0
0
0
0
0
0
0
0
0
0
0
0
0
0
0
0
0
0
0
0
0
0
0
0
0
0
0
0
0
0
0
0
0
0
0
0
0
0
0
0
0
0
0
0
0
0
0
0
0
0
0
0
0
0
0
0
0
0
0
0
0
0
0
0
0
0
0
0
0
0
0
0
0
0
0
0
0
0
0
0
0
0
0
0
0
0
0
0
0
0
0
0
0
0
0
0
0
0
0
0
0
0
0
0
0
0
0
0
0
0
0
0
0
0
0
0
0
0
0
0
0
0
0
0
0
0
0
0
0
0
0
0
0
0
0
0
0
0
0
0
0
0
0
0
0
0
0
0
0
0
0
0
0
0
0
0
0
0
0
0
0
0
0
0
0
0
0
0
0
0
0
0
0
0
0
0
0
0
0
0
0
0
0
0
0
0
0
0
0
0
0
0
0
0
0
0
0
0
0
0
0
0
0
0
0
0
0
0
0
0
0
0
0
0
0
0
0
0
0
0
0
0
0
0
0
0
0
0
0
0
0
0
0
0
0
0
0
0
0
0
0
0
0
0
0
0
0
0
0
0
0
0
0
0
0
0
0
0
0
0
0
0
0
0
0
0
0
0
0
0
0
0
0
0
0
0
0
0
0
0
0
0
0
0
0
0
0
0
0
0
0
0
0
0
0
0
0
0
0
0
0
0
0
0
0
0
0
0
0
0
0
0
0
0
0
0
0
0
0
0
0
0
0
0
0
0
0
0
0
0
0
0
0
0
0
0
0
0
0
0
0
0
0
0
0
0
0
0
0
0
0
0
0
0
0
0
0
0
0
0
0
0
0
0
0
0
0
0
0
0
0
0
0
0
0
0
0
0
0
0
0
0
0
0
0
0
0
0
0
0
0
0
0
0
0
0
0
0
0
0
0
0
0
0
0
0
0
0
0
0
0
0
0
0
0
0
0
0
0
0
0
0
0
0
0
0
0
0
0
0
0
0
0
0
0
0
0
0
0
0
0
0
0
0
0
0
0
0
0
0
0
0
0
0
0
0
0
0
0
0
0
0
0
0
0
0
0
0
0
0
0
0
0
0
0
0
0
0
0
0
0
0
0
0
0
0
0
0
0
0
0
0
0
0
0
0
0
0
0
0
0
0
0
0
0
0
0
0
0
0
0
0
0
0
0
0
0
0
0
0
0
0
0
0
0
0
0
0
0
0
0
0
0
0
0
0
0
0
0
0
0
0
0
0
0
0
0
0
0
0
0
0
0
0
0
0
0
0
0
0
0
0
0
0
0
0
0
0
0
0
0
0
0
0
0
0
0
0
0
0
0
0
0
0
0
0
0
0
0
0
0
0
0
0
0
0
0
0
0
0
0
0
0
0
0
0
0
0
0
0
0
0
0
0
0
0
0
0
0
0
0
0
0
0
0
0
0
0
0
0
0
0
0
0
0
0
0
0
0
0
0
0
0
0
0
0
0
0
0
0
0
0
0
0
0
0
0
0
0
0
0
0
0
0
0
0
0
0
0
0
0
0
0
0
0
0
0
0
0
0
0
0
0
0
0
0
0
0
0
0
0
0
0
0
0
0
0
0
0
0
0
0
0
0
0
0
0
0
0
0
0
0
0
0
0
0
0
0
0
0
0
0
0
0
0
0
0
0
0
0
0
0
0
0
0
0
0
0
0
0
0
0
0
0
0
0
0
0
0
0
0
0
0
0
0
0
0
0
0
0
0
0
0
0
0
0
0
0
0
0
0
0
0
0
0
0
0
0
0
0
0
0
0
0
0
0
0
0
0
0
0
0
0
0
0
0
0
0
0
0
0
0
0
0
0
0
0
0
0
0
0
0
0
0
0
0
0
0
0
0
0
0
0
0
0
0
0
0
0
0
0
0
0
0
0
0
0
0
0
0
0
0
0
0
0
0
0
0
0
0
0
0
0
0
0
0
0
0
0
0
0
0
0
0
0
0
0
0
0
0
0
0
0
0
0
0
0
0
0
0
0
0
0
0
0
0
0
0
0
0
0
0
0
0
0
0
0
0
0
0
0
0
0
0
0
0
0
0
0
0
0
0
0
0
0
0
0
0
0
0
0
0
0
0
0
0
0
0
0
0
0
0
0
0
0
0
0
0
0
0
0
0
0
0
0
0
0
0
0
0
0
0
0
0
0
0
0
0
0
0
0
0
0
0
0
0
0
0
0
0
0
0
0
0
0
0
0
0
0
0
0
0
0
0
0
0
0
0
0
0
0
0
0
0
0
0
0
0
0
0
0
0
0
0
0
0
0
0
0
0
0
0
0
0
0
0
0
0
0
0
0
0
0
0
0
0
0
0
0
0
0
0
0
0
0
0
0
0
0
0
0
0
0
0
0
0
0
0
0
0
0
0
0
0
0
0
0
0
0
0
0
0
0
0
0
0
0
0
0
0
0
0
0
0
0
0
0
0
0
0
0
0
0
0
0
0
0
0
0
0
0
0
0
0
0
0
0
0
0
0
0
0
0
0
0
0
0
0
0
0
0
0
0
0
0
0
0
0
0
0
0
0
0
0
0
0
0
0
0
0
0
0
0
0
0
0
0
0
0
0
0
0
0
0
0
0
0
0
0
0
0
0
0
0
0
0
0
0
0
0
0
0
0
0
0
0
0
0
0
0
0
0
0
0
0
0
0
0
0
0
0
0
0
0
0
0
0
0
0
0
0
0
0
0
0
0
0
0
0
0
0
0
0
0
0
0
0
0
0
0
0
0
0
0
0
0
0
0
0
0
0
0
0
0
0
0
0
0
0
0
0
0
0
0
0
0
0
0
0
0
0
0
0
0
0
0
0
0
0
0
0
0
0
0
0
0
0
0
0
0
0
0
0
0
0
0
0
0
0
0
0
0
0
0
0
0
0
0
0
0
0
0
0
0
0
0
0
0
0
0
0
0
0
0
0
0
0
0
0
0
0
0
0
0
0
0
0
0
0
0
0
0
0
0
0
0
0
0
0
0
0
0
0
0
0
0
0
0
0
0
0
0
0
0
0
0
0
0
0
0
0
0
0
0
0
0
0
0
0
0
0
0
0
0
0
0
0
0
0
0
0
0
0
0
0
0
0
0
0
0
0
0
0
0
0
0
0
0
0
0
0
0
0
0
0
0
0
0
0
0
0
0
0
0
0
0
0
0
0
0
0
0
0
0
0
0
0
0
0
0
0
0
0
0
0
0
0
0
0
0
0
0
0
0
0
0
0
0
0
0
0
0
0
0
0
0
0
0
0
0
0
0
0
0
0
0
0
0
0
0
0
0
0
0
0
0
0
0
0
0
0
0
0
0
0
0
0
0
0
0
0
0
0
0
0
0
0
0
0
0
0
0
0
0
0
0
0
0
0
0
0
0
0
0
0
0
0
0
0
0
0
0
0
0
0
0
0
0
0
0
0
0
0
0
0
0
0
0
0
0
0
0
0
0
0
0
0
0
0
0
0
0
0
0
0
0
0
0
0
0
0
0
0
0
0
0
0
0
0
0
0
0
0
0
0
0
0
0
0
0
0
0
0
0
0
0
0
0
0
0
0
0
0
0
0
0
0
0
0
0
0
0
0
0
0
0
0
0
0
0
0
0
0
0
0
0
0
0
0
0
0
0
0
0
0
0
0
0
0
0
0
0
0
0
0
0
0
0
0
0
0
0
0
0
0
0
0
0
0
0
0
0
0
0
0
0
0
0
0
0
0
0
0
0
0
0
0
0
0
0
0
0
0
0
0
0
0
0
0
0
0
0
0
0
0
0
0
0
0
0
0
0
0
0
0
0
0
0
0
0
0
0
0
0
0
0
0
0
0
0
0
0
0
0
0
0
0
0
0
0
0
0
0
0
0
0
0
0
0
0
0
0
0
0
0
0
0
0
0
0
0
0
0
0
0
0
0
0
0
0
0
0
0
0
0
0
0
0
0
0
0
0
0
0
0
0
0
0
0
0
0
0
0
0
0
0
0
0
0
0
0
0
0
0
0
0
0
0
0
0
0
0
0
0
0
0
0
0
0
0
0
0
0
0
0
0
0
0
0
0
0
0
0
0
0
0
0
0
0
0
0
0
0
0
0
0
0
0
0
0
0
0
0
0
0
0
0
0
0
0
0
0
0
0
0
0
0
0
0
0
0
0
0
0
0
0
0
0
0
0
0
0
0
0
0
0
0
0
0
0
0
0
0
0
0
0
0
0
0
0
0
0
0
0
0
0
0
0
0
0
0
0
0
0
0
0
0
0
0
0
0
0
0
0
0
0
0
0
0
0
0
0
0
0
0
0
0
0
0
0
0
0
0
0
0
0
0
0
0
0
0
0
0
0
0
0
0
0
0
0
0
0
0
0
0
0
0
0
0
0
0
0
0
0
0
0
0
0
0
0
0
0
0
0
0
0
0
0
0
0
0
0
0
0
0
0
0
0
0
0
0
0
0
0
0
0
0
0
0
0
0
0
0
0
0
0
0
0
0
0
0
0
0
0
0
0
0
0
0
0
0
0
0
0
0
0
0
0
0
0
0
0
0
0
0
0
0
0
0
0
0
0
0
0
0
0
0
0
0
0
0
0
0
0
0
0
0
0
0
0
0
0
0
0
0
0
0
0
0
0
0
0
0
0
0
0
0
0
0
0
0
0
0
0
0
0
0
0
0
0
0
0
0
0
0
0
0
0
0
0
0
0
0
0
0
0
0
0
0
0
0
0
0
0
0
0
0
0
0
0
0
0
0
0
0
0
0
0
0
0
0
0
0
0
0
0
0
0
0
0
0
0
0
0
0
0
0
0
0
0
0
0
0
0
0
0
0
0
0
0
0
0
0
0
0
0
0
0
0
0
0
0
0
0
0
0
0
0
0
0
0
0
0
0
0
0
0
0
0
0
0
0
0
0
0
0
0
0
0
0
0
0
0
0
0
0
0
0
0
0
0
0
0
0
0
0
0
0
0
0
0
0
0
0
0
0
0
0
0
0
0
0
0
0
0
0
0
0
0
0
0
0
0
0
0
0
0
0
0
0
0
0
0
0
0
0
0
0
0
0
0
0
0
0
0
0
0
0
0
0
0
0
0
0
0
0
0
0
0
0
0
0
0
0
0
0
0
0
0
0
0
0
0
0
0
0
0
0
0
0
0
0
0
0
0
0
0
0
0
0
0
0
0
0
0
0
0
0
0
0
0
0
0
0
0
0
0
0
0
0
0
0
0
0
0
0
0
0
0
0
0
0
0
0
0
0
0
0
0
0
0
0
0
0
0
0
0
0
0
0
0
0
0
0
0
0
0
0
0
0
0
0
0
0
0
0
0
0
0
0
0
0
0
0
0
0
0
0
0
0
0
0
0
0
0
0
0
0
0
0
0
0
0
0
0
0
0
0
0
0
0
0
0
0
0
0
0
0
0
0
0
0
0
0
0
0
0
0
0
0
0
0
0
0
0
0
0
0
0
0
0
0
0
0
0
0
0
0
0
0
0
0
0
0
0
0
0
0
0
0
0
0
0
0
0
0
0
0
0
0
0
0
0
0
0
0
0
0
0
0
0
0
0
0
0
0
0
0
0
0
0
0
0
0
0
0
0
0
0
0
0
0
0
0
0
0
0
0
0
0
0
0
0
0
0
0
0
0
0
0
0
0
0
0
0
0
0
0
0
0
0
0
0
0
0
0
0
0
0
0
0
0
0
0
0
0
0
0
0
0
0
0
0
0
0
0
0
0
0
0
0
0
0
0
0
0
0
0
0
0
0
0
0
0
0
0
0
0
0
0
0
0
0
0
0
0
0
0
0
0
0
0
0
0
0
0
0
0
0
0
0
0
0
0
0
0
0
0
0
0
0
0
0
0
0
0
0
0
0
0
0
0
0
0
0
0
0
0
0
0
0
0
0
0
0
0
0
0
0
0
0
0
0
0
0
0
0
0
0
0
0
0
0
0
0
0
0
0
0
0
0
0
0
0
0
0
0
0
0
0
0
0
0
0
0
0
0
0
0
0
0
0
0
0
0
0
0
0
0
0
0
0
0
0
0
0
0
0
0
0
0
0
0
0
0
0
0
0
0
0
0
0
0
0
0
0
0
0
0
0
0
0
0
0
0
0
0
0
0
0
0
0
0
0
0
0
0
0
0
0
0
0
0
0
0
0
0
0
0
0
0
0
0
0
0
0
0
0
0
0
0
0
0
0
0
0
0
0
0
0
0
0
0
0
0
0
0
0
0
0
0
0
0
0
0
0
0
0
0
0
0
0
0
0
0
0
0
0
0
0
0
0
0
0
0
0
0
0
0
0
0
0
0
0
0
0
0
0
0
0
0
0
0
0
0
0
0
0
0
0
0
0
0
0
0
0
0
0
0
0
0
0
0
0
0
0
0
0
0
0
0
0
0
0
0
0
0
0
0
0
0
0
0
0
0
0
0
0
0
0
0
0
0
0
0
0
0
0
0
0
0
0
0
0
0
0
0
0
0
0
0
0
0
0
0
0
0
0
0
0
0
0
0
0
0
0
0
0
0
0
0
0
0
0
0
0
0
0
0
0
0
0
0
0
0
0
0
0
0
0
0
0
0
0
0
0
0
0
0
0
0
0
0
0
0
0
0
0
0
0
0
0
0
0
0
0
0
0
0
0
0
0
0
0
0
0
0
0
0
0
0
0
0
0
0
0
0
0
0
0
0
0
0
0
0
0
0
0
0
0
0
0
0
0
0
0
0
0
0
0
0
0
0
0
0
0
0
0
0
0
0
0
0
0
0
0
0
0
0
0
0
0
0
0
0
0
0
0
0
0
0
0
0
0
0
0
0
0
0
0
0
0
0
0
0
0
0
0
0
0
0
0
0
0
0
0
0
0
0
0
0
0
0
0
0
0
0
0
0
0
0
0
0
0
0
0
0
0
0
0
0
0
0
0
0
0
0
0
0
0
0
0
0
0
0
0
0
0
0
0
0
0
0
0
0
0
0
0
0
0
0
0
0
0
0
0
0
0
0
0
0
0
0
0
0
0
0
0
0
0
0
0
0
0
0
0
0
0
0
0
0
0
0
0
0
0
0
0
0
0
0
0
0
0
0
0
0
0
0
0
0
0
0
0
0
0
0
0
0
0
0
0
0
0
0
0
0
0
0
0
0
0
0
0
0
0
0
0
0
0
0
0
0
0
0
0
0
0
0
0
0
0
0
0
0
0
0
0
0
0
0
0
0
0
0
0
0
0
0
0
0
0
0
0
0
0
0
0
0
0
0
0
0
0
0
0
0
0
0
0
0
0
0
0
0
0
0
0
0
0
0
0
0
0
0
0
0
0
0
0
0
0
0
0
0
0
0
0
0
0
0
0
0
0
0
0
0
0
0
0
0
0
0
0
0
0
0
0
0
0
0
0
0
0
0
0
0
0
0
0
0
0
0
0
0
0
0
0
0
0
0
0
0
0
0
0
0
0
0
0
0
0
0
0
0
0
0
0
0
0
0
0
0
0
0
0
0
0
0
0
0
0
0
0
0
0
0
0
0
0
0
0
0
0
0
0
0
0
0
0
0
0
0
0
0
0
0
0
0
0
0
0
0
0
0
0
0
0
0
0
0
0
0
0
0
0
0
0
0
0
0
0
0
0
0
0
0
0
0
0
0
0
0
0
0
0
0
0
0
0
0
0
0
0
0
0
0
0
0
0
0
0
0
0
0
0
0
0
0
0
0
0
0
0
0
0
0
0
0
0
0
0
0
0
0
0
0
0
0
0
0
0
0
0
0
0
0
0
0
0
0
0
0
0
0
0
0
0
0
0
0
0
0
0
0
0
0
0
0
0
0
0
0
0
0
0
0
0
0
0
0
0
0
0
0
0
0
0
0
0
0
0
0
0
0
0
0
0
0
0
0
0
0
0
0
0
0
0
0
0
0
0
0
0
0
0
0
0
0
0
0
0
0
0
0
0
0
0
0
0
0
0
0
0
0
0
0
0
0
0
0
0
1098.53
2078.68
1457.25
3491.66
2754.88
3686.33
1436.46
5910.72
344.438
1357.47
4058.67
9771.18
1191.74
2836.7
2175.89
1954.26
1444.5
6189.8
5167.85
5743.77
4868.45
1406.86
1462.91
820.204
4303.22
2941.07
3426.58
1636.56
78.8828
117.475
10.389
1716.23
853.825
1544.11
590.005
11827
238.71
6370.21
2509.03
10646.8
41.3257
3054.6
1123.66
842.408
1106.07
3929.6
3830.19
2862.78
3548.2
631.762
1386.12
584.482
1773.38
1160.51
2596.37
2564.69
2.73573
75.5162
13.2206
1391.21
659.873
2787.14
1315.86
3288.44
61.9007
5160.94
88.0139
2842.19
202.848
6780.08
469.548
1457.9
840.338
4990.13
5317.24
8272
8135.42
6.21269
134.076
6.88585
3336.87
2693.59
5834.57
3443.55
6759.96
7967.88
7370.48
10072.3
9991.45
10409.2
10914.7
10415.5
5067.45
7784.8
10437.2
10837.4
10385.6
10360.5
10322.5
10914
10489
11700.9
11780.8
12851.5
11589.8
9427.41
9145.21
10206.7
13275.6
10614.1
12289.6
7896.03
10482.9
3734.39
6505.79
6032.46
4907.49
354.492
1481.58
11225.3
10566
10479.1
7566.73
10543.1
7432.7
10295
677.839
1163.25
1157.58
92.8431
116.462
85.4391
237.989
1131.85
848.934
385.359
41.3807
235.825
10.953
80.0315
1436.6
142.6
209.314
109.266
176.838
217.227
97.682
3702.03
3018.92
6982.83
627.712
665.793
1073.53
2638.81
133.649
8.16427
108.52
51.6496
204.358
34.3749
48.4882
47.4817
20.4145
43.702
20.8337
22.6402
40.8413
30.7656
64.6117
172.187
43.4751
44.8118
62.7275
46.7572
109.301
50.5294
137.056
663.071
57.7486
37.8302
94.9824
90.3781
67.3755
16.3037
32.5429
29.5018
25.8229
11.9275
6.11974
26.6136
19.9663
31.2868
18.0741
11.7381
18.9265
21.548
11.0724
50.9964
130.645
23.9172
22.45
25.7447
37.2308
56.1663
146.768
159.908
57.1983
52.9256
191.707
206.526
10.239
37.8789
11.7358
26.9371
9.22213
19.5143
16.9892
7.10307
38.2576
38.2069
36.2767
9.53122
19.0944
16.1872
19.3087
10.2296
92.2082
17.5068
19.5005
19.9885
28.8011
17.6436
113.116
94.7325
0
4.23758
10.3327
29.6468
23.1076
26.2353
6.12862
5.84641
11.3429
27.1969
-6.35691e-13
11.8148
13.1157
18.0478
30.2063
21.7417
12.7722
18.4411
13.9725
9.636
23.3441
13.7555
4.70849
27.7487
21.4501
4.30163
0
1.35998
0
0
0
2.80525
16.409
5.94552
7.7744
0.20529
16.3371
16.1162
15.2117
0
24.3749
27.7208
28.4977
6.42899
14.2953
2.06846
8.9593
50.3284
-2.04628e-13
8.69525
0
9.64077
0
4.50195
0
0
0
0
0
0
5.3939
35.4637
6.20049
5.22255
21.4966
1.24261
22.2904
11.4761
5.95413
0
16.9243
6.47832
23.2375
0
0
8.27644
0
18.3872
0
1.73201
0
0
0
0
0
0
0
0
10.5177
35.6632
5.65119
15.0591
4.98492
28.1482
16.7002
0.202094
7.48326
0
36.3055
0
6.44298
0
0
4.98803
0
-7.36026e-13
0
-9.61984e-14
5.07953
0
0
0
0
0
0
0
14.9619
42.0271
9.20997
6.20443
14.4286
16.4354
5.39759
0
0
0
0
0
0
0
0
0
0
0
0
0.198259
0
0
0
0
0
0
0
0
6.27933
7.88394
-2.16177e-14
1.42384
12.2645
4.55733
0
0
0
0
10.2391
0
0
0
0
4.84136
0
0
0
0
0
0
0
0
0
0
0
0
2.82955
4.20854
0
7.53369
4.42052
8.4563
0
0
0
0
0
0
0
0
0
0
0
0
0
0
0
0
0
0
0
0
0
0
0
0
0
7.37546
0
0
0
0
0
0
0
0
0
0
0
0
0
0
0
0
0
0
0
0
0
0
0
0
0
4.23773
0
0.368441
0
0
0
0
0
0
0
0
0
0
0
0
0
0
0
0
0
0
0
0
0
0
0
0
0
0
0
0
0
0
0
0
0
0
0
0
0
0
0
0
0
0
0
0
0
0
0
0
0
0
0
0
0
0
0
0
0
0
0
0
0
0
0
0
0
0
0
0
0
0
0
0
0
0
0
0
0
0
0
0
0
0
0
0
0
0
0
0
0
0
0
0
0
0
0
0
0
0
0
0
0
0
0
0
0
0
0
0
0
0
0
0
0
0
0
0
0
0
0
0
0
0
0
0
0
0
0
0
0
0
0
0
0
0
0
0
0
0
0
0
0
0
0
0
0
0
0
0
0
0
0
0
0
0
0
0
0
0
0
0
0
0
0
0
0
0
0
0
0
0
0
0
0
0
0
0
0
0
0
0
0
0
0
0
0
0
0
0
0
0
0
0
0
0
0
0
0
0
0
0
0
0
0
0
0
0
0
0
0
0
0
0
0
0
0
0
0
0
0
0
0
0
0
0
0
0
0
0
0
0
0
0
0
0
0
0
0
0
0
0
0
0
0
0
0
0
0
0
0
0
0
0
0
0
0
0
0
0
0
0
0
0
0
0
0
0
0
0
0
0
0
0
0
0
0
0
0
0
0
0
0
0
0
0
0
0
0
0
0
0
0
0
0
0
0
0
0
0
0
0
0
0
0
0
0
0
0
0
0
0
0
0
0
0
0
0
0
0
0
0
0
0
0
0
0
0
0
0
0
0
0
0
0
0
0
0
0
0
0
0
0
0
0
0
0
0
0
0
0
0
0
0
0
0
0
0
0
0
0
0
0
0
0
0
0
0
0
0
0
0
0
0
0
0
0
0
0
0
0
0
0
0
0
0
0
0
0
0
0
0
0
0
0
0
0
0
0
0
0
0
0
0
0
0
0
0
0
0
0
0
0
0
0
0
0
0
0
0
0
0
0
0
0
0
0
0
0
0
0
0
0
0
0
0
0
0
0
0
0
0
0
0
0
0
0
0
0
0
0
0
0
0
0
0
0
0
0
0
0
0
0
0
0
0
0
0
0
0
0
0
0
0
0
0
0
0
0
0
0
0
0
0
0
0
0
0
0
0
0
0
0
0
0
0
0
0
0
0
0
0
0
0
0
0
0
0
0
0
0
0
0
0
0
0
0
0
0
0
0
0
0
0
0
0
0
0
0
0
0
0
0
0
0
0
0
0
0
0
0
0
0
0
0
0
0
0
0
0
0
0
0
0
0
0
0
0
0
0
0
0
0
0
0
0
0
0
0
0
0
0
0
0
0
0
0
0
0
0
0
0
0
0
0
0
0
0
0
0
0
0
0
0
0
0
0
0
0
0
0
0
0
0
0
0
0
0
0
0
0
0
0
0
0
0
0
0
0
0
0
0
0
0
0
0
0
0
0
0
0
0
0
0
0
0
0
0
0
0
0
0
0
0
0
0
0
0
0
0
0
0
0
0
0
0
0
0
0
0
0
0
0
0
0
0
0
0
0
0
0
0
0
0
0
0
0
0
0
0
0
0
0
0
0
0
0
0
0
0
0
0
0
0
0
0
0
0
0
0
0
0
0
0
0
0
0
0
0
0
0
0
0
0
0
0
0
0
0
0
0
0
0
0
0
0
0
0
0
0
0
0
0
0
0
0
0
0
0
0
0
0
0
0
0
0
0
0
0
0
0
0
0
0
0
0
0
0
0
0
0
0
0
0
0
0
0
0
0
0
0
0
0
0
0
0
0
0
0
0
0
0
0
0
0
0
0
0
0
0
0
0
0
0
0
0
0
0
0
0
0
0
0
0
0
0
0
0
0
0
0
0
0
0
0
0
0
0
0
0
0
0
0
0
0
0
0
0
0
0
0
0
0
0
0
0
0
0
0
0
0
0
0
0
0
0
0
0
0
0
0
0
0
0
0
0
0
0
0
0
0
0
0
0
0
0
0
0
0
0
0
0
0
0
0
0
0
0
0
0
0
0
0
0
0
0
0
0
0
0
0
0
0
0
0
0
0
0
0
0
0
0
0
0
0
0
0
0
0
0
0
0
0
0
0
0
0
0
0
0
0
0
0
0
0
0
0
0
0
0
0
0
0
0
0
0
0
0
0
0
0
0
0
0
0
0
0
0
0
0
0
0
0
0
0
0
0
0
0
0
0
0
0
0
0
0
0
0
0
0
0
0
0
0
0
0
0
0
0
0
0
0
0
0
0
0
0
0
0
0
0
0
0
0
0
0
0
0
0
0
0
0
0
0
0
0
0
0
0
0
0
0
0
0
0
0
0
0
0
0
0
0
0
0
0
0
0
0
0
0
0
0
0
0
0
0
0
0
0
0
0
0
0
0
0
0
0
0
0
0
0
0
0
0
0
0
0
0
0
0
0
0
0
0
0
0
0
0
0
0
0
0
0
0
0
0
0
0
0
0
0
0
0
0
0
0
0
0
0
0
0
0
0
0
0
0
0
0
0
0
0
0
0
0
0
0
0
0
0
0
0
0
0
0
0
0
0
0
0
0
0
0
0
0
0
0
0
0
0
0
0
0
0
0
0
0
0
0
0
0
0
0
0
0
0
0
0
0
0
0
0
0
0
0
0
0
0
0
0
0
0
0
0
0
0
0
0
0
0
0
0
0
0
0
0
0
0
0
0
0
0
0
0
0
0
0
0
0
0
0
0
0
0
0
0
0
0
0
0
0
0
0
0
0
0
0
0
0
0
0
0
0
0
0
0
0
0
0
0
0
0
0
0
0
0
0
0
0
0
0
0
0
0
0
0
0
0
0
0
0
0
0
0
0
0
0
0
0
0
0
0
0
0
0
0
0
0
0
0
0
0
0
0
0
0
0
0
0
0
0
0
0
0
0
0
0
0
0
0
0
0
0
0
0
0
0
0
0
0
0
0
0
0
0
0
0
0
0
0
0
0
0
0
0
0
0
0
0
0
0
0
0
0
0
0
0
0
0
0
0
0
0
0
0
0
0
0
0
0
0
0
0
0
0
0
0
0
0
0
0
0
0
0
0
0
0
0
0
0
0
0
0
0
0
0
0
0
0
0
0
0
0
0
0
0
0
0
0
0
0
0
0
0
0
0
0
0
0
0
0
0
0
0
0
0
0
0
0
0
0
0
0
0
0
0
0
0
0
0
0
0
0
0
0
0
0
0
0
0
0
0
0
0
0
0
0
0
0
0
0
0
0
0
0
0
0
0
0
0
0
0
0
0
0
0
0
0
0
0
0
0
0
0
0
0
0
0
0
0
0
0
0
0
0
0
0
0
0
0
0
0
0
0
0
0
0
0
0
0
0
0
0
0
0
0
0
0
0
0
0
0
0
0
0
0
0
0
0
0
0
0
0
0
0
0
0
0
0
0
0
0
0
0
0
0
0
0
0
0
0
0
0
0
0
0
0
0
0
0
0
0
0
0
0
0
0
0
0
0
0
0
0
0
0
0
0
0
0
0
0
0
0
0
0
0
0
0
0
0
0
0
0
0
0
0
0
0
0
0
0
0
0
0
0
0
0
0
0
0
0
0
0
0
0
0
0
0
0
0
0
0
0
0
0
0
0
0
0
0
0
0
0
0
0
0
0
0
0
0
0
0
0
0
0
0
0
0
0
0
0
0
0
0
0
0
0
0
0
0
0
0
0
0
0
0
0
0
0
0
0
0
0
0
0
0
0
0
0
0
0
0
0
0
0
0
0
0
0
0
0
0
0
0
0
0
0
0
0
0
0
0
0
0
0
0
0
0
0
0
0
0
0
0
0
0
0
0
0
0
0
0
0
0
0
0
0
0
0
0
0
0
0
0
0
0
0
0
0
0
0
0
0
0
0
0
0
0
0
0
0
0
0
0
0
0
0
0
0
0
0
)
;

boundaryField
{
    fbOut
    {
        type            zeroGradient;
    }
    CAD_patch1
    {
        type            zeroGradient;
    }
    fbGasin
    {
        type            zeroGradient;
    }
    CAD_patch3
    {
        type            zeroGradient;
    }
    fbBioin
    {
        type            zeroGradient;
    }
}


// ************************************************************************* //
