/*--------------------------------*- C++ -*----------------------------------*\
| =========                 |                                                 |
| \\      /  F ield         | OpenFOAM: The Open Source CFD Toolbox           |
|  \\    /   O peration     | Version:  5.x                                   |
|   \\  /    A nd           | Web:      www.OpenFOAM.org                      |
|    \\/     M anipulation  |                                                 |
\*---------------------------------------------------------------------------*/
FoamFile
{
    version     2.0;
    format      ascii;
    class       volScalarField;
    location    "8.7";
    object      p;
}
// * * * * * * * * * * * * * * * * * * * * * * * * * * * * * * * * * * * * * //

dimensions      [0 2 -2 0 0 0 0];

internalField   nonuniform List<scalar> 
10571
(
29.5531
63.0221
29.9413
58.1897
127.895
133.001
97.0536
117.544
141.205
128.984
173.773
169.918
165.558
162.279
144.032
136.149
162.131
162.252
141.918
133.113
139.931
139.854
139.359
146.861
26.4133
25.7715
26.2522
25.6938
30.0536
17.6377
17.8198
28.1653
82.2901
120.297
43.9784
22.8018
35.3094
101.194
127.392
128.053
25.7256
58.09
125.546
129.844
124.991
102.142
125.973
123.266
25.5346
22.1989
25.305
25.7092
9.17354
14.3896
15.3676
13.115
8.75332
18.4623
14.3932
15.145
12.6811
24.5216
22.2033
58.5893
16.8296
13.9693
39.9227
92.895
71.4905
25.441
80.4659
86.0324
6.90426
11.8927
22.5338
8.81908
7.26366
9.85851
8.4242
7.15893
6.42111
7.11324
12.5095
12.6297
9.24596
7.65781
6.34372
6.65699
11.7891
9.73705
7.25636
8.12697
6.79661
13.4358
7.74327
6.68052
6.87031
7.88156
6.80142
6.87519
7.1735
7.55513
7.297
6.92893
7.47803
7.14197
9.00367
8.26604
7.61044
6.91341
7.53483
7.05768
8.35433
7.74142
6.91359
7.512
7.22232
6.88135
7.01167
7.2677
6.80407
6.82208
6.68672
6.72464
7.06996
6.95817
6.92323
6.73509
7.07544
7.06241
7.00919
7.524
8.23263
6.69171
6.86566
7.10528
7.01351
6.9638
6.90651
6.56166
6.94807
7.09317
7.01394
6.77394
6.94505
7.02993
6.79799
6.76747
6.63073
6.72551
6.94471
7.30254
6.45443
6.74878
6.91875
7.07032
7.00164
6.74898
7.31942
6.51575
6.85699
6.97679
6.98514
6.96125
6.63731
6.73036
6.88955
7.01091
6.99986
6.98344
6.77998
6.89732
6.98098
6.81591
6.5912
6.68163
6.77242
6.87598
6.56281
6.6101
6.79534
6.90374
6.96218
6.95545
6.61967
6.60938
6.74416
6.85011
6.94798
6.9597
6.95525
6.6695
6.71468
6.83506
6.94282
6.97703
6.99206
6.73582
6.84964
6.90779
6.82699
6.65959
6.69605
6.77148
6.8308
6.63008
6.73846
6.7997
6.87858
6.87237
6.94245
6.69049
6.68119
6.75939
6.81103
6.90815
6.92018
6.97751
6.68982
6.69708
6.79765
6.8856
6.89239
6.69929
6.78819
6.86416
6.81164
6.71718
6.72602
6.7667
6.81128
6.68067
6.77939
6.77777
6.84919
6.83552
6.70211
6.68839
6.72563
6.77496
6.86489
6.8605
6.71096
6.71473
6.76517
6.83431
6.83633
6.7026
6.75613
6.81974
6.8049
6.75894
6.76046
6.78032
6.8096
6.72695
6.80003
6.77052
6.84321
6.84302
6.71975
6.70043
6.71161
6.75877
6.81309
6.82999
6.73797
6.75295
6.73547
6.79369
6.81668
6.70729
6.72468
6.77596
6.79272
6.77573
6.78102
6.78553
6.81429
6.72839
6.8058
6.77931
6.85913
6.85017
6.72305
6.71372
6.73256
6.76441
6.79523
6.82618
6.73513
6.76646
6.71777
6.7675
6.8041
6.73463
6.72911
6.76023
6.77442
6.78323
6.78962
6.77802
6.81619
6.74634
6.78382
6.78053
6.87604
6.84292
6.7241
6.71915
6.7501
6.78299
6.79878
6.82381
6.73235
6.77737
6.75189
6.80247
6.81502
6.80918
6.8207
6.88855
6.76129
6.794
6.78983
6.75635
6.80455
6.76315
6.77939
6.76815
6.86123
6.83014
6.72508
6.73109
6.75912
6.7833
6.79172
6.82259
6.73264
6.76903
6.79098
6.80998
6.81629
6.82121
6.85139
6.84802
6.76394
6.80172
6.79147
6.75194
6.79202
6.7866
6.78649
6.76478
6.8352
6.82015
6.74359
6.75093
6.76762
6.77556
6.78499
6.81921
6.74661
6.75362
6.78164
6.806
6.81179
6.80526
6.8505
6.81851
6.77701
6.79979
6.79822
6.76227
6.78085
6.78556
6.80945
6.76682
6.80874
6.81193
6.78804
6.76806
6.78042
6.76772
6.77847
6.81398
6.77721
6.75106
6.77204
6.80302
6.80863
6.78769
6.80772
6.80693
6.79688
6.81252
6.80936
6.78036
6.77708
6.79084
6.82871
6.77171
6.78762
6.80573
6.79755
6.78178
6.80443
6.77638
6.77093
6.80872
6.79284
6.76437
6.76932
6.79807
6.80589
6.78815
6.79071
6.80342
6.81889
6.8285
6.82258
6.80009
6.78652
6.81321
6.85501
6.79071
6.77341
6.80366
6.77071
6.779
6.83405
6.78217
6.78053
6.8091
6.79317
6.77456
6.77736
6.80052
6.80867
6.79654
6.79414
6.80967
6.84249
6.84511
6.84351
6.8126
6.80694
6.82921
6.86597
6.80037
6.77747
6.81425
6.78748
6.79156
6.80979
6.77763
6.79937
6.81809
6.78877
6.76808
6.78452
6.80443
6.81431
6.78986
6.79711
6.81712
6.86119
6.87705
6.87079
6.81915
6.82838
6.84656
6.82233
6.78383
6.79355
6.83492
6.86969
6.79882
6.76207
6.76437
6.8077
6.8266
6.77624
6.75189
6.77125
6.80074
6.81844
6.76729
6.78436
6.81484
6.85371
6.91919
6.88922
6.80672
6.83169
6.83195
6.75935
6.75209
6.79791
6.85161
6.84576
6.77892
6.72975
6.74044
6.7986
6.82352
6.76087
6.73337
6.74795
6.79299
6.813
6.74911
6.76561
6.79893
6.77588
6.87486
6.79072
6.70566
6.80274
6.78419
6.69004
6.69049
6.77751
6.83388
6.77452
6.73852
6.69476
6.71159
6.78034
6.80707
6.75173
6.71547
6.72976
6.78229
6.79963
6.742
6.74978
6.77813
6.66225
6.76599
6.67544
6.61064
6.75488
6.73405
6.62333
6.64394
6.75035
6.78967
6.74181
6.70277
6.66957
6.70193
6.7609
6.78793
6.74183
6.7042
6.71787
6.76852
6.78723
6.73443
6.74282
6.76349
6.59537
6.70116
6.60338
6.56265
6.733
6.70304
6.59661
6.65797
6.73626
6.75938
6.72465
6.6831
6.67323
6.7131
6.75619
6.78209
6.73627
6.70226
6.72243
6.76435
6.78377
6.73066
6.73286
6.75608
6.59497
6.67783
6.59538
6.59323
6.71978
6.6944
6.61697
6.6952
6.73392
6.75401
6.71972
6.67744
6.69113
6.73035
6.76436
6.78686
6.73624
6.71337
6.73693
6.76814
6.78727
6.73702
6.73182
6.76284
6.63582
6.68595
6.62227
6.64638
6.72054
6.7026
6.66303
6.72081
6.73707
6.75777
6.72569
6.68458
6.70967
6.74393
6.76575
6.79677
6.73905
6.73186
6.74346
6.78121
6.79561
6.74186
6.7411
6.77891
6.66759
6.70809
6.66559
6.67591
6.7207
6.72001
6.70761
6.73305
6.74812
6.76808
6.73745
6.70111
6.73135
6.75534
6.76505
6.80777
6.74302
6.74866
6.74751
6.77981
6.80799
6.75413
6.75747
6.78291
6.704
6.7341
6.70767
6.70554
6.73846
6.74225
6.74272
6.74521
6.76427
6.76637
6.75421
6.72494
6.7473
6.76394
6.74544
6.80617
6.75124
6.7563
6.74845
6.76685
6.80971
6.7628
6.75919
6.76713
6.74302
6.75877
6.736
6.73903
6.74718
6.76514
6.76072
6.75892
6.76806
6.77255
6.77396
6.75274
6.75688
6.76037
6.72612
6.76703
6.76579
6.76257
6.75656
6.74467
6.77231
6.76716
6.76033
6.75837
6.76525
6.77959
6.75623
6.74693
6.74472
6.78474
6.77008
6.75109
6.76445
6.77759
6.789
6.7766
6.76796
6.75688
6.73829
6.73568
6.78119
6.76774
6.77196
6.7481
6.76218
6.76654
6.76482
6.76443
6.76909
6.79905
6.77166
6.72312
6.70371
6.79741
6.78677
6.73115
6.76024
6.80105
6.79687
6.79148
6.78313
6.7721
6.75183
6.72662
6.79241
6.77122
6.78212
6.75815
6.76209
6.77279
6.7673
6.76854
6.83718
6.81697
6.81267
6.78799
6.74071
6.7999
6.80317
6.79228
6.8041
6.82976
6.80151
6.79633
6.78916
6.79491
6.76891
6.76124
6.79198
6.77692
6.78031
6.76508
6.76988
6.77676
6.77351
6.77027
6.91466
6.8234
6.83093
6.85089
6.73645
6.79874
6.79689
6.81341
6.80539
6.809
6.805
6.79919
6.79014
6.80431
6.78235
6.79544
6.79459
6.77715
6.77619
6.76975
6.77585
6.77929
6.77699
6.76916
6.84424
6.81965
6.81855
6.80164
6.63385
6.80083
6.78987
6.77014
6.74687
6.77536
6.806
6.80269
6.78837
6.78245
6.76472
6.79037
6.79917
6.77971
6.77216
6.7636
6.76992
6.78342
6.77772
6.76515
6.80296
6.81267
6.8076
6.77767
6.66571
6.80225
6.79091
6.7664
6.72346
6.76091
6.80995
6.80333
6.79215
6.76678
6.74205
6.76931
6.80247
6.79027
6.77116
6.75049
6.75952
6.79308
6.78308
6.76334
6.80057
6.8084
6.80322
6.78823
6.74222
6.80185
6.79495
6.77485
6.74125
6.75819
6.80313
6.79807
6.79756
6.76392
6.7296
6.75116
6.79907
6.79548
6.77417
6.74354
6.75523
6.8008
6.78871
6.76689
6.80757
6.81176
6.8058
6.80041
6.7854
6.79807
6.79759
6.77713
6.78592
6.76803
6.79595
6.79203
6.79601
6.77565
6.74956
6.74198
6.78958
6.79429
6.77942
6.75618
6.75876
6.80723
6.79202
6.77559
6.81106
6.81092
6.80652
6.80456
6.81445
6.79679
6.80113
6.79387
6.81167
6.79047
6.79529
6.7922
6.7961
6.78504
6.77565
6.73643
6.78368
6.78836
6.78413
6.77221
6.75614
6.80855
6.79171
6.7862
6.81111
6.80319
6.79768
6.80065
6.81584
6.80068
6.80211
6.80376
6.79603
6.79633
6.80134
6.79762
6.80002
6.79286
6.75976
6.71949
6.79468
6.78301
6.79159
6.7829
6.74453
6.80573
6.79609
6.79773
6.81775
6.79395
6.78812
6.80503
6.81748
6.80847
6.80216
6.80728
6.78859
6.8113
6.81093
6.80539
6.80837
6.80681
6.75221
6.75542
6.80982
6.78402
6.80382
6.798
6.76643
6.80924
6.80451
6.81245
6.82896
6.81045
6.80603
6.81942
6.83159
6.81841
6.81613
6.82152
6.80349
6.80686
6.82095
6.81761
6.81964
6.8248
6.80779
6.84219
6.8195
6.79135
6.81743
6.82186
6.83575
6.81635
6.81354
6.82863
6.85173
6.82814
6.82687
6.84682
6.85677
6.82689
6.82621
6.83609
6.81974
6.84305
6.82771
6.82595
6.82638
6.83409
6.84135
6.89947
6.82416
6.79836
6.82771
6.83492
6.86733
6.82275
6.82059
6.83892
6.84617
6.834
6.8325
6.84581
6.86546
6.83
6.82617
6.83204
6.82826
6.84703
6.83044
6.82954
6.83003
6.83435
6.83654
6.87466
6.82587
6.80099
6.83116
6.8335
6.86159
6.82705
6.82533
6.84111
6.83794
6.83182
6.83053
6.8375
6.84154
6.83045
6.82665
6.82619
6.81413
6.83533
6.83007
6.82923
6.82825
6.83112
6.8314
6.8489
6.82646
6.80622
6.83054
6.82865
6.85314
6.83011
6.82779
6.83947
6.82976
6.82844
6.82707
6.82773
6.82492
6.828
6.8244
6.81701
6.83376
6.82544
6.82749
6.82666
6.82475
6.82574
6.825
6.83357
6.82592
6.80736
6.8281
6.82715
6.84661
6.83144
6.82807
6.83805
6.81962
6.82413
6.82302
6.81666
6.81777
6.82217
6.81809
6.81636
6.85547
6.82903
6.82324
6.82251
6.81783
6.81396
6.82401
6.82397
6.8236
6.8036
6.81899
6.82705
6.83677
6.83009
6.82582
6.83857
6.80601
6.8187
6.81355
6.8008
6.81479
6.81618
6.80828
6.81611
6.83496
6.83552
6.81806
6.81725
6.80762
6.80937
6.82244
6.82011
6.81969
6.7966
6.80801
6.82273
6.82575
6.82628
6.82191
6.83785
6.79666
6.81242
6.80091
6.78982
6.80796
6.81048
6.79755
6.80793
6.81096
6.8434
6.81299
6.81251
6.7989
6.79988
6.81002
6.81867
6.81534
6.7897
6.79731
6.81449
6.81845
6.82027
6.81447
6.83019
6.79288
6.80611
6.78843
6.78725
6.80318
6.80602
6.79298
6.79702
6.79757
6.82105
6.80898
6.80736
6.79461
6.78692
6.80408
6.80814
6.81126
6.78494
6.78256
6.80229
6.80987
6.81431
6.805
6.81743
6.79628
6.80173
6.78278
6.79042
6.79609
6.80286
6.79453
6.78673
6.78285
6.7921
6.80712
6.80215
6.79564
6.77496
6.79772
6.79596
6.80945
6.78728
6.76956
6.7879
6.80129
6.81102
6.79609
6.80262
6.79742
6.8012
6.78666
6.79332
6.78923
6.80353
6.7972
6.77879
6.77182
6.78065
6.80762
6.80133
6.79937
6.76628
6.785
6.79743
6.811
6.7958
6.76228
6.7695
6.79031
6.8136
6.79132
6.7887
6.79464
6.80319
6.79635
6.79168
6.78466
6.80815
6.79804
6.77477
6.76308
6.77519
6.81159
6.80736
6.80061
6.76219
6.77149
6.78992
6.81481
6.80608
6.76168
6.7522
6.77986
6.81967
6.79402
6.78064
6.79131
6.80519
6.80627
6.79009
6.78326
6.81201
6.79804
6.77571
6.75816
6.77285
6.8154
6.8132
6.79609
6.75978
6.75989
6.78002
6.81867
6.81293
6.76788
6.74244
6.77055
6.82213
6.8011
6.77813
6.79529
6.80816
6.81034
6.79203
6.78528
6.81428
6.79827
6.78088
6.7569
6.77258
6.8188
6.81574
6.78985
6.76201
6.75087
6.77245
6.82298
6.80836
6.78058
6.74791
6.76063
6.82224
6.80751
6.78069
6.80435
6.81097
6.80772
6.79744
6.79062
6.8164
6.80085
6.7884
6.76055
6.77487
6.82299
6.81733
6.78615
6.77367
6.75136
6.76844
6.82372
6.7996
6.79639
6.75776
6.75911
6.82212
6.81472
6.78777
6.8079
6.81538
6.81357
6.80345
6.79748
6.81986
6.80624
6.79501
6.76954
6.78071
6.82812
6.82038
6.78738
6.7936
6.74915
6.77211
6.82121
6.80106
6.81361
6.77068
6.76323
6.82096
6.82222
6.79707
6.80932
6.82134
6.81887
6.80682
6.80384
6.82498
6.81213
6.8002
6.77969
6.78684
6.8336
6.8253
6.79769
6.807
6.75329
6.77762
6.81967
6.80959
6.81195
6.7851
6.7643
6.81964
6.82304
6.80589
6.81135
6.82748
6.81941
6.80884
6.80876
6.83168
6.81597
6.80401
6.78794
6.78983
6.83949
6.8319
6.81076
6.81076
6.7621
6.777
6.82179
6.81571
6.80852
6.79221
6.77903
6.82111
6.82283
6.81271
6.81592
6.83518
6.82213
6.81193
6.81154
6.84069
6.82063
6.80801
6.79141
6.78406
6.84678
6.84027
6.81994
6.799
6.77892
6.75898
6.83053
6.822
6.82373
6.79639
6.7805
6.8252
6.82514
6.81692
6.82397
6.84722
6.83346
6.8171
6.81132
6.85157
6.82718
6.81233
6.78228
6.75256
6.8578
6.85104
6.82689
6.79187
6.78124
6.70355
6.84495
6.83848
6.83729
6.79079
6.75037
6.83663
6.83337
6.81981
6.83603
6.86304
6.84886
6.82561
6.80901
6.86255
6.83925
6.81609
6.74852
6.6718
6.87391
6.86533
6.83919
6.78228
6.73977
6.54948
6.86602
6.85678
6.8378
6.7738
6.67121
6.85567
6.84503
6.82042
6.85734
6.88473
6.8663
6.84449
6.8096
6.88014
6.85611
6.8275
6.70145
6.43138
6.90104
6.88939
6.85911
6.78306
6.66808
6.15609
6.89495
6.88668
6.84341
6.75075
6.49367
6.88995
6.86972
6.82358
6.89357
6.91638
6.88475
6.87648
6.82072
6.9131
6.87961
6.84288
6.64663
5.67754
6.94244
6.92735
6.8911
6.80194
6.61639
5.5666
-4.69559
6.93699
6.93144
6.87025
6.7481
6.10451
6.93797
6.90476
6.8475
6.94795
6.97041
6.92038
6.9255
6.84361
6.97046
6.90939
6.86785
6.63306
5.13691
0.525952
6.99766
6.97903
6.93991
6.84879
6.62696
5.36854
0.548391
6.99809
6.99791
6.93438
6.78698
5.66837
6.98809
6.96882
6.92517
7.01986
7.05113
6.98379
6.99168
6.89895
7.04948
6.96765
6.90915
6.65567
5.42343
1.3187
7.06849
7.04181
7.00076
6.899
6.66665
5.30262
1.58751
7.07008
7.07245
7.01436
6.87084
5.91101
1.64314
7.06043
7.03413
7.01467
7.10472
7.15709
7.07506
7.07287
7.00718
7.15826
7.06377
6.95691
6.74135
5.37354
1.10707
7.1532
7.12835
7.08883
6.95637
6.77972
5.64846
1.01262
7.12319
7.13646
7.11102
6.98016
6.20266
7.14188
7.11216
7.09752
7.18863
7.27648
7.175
7.15426
7.12753
7.26774
7.17741
7.0734
6.89586
5.98549
7.26732
7.2197
7.18533
7.10401
6.96588
6.00941
-3.21268
7.18608
7.20776
7.17436
7.07067
6.90121
7.22378
7.20126
7.18161
7.25558
7.33362
7.24808
7.21482
7.20828
7.3331
7.23914
7.1583
7.02756
6.87266
7.33819
7.28331
7.27508
7.20918
7.05991
6.9378
7.23848
7.25484
7.20703
7.10723
7.14038
7.27896
7.24414
7.24489
7.28695
7.33062
7.27319
7.23806
7.24278
7.31241
7.24269
7.16716
7.11547
7.14297
7.2781
7.22271
7.2676
7.21916
7.16314
7.2153
7.24205
7.28084
7.22711
7.13043
7.20236
7.2888
7.24809
7.22879
7.27044
7.3131
7.26804
7.20697
7.23358
7.28937
7.24404
7.17674
7.14812
7.21158
7.26543
7.23903
7.26982
7.22694
7.19299
7.22195
7.28739
7.29387
7.23124
7.16951
7.24101
7.29198
7.24808
7.20885
7.22548
7.28375
7.24304
7.17819
7.20755
7.27518
7.23299
7.17235
7.16235
7.2291
7.2841
7.26894
7.25929
7.2241
7.2065
7.22774
7.31344
7.28668
7.23674
7.21831
7.25065
7.29159
7.25643
7.21513
7.15929
7.26141
7.21686
7.13873
7.19757
7.26553
7.2239
7.16829
7.17358
7.23905
7.29095
7.27655
7.25409
7.22368
7.21717
7.23715
7.30412
7.27837
7.24482
7.23598
7.26189
7.29085
7.26829
7.24762
7.11459
7.24877
7.1989
7.11602
7.21875
7.2601
7.21904
7.173
7.1926
7.26307
7.29414
7.27803
7.25316
7.23588
7.24029
7.25685
7.29842
7.27908
7.25627
7.25216
7.27695
7.2929
7.27798
7.27289
7.13966
7.24683
7.19354
7.10488
7.28488
7.26187
7.21875
7.17198
7.20812
7.30996
7.30057
7.28217
7.25532
7.23288
7.24429
7.28188
7.29813
7.28129
7.26526
7.26552
7.29436
7.29577
7.28572
7.28645
7.20873
7.25694
7.21384
7.15891
7.35932
7.26921
7.22879
7.19925
7.24583
7.34956
7.3057
7.28633
7.26072
7.24225
7.25857
7.30621
7.29887
7.28395
7.27046
7.27462
7.30839
7.29656
7.28955
7.29238
64.4906
71.9613
51.135
86.2865
101.476
131.804
146.911
157.459
195.365
135.802
98.6151
185.664
155.221
99.8026
124.776
147.664
149.353
151.313
168.851
155.781
172.587
180.376
173.127
180.969
172.37
156.344
221.27
205.48
218.303
214.851
192.721
210.199
200.833
181.875
179.423
197.939
204.335
191.455
190.504
209.872
198.029
168.959
155.44
170.003
155.516
162.469
167.375
167.717
202.829
209.344
207.833
203.199
194.404
202.027
189.077
192.366
195.82
188.009
185.781
189.288
173.62
176.704
164.497
158.73
164.232
168.494
153.473
162.263
170.067
180.084
200.34
202.637
192.316
187.781
185.104
186.218
182.662
178.32
169.893
173.175
155.25
175.852
169.965
152.855
178.539
195.622
191.98
183.339
166.269
155.02
153.833
145.768
172.939
171.643
157.256
189.694
27.3606
25.3133
25.8314
25.3852
29.5683
25.4003
26.0746
25.3623
40.1401
67.838
25.4421
25.7575
27.7221
108.119
44.2994
118.686
45.9377
30.6592
90.9904
43.0226
28.3442
24.7344
35.5226
22.6367
136.2
131.731
136.349
67.803
100.764
87.7008
118.665
128.665
123.325
143.484
167.461
169.153
48.6778
100.123
90.8997
133.73
132.982
125.875
127.502
127.298
176.443
171.369
119.506
119.868
118.918
135.365
137.734
133.014
131.342
129.118
165.452
111.621
160.01
147.977
145.818
103.179
122.654
73.5767
94.953
138.104
142.013
146.659
132.304
131.048
128.799
128.263
129.934
140.634
112.853
138.036
136.061
134.203
135.717
136.322
143.072
134.392
131.905
129.305
132.667
129.699
26.0158
25.4397
26.3088
26.3168
26.2244
25.7978
25.6128
25.863
26.2767
24.3058
26.2535
26.3481
25.7208
27
22.6897
22.6217
15.7605
26.0391
23.2058
23.0903
24.3297
25.186
18.8266
22.8977
61.1635
48.1768
92.0831
17.412
18.9376
23.4234
33.5974
111.721
64.5636
17.9945
23.1229
21.2994
14.5597
14.0832
14.4411
122.141
119.118
83.2866
96.8415
95.0848
42.0144
45.4621
15.2942
16.5901
17.6758
124.18
124.824
105.239
99.1775
110.038
37.9406
18.6872
44.7633
24.2223
35.713
16.8592
16.0872
18.4127
18.9042
125.748
122.947
122.027
120.221
112.624
114.379
111.181
109.086
53.3144
26.6204
125.158
131.296
45.9726
87.4241
98.0931
122.8
128.986
114.874
117.926
113.54
113.175
25.014
24.322
25.3406
25.2051
25.2925
22.6416
25.0244
23.9224
25.7174
20.527
17.0983
16.8503
7.36812
8.95514
6.70339
13.7538
12.3576
24.3681
16.0664
21.6748
17.125
22.7344
11.8421
18.9449
7.53238
9.77131
7.90538
6.72496
7.59359
6.52381
7.11913
9.34321
6.67957
14.1884
14.867
14.7239
13.3717
14.3503
13.9508
40.808
49.495
6.13561
7.85181
10.5549
14.3181
14.5524
13.827
13.5717
13.3451
56.084
69.5929
11.9393
13.7478
16.7948
16.3367
14.1556
13.4125
18.66
16.3049
14.8843
12.6277
16.5376
14.2492
78.4972
88.7194
82.288
42.5481
29.4728
30.9003
30.7696
23.106
19.3371
15.7244
41.7264
52.4506
18.3157
20.6702
24.4619
93.8826
72.6419
21.7075
18.1659
23.677
23.491
20.1863
11.9346
8.96201
22.4766
13.9631
6.64154
9.433
6.79504
6.78655
6.2204
6.62768
6.65199
6.95488
7.19897
7.14582
10.7631
9.22948
17.3718
9.3541
12.563
9.30165
10.366
8.21784
7.22526
7.5481
7.23128
7.49719
7.2386
7.29169
7.21501
7.27781
7.48801
7.29878
11.6312
12.4653
11.825
9.57282
9.87423
9.61825
6.67134
6.4301
7.21221
7.12838
7.22376
12.2436
11.8414
10.695
10.6419
9.87476
6.36434
6.40997
7.2358
7.26368
7.09975
11.7187
9.62334
11.0662
12.6616
11.8993
9.42744
9.67567
10.0699
10.1818
7.17165
7.22324
7.01604
6.59121
6.86937
6.78989
6.84344
6.92502
12.2846
9.74349
12.1491
10.835
9.26207
7.39168
7.09331
5.90667
7.6818
6.94949
7.12452
6.93168
6.93894
7.44464
6.92135
6.88563
6.97283
6.85226
6.86071
7.05306
6.87268
6.87203
6.8024
6.81562
6.82536
6.85217
7.08889
7.06382
8.20596
7.28642
7.22429
7.42213
6.58743
7.11527
6.72675
6.95359
6.65849
7.2035
7.17407
7.2053
7.13031
7.14512
7.11315
7.13024
7.17716
7.11604
8.44797
8.31751
8.49967
7.6322
7.41358
7.7787
7.06633
7.15627
7.09459
7.04261
7.08412
8.97579
8.25472
7.75974
7.92705
7.53501
7.18893
7.12007
7.02669
7.10533
7.04628
8.40605
7.78354
9.2101
8.25526
8.72894
7.87473
9.57921
7.02629
6.97737
7.27424
7.33012
7.30288
7.16207
7.07655
7.14731
7.12036
7.07665
7.55501
6.83132
6.87581
6.93971
6.78001
6.84316
7.12042
7.29307
7.04407
6.98845
7.09385
7.03915
7.11218
6.75386
6.66715
6.80322
6.6979
6.79844
6.76883
6.66174
6.75807
6.80716
6.88678
6.79669
6.79719
6.86924
7.02687
6.97341
6.84679
6.69661
6.66731
6.76668
6.67278
6.77264
6.61941
6.71119
6.69555
7.07974
7.05169
7.05506
7.00218
7.00601
6.99212
7.01266
7.06933
7.04295
7.04534
7.03156
7.25588
6.81911
6.90017
6.93668
7.03017
7.02256
7.06895
7.04385
7.06237
6.97607
7.01213
7.01171
6.9562
6.96432
7.01035
7.0205
6.97065
6.96669
7.6215
7.56129
7.16434
7.39063
7.06263
7.05793
6.98194
6.98419
6.98517
7.00309
6.98545
6.97909
6.97167
6.98335
6.93945
6.9824
6.97119
6.9871
6.98211
7.13764
6.72972
7.81305
6.64039
6.50436
6.50877
6.33008
6.72541
6.68152
7.06015
7.06915
7.06059
7.05523
7.02572
7.04087
7.03022
6.99202
6.88206
6.77848
6.83496
6.93332
6.78104
6.83398
6.84467
6.9924
6.95318
6.91675
6.96763
6.90965
7.01079
6.65654
6.67178
6.7566
6.66977
6.73808
6.76499
6.69656
6.73953
6.78723
6.84837
6.80762
6.78797
6.85332
6.92418
6.89966
6.64462
6.59466
6.59979
6.89222
6.566
6.55986
6.62919
6.70192
6.51096
6.96318
6.94404
6.98368
6.90696
6.92568
6.91169
6.96264
7.08039
7.05301
7.01333
7.00553
7.00463
7.01077
6.97692
7.00411
6.7182
6.77315
6.78989
6.62031
6.67998
6.56875
7.06959
6.96452
7.01105
7.02023
6.99953
6.94171
6.9708
7.00208
6.94998
6.96234
6.95998
6.98942
6.92411
6.95696
6.62938
6.51903
6.54577
6.44849
6.54317
7.01411
6.99162
6.99409
6.97605
6.99488
6.97916
6.99221
6.97491
6.98301
6.9836
6.9516
6.96932
6.98256
6.98969
6.67431
6.68476
6.60924
6.73266
6.73507
6.67112
6.74489
6.70084
6.75008
6.98553
7.0062
6.99267
6.97475
6.96467
6.96495
6.96298
6.97951
6.99817
7.00573
6.98661
6.99162
6.99451
6.77317
6.77876
6.83558
6.83575
6.7689
6.82954
6.82879
6.94095
6.89508
6.87804
6.91187
6.88029
6.94247
6.69255
6.71929
6.78022
6.72098
6.74755
6.78943
6.73629
6.75253
6.79396
6.86361
6.82095
6.79546
6.84954
6.88642
6.86849
6.57993
6.6425
6.6573
6.54979
6.60308
6.62924
6.67668
6.60123
6.67613
6.88634
6.87795
6.91896
6.84983
6.85171
6.84072
6.8531
6.92382
6.96151
6.83085
6.9324
6.95922
6.99419
6.94801
6.98859
6.59468
6.5902
6.51864
6.62653
6.61212
6.61765
6.95947
6.90621
6.94484
6.89316
6.92044
6.87007
6.92748
6.98658
6.91574
6.96167
6.94168
6.98024
6.91886
6.96187
6.62987
6.63539
6.67375
6.67486
6.66026
6.98318
6.96619
6.99035
6.93924
6.97354
6.94427
6.98743
6.97407
6.98376
6.99213
6.96452
6.97877
6.98744
6.99651
6.6865
6.68911
6.76095
6.71039
6.74883
6.67547
6.80129
6.70484
6.74016
6.94347
6.92594
6.9357
6.91575
6.91965
6.89609
6.91349
6.99894
6.93876
6.99179
6.99525
6.9916
6.99609
6.78041
6.77864
6.81618
6.81206
6.70611
6.79824
6.79533
6.87784
6.8567
6.8159
6.84587
6.82533
6.88533
6.74167
6.76113
6.79093
6.74822
6.75541
6.78536
6.75966
6.75781
6.79607
6.82454
6.82144
6.79492
6.81012
6.84606
6.83085
6.67763
6.71148
6.69867
6.63013
6.70853
6.68871
6.72066
6.66416
6.73172
6.83187
6.8137
6.81221
6.81806
6.82539
6.80224
6.80317
6.8306
6.82657
6.67383
6.65746
6.66795
6.70413
6.68442
6.69083
6.91224
6.87143
6.92857
6.84828
6.88295
6.86072
6.91108
6.98364
6.93721
6.97031
6.9543
6.98183
6.96196
6.96691
6.69561
6.67428
6.69578
6.71283
6.69353
6.9685
6.91764
6.99057
6.89196
6.94462
6.87428
6.95831
6.99044
6.99362
6.99547
6.98473
6.99084
6.99196
6.99382
6.69816
6.71114
6.84002
6.71295
6.74296
6.69594
6.83507
6.71637
6.74983
6.89264
6.86839
6.88559
6.85949
6.86542
6.84376
6.8581
6.85026
6.76073
6.747
6.78228
6.77994
6.69956
6.76858
6.76998
6.81731
6.79568
6.77046
6.78581
6.77892
6.84096
6.77832
6.79173
6.78056
6.77007
6.76023
6.77977
6.77938
6.76307
6.78778
6.80392
6.80637
6.78205
6.80029
6.8229
6.819
6.73949
6.75733
6.74075
6.69729
6.75603
6.74129
6.75969
6.72304
6.7798
6.82241
6.80198
6.80387
6.80922
6.82186
6.80748
6.80924
6.82359
6.82701
6.73229
6.69722
6.70662
6.75364
6.70829
6.71719
6.86094
6.92986
6.83612
6.83184
6.77279
6.72434
6.71122
6.71164
6.72793
6.72637
6.95347
6.82693
6.82825
6.74744
6.81634
6.71738
6.73782
6.81194
6.72489
6.74953
6.72744
6.78148
6.72587
6.74493
6.84285
6.82125
6.83461
6.81222
6.82846
6.79962
6.81493
6.82859
6.7422
6.72035
6.74581
6.75491
6.70649
6.7034
6.72312
6.76522
6.76737
6.73887
6.74741
6.74628
6.79505
6.79953
6.80194
6.7809
6.78717
6.76662
6.78212
6.7911
6.7713
6.77982
6.79819
6.80111
6.77981
6.79746
6.81668
6.81537
6.76351
6.76166
6.77456
6.74028
6.78972
6.76979
6.78476
6.75014
6.78043
6.82328
6.81128
6.81611
6.81141
6.82642
6.81517
6.82293
6.83036
6.83408
6.7614
6.71779
6.7231
6.75728
6.71924
6.72258
6.83305
6.83151
6.84808
6.83765
6.83787
6.72797
6.73514
6.72389
6.72541
6.73323
6.81461
6.8108
6.83132
6.82772
6.807
6.75285
6.74581
6.75916
6.72997
6.73995
6.73841
6.73811
6.73376
6.73884
6.8195
6.77637
6.79764
6.77774
6.81287
6.75955
6.7839
6.80728
6.70906
6.72986
6.64539
6.68054
6.71679
6.63486
6.66299
6.72736
6.71987
6.71758
6.7183
6.71781
6.76299
6.80186
6.80086
6.78231
6.79227
6.77526
6.78208
6.79174
6.77773
6.78062
6.79653
6.78354
6.77792
6.79283
6.81408
6.81117
6.75792
6.75542
6.7914
6.7561
6.76859
6.78005
6.79801
6.75862
6.76298
6.82991
6.81604
6.82806
6.8167
6.83071
6.81377
6.83046
6.83468
6.8345
6.75262
6.7195
6.72082
6.75397
6.7261
6.72595
6.83926
6.83746
6.84911
6.83732
6.83761
6.72078
6.73097
6.71886
6.71792
6.73175
6.82044
6.80351
6.82373
6.81858
6.80448
6.73656
6.73059
6.72619
6.73764
6.74378
6.73298
6.72102
6.74096
6.74871
6.81266
6.76246
6.77693
6.7807
6.82009
6.78249
6.78435
6.80855
6.74638
6.76718
6.68923
6.7043
6.77697
6.78409
6.75133
6.72901
6.74479
6.77805
6.8007
6.77411
6.83059
6.79993
6.79787
6.78155
6.79089
6.77783
6.77814
6.79012
6.77663
6.76905
6.78622
6.76645
6.75979
6.77626
6.80635
6.79994
6.76058
6.76741
6.80217
6.75918
6.77628
6.78818
6.80196
6.76069
6.78859
6.82875
6.81125
6.82901
6.81149
6.82404
6.81166
6.82558
6.83171
6.82892
6.75985
6.73663
6.73717
6.76818
6.75159
6.75477
6.83263
6.83581
6.83738
6.8297
6.83289
6.71726
6.73521
6.7284
6.71963
6.73877
6.81962
6.80821
6.82351
6.81833
6.81077
6.72947
6.73194
6.72168
6.74462
6.75258
6.73184
6.72467
6.74778
6.75502
6.82325
6.81094
6.79564
6.81006
6.82264
6.81329
6.80482
6.81829
6.78109
6.78632
6.84298
6.79195
6.82183
6.84701
6.82109
6.87014
6.81207
6.85733
6.89529
6.804
6.87659
6.79543
6.79402
6.77492
6.78932
6.77538
6.77365
6.78882
6.77515
6.75547
6.76175
6.76023
6.75499
6.7499
6.79007
6.78077
6.77687
6.78407
6.79862
6.76912
6.7918
6.79996
6.7962
6.77906
6.79227
6.81631
6.81131
6.82179
6.79815
6.80865
6.81078
6.81809
6.82513
6.82101
6.77516
6.76883
6.76732
6.77874
6.77971
6.77896
6.8258
6.8289
6.82465
6.82198
6.82538
6.72233
6.74188
6.72457
6.72723
6.74679
6.81562
6.81152
6.82102
6.81323
6.81066
6.73594
6.74489
6.72469
6.75126
6.75683
6.73702
6.72583
6.75701
6.75602
6.8142
6.81268
6.81049
6.8073
6.80759
6.80483
6.80808
6.81328
6.78735
6.78545
6.84373
6.87865
6.81505
6.8515
6.89324
6.86944
6.8442
6.85238
6.84228
6.91573
6.82947
6.79316
6.79592
6.77472
6.78903
6.77621
6.77769
6.79151
6.77904
6.76061
6.74565
6.77015
6.76751
6.75434
6.77775
6.77447
6.78914
6.79401
6.79729
6.78308
6.79366
6.79986
6.80152
6.78052
6.79851
6.80172
6.80517
6.81309
6.78556
6.79581
6.79673
6.80699
6.81593
6.81046
6.781
6.78552
6.78061
6.78704
6.79674
6.78935
6.81836
6.82052
6.81572
6.81475
6.81644
6.7413
6.75685
6.76629
6.76255
6.77184
6.81013
6.80957
6.81644
6.80738
6.8079
6.75763
6.77222
6.73232
6.76726
6.75329
6.76243
6.74903
6.78209
6.75955
6.80392
6.80072
6.80472
6.80539
6.80289
6.79778
6.80265
6.81041
6.78679
6.79112
6.83746
6.86102
6.79051
6.81689
6.83254
6.82334
6.91781
6.82478
6.81062
6.85806
6.8118
6.8008
6.80728
6.78443
6.79558
6.78406
6.79417
6.80182
6.79141
6.77493
6.76553
6.78522
6.78433
6.77636
6.7763
6.78036
6.79895
6.80531
6.80659
6.77807
6.80463
6.80542
6.81272
6.78414
6.80851
6.79125
6.78817
6.80235
6.77805
6.78929
6.78098
6.79997
6.80568
6.80276
6.80182
6.80936
6.80434
6.8143
6.81741
6.81047
6.8112
6.81181
6.80853
6.80825
6.80835
6.77928
6.78539
6.79866
6.78721
6.79247
6.80428
6.80665
6.81149
6.80255
6.80573
6.78563
6.79388
6.76442
6.79517
6.7735
6.78727
6.77559
6.80476
6.78905
6.80175
6.79418
6.80063
6.80055
6.80032
6.79081
6.79929
6.80699
6.80326
6.81684
6.8088
6.8216
6.78295
6.80245
6.81825
6.8078
6.82459
6.79562
6.80541
6.81037
6.80389
6.81515
6.82413
6.80857
6.81073
6.80206
6.82409
6.82028
6.81415
6.79461
6.78807
6.80838
6.80449
6.80044
6.78679
6.79528
6.8162
6.82339
6.81744
6.79717
6.80881
6.81817
6.81918
6.81165
6.81481
6.79086
6.77673
6.80081
6.77965
6.79599
6.77634
6.80404
6.80123
6.80217
6.82129
6.82412
6.81228
6.82412
6.82347
6.80859
6.80576
6.8057
6.80447
6.8049
6.80407
6.78451
6.79406
6.78334
6.77595
6.79262
6.80123
6.80475
6.80795
6.8022
6.80583
6.79693
6.79674
6.78651
6.80737
6.79813
6.79484
6.79745
6.80256
6.802
6.79894
6.78848
6.7985
6.79791
6.79991
6.78934
6.79962
6.80653
6.82899
6.82917
6.80523
6.82125
6.79019
6.8062
6.82477
6.80725
6.80526
6.79017
6.81059
6.80551
6.80574
6.83349
6.84141
6.83729
6.83094
6.82649
6.8502
6.84514
6.84023
6.8137
6.81154
6.83094
6.82373
6.82204
6.80469
6.81487
6.82697
6.83089
6.82404
6.82486
6.82073
6.83896
6.8263
6.83264
6.82185
6.80276
6.77897
6.80851
6.79603
6.80972
6.78325
6.81226
6.80463
6.80901
6.81881
6.80543
6.80267
6.82121
6.794
6.79694
6.8049
6.8043
6.80723
6.80881
6.80732
6.77727
6.792
6.78141
6.79285
6.79716
6.80529
6.80885
6.8122
6.81046
6.81323
6.79492
6.79352
6.79708
6.79824
6.80049
6.79169
6.79492
6.79548
6.79636
6.80346
6.79157
6.80122
6.80233
6.80474
6.79235
6.80338
6.81146
6.82223
6.81231
6.81024
6.83084
6.79689
6.81054
6.83277
6.81627
6.80786
6.79654
6.81774
6.80878
6.81367
6.85448
6.86888
6.86147
6.86179
6.8542
6.87173
6.87891
6.86864
6.83373
6.83241
6.85182
6.84095
6.84004
6.8256
6.83402
6.84516
6.84852
6.83595
6.83998
6.81883
6.85895
6.85986
6.84802
6.82523
6.81646
6.78738
6.81579
6.81926
6.82462
6.79679
6.82235
6.81659
6.82918
6.85141
6.80255
6.81748
6.87226
6.78159
6.82574
6.81479
6.81522
6.82206
6.82212
6.82466
6.80556
6.80364
6.80266
6.80149
6.80385
6.81717
6.81963
6.8228
6.82368
6.82505
6.79262
6.78925
6.78776
6.79103
6.78551
6.78331
6.78112
6.78199
6.77267
6.8073
6.79721
6.80653
6.80198
6.80962
6.79967
6.80951
6.81717
6.79617
6.77886
6.80675
6.82582
6.77925
6.79798
6.81415
6.8182
6.80712
6.79245
6.81448
6.8017
6.81803
6.89641
6.91953
6.88468
6.90796
6.88679
6.90805
6.93796
6.91256
6.84531
6.84469
6.86449
6.84168
6.84559
6.84044
6.84346
6.8658
6.90323
6.88003
6.87525
6.8534
6.89166
6.90025
6.907
6.88057
6.83271
6.81109
6.83221
6.83137
6.83813
6.82378
6.8393
6.84626
6.86154
6.86565
6.82222
6.80972
6.85825
6.89414
6.8265
6.83279
6.83567
6.84445
6.83902
6.84488
6.81495
6.80377
6.89151
6.83309
6.80152
6.82846
6.82915
6.82673
6.83031
6.82948
6.78561
6.78102
6.77105
6.76991
6.76019
6.7684
6.76258
6.75882
6.75382
6.81
6.79984
6.80897
6.79711
6.80713
6.79713
6.80635
6.81712
6.76514
6.75583
6.7847
6.79745
6.75807
6.77042
6.77978
6.8071
6.79176
6.77446
6.79658
6.78039
6.80807
6.91378
6.88303
6.91916
6.92831
6.9164
6.88425
6.88431
6.87296
6.82626
6.84284
6.82775
6.78956
6.82723
6.84187
6.83078
6.9139
6.88068
6.91094
6.91691
6.87344
6.92272
6.89111
6.88781
6.82973
6.83794
6.82259
6.83795
6.82229
6.82945
6.81065
6.82945
6.86653
6.85784
6.84869
6.89972
6.83277
6.82714
6.83763
6.80853
6.84145
6.84946
6.84834
6.83575
6.84688
6.81441
6.7911
6.80123
6.78863
6.77763
6.8272
6.82648
6.81667
6.82005
6.8198
6.77366
6.76535
6.75327
6.75414
6.75056
6.75539
6.74599
6.75413
6.74714
6.80239
6.79167
6.80014
6.78791
6.79573
6.78576
6.7926
6.80683
6.74962
6.74491
6.75885
6.76474
6.74641
6.7541
6.75196
6.78559
6.76914
6.75873
6.77473
6.75976
6.78879
6.8331
6.77735
6.81029
6.82783
6.78976
6.73003
6.76777
6.70477
6.73679
6.79625
6.71643
6.68457
6.75833
6.80798
6.77854
6.83785
6.7969
6.84183
6.83809
6.77918
6.817
6.78455
6.79016
6.73474
6.81208
6.78877
6.81228
6.77834
6.78907
6.76183
6.78917
6.83688
6.80967
6.80094
6.79723
6.78275
6.77564
6.77199
6.7608
6.82364
6.8346
6.81236
6.80675
6.81741
6.76761
6.76521
6.75565
6.75003
6.75368
6.80969
6.81088
6.79734
6.79916
6.80203
6.75852
6.75255
6.74111
6.75284
6.74269
6.7467
6.73662
6.74811
6.73914
6.78791
6.7792
6.78443
6.77462
6.78109
6.77332
6.77711
6.79266
6.74166
6.7395
6.74543
6.74492
6.73905
6.73922
6.74147
6.76441
6.75117
6.74674
6.75764
6.74407
6.77011
6.72769
6.68762
6.65965
6.71066
6.63412
6.60374
6.66211
6.58332
6.64337
6.72143
6.61951
6.61387
6.69079
6.74909
6.7254
6.76237
6.73586
6.73483
6.75016
6.70131
6.72802
6.69706
6.72013
6.67586
6.76582
6.7381
6.76647
6.73839
6.74805
6.72186
6.74979
6.78374
6.76398
6.75399
6.75433
6.74363
6.73702
6.74128
6.73113
6.78879
6.79822
6.77144
6.77408
6.78213
6.73639
6.74432
6.73154
6.7265
6.7369
6.78864
6.79373
6.78325
6.78187
6.78964
6.74787
6.74437
6.7337
6.74553
6.73876
6.73812
6.73163
6.74515
6.73957
6.7758
6.76774
6.77189
6.76541
6.77224
6.76408
6.76848
6.78416
6.73811
6.73782
6.73328
6.73658
6.73082
6.7285
6.73199
6.75076
6.74024
6.73845
6.74662
6.73738
6.75968
6.65829
6.64107
6.56738
6.62773
6.55227
6.54818
6.60814
6.53571
6.59787
6.67053
6.58883
6.59551
6.66116
6.7113
6.70257
6.71738
6.70671
6.67125
6.70002
6.65934
6.68457
6.65799
6.68929
6.65091
6.73708
6.71356
6.74006
6.72386
6.73186
6.70885
6.73534
6.75163
6.74491
6.72561
6.73238
6.7234
6.71914
6.72691
6.71951
6.76406
6.77104
6.75586
6.75953
6.76371
6.7204
6.7323
6.72047
6.71784
6.72959
6.77939
6.78736
6.78454
6.77896
6.78922
6.7424
6.74187
6.7315
6.74707
6.74215
6.7356
6.73163
6.75047
6.74491
6.7711
6.76045
6.76675
6.76565
6.77294
6.76229
6.77029
6.78489
6.74149
6.74471
6.72411
6.72862
6.73242
6.7213
6.72808
6.74043
6.73444
6.72987
6.73728
6.73245
6.75511
6.63451
6.63734
6.53981
6.60259
6.53183
6.54263
6.60766
6.54113
6.60516
6.65928
6.61067
6.62367
6.66425
6.70007
6.70281
6.70295
6.70476
6.65433
6.68522
6.64933
6.67918
6.65837
6.68786
6.65602
6.73092
6.70878
6.73516
6.71974
6.7332
6.71184
6.73695
6.74294
6.74439
6.7175
6.72512
6.71893
6.71951
6.72642
6.72076
6.75779
6.76044
6.75654
6.7597
6.76258
6.71857
6.72937
6.72179
6.72137
6.73049
6.78045
6.79275
6.79171
6.78513
6.79894
6.74273
6.74448
6.73265
6.75517
6.7481
6.73723
6.73364
6.75902
6.75139
6.77534
6.76884
6.77549
6.77491
6.77878
6.77518
6.77748
6.79148
6.74655
6.7483
6.7239
6.72826
6.73948
6.72624
6.72792
6.74068
6.73358
6.73466
6.74276
6.73544
6.76618
6.64637
6.65799
6.56014
6.62012
6.5597
6.58778
6.63513
6.58009
6.643
6.67496
6.65269
6.65907
6.68451
6.70696
6.70958
6.71089
6.71975
6.66783
6.69509
6.67155
6.69627
6.67977
6.70582
6.69036
6.73374
6.71964
6.73965
6.72176
6.73139
6.72708
6.74298
6.74726
6.75605
6.72472
6.73027
6.72523
6.73178
6.73584
6.73147
6.76143
6.76616
6.76399
6.76467
6.77002
6.72594
6.73333
6.73088
6.73159
6.73717
6.78999
6.80382
6.80003
6.7918
6.79976
6.74718
6.75051
6.73519
6.76209
6.75479
6.74088
6.73693
6.76437
6.75643
6.78489
6.77968
6.7788
6.78485
6.7884
6.7868
6.78157
6.7984
6.75122
6.75545
6.72964
6.7293
6.74736
6.73671
6.73356
6.7527
6.73931
6.75098
6.76482
6.7469
6.78627
6.67053
6.68357
6.61225
6.64947
6.59884
6.63735
6.66346
6.62261
6.6719
6.69165
6.68413
6.68655
6.70316
6.70613
6.72017
6.73017
6.74134
6.69295
6.71811
6.70856
6.72093
6.70593
6.73141
6.72575
6.73013
6.73065
6.74465
6.72137
6.73335
6.73284
6.74463
6.7586
6.75283
6.74017
6.74285
6.7391
6.7491
6.75057
6.74739
6.76886
6.77415
6.76507
6.77425
6.7773
6.73881
6.7425
6.74513
6.7468
6.74914
6.79618
6.81037
6.81471
6.80366
6.82628
6.75455
6.7595
6.73968
6.76574
6.7579
6.74626
6.74092
6.76678
6.75945
6.79459
6.78707
6.7878
6.77866
6.80255
6.77983
6.7995
6.81555
6.75897
6.76227
6.7459
6.74623
6.75875
6.75127
6.75389
6.7662
6.75492
6.75725
6.7605
6.75751
6.7754
6.69647
6.7132
6.67045
6.67889
6.65326
6.7036
6.6942
6.68782
6.70729
6.73201
6.72444
6.72722
6.76832
6.75398
6.76965
6.75273
6.76357
6.71977
6.74422
6.73896
6.74678
6.73224
6.75631
6.74933
6.7429
6.7388
6.74808
6.74309
6.75301
6.74469
6.75258
6.75337
6.76038
6.75822
6.75867
6.75585
6.76753
6.76672
6.76426
6.77333
6.77761
6.76991
6.76379
6.77086
6.75537
6.75724
6.76425
6.76491
6.76587
6.79821
6.81229
6.7871
6.78237
6.77726
6.76531
6.77189
6.74385
6.76739
6.76003
6.75806
6.7488
6.7694
6.76199
6.80204
6.77035
6.79442
6.75158
6.78366
6.75489
6.7799
6.78985
6.76489
6.76695
6.75629
6.7583
6.76496
6.75824
6.76
6.75537
6.75918
6.76056
6.7581
6.76109
6.75951
6.72964
6.74503
6.73093
6.70834
6.71784
6.75515
6.71892
6.74187
6.74239
6.78315
6.75733
6.75099
6.77291
6.76808
6.76888
6.77348
6.78219
6.74481
6.76734
6.75834
6.76969
6.75678
6.7768
6.76705
6.75931
6.74876
6.75405
6.7511
6.76319
6.75149
6.75614
6.76622
6.77161
6.77625
6.77445
6.77247
6.78429
6.7817
6.78061
6.75361
6.7629
6.7747
6.74605
6.75563
6.77484
6.77466
6.78243
6.78359
6.78284
6.76502
6.74647
6.75009
6.75081
6.73105
6.77888
6.78593
6.75479
6.77383
6.76544
6.77392
6.76336
6.77909
6.77091
6.76632
6.74761
6.76788
6.74384
6.75761
6.74794
6.76228
6.76353
6.76888
6.77142
6.76118
6.75899
6.76826
6.76849
6.76502
6.76441
6.76324
6.76134
6.76907
6.76364
6.7605
6.75941
6.77495
6.76799
6.73317
6.75481
6.77387
6.75561
6.76006
6.75778
6.76333
6.76902
6.76079
6.7533
6.76528
6.75256
6.7893
6.7947
6.76905
6.78444
6.77648
6.78913
6.78241
6.79076
6.78507
6.76223
6.7539
6.7611
6.72743
6.75419
6.74706
6.76576
6.77469
6.78259
6.79113
6.78811
6.78741
6.79659
6.79373
6.79285
6.74251
6.75087
6.78642
6.746
6.75005
6.79022
6.79017
6.79359
6.79428
6.79379
6.73967
6.72893
6.72557
6.73073
6.72716
6.79274
6.79736
6.77121
6.78389
6.77565
6.78892
6.77825
6.78842
6.78143
6.75662
6.75316
6.76309
6.75296
6.75894
6.7575
6.76586
6.76192
6.77413
6.77844
6.76955
6.76955
6.76914
6.76639
6.76839
6.7727
6.76796
6.76619
6.77521
6.7696
6.76689
6.79553
6.81835
6.78745
6.78951
6.78104
6.85174
6.82624
6.8209
6.7645
6.73996
6.79671
6.78189
6.76715
6.73133
6.76249
6.79859
6.80183
6.79748
6.79567
6.79387
6.80895
6.8131
6.80029
6.80278
6.73832
6.73764
6.77045
6.69678
6.73941
6.74643
6.77634
6.80279
6.81096
6.80037
6.79877
6.79751
6.80232
6.80273
6.8013
6.75453
6.75554
6.81639
6.77073
6.76927
6.79648
6.79426
6.79936
6.79823
6.79485
6.73001
6.73442
6.73904
6.74147
6.74529
6.79682
6.795
6.78342
6.79069
6.78419
6.79263
6.78591
6.7903
6.78529
6.76382
6.76192
6.76941
6.76125
6.76646
6.76287
6.7697
6.76437
6.78022
6.78067
6.76736
6.76919
6.77524
6.77092
6.77175
6.77648
6.76923
6.77026
6.77558
6.77153
6.76958
6.83725
6.84569
6.90744
6.85074
6.88434
6.91681
6.86254
6.9183
6.83552
6.81258
6.8934
6.88339
6.85355
6.78825
6.81895
6.80462
6.80667
6.82515
6.80481
6.81039
6.82213
6.83043
6.80867
6.81468
6.7556
6.76018
6.7869
6.76814
6.76004
6.77495
6.78968
6.82348
6.82297
6.80251
6.80525
6.80409
6.8017
6.80648
6.80587
6.79173
6.78746
6.82375
6.80242
6.79911
6.80008
6.7971
6.80333
6.80164
6.80016
6.76157
6.76219
6.7826
6.78137
6.78021
6.79499
6.79705
6.78713
6.78937
6.78575
6.79235
6.78769
6.79038
6.78641
6.76829
6.76406
6.76798
6.76814
6.76658
6.76373
6.76453
6.7744
6.78197
6.78355
6.77343
6.77436
6.77789
6.77579
6.77645
6.77563
6.77354
6.77653
6.77715
6.77566
6.77002
6.84463
6.83963
6.90091
6.85926
6.89869
6.8727
6.84805
6.86722
6.89429
6.85875
6.88468
6.86738
6.82732
6.79866
6.74034
6.80841
6.81049
6.82995
6.81123
6.81616
6.8223
6.82636
6.81336
6.81519
6.73763
6.76753
6.77082
6.66751
6.7041
6.73102
6.7459
6.80477
6.77678
6.80259
6.80757
6.80685
6.80467
6.80759
6.80728
6.80095
6.79972
6.79153
6.78829
6.79198
6.80351
6.80286
6.80687
6.80588
6.80477
6.7941
6.79209
6.79699
6.79673
6.79391
6.79956
6.80197
6.78848
6.79339
6.78656
6.79746
6.79055
6.79545
6.78855
6.76189
6.76286
6.76083
6.76839
6.75486
6.76048
6.75636
6.77365
6.78544
6.78786
6.77834
6.77862
6.77996
6.78114
6.78167
6.77772
6.77644
6.77708
6.7777
6.77697
6.76694
6.83289
6.82528
6.84428
6.83612
6.84058
6.82587
6.82567
6.82263
6.83268
6.79345
6.81518
6.8073
6.77264
6.70841
6.70692
6.81149
6.81027
6.822
6.81403
6.81352
6.8161
6.81766
6.81327
6.81203
6.67296
6.69928
6.71918
6.63127
6.67804
6.69497
6.71064
6.74934
6.73503
6.8049
6.80696
6.80882
6.80616
6.80936
6.81049
6.77491
6.78031
6.76677
6.76569
6.76894
6.80808
6.80622
6.80908
6.81003
6.80885
6.79102
6.78921
6.77968
6.7815
6.78166
6.80417
6.80557
6.79153
6.79698
6.79085
6.80142
6.79363
6.79941
6.79552
6.74605
6.75772
6.75216
6.75712
6.73902
6.75537
6.74862
6.76467
6.79123
6.79499
6.78612
6.7868
6.78812
6.79138
6.79238
6.77803
6.77827
6.78032
6.77844
6.78156
6.76438
6.81886
6.81436
6.81623
6.81707
6.81184
6.80955
6.81094
6.80632
6.79525
6.76785
6.79946
6.79432
6.77025
6.71162
6.73098
6.80813
6.8079
6.81401
6.81092
6.81052
6.81008
6.81121
6.80954
6.80817
6.69635
6.7041
6.71665
6.70897
6.71748
6.71674
6.72711
6.73525
6.74188
6.80721
6.80952
6.80975
6.80518
6.80719
6.80735
6.75772
6.76068
6.7577
6.75256
6.75494
6.80898
6.809
6.80698
6.80583
6.80727
6.77121
6.77324
6.75886
6.76205
6.76534
6.80582
6.80575
6.79422
6.801
6.79799
6.80183
6.79409
6.80023
6.79663
6.73415
6.75451
6.74607
6.74586
6.73513
6.75495
6.74573
6.75632
6.79696
6.79734
6.79631
6.79736
6.79716
6.80111
6.8011
6.77959
6.78591
6.78545
6.78052
6.78961
6.76419
6.8112
6.81106
6.80645
6.8079
6.80411
6.80563
6.80792
6.80333
6.79697
6.77926
6.804
6.80123
6.79
6.75373
6.77354
6.80796
6.80771
6.80991
6.80909
6.80639
6.80972
6.8101
6.80929
6.80681
6.73842
6.73265
6.73899
6.76431
6.76651
6.75977
6.749
6.75165
6.76038
6.80405
6.80448
6.80418
6.80285
6.80176
6.80137
6.7521
6.75304
6.75914
6.75123
6.75444
6.8018
6.80403
6.79908
6.79727
6.8002
6.75484
6.7624
6.74563
6.74992
6.75969
6.80292
6.79846
6.79238
6.797
6.79303
6.79466
6.79043
6.79248
6.78893
6.73926
6.75675
6.74806
6.74785
6.74668
6.76073
6.75309
6.75689
6.79742
6.79692
6.80691
6.80476
6.80415
6.80919
6.80663
6.78208
6.7929
6.79061
6.78285
6.79476
6.77091
6.81249
6.81346
6.80602
6.81045
6.80351
6.80786
6.81346
6.80603
6.80499
6.80047
6.80979
6.80685
6.8083
6.7911
6.80631
6.80678
6.80575
6.81164
6.80872
6.80714
6.81197
6.81335
6.80747
6.80605
6.79857
6.78877
6.76494
6.80457
6.81909
6.80869
6.79976
6.77393
6.80027
6.80174
6.79924
6.7988
6.80054
6.79784
6.79732
6.75778
6.76115
6.77854
6.77081
6.76995
6.79424
6.79738
6.79465
6.79328
6.79619
6.74771
6.75603
6.74009
6.74759
6.75529
6.79451
6.79216
6.78894
6.78636
6.78483
6.78521
6.78844
6.78102
6.78321
6.75457
6.76644
6.76081
6.76375
6.75714
6.77307
6.76893
6.7589
6.79656
6.7961
6.80631
6.80666
6.80953
6.80225
6.80395
6.78431
6.79673
6.79164
6.78585
6.79637
6.78087
6.8133
6.81042
6.81013
6.81482
6.80964
6.81106
6.8129
6.81161
6.80751
6.81212
6.81096
6.80823
6.81291
6.81582
6.82057
6.80472
6.80426
6.81243
6.80545
6.80419
6.80753
6.80786
6.80348
6.80156
6.82438
6.82072
6.82439
6.81673
6.82418
6.82341
6.83266
6.82045
6.83048
6.8008
6.79821
6.7976
6.80212
6.80021
6.79955
6.78474
6.78075
6.80167
6.79692
6.79383
6.79419
6.79689
6.79762
6.79672
6.79897
6.74597
6.74927
6.72812
6.74005
6.73991
6.79221
6.79509
6.79089
6.78172
6.7888
6.78721
6.79451
6.78669
6.79686
6.75765
6.7793
6.776
6.77844
6.75437
6.78594
6.77944
6.75037
6.79964
6.80508
6.7972
6.80169
6.8071
6.79365
6.80007
6.78864
6.80005
6.79295
6.79208
6.80408
6.79191
6.80344
6.79546
6.81089
6.80809
6.81167
6.80881
6.80343
6.80997
6.81009
6.81335
6.81321
6.81333
6.81412
6.8218
6.82194
6.80454
6.80607
6.79935
6.80243
6.79953
6.7975
6.78862
6.80276
6.79756
6.82207
6.81879
6.8297
6.81606
6.81893
6.81394
6.82071
6.82738
6.81271
6.80444
6.8034
6.80271
6.80798
6.80736
6.80665
6.79841
6.79397
6.79345
6.78892
6.79162
6.80031
6.80243
6.80585
6.8046
6.80657
6.73446
6.72823
6.7305
6.74463
6.72067
6.80042
6.80631
6.79966
6.79326
6.80142
6.80284
6.80534
6.80005
6.8031
6.74809
6.79159
6.78041
6.79027
6.74956
6.79842
6.78419
6.74532
6.80889
6.80975
6.79156
6.79936
6.80648
6.79106
6.8003
6.79681
6.80824
6.79981
6.80204
6.81206
6.80462
6.79158
6.79246
6.80777
6.80145
6.80732
6.81321
6.80247
6.8103
6.81946
6.81736
6.82127
6.82241
6.8232
6.82394
6.82665
6.8084
6.8133
6.78136
6.80478
6.79642
6.7999
6.78487
6.80959
6.80345
6.81876
6.81196
6.81423
6.82309
6.82397
6.81407
6.81515
6.80147
6.80789
6.8116
6.81171
6.81091
6.81571
6.81655
6.81578
6.77361
6.77893
6.81354
6.76451
6.7755
6.8094
6.81067
6.81613
6.81447
6.81434
6.76325
6.7419
6.78845
6.78626
6.79459
6.81199
6.8168
6.80933
6.80647
6.80458
6.81537
6.81178
6.81118
6.80628
6.76706
6.80709
6.79595
6.80929
6.79862
6.81642
6.8122
6.80463
6.81105
6.81358
6.79197
6.80202
6.81289
6.79396
6.80448
6.80918
6.81678
6.80893
6.81625
6.821
6.82075
6.80379
6.81702
6.82098
6.81173
6.81863
6.83231
6.8239
6.82915
6.82963
6.83684
6.84453
6.84451
6.84832
6.83653
6.84754
6.81937
6.82513
6.79853
6.8163
6.81051
6.82093
6.8131
6.82268
6.81812
6.83111
6.82048
6.82142
6.84679
6.84276
6.83068
6.83125
6.81977
6.83149
6.82052
6.82115
6.82058
6.82486
6.82494
6.82448
6.80833
6.82197
6.82659
6.85381
6.86464
6.8194
6.81739
6.82485
6.82352
6.82002
6.83817
6.85272
6.88534
6.87917
6.88207
6.82039
6.82266
6.81466
6.81554
6.80813
6.82234
6.81684
6.81877
6.80971
6.82481
6.8255
6.8293
6.82914
6.84164
6.83209
6.84026
6.85724
6.81606
6.81819
6.79643
6.80685
6.81965
6.79962
6.80979
6.82424
6.82524
6.81702
6.83044
6.82918
6.83479
6.82672
6.83223
6.8401
6.83117
6.83679
6.84144
6.83322
6.8391
6.85102
6.85281
6.84945
6.84871
6.85304
6.84963
6.85965
6.82935
6.83171
6.82374
6.82727
6.82396
6.83264
6.82994
6.82964
6.82795
6.85297
6.84561
6.84083
6.86356
6.86416
6.85927
6.85402
6.8428
6.85397
6.82798
6.82782
6.82735
6.83001
6.82987
6.82925
6.86456
6.87122
6.84816
6.8608
6.8639
6.8266
6.8225
6.82952
6.8286
6.8248
6.89882
6.88791
6.88927
6.88928
6.87987
6.82434
6.82555
6.81851
6.82141
6.81178
6.82527
6.82025
6.82325
6.81435
6.85121
6.83627
6.84559
6.8352
6.85316
6.83828
6.84873
6.86588
6.82074
6.82266
6.80316
6.81253
6.82502
6.80637
6.81542
6.8353
6.83264
6.82323
6.83788
6.83557
6.8408
6.83417
6.83457
6.8404
6.83516
6.83899
6.8383
6.83531
6.8374
6.84619
6.85162
6.8422
6.84232
6.84656
6.86456
6.85448
6.8324
6.83222
6.83172
6.83011
6.82929
6.83323
6.83173
6.82992
6.82944
6.86798
6.85529
6.85728
6.8529
6.86314
6.84406
6.84349
6.8543
6.84451
6.83104
6.83119
6.83023
6.83131
6.8318
6.83055
6.85538
6.8552
6.84188
6.84683
6.84622
6.82963
6.82667
6.83057
6.82989
6.82784
6.87529
6.87134
6.85974
6.86146
6.86146
6.82646
6.82716
6.82164
6.82453
6.81613
6.82634
6.8232
6.82544
6.81785
6.8526
6.83885
6.84916
6.83076
6.85164
6.8385
6.84913
6.85695
6.82437
6.82579
6.80935
6.81767
6.82858
6.812
6.81995
6.83895
6.8372
6.82707
6.83898
6.83861
6.84036
6.83387
6.83233
6.83587
6.83415
6.83523
6.83361
6.83215
6.83273
6.83785
6.83981
6.83382
6.83333
6.83381
6.84316
6.83382
6.83143
6.83018
6.831
6.82944
6.82906
6.83018
6.82972
6.82873
6.82829
6.84469
6.83385
6.81537
6.83141
6.82019
6.82374
6.78538
6.82925
6.81542
6.8309
6.83164
6.83031
6.82989
6.83083
6.82947
6.83758
6.83708
6.82823
6.82959
6.82971
6.8295
6.82828
6.82903
6.82854
6.8281
6.85031
6.85418
6.83987
6.84352
6.84756
6.82757
6.82754
6.82428
6.82618
6.8194
6.82637
6.82504
6.82639
6.82024
6.85018
6.83765
6.84845
6.82799
6.84944
6.83695
6.84881
6.85012
6.8273
6.82811
6.81433
6.82166
6.831
6.81579
6.823
6.83835
6.8391
6.82834
6.83755
6.83972
6.83855
6.83029
6.82775
6.83082
6.8298
6.82976
6.82751
6.82729
6.8257
6.82889
6.82849
6.8252
6.8241
6.82291
6.82686
6.82167
6.82876
6.82703
6.8278
6.82759
6.82737
6.82645
6.82527
6.82606
6.82624
6.79971
6.81571
6.77169
6.8203
6.78771
6.80483
6.78749
6.80724
6.81124
6.82827
6.82946
6.82805
6.82608
6.82756
6.82612
6.8264
6.82681
6.82429
6.82515
6.82706
6.82709
6.82737
6.82554
6.82518
6.82612
6.83747
6.84192
6.82688
6.83038
6.8352
6.82703
6.826
6.82505
6.82614
6.82037
6.82503
6.82469
6.82534
6.81981
6.84816
6.83597
6.84955
6.8276
6.84582
6.83545
6.84977
6.84247
6.82851
6.82809
6.81652
6.82354
6.83094
6.81617
6.82356
6.83579
6.83925
6.8271
6.83338
6.83896
6.83804
6.82479
6.8213
6.8233
6.8238
6.82094
6.81829
6.81877
6.81544
6.81821
6.81737
6.81276
6.8114
6.81161
6.81691
6.81286
6.825
6.82271
6.82257
6.82432
6.82484
6.82147
6.82024
6.82244
6.82289
6.80291
6.80364
6.82445
6.81663
6.82603
6.81491
6.85336
6.81742
6.83138
6.82365
6.82522
6.82377
6.82093
6.82255
6.82114
6.82652
6.8289
6.83634
6.83273
6.8336
6.82294
6.82444
6.8207
6.8205
6.82231
6.82599
6.83071
6.82182
6.82457
6.82664
6.82445
6.82251
6.82319
6.82403
6.81873
6.82183
6.82158
6.8224
6.81728
6.84055
6.83443
6.84745
6.8245
6.83284
6.83278
6.84334
6.83092
6.82731
6.82579
6.81506
6.82281
6.82836
6.81294
6.82122
6.82973
6.83735
6.8244
6.82568
6.83568
6.83873
6.81766
6.81311
6.81263
6.81218
6.8091
6.80637
6.80522
6.80219
6.80435
6.806
6.80036
6.79855
6.80215
6.81122
6.80728
6.82004
6.81712
6.81762
6.82004
6.82005
6.81566
6.81373
6.81734
6.81657
6.83088
6.8239
6.857
6.81172
6.82777
6.82704
6.84907
6.83976
6.84873
6.81791
6.81958
6.81814
6.8149
6.81657
6.8152
6.83613
6.83673
6.83842
6.83654
6.83626
6.81795
6.81979
6.81544
6.81541
6.81706
6.82388
6.82324
6.82152
6.8236
6.8241
6.82024
6.81787
6.81936
6.82045
6.81561
6.81745
6.8171
6.81837
6.81404
6.82684
6.82968
6.83678
6.81952
6.82085
6.82582
6.82957
6.82211
6.82415
6.82206
6.81006
6.81889
6.82332
6.8066
6.81578
6.82207
6.83305
6.81834
6.81817
6.82994
6.83505
6.80806
6.80311
6.80038
6.7989
6.79564
6.79593
6.79402
6.79089
6.79522
6.80036
6.79418
6.79315
6.79829
6.80708
6.80699
6.81416
6.81145
6.80831
6.81441
6.81263
6.80919
6.80249
6.81172
6.80865
6.81992
6.82344
6.83822
6.80586
6.81281
6.81696
6.82522
6.84954
6.83867
6.81211
6.81367
6.81254
6.8098
6.81107
6.81027
6.8379
6.83227
6.8355
6.83067
6.82482
6.813
6.81436
6.8108
6.81082
6.81202
6.82116
6.82205
6.81566
6.81814
6.82272
6.81559
6.81353
6.81451
6.81649
6.81266
6.81327
6.81219
6.81479
6.81157
6.8147
6.82085
6.82229
6.80843
6.80732
6.81548
6.81573
6.81426
6.82019
6.81823
6.80282
6.81236
6.81706
6.79939
6.80884
6.81466
6.82588
6.80975
6.81032
6.8213
6.82405
6.79907
6.79658
6.79306
6.79118
6.78853
6.79152
6.79035
6.78858
6.79264
6.79846
6.79362
6.79394
6.80315
6.80432
6.80217
6.80889
6.80665
6.7976
6.80909
6.80497
6.80343
6.79446
6.80643
6.80201
6.80512
6.80895
6.81315
6.79971
6.7977
6.80067
6.80234
6.82217
6.80663
6.80807
6.80899
6.80853
6.80683
6.8076
6.80739
6.81648
6.81295
6.80332
6.80356
6.79939
6.80903
6.81027
6.80769
6.8079
6.80934
6.81163
6.82058
6.80235
6.8052
6.81851
6.81182
6.8107
6.81066
6.8134
6.81098
6.80967
6.81013
6.81283
6.8114
6.80143
6.80961
6.80937
6.79577
6.79499
6.8034
6.8033
6.80585
6.81686
6.81603
6.79677
6.80607
6.81234
6.79594
6.80413
6.80578
6.81573
6.80003
6.80043
6.81034
6.81013
6.79553
6.79561
6.79193
6.79111
6.79092
6.79439
6.79286
6.79428
6.79597
6.80679
6.7976
6.79697
6.80658
6.80035
6.79814
6.80536
6.80534
6.79329
6.8045
6.80023
6.801
6.79329
6.80388
6.79964
6.79245
6.79269
6.79338
6.79243
6.78852
6.78579
6.78624
6.79383
6.78415
6.8061
6.80664
6.80686
6.80614
6.80608
6.80686
6.79178
6.78712
6.78426
6.77591
6.77734
6.80747
6.80923
6.80711
6.80792
6.81004
6.79896
6.8145
6.79334
6.79369
6.81067
6.81047
6.81107
6.8113
6.81219
6.81277
6.80972
6.81305
6.81206
6.81508
6.7879
6.79624
6.7977
6.77914
6.78265
6.78962
6.79348
6.79576
6.81631
6.81764
6.79656
6.80359
6.81161
6.79901
6.80441
6.79512
6.80503
6.79285
6.78983
6.80068
6.79494
6.79614
6.79694
6.79633
6.79496
6.79696
6.79755
6.79647
6.79835
6.79732
6.80422
6.79647
6.7968
6.8009
6.79561
6.79287
6.8064
6.80803
6.79323
6.80467
6.7999
6.80237
6.79355
6.80651
6.80044
6.78521
6.78086
6.78082
6.78665
6.78286
6.77726
6.77702
6.77859
6.7757
6.8072
6.80694
6.80697
6.80895
6.80849
6.80761
6.76827
6.77521
6.77758
6.77043
6.77505
6.80928
6.81154
6.80936
6.81088
6.81408
6.79169
6.80767
6.79511
6.78851
6.79846
6.8126
6.81503
6.81417
6.81288
6.81689
6.81296
6.81946
6.81389
6.81776
6.77927
6.78354
6.78873
6.76025
6.77726
6.7788
6.78357
6.78517
6.81951
6.82099
6.80197
6.80643
6.81706
6.80627
6.8091
6.78533
6.79761
6.79172
6.78245
6.79641
6.78376
6.79821
6.7991
6.7981
6.79723
6.79876
6.79815
6.79744
6.79878
6.79479
6.79761
6.79248
6.79202
6.79536
6.79017
6.78783
6.80967
6.81118
6.79455
6.80843
6.80094
6.80396
6.79605
6.81024
6.80154
6.78118
6.77465
6.77424
6.78355
6.78018
6.77286
6.77228
6.77373
6.7724
6.81073
6.81012
6.80882
6.81227
6.81169
6.81043
6.77135
6.77074
6.77371
6.77159
6.77
6.81259
6.81543
6.81365
6.81442
6.81727
6.78662
6.7904
6.78405
6.78458
6.78367
6.8168
6.81805
6.82488
6.81558
6.81875
6.81637
6.8245
6.81746
6.81895
6.7721
6.77543
6.77907
6.74592
6.76641
6.77293
6.77505
6.77547
6.82216
6.82322
6.81063
6.81219
6.82109
6.81452
6.8147
6.78051
6.79745
6.79799
6.78148
6.79901
6.77887
6.80013
6.80168
6.79789
6.79787
6.7981
6.79904
6.79948
6.79848
6.79021
6.79486
6.79166
6.79038
6.79531
6.7869
6.78705
6.81261
6.81425
6.79802
6.81177
6.80204
6.80672
6.8005
6.81302
6.80283
6.77976
6.77221
6.7709
6.78382
6.78018
6.7724
6.77032
6.77154
6.77127
6.81363
6.81346
6.81238
6.815
6.81529
6.81436
6.7715
6.77031
6.77241
6.77094
6.77011
6.81592
6.82006
6.81707
6.81743
6.82188
6.78143
6.77971
6.77631
6.77807
6.77395
6.82041
6.82177
6.82109
6.819
6.81766
6.82092
6.81878
6.82038
6.81671
6.76027
6.77132
6.77152
6.74516
6.75562
6.77058
6.76982
6.76504
6.8233
6.82298
6.81753
6.8172
6.82187
6.81907
6.81805
6.7831
6.80249
6.80482
6.78846
6.80683
6.7788
6.80324
6.80502
6.80188
6.80179
6.80119
6.80508
6.8044
6.80491
6.79283
6.79681
6.80026
6.7971
6.7998
6.78901
6.79187
6.81577
6.81714
6.8026
6.81418
6.80412
6.80949
6.80463
6.81529
6.80569
6.7812
6.77322
6.77027
6.7877
6.7827
6.77448
6.77059
6.77148
6.77211
6.81653
6.81743
6.81648
6.81816
6.81922
6.81865
6.77028
6.76922
6.77316
6.76973
6.76861
6.81916
6.82371
6.82071
6.82147
6.82577
6.77402
6.76682
6.76958
6.77132
6.76646
6.82309
6.82413
6.81557
6.82102
6.81596
6.8241
6.81228
6.82114
6.81531
6.75338
6.772
6.76953
6.75148
6.7559
6.77498
6.77107
6.76044
6.82281
6.82247
6.82053
6.81792
6.82231
6.82235
6.81798
6.79425
6.80847
6.81101
6.80086
6.81089
6.78375
6.80717
6.80996
6.80824
6.8081
6.80848
6.81052
6.81289
6.811
6.80139
6.8031
6.8066
6.80474
6.80594
6.79465
6.79787
6.81858
6.82043
6.80681
6.81649
6.80747
6.81291
6.80931
6.81788
6.80975
6.78487
6.77666
6.77137
6.79395
6.78793
6.77959
6.77264
6.77357
6.77597
6.81988
6.82119
6.82089
6.82185
6.82356
6.82335
6.77021
6.76902
6.7772
6.77099
6.77021
6.82433
6.82789
6.82545
6.82703
6.83005
6.76999
6.76598
6.76948
6.77072
6.76615
6.82475
6.82519
6.80823
6.82065
6.81442
6.82247
6.80453
6.81976
6.81414
6.75976
6.77986
6.77392
6.76437
6.76389
6.78338
6.77594
6.76103
6.82199
6.82157
6.82383
6.81922
6.8213
6.82488
6.82057
6.80701
6.81441
6.81878
6.81332
6.81831
6.79215
6.81282
6.81607
6.81209
6.81748
6.81265
6.81292
6.82054
6.81343
6.80712
6.80782
6.80861
6.80857
6.80941
6.80076
6.80334
6.82247
6.8247
6.8122
6.81961
6.81225
6.81832
6.81525
6.82167
6.81498
6.79171
6.78295
6.77495
6.80073
6.7955
6.78644
6.7785
6.77917
6.78283
6.82409
6.82601
6.82596
6.82656
6.82854
6.82849
6.77225
6.77218
6.78364
6.77349
6.77456
6.82951
6.83237
6.83094
6.83162
6.83405
6.77277
6.767
6.77532
6.77635
6.76604
6.8258
6.82652
6.80018
6.81898
6.81301
6.8202
6.79869
6.81859
6.81284
6.76466
6.7867
6.77551
6.77929
6.76501
6.79265
6.77945
6.76103
6.82103
6.82048
6.82561
6.82332
6.82003
6.82558
6.82562
6.81855
6.8223
6.82296
6.82156
6.82425
6.80153
6.81865
6.82045
6.81388
6.82204
6.81434
6.81491
6.82226
6.81512
6.80961
6.81079
6.81014
6.81055
6.81185
6.80572
6.80775
6.82731
6.83017
6.81833
6.8241
6.81733
6.82433
6.82129
6.8267
6.81943
6.79938
6.79038
6.78289
6.80647
6.8026
6.79451
6.78723
6.78702
6.79097
6.82935
6.83114
6.83119
6.83248
6.8341
6.83411
6.77485
6.77693
6.78913
6.77573
6.77872
6.83374
6.83545
6.83642
6.83592
6.83678
6.77958
6.76698
6.7783
6.78235
6.76906
6.82749
6.82899
6.79816
6.81867
6.81329
6.81996
6.8015
6.81963
6.81452
6.76713
6.79614
6.7812
6.7889
6.77449
6.79634
6.78392
6.77061
6.82046
6.82137
6.82511
6.82739
6.8202
6.82495
6.82802
6.82391
6.82482
6.82304
6.82598
6.82536
6.80949
6.82154
6.82355
6.81658
6.82188
6.81638
6.81915
6.82215
6.81851
6.81159
6.81253
6.81316
6.81311
6.81324
6.80937
6.81074
6.83322
6.83696
6.8237
6.82983
6.82173
6.83091
6.8259
6.83351
6.82543
6.80518
6.7989
6.79146
6.81036
6.80689
6.8026
6.79483
6.79404
6.79573
6.83591
6.83728
6.83722
6.83984
6.84105
6.841
6.77441
6.77861
6.78859
6.77102
6.77528
6.83846
6.8385
6.8429
6.84154
6.84059
6.78238
6.77029
6.7707
6.77808
6.76707
6.83139
6.83475
6.80841
6.82205
6.81824
6.82537
6.81507
6.82521
6.82144
6.78236
6.79773
6.78854
6.79531
6.7874
6.79713
6.79287
6.78349
6.82384
6.82623
6.825
6.8285
6.82229
6.82582
6.82916
6.8277
6.82559
6.82378
6.82925
6.82673
6.81495
6.82738
6.83203
6.82303
6.82507
6.82159
6.82821
6.83
6.82586
6.81516
6.81405
6.8195
6.81789
6.81558
6.81187
6.81291
6.84152
6.8471
6.82929
6.83792
6.83142
6.84066
6.83416
6.84376
6.83935
6.80764
6.80477
6.7972
6.8118
6.80731
6.806
6.79795
6.79486
6.79055
6.84431
6.84541
6.84517
6.84965
6.85026
6.85021
6.76243
6.76687
6.77256
6.74793
6.7514
6.84519
6.84389
6.85161
6.85013
6.84848
6.76763
6.76024
6.73988
6.75356
6.74088
6.83921
6.84504
6.82288
6.82963
6.8268
6.83689
6.83128
6.83651
6.83404
6.78638
6.79713
6.79537
6.79522
6.78059
6.79692
6.79393
6.76938
6.82923
6.83456
6.82867
6.83205
6.82998
6.83345
6.83643
6.82944
6.82896
6.82825
6.83079
6.83212
6.81817
6.83808
6.84604
6.83482
6.83658
6.83158
6.84245
6.84426
6.83865
6.82141
6.81781
6.82926
6.82593
6.82108
6.81366
6.81456
6.85416
6.86188
6.84023
6.85068
6.84851
6.85435
6.84802
6.85844
6.85761
6.80584
6.80571
6.79636
6.81017
6.8025
6.80414
6.7923
6.78213
6.76576
6.85612
6.85645
6.85612
6.86274
6.86316
6.8627
6.72128
6.7201
6.71976
6.67546
6.66371
6.85641
6.85454
6.86476
6.86379
6.86204
6.71952
6.71038
6.64924
6.65446
6.66392
6.85224
6.86096
6.84155
6.84513
6.843
6.85462
6.8526
6.85482
6.85313
6.771
6.79452
6.78957
6.78363
6.75039
6.79435
6.78061
6.71988
6.84261
6.85211
6.83972
6.84284
6.84501
6.84684
6.84986
6.83415
6.83652
6.83765
6.83675
6.84161
6.82025
6.85567
6.86695
6.85109
6.85323
6.84738
6.86108
6.86352
6.85751
6.83216
6.82618
6.84483
6.84107
6.83335
6.8164
6.81959
6.87064
6.88048
6.85698
6.86773
6.86385
6.8731
6.86687
6.87784
6.86848
6.79697
6.80023
6.78126
6.80861
6.79046
6.79436
6.76382
6.74094
6.70318
6.87019
6.87145
6.87121
6.87862
6.88238
6.88157
6.60274
6.54826
6.57519
6.48149
6.33674
6.87317
6.87169
6.88606
6.88533
6.88426
6.51529
6.59206
6.384
6.25678
6.4615
6.87165
6.88461
6.86409
6.86611
6.86451
6.87912
6.87678
6.87881
6.87754
6.72477
6.79117
6.76706
6.75952
6.68841
6.7857
6.74989
6.60089
6.86265
6.87507
6.85608
6.85851
6.87032
6.87192
6.87387
6.84154
6.84863
6.85535
6.84761
6.85765
6.82072
6.87932
6.89195
6.8731
6.87487
6.86999
6.88811
6.88792
6.88542
6.85305
6.84325
6.8739
6.86792
6.85588
6.82538
6.83439
6.89147
6.9066
6.87774
6.88903
6.87172
6.8988
6.89022
6.90305
6.87521
6.78207
6.78647
6.7362
6.81361
6.77406
6.77962
6.70071
6.64349
6.55169
6.89005
6.89541
6.89448
6.90622
6.91275
6.911
6.31415
5.57068
6.12955
6.01043
3.93528
6.90123
6.89933
6.92006
6.91999
6.91834
5.39065
6.2662
5.83878
3.67237
5.89889
6.9001
6.91941
6.8917
6.89515
6.89416
6.91394
6.90991
6.91544
6.91535
6.64698
6.78376
6.73113
6.74724
6.59336
6.79001
6.71292
6.34676
6.89362
6.91606
6.89217
6.89286
6.91282
6.91344
6.91424
6.8545
6.87368
6.88425
6.86709
6.89041
6.82906
6.90754
6.9258
6.90612
6.90356
6.90403
6.92854
6.92164
6.9268
6.88584
6.87192
6.91761
6.90861
6.89217
6.84715
6.86503
6.92526
6.95191
6.90641
6.92052
6.88715
6.93962
6.92706
6.94384
6.9104
6.76818
6.77418
6.66109
6.82941
6.76731
6.77502
6.61763
6.36631
6.04249
6.92783
6.9341
6.93197
6.95654
6.96081
6.95838
5.69916
2.74345
4.75457
0.175413
5.31836
2.80484
-4.51927
-1.29836
-1.196
0.227459
-0.772128
0.163764
6.94246
6.94147
6.96794
6.96883
6.96664
2.42693
5.33166
5.26208
2.58794
4.23295
-0.89669
-1.22436
-0.944059
0.258464
-1.54657
0.185668
6.94132
6.96627
6.93068
6.94005
6.93919
6.96498
6.95528
6.96808
6.96488
6.54206
6.8069
6.70559
6.75593
6.50521
6.83315
6.71416
5.71814
6.94084
6.96624
6.93653
6.93756
6.96224
6.96288
6.96268
6.89252
6.91356
6.93494
6.93282
6.9404
6.8809
6.94748
6.97869
6.95679
6.9437
6.95447
6.98862
6.97133
6.98649
6.93797
6.92062
6.98245
6.97214
6.95808
6.89167
6.93035
6.98409
7.02306
6.95554
6.97377
6.93867
7.00529
6.99274
7.00896
6.97431
6.77021
6.7918
6.5932
6.86593
6.76992
6.82335
6.4596
5.94252
5.72378
1.55472
1.01063
1.47228
6.98991
6.99279
6.99014
7.02981
7.03036
7.0288
1.71416
5.41238
3.43281
5.23628
2.6562
5.38641
3.66175
0.448276
0.57269
-0.239302
0.757071
0.522498
0.976052
0.221564
6.99752
6.99408
7.03051
7.031
7.02761
3.42612
4.84884
1.0906
5.38673
3.72029
5.08773
2.31683
-0.234641
0.309724
0.487548
1.10536
0.300637
0.620807
0.505027
6.99919
7.03648
6.98573
7.00101
6.99575
7.03488
7.01883
7.03798
7.03182
6.51302
6.8756
6.7396
6.83734
6.45617
6.92059
6.78025
5.43179
0.940899
0.999955
1.65548
6.99611
7.03307
6.98987
6.99085
7.02001
7.01814
7.01834
6.97662
6.97254
6.99845
7.0067
7.00462
6.97078
7.01657
7.06045
7.02549
7.00303
7.02225
7.06789
7.04046
7.05955
7.00936
7.00009
7.06158
7.0483
7.04236
6.97818
7.02923
7.07129
7.12252
7.03419
7.05608
7.01601
7.10264
7.08059
7.10992
7.06117
6.81016
6.85776
6.45611
6.94479
6.86094
6.90063
6.53805
5.92848
2.39071
6.12457
2.46563
1.25277
0.962511
1.51483
2.16019
7.07505
7.07509
7.07389
7.12751
7.12587
7.12496
3.3578
5.27095
3.78334
5.48148
3.38062
5.34102
3.76605
0.500544
1.43468
0.335632
1.29425
0.743725
1.22625
0.311128
7.07004
7.06573
7.11276
7.11141
7.10574
3.84575
5.32322
3.15254
5.41247
3.84809
5.03231
2.75757
0.414227
1.33724
0.676731
1.21323
0.3002
1.02196
0.64916
7.07192
7.10546
7.05408
7.07423
7.06853
7.09773
7.09285
7.10442
7.10445
6.47285
6.9654
6.83855
6.9252
6.57615
7.01889
6.9029
2.59741
5.99142
2.02918
2.22799
1.3212
1.46573
7.07146
7.10944
7.05411
7.05515
7.10001
7.09366
7.09446
7.04143
7.04264
7.07087
7.07765
7.083
7.05317
7.10892
7.16608
7.11117
7.08139
7.09842
7.15612
7.13477
7.14099
7.08819
7.08572
7.14827
7.12719
7.12968
7.07941
7.12411
7.18
7.24187
7.12941
7.16414
7.10976
7.21642
7.18641
7.22323
7.17051
6.93073
6.95356
6.61949
7.06788
7.01735
7.00519
6.84802
6.01802
1.77815
6.45158
0.762842
1.66079
7.18349
7.17825
7.17609
7.24504
7.24235
7.23686
2.80187
5.66439
3.72662
5.07231
0.855007
5.59046
3.16508
0.8167
1.05195
0.0672143
-0.477201
0.787061
-0.0507825
0.398211
7.14987
7.14152
7.21007
7.20009
7.17342
3.79424
5.02403
2.05962
5.57419
3.36745
4.94224
0.701592
0.104122
0.75926
0.61916
-0.13453
0.486715
-0.677965
0.60353
7.13547
7.16049
7.12932
7.13189
7.13704
7.15029
7.16143
7.1611
7.1668
6.75688
7.05656
6.98706
7.02645
6.85979
7.07799
7.02104
6.4435
7.1453
7.17721
7.13798
7.14489
7.18139
7.18162
7.18742
7.12073
7.13017
7.15465
7.15894
7.17385
7.13478
7.21914
7.26036
7.19907
7.18591
7.18404
7.24256
7.22715
7.22401
7.16645
7.17235
7.22457
7.20373
7.20955
7.16997
7.21014
7.30325
7.34841
7.24263
7.2825
7.23038
7.31583
7.28262
7.32542
7.27536
7.11499
7.06332
6.99012
7.17297
7.18125
7.11513
7.10641
6.89135
7.11271
7.30589
7.29882
7.29597
7.35171
7.3381
7.33711
6.0232
3.3228
6.55571
6.54524
5.12276
-3.36838
-0.935646
7.25612
7.2202
7.31093
7.30232
7.261
3.41687
5.84307
6.63456
5.03661
6.46055
-0.775412
7.19909
7.23169
7.19349
7.1952
7.19855
7.2173
7.22621
7.22768
7.23148
6.97533
7.1337
7.10095
7.09156
7.0358
7.15087
7.13425
7.03864
7.2144
7.24582
7.22484
7.2287
7.25722
7.25281
7.25973
7.19797
7.21758
7.23007
7.2248
7.24702
7.21955
7.29831
7.31505
7.28123
7.26265
7.25381
7.31166
7.28343
7.27175
7.23415
7.24053
7.27766
7.25085
7.2638
7.24437
7.26552
7.35925
7.35605
7.30445
7.3429
7.30242
7.33473
7.31454
7.344
7.308
7.2355
7.15132
7.17897
7.22948
7.26135
7.16282
7.20514
7.21421
7.2477
7.36696
7.35529
7.35117
7.35382
7.34848
7.33805
6.88081
6.49144
7.06805
7.06946
7.04184
7.31803
7.27167
7.32397
7.29331
7.23178
6.47412
6.83434
7.11457
7.05676
7.07443
7.24699
7.22965
7.24674
7.25165
7.25091
7.24319
7.25542
7.26587
7.26682
7.10348
7.16247
7.17188
7.11786
7.12367
7.16638
7.1892
7.16317
7.2672
7.2786
7.27023
7.27734
7.28404
7.27265
7.27149
7.24313
7.26084
7.23885
7.24276
7.25081
7.23927
7.31639
7.31607
7.3254
7.29144
7.27899
7.32465
7.29993
7.28049
7.25253
7.27677
7.28263
7.24199
7.27941
7.28074
7.28532
7.34368
7.32581
7.31589
7.33161
7.30465
7.32795
7.30766
7.31763
7.29591
7.28166
7.17357
7.22951
7.24239
7.28561
7.17386
7.2303
7.25965
7.25253
7.33371
7.32355
7.31417
7.31641
7.30358
7.29762
7.17613
7.18002
7.19251
7.20433
7.22454
7.25449
7.19313
7.2612
7.25074
7.19692
7.19322
7.17788
7.23598
7.23487
7.24924
7.21409
7.22797
7.26396
7.28553
7.29287
7.25868
7.27281
7.30468
7.31581
7.1643
7.16812
7.19646
7.14514
7.18212
7.1758
7.21008
7.22083
7.29284
7.30389
7.27784
7.27784
7.29038
7.27937
7.27794
7.24292
7.25626
7.24726
7.22941
7.25448
7.21422
7.31186
7.29227
7.31117
7.29957
7.2728
7.28569
7.27719
7.24378
7.2297
7.27342
7.25141
7.21607
7.25965
7.28077
7.27077
7.3108
7.29901
7.29729
7.30432
7.28609
7.29733
7.28364
7.29176
7.27492
7.27872
7.1718
7.23149
7.2193
7.26627
7.16804
7.229
7.2517
7.24866
7.30431
7.29286
7.28933
7.29569
7.28875
7.2846
7.21899
7.24447
7.2245
7.22589
7.24949
7.26179
7.22963
7.27534
7.27474
7.26801
7.23793
7.24098
7.22488
7.24328
7.25143
7.26086
7.29311
7.29951
7.3187
7.32302
7.3071
7.31659
7.31925
7.31622
7.22568
7.18792
7.22319
7.19898
7.22752
7.20617
7.22734
7.2444
7.31091
7.30979
7.28183
7.28239
7.29218
7.28289
7.28364
7.22738
7.25311
7.24987
7.22834
7.25244
7.21053
7.27459
7.25772
7.25163
7.25606
7.20806
7.21428
7.23587
7.18608
7.19973
7.23919
7.19476
7.17802
7.21695
7.25251
7.23444
7.28965
7.28187
7.26989
7.28034
7.26444
7.27176
7.25695
7.27093
7.25533
7.25315
7.1646
7.22636
7.19963
7.24454
7.16282
7.22377
7.24682
7.24518
7.28967
7.2872
7.28247
7.28482
7.28605
7.28044
7.23101
7.25801
7.23415
7.23743
7.25941
7.28437
7.29181
7.28848
7.28835
7.29849
7.24836
7.25399
7.23133
7.25123
7.25837
7.3122
7.31701
7.3176
7.31242
7.31247
7.30905
7.3096
7.30725
7.3047
7.2413
7.20799
7.22475
7.22562
7.23847
7.22541
7.23936
7.25469
7.30723
7.30244
7.28213
7.28359
7.29126
7.28142
7.2832
7.22676
7.2596
7.26267
7.24177
7.2652
7.23026
7.24324
7.23031
7.17466
7.21688
7.16832
7.14592
7.20148
7.15192
7.14922
7.19439
7.13312
7.12656
7.18004
7.21997
7.21342
7.27572
7.27138
7.2453
7.26323
7.24722
7.2535
7.23628
7.25767
7.24075
7.23987
7.16518
7.22549
7.20359
7.24138
7.17126
7.23122
7.24785
7.25419
7.28121
7.28503
7.27899
7.27869
7.28437
7.27824
7.24348
7.26567
7.24952
7.25391
7.27016
7.28965
7.29767
7.2922
7.28977
7.29578
7.25871
7.26509
7.24596
7.26577
7.27182
7.31083
7.30449
7.30477
7.30352
7.3013
7.29962
7.2944
7.2999
7.29553
7.24189
7.24047
7.25098
7.24282
7.24627
7.25329
7.26039
7.26738
7.30004
7.29731
7.28054
7.2836
7.29103
7.28049
7.28475
7.25595
7.27159
7.27274
7.26578
7.27519
7.26142
7.22171
7.21927
7.12268
7.19148
7.13525
7.11286
7.18886
7.13196
7.11847
7.17929
7.11507
7.13051
7.19546
7.22053
7.24657
7.26963
7.27032
7.23055
7.25474
7.23645
7.24752
7.22853
7.25421
7.23522
7.25352
7.18256
7.24366
7.24529
7.27938
7.20288
7.26372
7.26686
7.28559
7.27802
7.28496
7.27911
7.27909
7.28677
7.28135
7.26586
7.27882
7.28487
7.28144
7.28953
7.29042
7.29562
7.29655
7.29156
7.29658
7.27579
7.27876
7.27002
7.28747
7.28817
7.30239
7.3025
7.29256
7.29949
7.2948
7.29795
7.28976
7.29965
7.2942
7.25624
7.26503
7.27015
7.26364
7.26533
7.27412
7.27852
7.2866
7.29757
7.29814
7.28219
7.28728
7.29458
7.2843
7.28999
7.27298
7.2822
7.28361
7.27988
7.2868
7.28151
7.21648
7.23624
7.1197
7.19032
7.13239
7.10715
7.2076
7.13597
7.15115
7.22964
7.17863
7.19025
7.28065
7.29151
7.35078
7.27276
7.28576
7.22798
7.255
7.23558
7.26172
7.24304
7.26469
7.24377
7.31903
7.2242
7.28897
7.34182
7.37553
7.26239
7.33772
7.3166
7.36386
7.282
7.29034
7.28555
7.28971
7.29789
7.29192
7.2947
7.30262
7.34362
7.31934
7.32167
7.29392
7.29891
7.30842
7.29991
7.30461
7.30073
7.29381
7.30135
7.31934
7.30717
7.30356
7.30963
7.28976
7.30113
7.29492
7.30168
7.29181
7.30659
7.29848
7.27437
7.27934
7.28395
7.27566
7.28858
7.28913
7.29336
7.3099
7.2991
7.30366
7.28826
7.29302
7.29948
7.29302
7.29819
7.2839
7.29045
7.29155
7.29018
7.2965
7.29483
7.2372
7.15399
7.20859
7.15459
7.20713
7.30614
7.37651
7.28077
7.24397
7.26228
7.24546
7.17392
7.21898
7.19664
7.24994
7.1876
7.2172
7.38752
7.27327
7.3509
7.37914
7.28806
7.29981
7.29171
7.25367
7.27955
7.26352
7.20853
7.24364
7.22663
7.21306
7.21757
7.22409
7.28003
7.24742
7.26628
7.32369
7.33113
7.29843
7.30279
7.27459
7.29268
7.28338
7.24906
7.27186
7.26197
7.24429
7.25548
7.257
7.26901
7.26728
7.2721
7.3263
7.30699
7.30495
7.29148
7.30168
7.29515
7.27755
7.28887
7.28478
7.26829
7.2773
7.27472
7.28283
7.28701
7.2888
7.30086
7.29038
7.29999
7.2899
7.29791
35.8456
44.4895
46.1346
25.2562
24.5875
24.5065
23.9614
88.1742
53.5818
88.8914
26.4186
29.3803
26.4598
43.8115
111.437
162.888
147.438
43.9617
25.4082
89.7201
48.0343
94.549
144.966
147.149
33.4241
35.3764
63.2118
66.7231
134.978
156.136
152.422
49.2313
83.7427
97.7599
117.684
136.201
145.257
139.109
121.594
127.994
133.794
132.553
156.177
168.394
161.497
116.087
84.5562
117.513
127.874
165.206
166.217
163.541
114.233
119.901
139.01
137.024
151.657
156.171
146.965
136.22
139.111
139.469
136.784
136.78
138.621
136.166
138.325
133.516
133.289
135.044
155.526
149.711
145.9
140.194
134.94
128.316
132.839
136.788
138.662
140.568
133.093
134.413
132.195
134.487
25.9861
24.6506
24.7865
25.757
25.9646
24.4783
24.9016
22.5628
24.4592
25.8467
26.3377
24.2777
23.8507
21.2514
17.2744
17.3951
17.4284
15.217
17.6944
14.0003
15.5358
23.1405
21.7933
36.9071
14.5128
15.1774
13.8418
14.4387
25.4883
23.702
24.2293
24.9782
25.2096
23.3812
23.6605
21.764
23.6233
18.696
23.0418
11.1674
21.5118
10.1853
16.5737
14.4587
15.126
12.1245
14.0318
13.6589
13.185
14.5668
14.8141
13.4536
14.7768
13.1324
13.9345
12.9343
19.4327
20.4795
16.7664
10.68
7.22903
9.36378
6.71987
5.80596
10.1995
6.40962
6.12756
6.95833
6.15415
6.9675
9.66875
11.8786
10.9393
8.42597
7.33783
9.45339
9.12452
11.4518
11.8663
11.8901
9.84287
10.0262
9.29901
10.3922
6.79346
6.64992
6.72071
6.90884
6.88316
6.91299
6.83146
7.06343
6.86379
7.06891
6.79043
6.92748
6.89173
6.94456
6.96126
7.73573
7.72969
7.14425
6.77933
7.35202
7.13996
9.01103
7.90859
8.75814
7.96071
8.53088
7.78689
8.23175
6.73141
6.91572
6.78233
6.60516
6.67527
6.69469
6.63586
6.88081
6.77589
6.87916
6.71331
6.86585
6.71708
6.85579
6.8273
7.418
7.19323
7.01144
7.04782
7.50087
7.27272
8.62488
8.14277
8.35611
8.80385
7.87782
7.83422
7.18369
6.67169
6.5845
6.63777
6.66701
6.67583
6.66904
6.71009
6.85021
6.72543
6.84471
6.74874
6.83666
6.76687
6.84403
6.85199
7.54467
6.7788
7.19257
6.3037
6.80998
6.15399
6.42676
6.57281
6.29334
6.1401
6.18854
6.43845
6.49971
6.69351
6.72745
6.7355
6.68449
6.70859
6.74171
6.73556
6.82853
6.80089
6.84294
6.77524
6.81835
6.80926
6.82952
6.38597
6.26877
6.32886
6.551
6.59134
6.55307
6.6108
6.57677
6.62771
6.69393
6.67502
6.73086
6.64125
6.71941
6.72001
6.74376
6.73837
6.71053
6.72666
6.73701
6.73442
6.80494
6.79647
6.81025
6.76812
6.78674
6.77493
6.79397
6.67606
6.66102
6.70983
6.65502
6.69447
6.66351
6.71618
6.75185
6.64539
6.73414
6.68942
6.77033
6.64668
6.7848
6.73399
6.7293
6.72466
6.74323
6.74669
6.73053
6.71654
6.77814
6.75694
6.78612
6.77241
6.77926
6.74611
6.78461
6.71172
6.67096
6.72692
6.71106
6.74513
6.68698
6.74175
6.77766
6.67383
6.8107
6.69316
6.76659
6.70405
6.7916
6.75953
6.74279
6.72119
6.773
6.76793
6.75377
6.73504
6.78556
6.74867
6.78568
6.7841
6.79192
6.75917
6.78819
6.7715
6.70207
6.72708
6.72772
6.77727
6.70853
6.69734
6.7396
6.71758
6.75722
6.70798
6.71108
6.7213
6.72783
6.77411
6.76193
6.74859
6.78678
6.7768
6.76729
6.7604
6.79748
6.76957
6.79258
6.78409
6.7988
6.78206
6.79656
6.7714
6.71146
6.67987
6.73752
6.77653
6.71568
6.68746
6.70402
6.72214
6.72438
6.71632
6.70344
6.72236
6.72579
6.77239
6.77293
6.76584
6.78995
6.76449
6.77918
6.76879
6.7955
6.78644
6.79395
6.76767
6.78907
6.7842
6.79119
6.78725
6.72528
6.73464
6.75258
6.79383
6.7429
6.78518
6.7082
6.72661
6.73289
6.72461
6.71756
6.7317
6.74152
6.75853
6.78319
6.77046
6.79001
6.7582
6.78728
6.77523
6.77998
6.77919
6.78482
6.75027
6.77074
6.77409
6.77241
6.78505
6.75105
6.79705
6.77866
6.77625
6.76584
6.78577
6.72854
6.73657
6.74659
6.73796
6.73683
6.74297
6.74681
6.76176
6.79024
6.77701
6.79452
6.76971
6.79612
6.78427
6.76516
6.77034
6.76501
6.75622
6.76351
6.77075
6.75972
6.77878
6.78187
6.7806
6.78686
6.78092
6.78421
6.77839
6.74664
6.75447
6.74819
6.76149
6.76073
6.76805
6.75268
6.78268
6.80177
6.79294
6.80198
6.78989
6.80282
6.79534
6.7636
6.7796
6.75073
6.77073
6.76744
6.7886
6.75104
6.78255
6.78697
6.78397
6.78534
6.78534
6.79401
6.7961
6.77534
6.78221
6.76206
6.77205
6.78818
6.79503
6.79331
6.7977
6.80529
6.80363
6.81661
6.80888
6.8111
6.81383
6.77299
6.79391
6.7607
6.79095
6.78135
6.80345
6.77435
6.79735
6.80303
6.81614
6.80355
6.81949
6.80126
6.83235
6.80194
6.79952
6.81831
6.79123
6.83191
6.79936
6.82534
6.81944
6.81633
6.82026
6.83205
6.82829
6.82983
6.82581
6.7901
6.81504
6.78858
6.80669
6.79699
6.82103
6.79513
6.83195
6.80485
6.8483
6.81462
6.82486
6.80164
6.8572
6.84139
6.79886
6.82118
6.77952
6.83291
6.79834
6.81729
6.83468
6.83379
6.82895
6.85167
6.83586
6.83862
6.83194
6.80439
6.82757
6.80188
6.8184
6.8127
6.83517
6.80748
6.81824
6.80114
6.84098
6.84778
6.82431
6.81503
6.83355
6.81443
6.7973
6.80387
6.79881
6.80566
6.7957
6.79363
6.83703
6.84794
6.83053
6.896
6.85595
6.85645
6.81993
6.82027
6.8313
6.80585
6.81583
6.81495
6.80842
6.80486
6.82748
6.82127
6.81707
6.84379
6.82874
6.81958
6.80353
6.79533
6.78949
6.77995
6.79372
6.78548
6.78058
6.7682
6.85272
6.83371
6.7957
6.84616
6.80477
6.78451
6.74343
6.80915
6.7785
6.79198
6.76608
6.79032
6.74189
6.76934
6.81478
6.80612
6.78355
6.80995
6.7886
6.78382
6.75914
6.76924
6.77008
6.75389
6.75997
6.7518
6.75844
6.74084
6.72855
6.72921
6.67705
6.73165
6.65131
6.67712
6.62448
6.75792
6.68835
6.73849
6.65336
6.72112
6.64065
6.70027
6.75927
6.75883
6.73601
6.75784
6.73341
6.73603
6.71665
6.73921
6.74643
6.73267
6.71879
6.72723
6.73465
6.72521
6.59516
6.64086
6.59116
6.63046
6.56348
6.61399
6.57004
6.68386
6.61128
6.67166
6.57789
6.65703
6.59644
6.65796
6.71369
6.71646
6.70401
6.71566
6.69539
6.70171
6.6935
6.7206
6.72502
6.72108
6.69058
6.71516
6.71775
6.71874
6.54779
6.59999
6.56267
6.59249
6.54434
6.59687
6.56455
6.64568
6.59367
6.65752
6.56334
6.66178
6.6019
6.66692
6.68707
6.69232
6.69169
6.69573
6.6804
6.687
6.6902
6.71198
6.71367
6.71915
6.67811
6.70962
6.71114
6.71981
6.55167
6.60361
6.57534
6.60569
6.56576
6.61716
6.59211
6.66874
6.6201
6.67575
6.62322
6.67833
6.64193
6.68504
6.68345
6.68724
6.69505
6.69653
6.69203
6.68966
6.70292
6.71052
6.71107
6.7218
6.67942
6.71267
6.71152
6.72325
6.58277
6.6365
6.61552
6.64209
6.60596
6.66212
6.64202
6.68664
6.66516
6.69672
6.66174
6.69432
6.68439
6.70579
6.70301
6.6955
6.71401
6.71053
6.71483
6.70309
6.72415
6.71578
6.7134
6.72475
6.69133
6.71942
6.7151
6.72611
6.63567
6.68679
6.66515
6.69008
6.66846
6.71768
6.6873
6.69888
6.70116
6.71088
6.69192
6.71049
6.71575
6.71447
6.72625
6.71336
6.73267
6.73038
6.73735
6.72352
6.74
6.72272
6.718
6.72762
6.71198
6.72703
6.72234
6.72944
6.70001
6.74469
6.7046
6.72171
6.7267
6.76676
6.72222
6.72946
6.72599
6.72365
6.72635
6.74375
6.73648
6.72825
6.74653
6.73548
6.74611
6.75351
6.75538
6.74733
6.75295
6.73197
6.73008
6.7319
6.73874
6.73996
6.74035
6.73561
6.74179
6.78391
6.73488
6.74677
6.7439
6.79031
6.74394
6.74692
6.74339
6.72995
6.74539
6.74812
6.74768
6.72989
6.76364
6.75948
6.7619
6.7756
6.7722
6.77039
6.77231
6.75126
6.75312
6.74127
6.76545
6.763
6.76513
6.7523
6.73285
6.78167
6.75381
6.76424
6.71459
6.77632
6.7584
6.73637
6.74158
6.717
6.73518
6.70983
6.72875
6.70686
6.78023
6.78061
6.78146
6.79199
6.78779
6.78941
6.79017
6.77287
6.77557
6.76368
6.78541
6.78204
6.78399
6.77437
6.72621
6.77958
6.75101
6.78883
6.78089
6.79098
6.76913
6.69152
6.7212
6.70572
6.73434
6.71363
6.74051
6.726
6.79424
6.79647
6.7968
6.7998
6.79956
6.80059
6.80197
6.78948
6.78881
6.78274
6.79492
6.79525
6.79069
6.78791
6.84566
6.80629
6.80296
6.82734
6.86009
6.81556
6.81687
6.76088
6.77058
6.75218
6.84516
6.80944
6.79728
6.77332
6.80388
6.80202
6.80548
6.79939
6.80558
6.80133
6.80608
6.79866
6.79182
6.79094
6.79737
6.79985
6.79374
6.79237
6.85042
6.81694
6.81641
6.82622
6.83295
6.81259
6.80735
6.80147
6.80103
6.76378
6.82836
6.75612
6.78442
6.73045
6.80498
6.80084
6.80535
6.79902
6.80431
6.80009
6.80335
6.80044
6.79648
6.79423
6.8008
6.80023
6.79913
6.7963
6.81697
6.80785
6.79889
6.81209
6.80675
6.80463
6.79366
6.73309
6.7658
6.71406
6.78353
6.72552
6.75769
6.70527
6.80454
6.80007
6.80025
6.80206
6.80362
6.80183
6.79847
6.79883
6.80146
6.79751
6.80411
6.79738
6.80365
6.79782
6.80126
6.8036
6.79188
6.80492
6.79945
6.80512
6.79344
6.73058
6.7579
6.71857
6.78133
6.74616
6.76644
6.7331
6.80242
6.80369
6.7994
6.80183
6.80199
6.80287
6.8
6.797
6.80457
6.7978
6.80189
6.79672
6.80412
6.79743
6.80188
6.8062
6.79745
6.80402
6.80354
6.80616
6.80411
6.76447
6.77974
6.74731
6.79469
6.78078
6.79251
6.7635
6.80088
6.80182
6.79883
6.80001
6.79933
6.79935
6.79619
6.79537
6.80103
6.79553
6.79466
6.79397
6.79602
6.79281
6.80368
6.80538
6.80615
6.80735
6.80312
6.80415
6.80724
6.79396
6.79957
6.78594
6.80395
6.80294
6.80953
6.80513
6.79748
6.79442
6.79273
6.79695
6.79404
6.7904
6.78987
6.79229
6.79198
6.79068
6.791
6.7919
6.7902
6.79009
6.80294
6.80255
6.80639
6.80358
6.80296
6.79987
6.80377
6.80825
6.81036
6.81385
6.80243
6.80943
6.80683
6.81396
6.79386
6.79055
6.79051
6.79828
6.79583
6.79419
6.79274
6.7928
6.7905
6.79172
6.79466
6.79424
6.79257
6.79601
6.80126
6.79815
6.80193
6.79106
6.79719
6.79507
6.79851
6.80911
6.80297
6.81022
6.80114
6.80919
6.79986
6.80566
6.79841
6.79922
6.79611
6.80409
6.80127
6.80427
6.80032
6.79719
6.79623
6.80131
6.80064
6.80074
6.80139
6.80619
6.79703
6.79509
6.79842
6.79222
6.80135
6.80008
6.80246
6.81175
6.80083
6.80158
6.80834
6.81799
6.80735
6.80232
6.80407
6.80904
6.80528
6.81306
6.80846
6.81485
6.81121
6.80585
6.80681
6.81045
6.81157
6.8113
6.81127
6.81361
6.81225
6.80854
6.81225
6.81986
6.8254
6.81786
6.82252
6.83232
6.81673
6.81066
6.83782
6.84214
6.82802
6.82491
6.81584
6.82104
6.81872
6.8236
6.82138
6.82416
6.82414
6.81637
6.81461
6.81641
6.82232
6.82029
6.81709
6.81861
6.83236
6.82359
6.82885
6.83037
6.83537
6.82673
6.83308
6.84867
6.8343
6.83529
6.84823
6.8514
6.83744
6.84384
6.82498
6.8264
6.82745
6.82887
6.82682
6.82798
6.82971
6.82378
6.81913
6.82027
6.82823
6.82665
6.82094
6.82191
6.83661
6.82758
6.83359
6.83201
6.83594
6.82773
6.83224
6.85024
6.83662
6.84837
6.84208
6.84563
6.83489
6.84447
6.82725
6.82859
6.83005
6.83057
6.82768
6.82858
6.8297
6.82798
6.82261
6.82337
6.82971
6.8284
6.82398
6.82456
6.83363
6.82744
6.83024
6.82873
6.83087
6.82649
6.82758
6.83842
6.832
6.835
6.83268
6.83092
6.82765
6.82524
6.82793
6.82819
6.82909
6.82959
6.82679
6.82746
6.82779
6.82784
6.82482
6.82514
6.8282
6.82632
6.82499
6.82532
6.82807
6.82603
6.82552
6.82551
6.8249
6.82523
6.82349
6.82411
6.8245
6.82179
6.82278
6.8188
6.82146
6.81985
6.82557
6.82615
6.82657
6.82553
6.82397
6.82453
6.82438
6.8249
6.82445
6.82497
6.82476
6.8233
6.82338
6.82378
6.82064
6.82358
6.82127
6.81902
6.81494
6.82071
6.81852
6.81336
6.81878
6.81905
6.80871
6.80693
6.81559
6.81739
6.82178
6.82226
6.82233
6.8191
6.81938
6.81973
6.8198
6.82179
6.82184
6.82175
6.81991
6.81993
6.81988
6.81908
6.8079
6.81657
6.8149
6.80746
6.80071
6.81186
6.81097
6.80175
6.81187
6.81493
6.79394
6.79668
6.80806
6.81189
6.81645
6.81711
6.81653
6.81325
6.81343
6.81429
6.8133
6.81787
6.81762
6.81607
6.81485
6.81517
6.81543
6.81259
6.79422
6.80697
6.80716
6.79436
6.78989
6.80254
6.80391
6.79531
6.80388
6.80867
6.78791
6.79644
6.80046
6.80562
6.80993
6.81143
6.80966
6.80815
6.80679
6.80879
6.8063
6.81135
6.81355
6.80889
6.81011
6.80763
6.81187
6.80547
6.78712
6.79909
6.80157
6.78434
6.78603
6.79639
6.79938
6.79745
6.79735
6.80285
6.78824
6.79916
6.79478
6.8001
6.80386
6.80632
6.80325
6.80416
6.8018
6.80417
6.8015
6.80449
6.80983
6.8035
6.80441
6.80234
6.80809
6.80393
6.78707
6.79451
6.79805
6.7834
6.79042
6.79331
6.79714
6.80046
6.79248
6.79705
6.79249
6.80034
6.79051
6.79412
6.80052
6.80268
6.80123
6.80254
6.80019
6.80192
6.80244
6.80146
6.80685
6.80538
6.80084
6.80237
6.80636
6.81032
6.79454
6.79271
6.7969
6.79104
6.79772
6.79264
6.79701
6.79868
6.78875
6.79088
6.79289
6.7963
6.78744
6.78785
6.8005
6.80214
6.80382
6.80569
6.80152
6.80414
6.80542
6.804
6.80682
6.81631
6.80398
6.80674
6.80801
6.81953
6.79944
6.79348
6.79696
6.80169
6.79994
6.79507
6.79686
6.79394
6.78634
6.78534
6.79045
6.79216
6.78576
6.78355
6.80292
6.80692
6.80684
6.81024
6.80428
6.80987
6.80775
6.80857
6.81258
6.81922
6.81067
6.80936
6.81857
6.81811
6.7992
6.79756
6.79659
6.80942
6.79725
6.80038
6.7968
6.79119
6.78603
6.78266
6.79046
6.7911
6.78711
6.78248
6.80564
6.8124
6.80914
6.81326
6.80687
6.81431
6.81003
6.80883
6.82277
6.81692
6.81487
6.80843
6.82389
6.81505
6.79641
6.8029
6.79743
6.80891
6.7976
6.80483
6.79877
6.79254
6.78899
6.78316
6.79446
6.79486
6.79126
6.78435
6.80821
6.81584
6.81108
6.81524
6.80954
6.81723
6.81232
6.80779
6.82349
6.81329
6.81656
6.80754
6.82281
6.8119
6.80019
6.80619
6.80043
6.80931
6.80343
6.80774
6.80245
6.7978
6.79391
6.78655
6.80074
6.80069
6.79651
6.78892
6.81138
6.81879
6.81375
6.81789
6.81313
6.82068
6.8152
6.80809
6.82277
6.81138
6.81852
6.80897
6.82287
6.8111
6.80647
6.80982
6.80472
6.81675
6.80847
6.81198
6.80676
6.80317
6.79939
6.79179
6.80541
6.80494
6.80171
6.79443
6.81547
6.82277
6.81697
6.82217
6.81785
6.82496
6.81879
6.8109
6.82328
6.81217
6.82249
6.81326
6.82375
6.81363
6.80978
6.81415
6.80868
6.81973
6.81116
6.81605
6.81028
6.80618
6.80395
6.79724
6.80783
6.80684
6.80589
6.79977
6.82063
6.82724
6.82104
6.82806
6.82338
6.82965
6.82339
6.81691
6.82461
6.81624
6.82837
6.82045
6.82559
6.81851
6.81292
6.8183
6.81247
6.81973
6.81523
6.82162
6.8156
6.80737
6.80774
6.80221
6.81006
6.80812
6.81001
6.80457
6.82644
6.83246
6.82614
6.836
6.82951
6.83583
6.83007
6.82446
6.82695
6.82198
6.8359
6.82854
6.82956
6.8248
6.81861
6.82588
6.81951
6.82698
6.82308
6.83137
6.82453
6.80914
6.81244
6.80668
6.81425
6.81044
6.81515
6.80868
6.83282
6.83917
6.83457
6.84598
6.83647
6.84352
6.83962
6.8332
6.83354
6.82874
6.84548
6.83798
6.83876
6.83407
6.82883
6.8377
6.83053
6.84085
6.83535
6.845
6.83809
6.81236
6.81772
6.81071
6.82026
6.8149
6.82164
6.81322
6.84049
6.84888
6.84484
6.85648
6.84641
6.85476
6.85006
6.84341
6.84555
6.84107
6.85746
6.84969
6.85328
6.84925
6.84284
6.85337
6.84694
6.85775
6.85161
6.8608
6.85616
6.81823
6.82687
6.8156
6.83347
6.8218
6.83435
6.81755
6.85209
6.86266
6.85685
6.87054
6.8572
6.87229
6.86399
6.85708
6.86294
6.8587
6.87562
6.8676
6.87494
6.87077
6.86241
6.8689
6.86755
6.87399
6.87596
6.87681
6.88143
6.82767
6.84451
6.82183
6.85784
6.83551
6.85692
6.82863
6.863
6.88473
6.873
6.8936
6.87398
6.90044
6.88519
6.88072
6.89033
6.88524
6.90659
6.89591
6.90888
6.90139
6.89243
6.88497
6.8981
6.89797
6.91209
6.89334
6.91606
6.84677
6.87375
6.83927
6.89867
6.86179
6.89458
6.85452
6.8898
6.91918
6.89859
6.93951
6.91234
6.94256
6.91786
6.91324
6.93027
6.91885
6.95183
6.93697
6.95533
6.94207
6.93787
6.90494
6.93492
6.94961
6.96692
6.92974
6.95524
6.88488
6.91827
6.87224
6.95541
6.91662
6.94576
6.89653
6.93966
6.96993
6.94375
7.0062
6.97314
7.00229
6.97663
6.96327
6.98357
6.96885
7.00826
6.99401
7.01499
6.99935
7.00402
6.96876
6.9782
7.02649
7.04163
7.01274
7.00254
6.95665
6.97539
6.93367
7.03002
7.00009
7.00408
6.97527
7.01058
7.04365
7.01456
7.09992
7.05642
7.09263
7.05953
7.02858
7.04828
7.03303
7.08123
7.06862
7.08095
7.07037
7.08442
7.06551
7.03978
7.12504
7.125
7.12039
7.09017
7.04918
7.03656
7.0198
7.11012
7.0935
7.07202
7.06364
7.10624
7.14915
7.1069
7.21566
7.16246
7.20434
7.15957
7.11346
7.11643
7.10932
7.17461
7.15993
7.1545
7.15021
7.16777
7.17475
7.13932
7.21594
7.2059
7.22863
7.19107
7.13993
7.12043
7.10527
7.19098
7.17503
7.15498
7.13707
7.22223
7.25401
7.21163
7.3078
7.26955
7.28932
7.25146
7.2031
7.19553
7.1861
7.26008
7.2369
7.22696
7.21444
7.22995
7.26283
7.22451
7.26684
7.23981
7.26949
7.23329
7.20182
7.1764
7.16104
7.23088
7.21894
7.19072
7.17394
7.29602
7.30957
7.27692
7.3319
7.29646
7.30472
7.2701
7.25526
7.23919
7.23385
7.26608
7.2318
7.21802
7.22189
7.24479
7.27374
7.23811
7.27223
7.24374
7.26968
7.2372
7.22562
7.19787
7.17691
7.22166
7.21748
7.19592
7.17032
7.28617
7.27953
7.26013
7.29956
7.2795
7.27142
7.25746
7.21546
7.18195
7.2228
7.21994
7.22431
7.18289
7.24072
7.23945
7.26457
7.23463
7.25605
7.22949
7.25352
7.22677
7.2041
7.19191
7.16669
7.19131
7.18829
7.18603
7.16394
7.27532
7.26996
7.26279
7.28169
7.26961
7.27113
7.26345
7.24919
7.23683
7.27725
7.25743
7.2655
7.27467
7.29598
7.21637
7.24296
7.21544
7.22988
7.20086
7.23217
7.20402
7.17024
7.17719
7.15524
7.16047
7.15274
7.16865
7.14863
7.26484
7.2714
7.26306
7.27012
7.25923
7.27108
7.26078
7.27434
7.28723
7.29669
7.27449
7.27451
7.28866
7.29149
7.18473
7.22205
7.1944
7.20652
7.17136
7.21563
7.18738
7.13617
7.16029
7.13947
7.12433
7.12877
7.15593
7.13492
7.2551
7.26993
7.25893
7.26207
7.25027
7.26923
7.25607
7.27463
7.28797
7.29023
7.27709
7.27155
7.28619
7.28429
7.16045
7.20999
7.18105
7.19529
7.15457
7.2079
7.17852
7.13406
7.15215
7.1348
7.11104
7.15068
7.15595
7.14565
7.24916
7.26916
7.25637
7.25982
7.24818
7.2701
7.25573
7.27213
7.28629
7.28366
7.27956
7.27047
7.28763
7.28064
7.15146
7.20648
7.17682
7.20584
7.15932
7.21274
7.1871
7.17734
7.15935
7.16244
7.13261
7.22571
7.17748
7.19979
7.24674
7.27327
7.25736
7.26786
7.25236
7.27829
7.26164
7.1939
7.23599
7.2167
7.22361
7.20377
7.23969
7.22196
7.17314
7.20035
7.19978
7.19078
7.20458
7.20829
7.21606
7.22923
7.22797
7.23835
7.23946
7.27735
7.23989
7.25845
7.27124
7.28986
7.28118
7.28592
7.27389
7.29352
7.28315
7.2411
7.26796
7.25603
7.25903
7.24908
7.27
7.26042
7.23136
7.24757
7.24833
7.24075
7.24271
7.25256
7.2548
7.2498
7.25749
7.25922
7.25589
7.26848
7.2649
7.27389
7.27506
7.28663
7.28128
7.28324
7.27819
7.28874
7.28404
7.26088
7.2723
7.26901
7.26913
7.26749
7.27578
7.27506
)
;

boundaryField
{
    fbOut
    {
        type            fixedValue;
        value           uniform 0;
    }
    CAD_patch1
    {
        type            zeroGradient;
    }
    fbGasin
    {
        type            zeroGradient;
    }
    CAD_patch3
    {
        type            zeroGradient;
    }
    fbBioin
    {
        type            zeroGradient;
    }
}


// ************************************************************************* //
