/*--------------------------------*- C++ -*----------------------------------*\
| =========                 |                                                 |
| \\      /  F ield         | OpenFOAM: The Open Source CFD Toolbox           |
|  \\    /   O peration     | Version:  5.x                                   |
|   \\  /    A nd           | Web:      www.OpenFOAM.org                      |
|    \\/     M anipulation  |                                                 |
\*---------------------------------------------------------------------------*/
FoamFile
{
    version     2.0;
    format      ascii;
    class       volScalarField;
    location    "7.8";
    object      p;
}
// * * * * * * * * * * * * * * * * * * * * * * * * * * * * * * * * * * * * * //

dimensions      [0 2 -2 0 0 0 0];

internalField   nonuniform List<scalar> 
10571
(
232.187
194.003
223.243
225.711
295.643
169.026
141.698
166.549
230.023
278.865
147.076
99.9935
114.336
149.023
189.408
238.058
103.849
105.448
169.766
201.771
216.421
147.804
214.404
213.282
152.447
54.5795
38.493
122.045
171.978
73.9988
83.1086
130.571
140.301
180.836
46.9324
73.0249
90.2985
127.404
141.477
172.106
74.9902
41.8222
77.7319
161.027
165.286
32.065
48.627
120.621
39.5247
24.5193
28.7607
27.5938
78.5605
18.7064
40.0438
34.0967
50.8613
97.841
18.7424
30.6501
21.9253
20.1306
23.3816
81.1548
14.8939
10.7276
15.9036
51.629
68.878
15.8089
12.9273
21.3116
25.1348
14.4904
22.8532
25.1594
33.2518
16.5418
12.8824
12.2056
13.5983
37.638
14.3241
13.3501
9.36765
10.8876
12.0124
14.8466
13.6547
12.9844
12.5304
13.212
13.9148
12.8962
12.8983
13.0464
13.3108
13.557
13.1733
12.7006
14.2
13.0803
12.936
13.5591
13.1728
13.6673
13.6481
13.1162
14.2272
14.0466
13.487
13.6181
13.4727
13.3426
13.3709
13.2792
13.4478
12.921
13.6247
12.9978
13.2659
13.3993
13.422
13.2975
13.2425
13.4645
13.583
13.4038
13.3406
13.2587
13.278
13.5333
13.4191
13.6798
13.3943
13.0631
13.2476
13.2157
13.4256
13.1745
13.0425
13.2509
13.2897
13.2112
12.7469
13.0704
13.2826
13.3038
13.3164
13.3029
13.2614
13.3278
13.3055
13.3159
13.2653
13.2428
13.2404
13.4381
13.3976
13.283
13.251
13.2104
13.2249
13.2321
13.4355
13.2027
13.1523
13.217
13.2575
13.2358
13.2857
13.0938
13.0881
13.2695
13.2592
13.2706
13.2748
13.2696
13.2887
13.1774
13.2611
13.2593
13.2488
13.242
13.3638
13.3289
13.2443
13.2986
13.2154
13.2335
13.2195
13.3701
13.2849
13.208
13.2611
13.2774
13.2358
13.3366
13.2016
13.273
13.287
13.2451
13.2319
13.2676
13.2609
13.3021
13.1188
13.2042
13.2266
13.2521
13.2401
13.3518
13.3191
13.2563
13.278
13.2298
13.2469
13.2349
13.3433
13.309
13.2788
13.3002
13.3018
13.3633
13.3352
13.5097
13.2892
13.2793
13.2469
13.2684
13.256
13.3344
13.1849
13.1584
13.2518
13.2714
13.3687
13.3363
13.2742
13.2651
13.2761
13.2968
13.3544
13.3089
13.3813
13.3213
13.3229
13.3513
13.4043
13.3756
13.2972
13.3703
13.3104
13.2848
13.2689
13.3838
13.2987
13.1836
13.2843
13.3109
13.3823
13.3558
13.3061
13.3147
13.3179
13.3287
13.3946
13.3676
13.4789
13.3759
13.3648
13.3603
13.4793
13.4249
13.3123
13.4653
13.3807
13.303
13.2883
13.4438
13.3861
13.2664
13.3261
13.3514
13.4162
13.3851
13.366
13.3718
13.3529
13.3664
13.4421
13.4265
13.47
13.4125
13.3937
13.3715
13.4753
13.4057
13.3328
13.5249
13.4011
13.3119
13.3068
13.4447
13.4112
13.3026
13.3527
13.3823
13.4016
13.3766
13.4038
13.3892
13.3827
13.3922
13.4713
13.4311
13.4598
13.4309
13.4141
13.3552
13.5223
13.4522
13.3365
13.4707
13.3794
13.3146
13.3235
13.4231
13.3444
13.2627
13.3582
13.3895
13.3509
13.3471
13.3693
13.3792
13.4085
13.4047
13.4473
13.4389
13.5071
13.4492
13.4233
13.421
13.8203
13.5279
13.3312
13.3719
13.34
13.316
13.3344
13.3339
13.2754
13.2556
13.3588
13.3793
13.2766
13.2658
13.3161
13.3448
13.4242
13.4041
13.4069
13.4383
13.4412
13.4373
13.4173
13.4522
13.4039
13.463
13.3241
13.2818
13.3021
13.3129
13.334
13.2209
13.2428
13.2865
13.3508
13.3644
13.2137
13.2119
13.2895
13.354
13.4121
13.3885
13.3802
13.4081
13.3642
13.4073
13.3977
13.4462
13.2652
13.4043
13.32
13.2165
13.2746
13.3085
13.3263
13.1441
13.237
13.2984
13.3358
13.3537
13.1904
13.1842
13.2919
13.3596
13.3722
13.3717
13.3698
13.3989
13.3145
13.3653
13.3649
13.4278
13.2927
13.3526
13.314
13.1898
13.2563
13.3043
13.3145
13.1554
13.2556
13.2848
13.3146
13.336
13.214
13.1977
13.2839
13.336
13.3247
13.3431
13.3766
13.434
13.2685
13.317
13.3199
13.4096
13.2374
13.3084
13.3022
13.1676
13.2499
13.2946
13.3019
13.1549
13.2752
13.2633
13.294
13.3157
13.2323
13.2133
13.2729
13.3085
13.2869
13.3131
13.386
13.4521
13.2324
13.2732
13.2849
13.3987
13.181
13.2719
13.2894
13.1796
13.2584
13.2812
13.2898
13.1395
13.2814
13.2446
13.2776
13.2968
13.2513
13.2277
13.2466
13.2714
13.2844
13.3031
13.336
13.3624
13.2166
13.2525
13.2758
13.3878
13.2112
13.2537
13.2763
13.2523
13.2754
13.2696
13.2773
13.1747
13.2795
13.2318
13.2635
13.2794
13.2902
13.2493
13.2235
13.2515
13.2949
13.2989
13.2537
13.2515
13.2004
13.2592
13.2843
13.3476
13.2555
13.2766
13.2569
13.3397
13.2918
13.251
13.2607
13.2995
13.266
13.2227
13.2468
13.2609
13.3487
13.2771
13.232
13.2557
13.2834
13.2796
13.1866
13.2086
13.1867
13.2498
13.2759
13.3205
13.2623
13.2908
13.2292
13.3978
13.2799
13.2241
13.2362
13.4395
13.2302
13.215
13.2286
13.2414
13.3901
13.2877
13.2574
13.2686
13.2671
13.2587
13.1557
13.2108
13.1793
13.2226
13.2544
13.2901
13.2277
13.1991
13.1866
13.386
13.2335
13.1754
13.2034
13.516
13.1908
13.2095
13.2109
13.2181
13.3628
13.277
13.2858
13.2836
13.2545
13.2411
13.1465
13.2026
13.1726
13.2187
13.2395
13.2659
13.2135
13.1885
13.1328
13.3525
13.1882
13.1087
13.1482
13.5768
13.1583
13.1867
13.1806
13.1883
13.2999
13.2519
13.2893
13.2824
13.235
13.2182
13.1491
13.1769
13.2011
13.2235
13.23
13.2428
13.2724
13.2682
13.0956
13.2653
13.1491
13.0599
13.0758
13.4151
13.134
13.1423
13.1307
13.1472
13.2066
13.2126
13.2576
13.2469
13.197
13.1797
13.1533
13.1297
13.2499
13.2119
13.2054
13.2462
13.3307
13.282
13.0539
13.007
13.0332
13.0385
13.0039
13.0324
13.1388
13.0743
13.0613
13.0879
13.053
13.1073
13.2126
13.1591
13.1311
13.1249
13.1513
13.1104
13.2299
13.178
13.1648
13.262
13.295
13.2282
12.9385
12.6103
12.7302
12.9855
12.9481
12.6334
13.0801
12.9879
12.9729
13.0091
12.8831
12.9503
13.1006
13.0488
13.0415
13.0525
13.0955
13.071
13.1404
13.1169
13.1034
13.1817
13.18
13.1405
12.7396
12.1925
12.2094
12.755
12.842
12.4036
12.8566
12.8548
12.8664
12.9161
12.7403
12.8159
12.9373
12.9267
12.936
12.966
13.0081
12.9995
13.0083
13.0313
13.0187
12.9907
13.0209
13.0359
12.537
11.9026
11.449
12.4934
12.7238
12.2847
12.5436
12.6746
12.7498
12.821
12.6579
12.7119
12.7559
12.7928
12.8305
12.875
12.9123
12.8927
12.8523
12.9292
12.9211
12.8197
12.8734
12.9336
12.4329
11.9496
11.1867
12.3505
12.6426
12.1792
12.2339
12.4935
12.6388
12.7387
12.6277
12.5868
12.5443
12.6554
12.7513
12.7982
12.7914
12.7282
12.7244
12.8319
12.8375
12.7602
12.7735
12.8479
12.4791
12.2785
11.604
12.3784
12.6321
12.1625
12.0079
12.3595
12.5838
12.7019
12.5838
12.4628
12.3424
12.5475
12.7044
12.7571
12.6726
12.5853
12.6539
12.7643
12.79
12.7372
12.7221
12.7912
12.6424
12.7758
12.2988
12.5371
12.7049
12.3358
11.9065
12.344
12.6182
12.7353
12.5546
12.4151
12.2158
12.5042
12.7186
12.7706
12.5481
12.4662
12.647
12.7429
12.7933
12.6663
12.7055
12.768
12.8642
13.277
12.981
12.7649
12.8384
12.5954
11.9974
12.473
12.7508
12.8474
12.5649
12.4007
12.1798
12.5226
12.8021
12.8434
12.429
12.3512
12.6864
12.7733
12.845
12.5937
12.7142
12.7835
13.0761
13.5558
13.256
13.0042
12.9841
12.9406
12.2808
12.6965
12.9386
12.9918
12.5799
12.4015
12.2799
12.5881
12.9295
12.9643
12.2518
12.2837
12.7665
12.8615
12.9345
12.5651
12.757
12.8545
13.2479
13.5692
13.3345
13.2117
13.1346
13.1303
12.586
12.9577
13.1326
13.1481
12.7378
12.4711
12.4756
12.7244
13.0757
13.0948
12.2155
12.4628
12.9043
13.0028
13.0661
12.6231
12.8746
12.9879
13.3853
13.6443
13.4806
13.368
13.298
13.3997
13.0655
13.2301
13.3137
13.2926
13.0725
12.5245
12.751
12.9713
13.2328
13.237
12.3631
12.7999
13.1178
13.1729
13.2163
12.8511
13.0627
13.157
13.5045
13.6495
13.5691
13.4926
13.4445
13.6288
13.5908
13.4414
13.4575
13.422
13.2449
13.0392
13.0497
13.2349
13.3913
13.3763
12.5239
13.1522
13.3475
13.3493
13.3667
13.1162
13.2819
13.3426
13.6173
13.7048
13.6594
13.6037
13.5637
13.6327
13.7559
13.5797
13.569
13.5351
13.3244
13.4637
13.4311
13.4957
13.5383
13.5032
13.1717
13.5005
13.5435
13.5097
13.5051
13.4312
13.5061
13.5186
13.7157
13.8057
13.7531
13.6977
13.6605
13.7669
13.8256
13.6937
13.658
13.6304
13.8051
13.9634
13.8395
13.711
13.6525
13.6071
13.7882
13.7363
13.6711
13.6313
13.6153
13.6964
13.6753
13.6569
13.7893
13.8975
13.826
13.7683
13.7383
13.9404
13.8747
13.7685
13.7254
13.7061
14.1684
14.2092
13.9467
13.788
13.7188
13.6845
14.0336
13.8201
13.7463
13.6972
13.6942
13.822
13.7609
13.7331
13.8415
13.944
13.8729
13.8238
13.7972
13.9917
13.8929
13.8139
13.7773
13.7644
14.1741
14.1291
13.9258
13.8179
13.7491
13.7431
14.0344
13.8604
13.7938
13.7089
13.7314
13.8548
13.7974
13.751
13.8707
13.9587
13.8958
13.8539
13.8323
13.9859
13.898
13.8409
13.8177
13.8062
14.0947
14.0512
13.91
13.8412
13.7955
13.7905
14.0032
13.8784
13.8153
13.7523
13.7799
13.8727
13.8332
13.7876
13.8759
13.9582
13.9087
13.8638
13.8409
13.9659
13.9001
13.8593
13.8432
13.8393
14.0229
13.9911
13.9024
13.8628
13.8416
13.8281
13.9679
13.8797
13.846
13.8352
13.8387
13.8937
13.9047
13.8867
13.8754
13.9535
13.9211
13.8627
13.8439
13.948
13.904
13.8713
13.8551
13.8624
13.9769
13.9541
13.9026
13.8716
13.8578
13.8504
13.9361
13.8807
13.8747
13.8649
13.8671
13.9066
13.9336
13.888
13.8915
13.9486
13.93
13.8809
13.8674
13.9369
13.9111
13.8741
13.8614
13.8754
13.9543
13.9341
13.9044
13.869
13.872
13.8688
13.9152
13.8762
13.8646
13.8604
13.8763
13.898
13.8758
13.8726
13.9056
13.9434
13.9296
13.8976
13.8797
13.9309
13.9093
13.8738
13.8658
13.8818
13.9458
13.9267
13.9189
13.8705
13.8843
13.888
13.915
13.8795
13.8535
13.8621
13.8886
13.8902
13.8178
13.873
13.9046
13.9357
13.9198
13.8967
13.8849
13.9227
13.8981
13.8688
13.8671
13.8921
13.9388
13.9229
13.9307
13.8798
13.8897
13.903
13.9264
13.9001
13.8649
13.8692
13.9012
13.9175
13.8554
13.8809
13.8977
13.9244
13.9091
13.8909
13.8839
13.9115
13.8824
13.871
13.8711
13.9007
13.9305
13.9115
13.9206
13.884
13.8896
13.912
13.9284
13.9157
13.8771
13.8786
13.906
13.9502
13.9096
13.8926
13.8899
13.913
13.9006
13.8902
13.884
13.8996
13.8874
13.8798
13.8724
13.8983
13.9208
13.9002
13.9018
13.8818
13.8896
13.912
13.9181
13.9089
13.8782
13.8866
13.9039
13.9294
13.9058
13.8949
13.8909
13.9067
13.8945
13.8809
13.8909
13.8885
13.8856
13.8902
13.8904
13.8928
13.912
13.8923
13.8878
13.8819
13.8943
13.9024
13.9085
13.9007
13.8789
13.8935
13.9031
13.9127
13.8966
13.8959
13.8971
13.9042
13.8913
13.8852
13.896
13.8772
13.8766
13.8884
13.915
13.8975
13.9049
13.8884
13.8828
13.8829
13.8946
13.8895
13.9036
13.8958
13.8808
13.8967
13.8987
13.9059
13.8945
13.8979
13.9043
13.9016
13.8898
13.8917
13.8942
13.8717
13.8681
13.8804
13.9042
13.8938
13.899
13.8842
13.8793
13.8788
13.8842
13.8798
13.8992
13.8897
13.8756
13.8866
13.8903
13.8967
13.8918
13.8968
13.9093
13.8971
13.8899
13.8999
13.887
13.8679
13.8562
13.8767
13.8779
13.8772
13.8937
13.8775
13.8732
13.8668
13.8621
13.868
13.8931
13.8809
13.8654
13.8682
13.8735
13.8888
13.885
13.8824
13.9014
13.8921
13.8887
13.8884
13.8765
13.8707
13.8564
13.8701
13.8566
13.8557
13.8918
13.8714
13.8644
13.8545
13.8423
13.8487
13.8864
13.8705
13.8568
13.8493
13.8543
13.8792
13.8715
13.8626
13.8876
13.8872
13.8828
13.8754
13.8664
13.8756
13.8617
13.8544
13.8371
13.8313
13.8918
13.8698
13.8537
13.8437
13.8218
13.8282
13.8838
13.8637
13.8436
13.8277
13.8325
13.869
13.8574
13.8421
13.8792
13.8871
13.8771
13.8701
13.8597
13.8842
13.8671
13.8415
13.8216
13.813
13.8925
13.8785
13.8454
13.8304
13.8002
13.8021
13.8851
13.8624
13.8261
13.8088
13.8059
13.8609
13.8428
13.8229
13.8813
13.8932
13.8771
13.871
13.8596
13.8918
13.8662
13.8343
13.8062
13.7956
13.8972
13.8866
13.8436
13.8133
13.7771
13.7684
13.8891
13.8638
13.8118
13.7875
13.7706
13.8589
13.8328
13.8038
13.8998
13.9088
13.8825
13.8797
13.8719
13.9047
13.8599
13.8252
13.7724
13.7673
13.909
13.8979
13.8554
13.7936
13.7304
13.706
13.9002
13.8665
13.7986
13.7508
13.7181
13.8621
13.8269
13.785
13.9382
13.9344
13.898
13.8993
13.9014
13.9242
13.847
13.8034
13.7104
13.7003
13.9329
13.918
13.8802
13.7676
13.6332
13.5576
13.9203
13.8836
13.7896
13.7047
13.6222
13.8786
13.8248
13.7643
13.9936
13.9749
13.922
13.9193
13.9522
13.9564
13.8451
13.7483
13.5436
13.5455
13.9713
13.9509
13.8921
13.7312
13.4675
13.1861
13.9533
13.9174
13.7824
13.621
13.4239
13.9076
13.8306
13.7417
14.0232
14.0531
13.9451
13.8623
13.9082
14.0163
13.855
13.6289
13.2403
13.0652
14.0251
14.0017
13.8993
13.6706
13.2312
12.2748
14.0005
13.9611
13.7859
13.5219
13.0063
13.9492
13.853
13.7294
13.9351
14.2212
13.9974
13.6097
13.687
14.1256
13.87
13.4285
12.6593
10.9287
14.0958
14.0622
13.9292
13.5738
12.9497
10.8946
-8.45592
14.0657
14.0168
13.8001
13.4041
12.0285
14.0071
13.8951
13.741
13.9129
14.4667
14.1385
13.5606
13.3601
14.2654
13.9223
13.3552
12.2638
8.18853
0.295388
14.2008
14.1529
13.9746
13.5929
12.8024
10.1232
0.979015
14.1502
14.0899
13.8546
13.3445
10.7848
14.0779
13.9655
13.8091
13.9167
14.5099
14.309
13.6626
13.3098
14.3243
14.0007
13.4363
12.5672
8.58683
1.6415
14.3179
14.2574
14.0412
13.7115
13.0413
10.2175
2.56998
14.2519
14.1844
13.9638
13.5471
11.5618
3.74111
14.1675
14.0617
13.9574
13.8866
14.3894
14.1773
13.6842
13.6261
14.2653
14.1301
13.6587
13.2495
10.3618
2.12979
14.4417
14.3671
14.1124
13.8297
13.4666
11.0282
2.54266
14.3665
14.2644
14.1157
13.7623
12.7011
14.2583
14.168
14.1266
13.9048
14.2834
14.0784
13.7244
13.9843
14.4791
14.2526
13.8812
13.7531
12.3545
14.6081
14.4913
14.1587
13.9679
13.8862
12.2908
-3.73149
14.4882
14.3046
14.2535
14.0649
14.0625
14.332
14.2541
14.2582
13.9761
14.2614
14.0028
13.7474
14.1549
14.5088
14.1147
13.9203
14.1307
14.1402
14.7409
14.5929
14.209
14.144
14.2592
14.0107
14.6092
14.3117
14.327
14.2612
14.3571
14.3904
14.3195
14.3592
14.0717
14.2351
13.958
13.8258
14.2043
14.3847
13.937
13.8692
14.2356
14.3919
14.6956
14.5803
14.1113
14.1751
14.3451
14.3633
14.5927
14.2422
14.3222
14.3477
14.4429
14.3962
14.3476
14.3968
14.1641
14.2212
13.9608
13.9661
14.2323
14.2549
13.8062
13.8645
14.2658
14.3973
14.4704
14.3249
13.8898
14.0853
14.3616
14.4228
14.3861
14.0661
14.2628
14.3495
14.4345
14.3035
14.3215
14.3861
14.2404
14.2352
14.0276
14.0805
14.2682
14.198
13.8252
13.9628
14.2805
14.3764
14.3067
14.1468
13.7005
14.0123
14.338
14.4031
14.1544
13.8096
14.2063
14.3401
14.407
14.0825
14.2566
14.363
14.2997
14.2939
14.1356
14.163
14.3088
14.2312
13.9538
14.0916
14.3105
14.3892
14.2522
14.1031
13.7584
14.0736
14.3509
14.4028
13.9868
13.6768
14.2006
14.3365
14.4093
13.8223
14.2207
14.3585
14.3628
14.4031
14.2628
14.2336
14.3546
14.3275
14.097
14.2015
14.3492
14.4157
14.293
14.1586
13.9401
14.211
14.3887
14.4215
14.0001
13.8306
14.2527
14.3779
14.433
13.8084
14.2684
14.3926
14.4378
14.5154
14.3729
14.317
14.4135
14.4473
14.2662
14.255
14.3569
14.4471
14.3838
14.2769
14.1191
14.2198
14.3787
14.4526
14.133
14.0102
14.2604
14.4237
14.471
14.0461
14.4045
14.4672
14.4942
14.548
14.4234
14.3639
14.4472
14.5018
14.3336
14.3007
14.3823
14.4873
14.4729
14.3627
14.2159
14.2766
14.3936
14.4686
14.255
14.119
14.3679
14.461
14.5009
14.2992
14.572
14.5417
285.006
254.517
292.655
279.316
262.194
297.36
330.83
335.568
241.621
263.644
291.501
241.61
244.868
286.282
262.657
249.501
223.538
266.37
312.734
222.753
264.348
345.488
338.168
319.277
338.656
321.553
249.776
228.715
242.193
225.876
215.885
200.048
161.026
204.881
181.351
151.521
156.8
188.315
223.262
166.405
189.066
282.246
313.367
230.905
266.637
309.728
283.648
268.974
209.328
201.876
144.278
130.388
117.147
107.431
111.97
132.635
148.76
124.937
147.839
160.555
179.019
165.098
183.095
204.878
235.965
200.282
220.645
256.063
253.746
235.381
125.985
113.333
105.433
130.622
138.533
135.895
186.657
165.284
215.675
192.031
193.769
234.916
222.663
205.483
218.917
221.024
217.049
224.303
174.821
223.503
266.531
268.995
275.665
254.277
275.051
233.68
224.501
128.401
227.725
239.304
234.956
206.085
153.851
188.393
241.936
272.627
216.428
205.762
214.126
291.232
225.448
189.528
123.238
204.197
179.936
159.44
115.905
106.989
122.913
111.573
298.911
272.523
297.764
230.308
239.347
216.131
239.68
287.482
237.193
192.068
178.549
182.314
118.613
103.771
105.39
256.45
250.537
231.28
218.988
215.677
124.995
107.115
91.4825
85.6323
88.5414
240.841
223.862
210.515
213.789
203.847
105.037
90.9019
95.8044
107.31
105.91
95.6746
86.902
91.6605
86.5055
210.737
209.324
210.758
195.008
200.499
194.302
201.373
201.401
123.922
86.8984
184.711
187.461
84.2508
91.6823
69.9643
219.471
204.28
125.762
156.554
101.851
182.133
50.5101
33.2545
117.618
51.5134
79.9322
46.044
34.5275
37.4269
136.376
153.673
71.2157
61.9641
97.1446
165.227
114.396
65.9556
28.5642
40.3808
68.6755
77.8871
30.2705
28.4975
29.6784
37.2452
182.552
168.98
184.408
121.228
132.369
122.931
136.098
184.932
137.341
51.9867
33.2272
40.672
22.8482
22.2518
22.0243
174.786
172.004
136.035
133.17
133.431
59.5145
67.6544
23.5377
28.1195
27.4899
170.918
168.222
128.919
130.071
124.005
67.4678
25.9275
76.36
66.7512
69.297
45.8986
69.2451
26.0236
44.0348
168.422
142.935
161.805
101.899
114.593
84.9959
102.617
117.495
56.6172
29.1231
26.7409
25.578
18.7931
17.1896
18.6907
90.7726
32.1247
18.989
39.6325
18.0508
65.8164
29.9393
25.4398
32.9311
33.0714
33.0325
30.8344
28.9641
31.3705
38.3391
55.3432
32.4723
32.8282
38.6972
74.4378
48.3984
19.3722
17.7401
28.101
20.1168
21.4569
20.5762
25.6947
18.8299
21.6358
91.6064
82.6783
95.7083
48.4012
61.3405
50.862
63.5859
98.3661
67.5586
18.9951
19.9981
18.741
18.6744
18.707
18.4824
91.9223
94.4986
65.5346
53.1009
55.5362
17.1769
14.2367
17.3141
15.9828
14.3061
85.8924
75.4687
38.9103
45.6029
34.5927
14.337
13.1791
32.6943
13.6117
15.1089
11.3722
9.16268
12.0602
11.1477
64.5974
34.4527
45.0598
19.6526
27.9358
16.6313
21.904
32.7519
16.4027
12.5831
14.928
15.9486
14.0485
13.7369
13.7521
14.7911
14.2203
12.6494
12.4393
13.384
13.5024
16.2928
12.7146
23.9312
19.5158
24.1703
14.313
12.7258
13.0303
26.0146
28.9994
16.5201
15.9296
19.4562
33.2215
22.4775
15.3195
14.0532
17.523
15.0454
18.1072
13.1504
12.6034
13.2693
12.8677
39.7095
26.6029
38.6237
20.8786
25.3474
13.9235
21.8505
41.7592
24.6254
15.1877
15.0419
15.4163
13.6645
13.7261
13.4015
22.7234
24.987
18.2528
13.6986
13.9091
14.6099
14.5967
13.6375
13.7034
14.25
18.2342
13.844
12.785
12.8387
12.8549
14.4016
14.4184
13.4575
13.2763
13.0513
13.7745
15.1097
13.4014
13.3101
13.4534
13.2826
13.9705
13.199
12.9889
12.9046
12.8786
12.9581
13.0166
13.1559
13.2628
13.1565
12.711
13.3315
13.2474
12.7728
13.0606
13.231
12.9116
13.1187
13.0592
13.4506
13.305
13.2767
13.4931
13.3757
13.4226
13.2559
13.3735
13.0913
14.2775
13.2957
13.2838
13.22
16.2676
13.6237
13.7464
13.6167
13.4199
13.4511
12.8824
13.4993
13.4599
13.5065
13.3604
17.143
13.1821
14.2574
13.2636
13.7836
13.2128
13.2288
15.9801
13.4164
13.6849
13.6784
13.3748
13.6771
13.7226
13.555
13.4557
13.4764
13.2268
13.272
13.2136
13.5671
13.8699
13.5961
13.558
13.6773
13.616
13.5549
13.1875
13.1447
13.1711
13.9752
13.7354
14.1261
13.3846
13.2768
13.3928
13.535
13.4396
13.3273
13.3693
13.0435
13.2923
13.1842
13.0894
13.0402
13.0813
13.1606
13.2693
13.3458
13.4379
13.2522
13.119
13.1926
13.1433
13.008
13.2492
13.2496
12.8776
13.0301
12.9805
13.2849
13.3339
13.2639
13.2634
13.2459
13.3691
13.3331
13.3715
13.2419
13.2261
13.2957
13.273
13.2548
13.2211
13.25
13.5311
13.4436
13.3268
13.4582
13.4048
13.3441
13.3114
13.3725
13.3308
13.245
13.1572
13.2249
13.254
13.2459
13.2015
13.2267
13.2242
13.2128
13.618
13.6829
13.5711
13.5225
13.6112
13.5025
13.2687
13.2936
13.2473
13.2223
13.2386
13.2208
13.2319
13.203
13.2039
13.2425
13.2362
13.2606
13.2406
13.2483
13.514
13.6241
13.4877
13.4627
13.5969
13.2063
13.2609
13.2079
13.2232
13.2002
13.2299
13.1914
13.2587
13.2441
13.2284
13.2355
13.2528
13.2339
13.2316
13.6443
13.5868
13.4647
13.4979
13.3886
13.4441
13.4728
13.5318
13.4328
13.2584
13.0806
13.1592
13.2063
13.1701
13.041
13.0987
13.2266
13.3574
13.3739
12.9887
13.0603
13.2574
13.0973
13.1365
12.872
12.8454
12.9168
12.9675
12.9147
13.0801
13.2943
13.2795
13.2813
13.278
13.278
13.2838
13.2871
13.2873
13.2771
13.2669
13.2733
13.2714
13.2768
13.2628
13.2711
13.3734
13.3276
13.2902
13.3112
13.2853
13.2765
13.2658
13.2743
13.2572
13.2593
13.2286
13.2504
13.267
13.2685
13.2545
13.2619
13.2356
13.2387
13.2518
13.2466
13.2422
13.2537
13.2476
13.2571
13.4324
13.5421
13.4323
13.3724
13.4862
13.3839
13.2331
13.2362
13.2319
13.2499
13.2374
13.2272
13.2284
13.2508
13.2374
13.2468
13.2436
13.2527
13.2365
13.2452
13.4142
13.5629
13.3931
13.3715
13.5107
13.2185
13.2462
13.2076
13.232
13.2251
13.2379
13.227
13.2374
13.2337
13.2343
13.2276
13.2381
13.2284
13.2353
13.5351
13.4782
13.4356
13.5293
13.4638
13.4046
13.3907
13.4974
13.479
13.2131
13.0496
13.1377
13.2302
13.2256
13.0915
13.1507
13.2212
13.2687
13.238
13.2345
13.2358
13.2363
13.399
13.4267
13.1997
13.2421
13.3121
13.262
13.2935
13.079
13.089
13.1657
13.1629
13.2052
13.1334
13.2672
13.2512
13.2861
13.2821
13.2796
13.2861
13.27
13.2736
13.2675
13.2806
13.2781
13.2698
13.2784
13.2767
13.2766
13.3027
13.2891
13.2433
13.2546
13.2331
13.2481
13.2233
13.2504
13.2138
13.2743
13.266
13.27
13.2692
13.2754
13.2709
13.2734
13.2579
13.2475
13.2637
13.2489
13.2459
13.2557
13.2444
13.257
13.3441
13.4464
13.3597
13.3374
13.4189
13.3527
13.2366
13.2178
13.2304
13.2483
13.2375
13.2119
13.2218
13.2532
13.2295
13.2439
13.242
13.2539
13.2233
13.2421
13.3451
13.4617
13.3527
13.3391
13.4263
13.2278
13.2376
13.2407
13.2343
13.2359
13.2443
13.251
13.2366
13.2311
13.2421
13.2194
13.2377
13.2387
13.2511
13.4271
13.3961
13.3639
13.4598
13.4769
13.3493
13.3512
13.4282
13.4606
13.2477
13.1865
13.193
13.2916
13.2538
13.3138
13.2437
13.2426
13.2667
13.2516
13.2419
13.2374
13.2475
13.4502
13.4606
13.2998
13.3199
13.3564
13.33
13.3446
13.2634
13.2566
13.2691
13.3638
13.2914
13.4689
13.2427
13.2573
13.2824
13.2583
13.2689
13.2806
13.2539
13.2734
13.2769
13.276
13.2821
13.2796
13.2759
13.2702
13.2694
13.2882
13.2994
13.2205
13.2484
13.1988
13.2546
13.238
13.2554
13.2032
13.2778
13.2683
13.2782
13.2538
13.2748
13.2683
13.2874
13.2722
13.2758
13.3428
13.4044
13.3527
13.3559
13.3955
13.3602
13.2454
13.2213
13.2406
13.2503
13.2576
13.2401
13.2629
13.2623
13.2224
13.2529
13.2463
13.2645
13.2448
13.2603
13.3375
13.3969
13.3588
13.3454
13.3768
13.2689
13.2817
13.3084
13.2641
13.2852
13.2865
13.328
13.2631
13.245
13.2688
13.2611
13.2758
13.2553
13.2711
13.3825
13.379
13.3461
13.4036
13.4331
13.3457
13.3333
13.3874
13.4033
13.2888
13.3669
13.3017
13.3036
13.3064
13.3481
13.3111
13.3067
13.4534
13.4304
13.3435
13.3613
13.3563
13.3394
13.356
13.3747
13.3286
13.3811
13.305
13.3479
13.4153
13.2862
13.3244
13.2912
13.2691
13.288
13.3027
13.2943
13.3058
13.2887
13.2779
13.2924
13.2952
13.2779
13.2745
13.2786
13.3272
13.3578
13.266
13.2897
13.2291
13.3181
13.3082
13.3352
13.2697
13.2856
13.2737
13.2952
13.2585
13.2893
13.2771
13.3004
13.2908
13.2972
13.3688
13.3941
13.3727
13.3828
13.4034
13.3875
13.2681
13.3059
13.288
13.2805
13.2609
13.3577
13.3667
13.3742
13.362
13.3646
13.3884
13.3112
13.3064
13.285
13.3302
13.3804
13.3873
13.3187
13.3832
13.3887
13.3709
13.3153
13.392
13.3901
13.3302
13.3533
13.3428
13.3465
13.3524
13.3713
13.3623
13.3484
13.4114
13.4044
13.3287
13.3311
13.3551
13.3273
13.3126
13.2808
13.3538
13.4312
13.321
13.3947
13.3837
13.3657
13.3991
13.3146
13.3304
13.3252
13.3275
13.3642
13.3414
13.3027
13.2846
13.3034
13.3114
13.2905
13.2866
13.2945
13.3941
13.4366
13.3691
13.3774
13.319
13.423
13.419
13.4079
13.3801
13.2994
13.2807
13.3068
13.2777
13.3092
13.2833
13.3133
13.311
13.3214
13.418
13.4215
13.407
13.4642
13.444
13.4287
13.3117
13.3179
13.3249
13.3268
13.3309
13.3709
13.3719
13.3998
13.3947
13.3809
13.345
13.3459
13.3484
13.3699
13.3609
13.4022
13.4206
13.3238
13.4087
13.396
13.4174
13.3355
13.4322
13.4085
13.3708
13.4001
13.3864
13.3983
13.3869
13.418
13.4026
13.3806
13.4043
13.4035
13.3481
13.3267
13.364
13.3675
13.3437
13.4398
13.4561
13.5345
13.5314
13.5028
13.4327
13.4228
13.4354
13.3362
13.3899
13.3522
13.3411
13.4012
13.3568
13.3219
13.2978
13.3236
13.3294
13.3042
13.3029
13.3103
13.4688
13.4813
13.447
13.4328
13.4426
13.5015
13.4602
13.4732
13.4732
13.3174
13.2877
13.3206
13.2973
13.3255
13.2938
13.3269
13.3372
13.351
13.4832
13.4638
13.4498
13.4703
13.4715
13.4615
13.348
13.3528
13.3687
13.3631
13.3701
13.4146
13.3807
13.4168
13.4106
13.3715
13.3841
13.378
13.3809
13.3971
13.3913
13.4367
13.4483
13.3559
13.4579
13.44
13.4696
13.3706
13.4803
13.4694
13.3987
13.4262
13.4143
13.4249
13.4085
13.434
13.4243
13.4049
13.3984
13.3949
13.3575
13.3517
13.3599
13.3276
13.3396
13.5013
13.4878
13.4077
13.4567
13.4559
13.411
13.4369
13.428
13.3507
13.4014
13.3574
13.3532
13.3938
13.3544
13.3312
13.3104
13.3358
13.333
13.3165
13.3174
13.3252
13.4936
13.5165
13.4637
13.5446
13.4786
13.5024
13.4529
13.5814
13.4734
13.3312
13.2998
13.3302
13.3154
13.3353
13.3063
13.3316
13.3596
13.3667
13.4428
13.4673
13.4533
13.4158
13.4511
13.4299
13.3759
13.3821
13.3895
13.3822
13.3876
13.3888
13.36
13.38
13.3674
13.3422
13.4063
13.4022
13.3995
13.4108
13.4089
13.4496
13.4385
13.3768
13.4975
13.4774
13.4632
13.3867
13.5109
13.4518
13.4165
13.4461
13.4334
13.4408
13.4251
13.4601
13.4424
13.4206
13.4038
13.4244
13.3395
13.3422
13.3849
13.3482
13.3733
13.4612
13.4776
13.807
13.4928
13.5992
13.4964
13.4086
13.3827
13.3506
13.3795
13.3485
13.3464
13.3631
13.3418
13.3332
13.3228
13.3345
13.3321
13.3283
13.3322
13.3377
13.5063
13.4536
13.4281
13.5347
13.4427
13.4233
13.3949
13.4545
13.4026
13.339
13.3126
13.3346
13.3304
13.3434
13.319
13.3388
13.368
13.3666
13.3931
13.4178
13.3951
13.3595
13.3759
13.3525
13.3822
13.3871
13.387
13.3795
13.3844
13.3377
13.3181
13.3144
13.3
13.2914
13.4128
13.4119
13.4064
13.4123
13.4107
13.4204
13.4025
13.4091
13.5063
13.4177
13.4263
13.4276
13.4851
13.385
13.4293
13.4695
13.4466
13.4467
13.4284
13.4652
13.4447
13.4228
13.4269
13.425
13.2895
13.3711
13.4431
13.2416
13.3568
13.5169
13.6979
13.5942
13.5066
13.7089
13.4983
13.3548
13.3268
13.3414
13.3452
13.3348
13.3353
13.3276
13.3274
13.329
13.3316
13.3271
13.3241
13.3317
13.3402
13.3396
13.3861
13.3248
13.3589
13.3822
13.3584
13.3242
13.3238
13.3238
13.3193
13.3463
13.3262
13.345
13.3354
13.3472
13.3315
13.3508
13.3623
13.3619
13.3148
13.3324
13.3098
13.2658
13.2902
13.2701
13.373
13.3785
13.3733
13.3687
13.3728
13.2648
13.2709
13.2425
13.233
13.2553
13.4089
13.4057
13.3989
13.4026
13.4021
13.3864
13.369
13.4378
13.461
13.3748
13.392
13.4328
13.4393
13.3759
13.4211
13.4488
13.4332
13.424
13.4103
13.4276
13.4193
13.408
13.4264
13.4353
13.2545
13.345
13.463
13.2829
13.3134
13.4716
13.6189
13.2935
13.4326
13.4475
13.4324
13.3005
13.278
13.3283
13.3113
13.3192
13.3187
13.2966
13.3103
13.3191
13.3293
13.322
13.3154
13.3255
13.3364
13.332
13.2681
13.2201
13.2926
13.2713
13.285
13.2451
13.2652
13.2231
13.2556
13.3452
13.3315
13.3503
13.3308
13.3406
13.33
13.3451
13.3596
13.3526
13.2213
13.2491
13.2347
13.1893
13.2142
13.2036
13.3592
13.3643
13.3604
13.3502
13.3572
13.206
13.2405
13.1939
13.1897
13.228
13.3932
13.3963
13.3811
13.3844
13.3904
13.3525
13.3372
13.4225
13.4218
13.377
13.3729
13.3989
13.4082
13.374
13.3955
13.4041
13.4008
13.3868
13.3774
13.3848
13.3818
13.3844
13.4341
13.428
13.2947
13.3051
13.4324
13.2913
13.2966
13.4047
13.3398
13.2837
13.3752
13.3369
13.3769
13.2603
13.2467
13.3092
13.2832
13.3015
13.3007
13.272
13.2931
13.313
13.3211
13.3175
13.3122
13.316
13.3267
13.3218
13.1926
13.1713
13.2433
13.1818
13.2323
13.1993
13.2276
13.169
13.2163
13.3335
13.3263
13.3366
13.3208
13.3262
13.321
13.3283
13.3459
13.3399
13.1809
13.1879
13.1832
13.1912
13.1755
13.1766
13.3456
13.3539
13.3466
13.3428
13.351
13.1926
13.2254
13.201
13.2115
13.2329
13.374
13.3776
13.3587
13.3625
13.36
13.3322
13.3333
13.3789
13.4
13.375
13.3711
13.368
13.3959
13.3711
13.3547
13.3629
13.3576
13.3422
13.3291
13.3407
13.3335
13.3436
13.4197
13.4112
13.2992
13.2714
13.4237
13.3327
13.2659
13.3487
13.3138
13.2711
13.3275
13.2594
13.329
13.2363
13.2284
13.2933
13.2649
13.286
13.2867
13.2598
13.2801
13.3122
13.3112
13.3083
13.3103
13.3069
13.3167
13.3115
13.1879
13.1878
13.2174
13.1713
13.2053
13.1798
13.2105
13.1583
13.1919
13.3189
13.3153
13.3206
13.3083
13.3121
13.3101
13.3135
13.3301
13.3208
13.196
13.1762
13.1812
13.1857
13.1808
13.1866
13.3364
13.3427
13.3265
13.3299
13.3346
13.2279
13.243
13.2244
13.2361
13.2511
13.3459
13.343
13.3271
13.3316
13.3297
13.3415
13.3513
13.3686
13.3934
13.3715
13.384
13.3886
13.3959
13.3847
13.302
13.3221
13.3098
13.2943
13.2769
13.3014
13.2901
13.2979
13.4031
13.4042
13.3693
13.2985
13.3968
13.3828
13.3372
13.31
13.2149
13.1961
13.2867
13.1755
13.2904
13.2239
13.2244
13.2811
13.2579
13.2755
13.2771
13.2582
13.2722
13.307
13.3023
13.2958
13.3023
13.2976
13.3061
13.3006
13.1475
13.1167
13.2045
13.1234
13.1784
13.1641
13.204
13.0969
13.1697
13.3049
13.3041
13.3064
13.2959
13.2981
13.2975
13.2992
13.311
13.3029
13.1628
13.1832
13.1907
13.1597
13.1892
13.1983
13.3205
13.3235
13.306
13.3083
13.3121
13.2401
13.2601
13.2398
13.2463
13.2677
13.3202
13.3178
13.3058
13.3135
13.3096
13.3589
13.3578
13.3947
13.39
13.385
13.3688
13.3669
13.3708
13.3638
13.2615
13.2795
13.272
13.2562
13.2583
13.2612
13.2617
13.2773
13.4046
13.3923
13.376
13.366
13.3998
13.3691
13.379
13.2654
13.1634
13.1945
13.2523
13.1808
13.2589
13.2312
13.2444
13.2747
13.2609
13.2713
13.2729
13.2652
13.2712
13.2961
13.2935
13.2832
13.2891
13.2903
13.2945
13.2882
13.1338
13.1799
13.2128
13.1037
13.1704
13.2156
13.2299
13.1456
13.1771
13.2909
13.2907
13.2924
13.2838
13.2844
13.284
13.285
13.2948
13.2869
13.1804
13.2046
13.2119
13.217
13.2312
13.2377
13.2957
13.3003
13.2885
13.2856
13.2908
13.2566
13.2708
13.2682
13.2714
13.2725
13.3071
13.3019
13.3026
13.3034
13.2963
13.344
13.3226
13.3163
13.3404
13.3308
13.2975
13.2548
13.3071
13.2892
13.2615
13.2465
13.2551
13.2611
13.2693
13.2461
13.2835
13.28
13.3676
13.3372
13.3576
13.3684
13.3661
13.3381
13.3412
13.2521
13.2134
13.2346
13.2628
13.2367
13.2589
13.264
13.2831
13.2714
13.2708
13.2713
13.2689
13.275
13.2702
13.2806
13.284
13.2676
13.2708
13.2727
13.2801
13.2692
13.2416
13.3107
13.2533
13.2088
13.1967
13.289
13.2787
13.3013
13.2332
13.277
13.2772
13.2781
13.2693
13.2693
13.2698
13.2705
13.2786
13.2703
13.2644
13.2703
13.2763
13.3213
13.316
13.3234
13.2767
13.2812
13.2705
13.2689
13.2731
13.2911
13.2764
13.3173
13.3164
13.2789
13.2963
13.2919
13.2906
13.289
13.2852
13.3037
13.2843
13.2001
13.277
13.2571
13.2151
13.155
13.2547
13.2356
13.2843
13.2757
13.3133
13.2591
13.288
13.3037
13.3087
13.2837
13.3073
13.2796
13.3059
13.305
13.333
13.2793
13.2571
13.2706
13.2543
13.262
13.2668
13.2518
13.2991
13.2996
13.3082
13.2648
13.2778
13.2674
13.257
13.2757
13.2602
13.2596
13.2586
13.2441
13.2473
13.2453
13.2575
13.2469
13.3936
13.4892
13.3029
13.4318
13.2976
13.3834
13.3189
13.5309
13.3517
13.26
13.2617
13.2619
13.249
13.2495
13.2515
13.2524
13.261
13.2512
13.389
13.3624
13.373
13.4563
13.4131
13.4261
13.2607
13.2628
13.2513
13.2518
13.2535
13.3426
13.2834
13.3716
13.364
13.2886
13.2781
13.2798
13.269
13.2692
13.2744
13.2658
13.2431
13.1207
13.2349
13.2174
13.1669
13.0988
13.2188
13.2062
13.2794
13.2893
13.2887
13.2343
13.2663
13.2593
13.2677
13.2648
13.2544
13.2353
13.2658
13.2781
13.3048
13.2835
13.3183
13.237
13.2761
13.2547
13.2066
13.2798
13.2481
13.3095
13.3002
13.2436
13.2683
13.2467
13.2244
13.2548
13.2271
13.2331
13.2315
13.2096
13.2144
13.2163
13.2359
13.224
13.5367
13.5145
13.3245
13.5374
13.3631
13.3935
13.3183
13.5091
13.3385
13.2382
13.24
13.242
13.2236
13.226
13.2259
13.229
13.2403
13.2279
13.4942
13.4488
13.4622
13.4727
13.4487
13.461
13.2417
13.2417
13.2304
13.2307
13.2314
13.3806
13.2941
13.3869
13.381
13.2954
13.2581
13.2665
13.2495
13.2494
13.2584
13.2273
13.2184
13.0883
13.2077
13.2004
13.149
13.0892
13.1961
13.1945
13.2537
13.2308
13.2497
13.2168
13.2443
13.2131
13.2384
13.2457
13.2255
13.2209
13.2916
13.3129
13.275
13.2776
13.3016
13.1712
13.2504
13.2179
13.1634
13.2369
13.1662
13.2873
13.2738
13.2044
13.2364
13.2062
13.1828
13.2161
13.1848
13.1905
13.1968
13.1581
13.1617
13.171
13.2055
13.1805
13.4686
13.4423
13.3021
13.4672
13.3041
13.3729
13.2848
13.4361
13.2728
13.2097
13.2084
13.2138
13.1784
13.19
13.1864
13.1966
13.2131
13.1965
13.4416
13.4239
13.4309
13.422
13.3914
13.3926
13.2185
13.2183
13.2044
13.2051
13.2053
13.3596
13.289
13.3314
13.3292
13.2785
13.2388
13.2511
13.2321
13.2294
13.2443
13.2115
13.2034
13.0929
13.183
13.184
13.1469
13.0977
13.1766
13.1732
13.2382
13.2153
13.2348
13.223
13.2344
13.2301
13.2374
13.2352
13.2151
13.2081
13.2622
13.2872
13.2486
13.2485
13.2721
13.1877
13.2387
13.2201
13.2585
13.2411
13.2319
13.255
13.2266
13.1637
13.1973
13.1633
13.1449
13.1807
13.1422
13.132
13.1394
13.1113
13.1045
13.1037
13.1499
13.114
13.4239
13.3979
13.2563
13.4171
13.2329
13.3226
13.2103
13.3899
13.1762
13.1621
13.1601
13.1755
13.1137
13.1311
13.1275
13.149
13.1771
13.1536
13.4026
13.356
13.349
13.3558
13.3135
13.2957
13.1887
13.1881
13.171
13.1705
13.1699
13.3003
13.2652
13.2616
13.2652
13.2448
13.2133
13.2318
13.2032
13.1978
13.2191
13.1933
13.1837
13.1072
13.1734
13.1657
13.1512
13.1248
13.1704
13.1636
13.2312
13.2403
13.2378
13.2205
13.223
13.2408
13.2324
13.2203
13.2041
13.2047
13.2386
13.2681
13.2441
13.2485
13.2819
13.3365
13.3037
13.3224
13.3807
13.3483
13.2874
13.1853
13.1297
13.1221
13.1554
13.1185
13.0886
13.113
13.084
13.0804
13.0737
13.0791
13.0592
13.043
13.079
13.0437
13.3523
13.2772
13.1524
13.3303
13.1145
13.1619
13.0883
13.2333
13.054
13.0944
13.0846
13.1151
13.0403
13.0642
13.0336
13.0771
13.1251
13.093
13.2822
13.2525
13.2221
13.1757
13.1667
13.1268
13.1479
13.1453
13.1212
13.1243
13.1226
13.2134
13.2158
13.1332
13.1446
13.1786
13.1749
13.198
13.159
13.156
13.1787
13.1766
13.1707
13.1464
13.1681
13.17
13.1556
13.178
13.1669
13.1841
13.2101
13.2317
13.2203
13.1969
13.1922
13.2132
13.2024
13.1868
13.2073
13.2164
13.2789
13.2891
13.2675
13.2987
13.274
13.372
13.3321
13.3172
13.3353
13.3064
13.2603
13.04
12.8999
13.0369
13.0413
13.0281
12.9627
12.9299
12.9458
13.0293
13.0118
13.0102
12.9845
12.9753
13.0102
12.9767
13.1727
13.0309
12.9811
13.0989
12.9923
12.8224
12.8114
12.9258
12.8968
13.0261
12.9737
13.0311
12.9858
12.9981
12.9236
12.9942
13.045
13.0091
13.0421
13.0626
13.018
12.8991
12.9472
12.9012
13.0927
13.0888
13.0536
13.0636
13.0607
13.0654
13.1359
12.97
12.9835
13.0869
13.1242
13.1504
13.1011
13.1013
13.1247
13.1558
13.1274
13.199
13.164
13.1976
13.1316
13.1865
13.1482
13.1925
13.1702
13.1887
13.1768
13.1499
13.144
13.1579
13.1481
13.1381
13.2226
13.2212
13.2868
13.2928
13.2516
13.2465
13.265
13.291
13.2936
13.2457
13.2403
13.258
13.189
12.6809
12.346
12.8646
12.7492
12.8364
12.7462
12.5488
12.7044
12.9153
12.9207
12.8462
12.827
12.8542
12.9351
12.8808
12.856
12.6592
12.5379
12.7156
12.744
12.3854
12.1615
12.4943
12.489
12.9544
12.8925
12.9454
12.9012
12.9121
12.8783
12.9092
12.9726
12.9386
12.7594
12.8253
12.7825
12.6441
12.715
12.6725
13.024
13.0169
12.9684
12.9888
12.9815
12.9022
13.0336
12.8062
12.8262
12.9822
13.0497
13.0771
13.014
13.0147
13.0392
13.0897
13.0466
13.1577
13.1088
13.1624
13.0523
13.1207
13.062
13.1023
13.1102
13.121
13.1117
13.0781
13.0728
13.0816
13.0746
13.064
13.1769
13.1069
13.1518
13.1723
13.0786
13.0436
13.0673
13.1726
13.1918
13.1015
13.1019
13.116
13.09
11.8689
11.5905
12.6055
12.2885
12.5523
12.4709
12.018
12.4052
12.7258
12.7745
12.6309
12.6262
12.6976
12.8199
12.7556
12.4698
12.354
11.7349
12.2942
12.1718
12.0033
11.4598
12.121
11.8297
12.8584
12.8526
12.8689
12.782
12.8079
12.8124
12.8286
12.9023
12.8674
12.574
12.6273
12.5884
12.5443
12.5629
12.5218
12.9427
12.9293
12.8707
12.9042
12.889
12.7636
12.93
12.6907
12.7171
12.8793
12.9648
12.9888
12.9215
12.9222
12.9432
13.0019
12.9585
13.0732
13.0171
13.0347
12.9637
13.0105
12.969
12.9675
13.0256
13.035
13.0268
12.982
12.9776
12.9897
12.9811
12.9694
13.027
12.93
12.9367
12.958
12.8934
12.8389
12.8646
13.0277
13.0272
12.9449
12.9635
12.9469
12.9838
11.4426
11.4769
12.3576
11.7646
12.2934
12.2868
11.6349
12.2392
12.5357
12.6275
12.4682
12.4694
12.5717
12.6951
12.6444
12.2865
12.2691
11.3239
12.0103
11.5711
11.8894
11.3134
11.9743
11.4267
12.7584
12.7601
12.7874
12.6764
12.7167
12.7072
12.7482
12.8326
12.799
12.5043
12.5182
12.4759
12.452
12.4868
12.443
12.8578
12.8416
12.778
12.8191
12.8013
12.6813
12.8263
12.6379
12.6485
12.7711
12.8757
12.8967
12.8342
12.8365
12.8549
12.91
12.855
12.9443
12.9141
12.9061
12.8585
12.8638
12.8633
12.8403
12.9271
12.9398
12.9303
12.8796
12.8811
12.8956
12.8868
12.8759
12.8459
12.7925
12.768
12.7966
12.7796
12.7388
12.7719
12.905
12.8699
12.8177
12.8575
12.8127
12.888
11.6575
11.8991
12.2623
11.6717
12.2236
12.2873
11.8264
12.2489
12.4327
12.5367
12.4369
12.4402
12.5307
12.611
12.5989
12.2779
12.321
11.4226
12
11.3781
12.0816
11.6247
12.0766
11.4121
12.687
12.6604
12.7197
12.6258
12.6737
12.6328
12.7015
12.7731
12.7572
12.4142
12.4674
12.4235
12.4052
12.4581
12.4168
12.7825
12.7672
12.7115
12.7556
12.7379
12.6157
12.7181
12.6108
12.5803
12.6616
12.8006
12.8204
12.771
12.7743
12.7905
12.7965
12.7323
12.7773
12.8076
12.7697
12.7245
12.686
12.7479
12.7003
12.8379
12.8545
12.8456
12.7938
12.8048
12.8209
12.8117
12.8054
12.7474
12.7254
12.746
12.761
12.7605
12.7505
12.7551
12.815
12.7715
12.7422
12.7809
12.7466
12.8148
12.166
12.4455
12.3517
12.0445
12.3246
12.4689
12.2872
12.4452
12.4816
12.5529
12.5463
12.5506
12.6022
12.612
12.6463
12.3912
12.493
11.8912
12.184
11.5061
12.5136
12.1974
12.3334
11.6855
12.6827
12.6236
12.7049
12.6569
12.7025
12.6394
12.7191
12.7565
12.766
12.4249
12.4585
12.4199
12.4713
12.4736
12.4371
12.7443
12.7401
12.7032
12.7392
12.7252
12.5422
12.6106
12.5619
12.5117
12.5697
12.7612
12.779
12.7507
12.7542
12.7666
12.6751
12.6228
12.6155
12.6952
12.652
12.6175
12.5629
12.6414
12.6243
12.7838
12.7953
12.7938
12.7431
12.7682
12.7775
12.7727
12.7737
12.7108
12.6741
12.7293
12.7325
12.7068
12.6977
12.7001
12.7551
12.7301
12.7073
12.7297
12.7153
12.7714
12.7283
12.9779
12.6121
12.5296
12.5948
12.7618
12.7493
12.7528
12.6419
12.6701
12.7505
12.7459
12.7522
12.703
12.7688
12.63
12.802
12.5189
12.5224
11.931
13.0446
12.8238
12.7424
12.2091
12.7515
12.6783
12.7601
12.7598
12.7905
12.7342
12.8004
12.7972
12.8298
12.554
12.5004
12.4718
12.666
12.5398
12.5175
12.7636
12.7745
12.7674
12.7781
12.7792
12.5022
12.5309
12.5591
12.5113
12.4983
12.7771
12.7886
12.7871
12.7925
12.7972
12.5678
12.519
12.5097
12.5772
12.5945
12.4892
12.4704
12.5091
12.5708
12.7798
12.7761
12.7878
12.7442
12.7855
12.7748
12.7854
12.7962
12.6538
12.6943
12.6585
12.659
12.6044
12.617
12.6177
12.7215
12.71
12.6977
12.7072
12.6985
12.7648
13.1709
13.3315
12.9094
12.9551
12.9084
13.042
13.144
13.0521
12.8564
12.8422
12.9729
12.9634
12.9309
12.8499
12.9218
13.0117
13.2544
13.135
12.9844
12.4837
13.4585
13.4058
13.2048
12.7757
12.8816
12.8096
12.8679
12.8967
12.9185
12.8798
12.9226
12.8972
12.944
12.8021
12.6105
12.5895
12.9606
12.6929
12.6724
12.8593
12.8753
12.9033
12.896
12.9022
12.525
12.47
12.5755
12.5325
12.4285
12.8526
12.8518
12.8764
12.8842
12.879
12.4702
12.4058
12.4172
12.4134
12.4753
12.3388
12.3175
12.2532
12.307
12.8246
12.7997
12.8275
12.806
12.8624
12.8256
12.8525
12.8745
12.6907
12.539
12.5831
12.5899
12.5717
12.5483
12.5679
12.721
12.7101
12.7223
12.729
12.708
12.805
13.4695
13.537
13.1573
13.2968
13.1736
13.2518
13.3909
13.2693
13.0647
13.0199
13.1658
13.1554
13.1043
13.0045
13.0808
13.4048
13.4762
13.543
13.3662
13.0799
13.5741
13.5531
13.5016
13.3564
13.0084
12.9634
12.9936
13.0538
13.0674
13.0342
13.0598
13.0158
13.0809
13.1116
12.7731
12.7647
13.2069
12.9129
12.8933
12.9867
13.0083
13.0695
13.0568
13.0663
12.556
12.3964
12.6294
12.6005
12.4041
12.9753
12.9548
13.0159
13.0228
13.0142
12.3403
12.3007
12.1962
12.0766
12.2067
12.2063
12.0894
12.0224
12.1906
12.9194
12.8787
12.9121
12.9249
12.9799
12.9354
12.9635
12.9946
12.377
12.3136
12.5424
12.5733
12.5437
12.5636
12.5943
12.7782
12.749
12.7917
12.8251
12.7837
12.9092
13.5582
13.567
13.3299
13.4474
13.3429
13.3927
13.4848
13.3994
13.2377
13.1864
13.3197
13.3092
13.2638
13.1575
13.2341
13.5613
13.6338
13.5139
13.6522
13.5823
13.6009
13.5307
13.7616
13.6665
13.1425
13.1058
13.1284
13.2126
13.2095
13.1788
13.194
13.1476
13.2123
13.2524
13.1018
13.0663
13.4276
13.2304
13.2158
13.1338
13.1539
13.2208
13.2051
13.219
12.6555
12.4456
12.8542
12.7573
12.5125
13.1052
13.0917
13.1616
13.169
13.1627
12.3053
12.3612
12.0736
12.14
12.1897
12.2573
12.1378
12.2961
12.1602
13.0486
13.0102
13.0384
13.0833
13.1231
13.0858
13.1055
13.139
12.3494
12.427
12.6466
12.6884
12.7182
12.7164
12.758
12.9079
12.8696
12.9582
12.9891
12.9478
13.0671
13.5868
13.6073
13.4494
13.5169
13.4509
13.5026
13.5489
13.499
13.3745
13.3379
13.4461
13.434
13.4054
13.3123
13.3861
13.6099
13.5972
13.5817
13.7209
13.6312
13.6492
13.6122
13.6208
13.552
13.2865
13.2609
13.2659
13.3731
13.3605
13.3433
13.3389
13.281
13.3499
13.6668
13.4113
13.3189
13.7915
13.4871
13.4069
13.2787
13.2963
13.3589
13.3462
13.3583
12.8906
12.5881
13.2227
13.0592
12.689
13.2458
13.2382
13.3051
13.3117
13.3075
12.4446
12.5368
12.2345
12.5862
12.2827
12.4303
12.3557
12.724
12.5178
13.2013
13.1703
13.1888
13.2614
13.2766
13.2511
13.2647
13.2902
12.5265
12.7045
12.8738
12.9058
12.9683
13.024
13.0418
13.0994
13.0706
13.1623
13.2074
13.168
13.2478
13.6321
13.665
13.5562
13.5858
13.5493
13.6099
13.6281
13.6007
13.4916
13.47
13.5618
13.5493
13.5324
13.4539
13.5193
13.6332
13.6623
13.6312
13.5729
13.4781
13.6675
13.6575
13.6139
13.5448
13.4347
13.4205
13.4119
13.5074
13.5034
13.4894
13.4835
13.4175
13.4814
13.7408
13.5336
13.5582
13.6562
13.6198
13.611
13.4105
13.4255
13.4806
13.4703
13.4802
13.1769
12.8484
13.2659
13.2505
13.0875
13.3837
13.3811
13.4404
13.4458
13.4473
12.6787
12.9597
12.5551
12.7116
12.7358
12.7869
12.8458
12.776
12.9734
13.3505
13.3396
13.3483
13.4329
13.4208
13.4263
13.4229
13.4378
12.9224
13.146
13.192
13.2206
13.2663
13.3406
13.3678
13.3181
13.2907
13.3958
13.4191
13.4047
13.4327
13.705
13.7493
13.6626
13.6733
13.653
13.7105
13.7183
13.7013
13.605
13.5925
13.6693
13.657
13.648
13.5801
13.6349
13.6884
13.7429
13.695
13.6674
13.6318
13.7539
13.7404
13.7293
13.7041
13.5666
13.553
13.5476
13.6146
13.6187
13.6083
13.6034
13.5404
13.5933
13.6194
13.6
13.5597
13.6769
13.5773
13.6011
13.5256
13.5375
13.5858
13.5757
13.584
13.3355
13.4042
13.4979
13.5485
13.7475
13.5082
13.511
13.5572
13.5616
13.5661
13.283
13.5998
13.1955
13.1034
13.2478
13.5226
13.5278
13.4563
13.5098
13.4883
13.506
13.504
13.578
13.5452
13.5824
13.5709
13.5627
13.3789
13.5818
13.4912
13.5151
13.5766
13.6146
13.633
13.5145
13.5166
13.6009
13.5976
13.608
13.5944
13.7923
13.8294
13.7518
13.7607
13.7439
13.7871
13.798
13.7803
13.7042
13.6976
13.7556
13.7448
13.7404
13.6837
13.7263
13.8189
13.8918
13.7892
13.7976
13.7772
13.8564
13.8336
13.8617
13.8397
13.6641
13.6541
13.6492
13.7009
13.7022
13.6933
13.6887
13.639
13.6793
13.7843
13.6947
13.7257
13.896
13.8967
13.8921
13.621
13.6303
13.6707
13.6616
13.668
13.8678
14.0145
14.0724
14.1
14.1628
13.6107
13.6162
13.65
13.6526
13.6612
13.8692
14.0414
13.7623
13.7226
13.7095
13.9627
13.9089
13.8982
13.8354
13.5966
13.6463
13.6273
13.6726
13.642
13.6914
13.6645
13.6593
13.7366
13.8342
13.71
13.7259
13.7787
13.7745
13.7855
13.6661
13.6826
13.7278
13.7171
13.7342
13.7034
13.8595
13.8829
13.8171
13.8295
13.8093
13.8431
13.8545
13.8338
13.7782
13.7767
13.8174
13.8048
13.8062
13.7635
13.7946
13.9483
13.9829
13.8692
13.9126
13.8844
13.9262
13.8948
13.9445
13.9124
13.7372
13.7284
13.7233
13.7703
13.7681
13.7595
13.7526
13.7147
13.7454
13.977
14.0472
14.0181
14.0227
14.1159
14.0812
13.6978
13.7046
13.7376
13.7304
13.7354
14.1768
14.207
14.1885
14.1829
14.1973
13.6889
13.6993
13.7157
13.7201
13.7311
14.109
14.1105
13.97
13.9732
13.9042
14.0431
13.9844
13.9963
13.9341
13.6747
13.7112
13.6848
13.7024
13.6955
13.7045
13.6912
13.7146
13.8908
13.914
13.8096
13.8202
13.8445
13.8286
13.8363
13.7541
13.7679
13.7818
13.7754
13.7884
13.7458
13.8997
13.9143
13.8634
13.8765
13.8577
13.8796
13.8934
13.8759
13.8262
13.8287
13.8605
13.8429
13.8436
13.8188
13.8355
13.998
14.0005
13.9116
13.9611
13.9273
13.9542
13.923
13.9673
13.9333
13.7946
13.786
13.7768
13.8176
13.8137
13.8082
13.7962
13.771
13.7923
14.0388
14.1247
14.0936
14.0361
14.1016
14.078
13.7576
13.7646
13.7868
13.7807
13.7889
14.1613
14.1628
14.1363
14.1258
14.1197
13.7476
13.7556
13.7674
13.7718
13.7772
14.0886
14.0599
13.9837
13.9955
13.9442
14.0201
13.9733
13.9852
13.9423
13.7069
13.6955
13.6831
13.7244
13.7242
13.7037
13.6906
13.7525
13.9198
13.9187
13.8402
13.848
13.8653
13.8527
13.8562
13.7904
13.8053
13.8148
13.8094
13.8235
13.77
13.9257
13.9325
13.8904
13.9049
13.8863
13.8944
13.9129
13.8919
13.8545
13.851
13.8741
13.8606
13.8533
13.8445
13.8463
13.9957
13.9876
13.9286
13.9673
13.9352
13.9589
13.9309
13.9632
13.934
13.8264
13.8252
13.8116
13.8396
13.8339
13.8367
13.8236
13.8097
13.8236
14.0242
14.0697
14.0521
14.0092
14.0387
14.0252
13.801
13.8108
13.824
13.8197
13.8282
14.0846
14.0791
14.0556
14.0482
14.0418
13.7933
13.7967
13.8118
13.8139
13.8149
14.0302
14.0034
13.9626
13.9722
13.9388
13.9855
13.9505
13.9583
13.9315
13.7591
13.7428
13.7393
13.7956
13.8082
13.7974
13.8001
13.8118
13.9168
13.9155
13.8634
13.8663
13.8856
13.8816
13.8809
13.8256
13.8389
13.8583
13.8544
13.8631
13.8316
13.9363
13.9397
13.8959
13.9182
13.8965
13.8989
13.9234
13.9018
13.8637
13.8514
13.8748
13.8651
13.8496
13.8443
13.8426
13.9789
13.9707
13.9322
13.9577
13.9313
13.9567
13.9337
13.9517
13.928
13.8403
13.8442
13.8327
13.8394
13.8429
13.8482
13.8398
13.8354
13.8464
13.9943
14.0122
14.0013
13.9808
13.9908
13.9815
13.8362
13.8431
13.8522
13.8504
13.8596
14.0166
14.0106
13.9967
13.9904
13.9828
13.8315
13.8326
13.8399
13.8448
13.8482
13.9799
13.964
13.9422
13.9459
13.926
13.9509
13.9328
13.935
13.92
13.8467
13.8415
13.8413
13.8618
13.868
13.8621
13.8584
13.8567
13.9152
13.9142
13.8945
13.8977
13.9044
13.9028
13.9073
13.9032
13.9029
13.9415
13.9312
13.9336
13.9024
13.9434
13.9439
13.9034
13.9287
13.9077
13.91
13.9333
13.9147
13.8697
13.8541
13.8832
13.8792
13.8656
13.8477
13.859
13.9633
13.9573
13.9347
13.9459
13.9249
13.9505
13.9355
13.9412
13.9224
13.8485
13.8485
13.8455
13.8541
13.8596
13.8476
13.8517
13.8557
13.8625
13.9695
13.9744
13.9658
13.9603
13.9622
13.9541
13.8622
13.8722
13.8698
13.8717
13.8785
13.9703
13.9618
13.9629
13.9564
13.9479
13.8555
13.8605
13.8594
13.8636
13.8694
13.9482
13.9372
13.9256
13.9251
13.9145
13.9219
13.9187
13.9165
13.9083
13.878
13.8631
13.8742
13.8623
13.8743
13.866
13.8852
13.8721
13.9144
13.9095
13.894
13.9051
13.9035
13.8785
13.8897
13.9216
13.9333
13.9053
13.9
13.9111
13.8788
13.9432
13.9426
13.9166
13.9361
13.9208
13.9222
13.9377
13.9251
13.8909
13.88
13.9002
13.8997
13.8893
13.8731
13.8801
13.9532
13.9506
13.9356
13.9372
13.9211
13.9463
13.9348
13.9342
13.9207
13.8723
13.8532
13.8623
13.8758
13.8822
13.8657
13.8793
13.8701
13.881
13.9532
13.954
13.9458
13.9481
13.9482
13.9402
13.8795
13.8824
13.8797
13.8849
13.8854
13.9476
13.939
13.9499
13.9423
13.9338
13.871
13.8777
13.8783
13.8792
13.8854
13.9301
13.9269
13.9133
13.911
13.9064
13.9151
13.9084
13.9064
13.9042
13.8706
13.8659
13.8804
13.8592
13.8708
13.867
13.8775
13.8819
13.9051
13.903
13.8604
13.869
13.8932
13.8467
13.8457
13.8802
13.8811
13.8429
13.8651
13.8352
13.8699
13.9411
13.9385
13.9251
13.9378
13.9275
13.9255
13.9359
13.9277
13.9054
13.8964
13.9064
13.9056
13.9005
13.8882
13.8931
13.9479
13.9446
13.9329
13.9315
13.9192
13.9399
13.9295
13.9286
13.9173
13.8866
13.8737
13.8916
13.884
13.89
13.8773
13.8952
13.8887
13.8911
13.9441
13.9432
13.9359
13.9399
13.9386
13.9321
13.8879
13.8881
13.8848
13.891
13.8916
13.9386
13.931
13.9419
13.9357
13.9301
13.8885
13.8928
13.8962
13.8972
13.8995
13.9254
13.9271
13.9117
13.9073
13.8945
13.9195
13.914
13.915
13.9027
13.8765
13.8713
13.8801
13.8636
13.8835
13.8746
13.8838
13.8957
13.8965
13.9018
13.8529
13.8404
13.8876
13.879
13.8669
13.8633
13.7973
13.8197
13.8672
13.7991
13.8752
13.9351
13.9303
13.9231
13.9322
13.9248
13.9187
13.9273
13.9203
13.9018
13.8979
13.9014
13.8984
13.8947
13.893
13.8884
13.9406
13.9355
13.9257
13.9262
13.9185
13.9304
13.92
13.9224
13.9192
13.8901
13.8721
13.8934
13.8849
13.8874
13.8624
13.8881
13.8924
13.8921
13.9354
13.9351
13.9288
13.9307
13.9312
13.9253
13.8957
13.8943
13.8987
13.899
13.8948
13.932
13.9295
13.9349
13.9283
13.9283
13.9035
13.9059
13.9079
13.9076
13.9099
13.9295
13.9293
13.9175
13.9268
13.9245
13.9292
13.9218
13.9349
13.9404
13.8906
13.8796
13.8872
13.8743
13.8954
13.8843
13.8906
13.905
13.928
13.9548
13.9061
13.8977
13.9497
13.9272
13.926
13.8758
13.8521
13.8952
13.8877
13.9007
13.888
13.9246
13.9189
13.9139
13.9221
13.9152
13.9095
13.917
13.9102
13.8957
13.8914
13.8934
13.8899
13.8868
13.8858
13.8849
13.9299
13.9245
13.9133
13.9183
13.9156
13.9183
13.9072
13.913
13.9079
13.8843
13.8557
13.88
13.8822
13.8819
13.8637
13.8738
13.8906
13.89
13.9262
13.9271
13.9215
13.9216
13.9227
13.9176
13.8994
13.8951
13.9009
13.8997
13.895
13.9245
13.9266
13.9257
13.9204
13.9246
13.9092
13.9134
13.9123
13.9102
13.9128
13.9279
13.9257
13.9204
13.9345
13.9393
13.9243
13.9196
13.9291
13.9317
13.8966
13.8891
13.8921
13.8832
13.8964
13.8909
13.8927
13.9055
13.9576
13.9441
13.9348
13.94
13.9406
13.9312
13.94
13.8939
13.9193
13.91
13.8947
13.9173
13.8942
13.9141
13.9106
13.9053
13.9126
13.9059
13.9025
13.9092
13.9027
13.885
13.8838
13.8904
13.8861
13.8839
13.8855
13.8875
13.919
13.9137
13.9022
13.9068
13.8997
13.9092
13.8985
13.901
13.8924
13.883
13.879
13.8779
13.8869
13.8859
13.8915
13.8846
13.8921
13.8929
13.9166
13.9181
13.9128
13.9112
13.9139
13.9084
13.8981
13.8934
13.8958
13.897
13.8953
13.9159
13.9215
13.9161
13.9111
13.9168
13.9091
13.912
13.9091
13.9071
13.9121
13.9222
13.9188
13.917
13.922
13.9229
13.9124
13.9142
13.9164
13.916
13.8935
13.8926
13.8928
13.8903
13.8917
13.8926
13.8926
13.9047
13.9314
13.9218
13.9229
13.9296
13.9189
13.9142
13.9195
13.8936
13.9095
13.9009
13.8924
13.9047
13.8953
13.9085
13.907
13.9007
13.9068
13.9009
13.9006
13.9053
13.9007
13.8871
13.8835
13.893
13.8894
13.8862
13.8899
13.8928
13.9088
13.9046
13.8962
13.896
13.8864
13.9052
13.8949
13.8922
13.8819
13.8897
13.8994
13.8909
13.8939
13.8926
13.9018
13.8947
13.8952
13.8975
13.9057
13.91
13.9044
13.9007
13.9059
13.9002
13.8946
13.8969
13.8952
13.8952
13.8995
13.9062
13.9117
13.9083
13.9015
13.9071
13.9034
13.9066
13.897
13.8992
13.9048
13.9158
13.9135
13.9116
13.9124
13.9109
13.9057
13.9084
13.9099
13.907
13.8888
13.8926
13.8925
13.8963
13.8865
13.8925
13.893
13.9019
13.9153
13.9106
13.9078
13.9121
13.9087
13.9027
13.9075
13.8919
13.901
13.8943
13.8908
13.8998
13.8968
13.9058
13.9054
13.9019
13.9045
13.9017
13.903
13.9045
13.9035
13.8928
13.8913
13.9001
13.8971
13.897
13.8956
13.8973
13.901
13.8978
13.894
13.8892
13.8783
13.9031
13.8931
13.8871
13.8749
13.8955
13.9024
13.8962
13.896
13.895
13.8991
13.8945
13.8985
13.897
13.8968
13.9019
13.8958
13.8929
13.8984
13.8918
13.8958
13.9023
13.8965
13.8941
13.9026
13.8974
13.9033
13.9018
13.8941
13.8995
13.894
13.8998
13.8847
13.8898
13.8966
13.9115
13.9095
13.9051
13.9079
13.9041
13.9015
13.9005
13.9058
13.8998
13.8848
13.8911
13.893
13.8926
13.8817
13.8898
13.8915
13.8949
13.9065
13.9017
13.8995
13.9041
13.9006
13.8959
13.9006
13.8901
13.8999
13.8934
13.887
13.8992
13.8989
13.9047
13.9031
13.9035
13.905
13.9052
13.9076
13.905
13.9088
13.9029
13.9006
13.9075
13.9075
13.9003
13.8971
13.8949
13.8949
13.8922
13.892
13.885
13.8716
13.8996
13.8917
13.8824
13.868
13.8926
13.8944
13.8918
13.8911
13.8891
13.8897
13.8881
13.8949
13.8904
13.8902
13.8954
13.8887
13.8885
13.8926
13.8861
13.8909
13.8985
13.8861
13.8845
13.8915
13.8912
13.8959
13.8961
13.8885
13.8927
13.8844
13.8921
13.8745
13.8787
13.884
13.9072
13.9043
13.8969
13.9034
13.8964
13.8964
13.8924
13.9004
13.8925
13.8796
13.8859
13.888
13.8781
13.8748
13.8809
13.8826
13.8831
13.8977
13.8938
13.8933
13.8968
13.893
13.8901
13.8925
13.8844
13.8961
13.8888
13.8818
13.8899
13.8914
13.9013
13.9001
13.9123
13.9059
13.9137
13.9124
13.9061
13.9138
13.9074
13.8972
13.907
13.9036
13.8937
13.8913
13.8869
13.8898
13.8881
13.8908
13.8799
13.8648
13.8948
13.89
13.8781
13.8629
13.8842
13.8834
13.8822
13.8818
13.8792
13.8779
13.8762
13.884
13.8763
13.8867
13.8909
13.8842
13.8859
13.89
13.8836
13.8767
13.8816
13.867
13.8672
13.871
13.8863
13.8899
13.8922
13.8847
13.8877
13.8713
13.8742
13.8584
13.8612
13.864
13.9005
13.8961
13.8885
13.8967
13.889
13.8896
13.8843
13.8935
13.8853
13.8687
13.874
13.8757
13.8587
13.8602
13.8661
13.8667
13.8644
13.8897
13.8854
13.8859
13.8872
13.8841
13.8804
13.8811
13.8788
13.8826
13.8786
13.8731
13.8772
13.873
13.8975
13.8943
13.9087
13.9043
13.9098
13.9025
13.9009
13.9027
13.8981
13.8893
13.8939
13.8915
13.8846
13.8818
13.8772
13.8877
13.8884
13.8888
13.8785
13.8634
13.8892
13.8866
13.8793
13.8641
13.8732
13.8723
13.8688
13.8713
13.8669
13.8667
13.8609
13.8675
13.8578
13.8864
13.8895
13.8844
13.8879
13.8883
13.8828
13.8566
13.8588
13.8432
13.843
13.8448
13.8839
13.8868
13.8925
13.8841
13.8868
13.8508
13.8544
13.839
13.8404
13.8436
13.8927
13.8903
13.8814
13.8888
13.8822
13.8841
13.8786
13.883
13.8789
13.8508
13.8561
13.8563
13.8393
13.84
13.8459
13.8447
13.8444
13.881
13.8768
13.8746
13.8761
13.8741
13.8697
13.87
13.8657
13.8705
13.8647
13.8586
13.8636
13.8518
13.8914
13.8884
13.8939
13.8961
13.8939
13.8854
13.8902
13.8848
13.8859
13.8804
13.8823
13.8814
13.8765
13.8727
13.869
13.8878
13.8883
13.8841
13.8803
13.8647
13.8865
13.8818
13.8816
13.8661
13.8608
13.8609
13.8531
13.8624
13.8555
13.8556
13.8464
13.8467
13.8368
13.8889
13.8885
13.8838
13.8906
13.8907
13.8864
13.8291
13.8307
13.822
13.8173
13.8185
13.8859
13.885
13.8902
13.8893
13.8877
13.829
13.8324
13.8157
13.8175
13.8191
13.8876
13.8887
13.8761
13.8821
13.8757
13.8838
13.8751
13.8825
13.8742
13.8281
13.8364
13.8344
13.8179
13.8162
13.8268
13.823
13.8205
13.8731
13.8705
13.8648
13.8654
13.8646
13.8601
13.861
13.8513
13.8564
13.8501
13.8444
13.8497
13.8324
13.8858
13.8851
13.8791
13.8846
13.8779
13.875
13.8804
13.873
13.8788
13.8746
13.8786
13.8784
13.8749
13.8666
13.8662
13.89
13.893
13.8808
13.8834
13.8684
13.8892
13.8815
13.8862
13.8722
13.8517
13.8513
13.8415
13.8585
13.8495
13.8476
13.8382
13.831
13.8267
13.8924
13.8944
13.8888
13.895
13.8954
13.8915
13.8062
13.8071
13.8052
13.7972
13.7979
13.8915
13.8923
13.8945
13.8934
13.8944
13.8034
13.8043
13.7867
13.7891
13.7882
13.8918
13.8929
13.8748
13.8815
13.8726
13.8868
13.8752
13.8818
13.8722
13.8047
13.816
13.811
13.7995
13.7921
13.8037
13.7977
13.7902
13.8684
13.8671
13.8557
13.857
13.859
13.8523
13.8531
13.837
13.8427
13.8368
13.8309
13.8376
13.813
13.8865
13.8907
13.8753
13.8789
13.8714
13.8805
13.8817
13.8765
13.8812
13.8784
13.8881
13.8875
13.8857
13.8685
13.8744
13.8975
13.9041
13.8845
13.8906
13.8773
13.8997
13.8897
13.8971
13.8841
13.8493
13.8451
13.8358
13.8637
13.8513
13.8447
13.8345
13.8219
13.818
13.899
13.8975
13.895
13.9048
13.9024
13.9006
13.7872
13.7834
13.7829
13.7724
13.7667
13.8961
13.8962
13.9019
13.9007
13.9002
13.7708
13.7679
13.7452
13.7448
13.7406
13.8943
13.8979
13.8748
13.884
13.8731
13.8934
13.8784
13.8879
13.8766
13.7762
13.7901
13.783
13.7701
13.7554
13.7759
13.7662
13.748
13.8673
13.8708
13.8499
13.8515
13.8602
13.8495
13.8515
13.8254
13.8344
13.8296
13.82
13.832
13.7941
13.8995
13.9116
13.8919
13.8903
13.8875
13.9097
13.9037
13.9047
13.8976
13.8979
13.9169
13.9126
13.9145
13.8846
13.901
13.9132
13.9245
13.8967
13.9059
13.892
13.92
13.9067
13.9167
13.902
13.857
13.8448
13.8331
13.8841
13.8663
13.8482
13.8339
13.8119
13.8077
13.9133
13.9098
13.9081
13.9249
13.9208
13.9188
13.7429
13.7361
13.7434
13.6977
13.6857
13.9076
13.9062
13.9189
13.9169
13.9152
13.7043
13.7038
13.6462
13.645
13.6497
13.9042
13.9132
13.8863
13.8943
13.8834
13.9091
13.8998
13.9031
13.8943
13.731
13.7601
13.7461
13.7304
13.7004
13.7437
13.7222
13.6802
13.8778
13.8872
13.8517
13.8531
13.8679
13.8557
13.8566
13.8152
13.8302
13.8251
13.812
13.8288
13.7744
13.9266
13.9451
13.9302
13.9207
13.9259
13.952
13.9382
13.9515
13.9323
13.9375
13.9635
13.9554
13.9641
13.9233
13.9552
13.9396
13.9579
13.9195
13.9304
13.9117
13.952
13.9356
13.9483
13.9243
13.8769
13.8484
13.8328
13.9242
13.8956
13.8499
13.8314
13.7952
13.782
13.94
13.935
13.9336
13.9576
13.953
13.9523
13.6266
13.6092
13.6432
13.5212
13.5041
13.9303
13.928
13.9505
13.9476
13.9448
13.5487
13.5769
13.4122
13.3997
13.4491
13.9253
13.9405
13.9127
13.9147
13.9081
13.9344
13.9252
13.9288
13.9215
13.6573
13.7244
13.693
13.6654
13.597
13.7002
13.6545
13.5466
13.8991
13.9112
13.8613
13.8645
13.8916
13.8724
13.8747
13.8103
13.8304
13.8264
13.8101
13.834
13.7518
13.9687
13.9919
13.9759
13.9554
13.9846
13.9891
13.9789
13.9914
13.984
13.9965
14.0304
14.0116
14.0204
13.9932
14.0199
13.9825
14.0149
13.9565
13.9723
13.9396
14.0091
13.9866
14.0046
13.96
13.9132
13.8297
13.8227
13.9733
13.9258
13.8118
13.8148
13.7569
13.7045
13.98
13.9743
13.9739
14.01
14.0004
13.9999
13.3418
13.2671
13.3909
13.0072
12.8151
13.9681
13.9646
13.9959
13.9927
13.9877
13.108
13.2725
12.7971
12.5795
12.9557
13.9593
13.9817
13.9404
13.9468
13.9362
13.9752
13.9612
13.9672
13.9557
13.5149
13.6741
13.6059
13.5716
13.4119
13.6485
13.547
13.2653
13.9264
13.9464
13.8886
13.8956
13.9257
13.9068
13.9132
13.8123
13.8422
13.8392
13.8186
13.8528
13.7323
14.0163
14.0445
13.9843
13.9923
13.9472
13.9235
13.9697
13.8758
13.9912
14.0262
13.98
13.8978
13.9755
14.012
13.9563
14.055
14.1167
14.0264
14.0504
13.9975
14.1225
14.0773
14.1149
14.0508
13.9235
13.7169
13.7175
13.797
13.8175
13.5827
13.4996
13.6001
13.4457
14.0464
14.0336
14.0329
14.0929
14.0717
14.0742
12.4998
11.2704
12.276
11.6633
7.79965
14.0222
14.0142
14.059
14.0551
14.0447
10.8288
12.4539
11.5402
7.45812
11.5735
14.0077
14.0383
13.985
13.9916
13.9785
14.0296
14.011
14.0205
14.0057
13.2761
13.6235
13.4804
13.4633
13.1036
13.5999
13.4117
12.6533
13.9704
13.9988
13.9274
13.9395
13.9758
13.9516
13.9625
13.8301
13.8702
13.8713
13.8453
13.8907
13.729
14.0985
14.2068
13.8763
13.9059
13.8303
13.8984
14.0504
13.7951
13.8217
13.886
13.9087
13.7969
13.8375
13.8516
13.75
14.1889
14.2836
14.1576
14.2015
14.1154
14.3325
14.2622
14.3048
14.2006
13.6248
13.3922
13.2353
13.546
13.3998
13.1542
12.9291
13.0224
11.9318
14.1488
14.1199
14.1228
14.2138
14.1769
14.1798
10.5406
4.75746
8.021
-0.751904
9.55832
5.06714
-8.77836
-2.7469
-2.32301
0.493647
-1.28443
0.180482
14.0927
14.0813
14.1446
14.1396
14.1237
4.67602
10.2144
10.1839
4.54106
7.94625
-2.40435
-1.65428
-2.1636
0.617752
-3.08887
0.708165
14.0745
14.1162
14.0424
14.0539
14.0346
14.1052
14.0806
14.0924
14.0713
12.9131
13.5819
13.3441
13.3489
12.7425
13.5825
13.3025
11.0709
14.0324
14.0694
13.9809
13.9974
14.0399
14.0147
14.0285
13.8686
13.9206
13.9261
13.9004
13.9558
13.7625
14.3068
14.4286
13.9717
14.1726
13.9202
14.0748
14.2418
14.0647
13.8161
13.8237
13.9258
13.8764
13.8175
13.6632
13.5933
14.3828
14.4889
14.3789
14.4167
14.3008
14.5684
14.4984
14.5176
14.4086
13.211
12.9686
12.5627
13.2772
13.0607
12.9214
12.1387
11.2287
10.8356
3.92692
2.66421
4.12793
14.2813
14.2399
14.2433
14.3385
14.2986
14.305
2.66024
9.83374
5.92405
8.23807
4.16172
9.93996
6.17539
0.462492
0.762878
-0.357423
1.08313
0.440595
1.35317
-0.153725
14.1936
14.1742
14.2594
14.2501
14.2299
6.01108
8.97824
2.00454
10.1546
6.62837
9.62099
4.96565
-0.12145
0.561541
1.02722
1.71917
0.238414
1.7561
1.17476
14.1655
14.2175
14.1203
14.1354
14.1152
14.1986
14.1619
14.1835
14.1592
12.6419
13.612
13.3011
13.4412
12.5292
13.6747
13.3772
10.4049
2.00163
2.2136
3.42614
14.1115
14.1555
14.0536
14.074
14.1211
14.0976
14.1152
13.9449
14.0002
14.0102
13.9947
14.0475
13.872
14.4984
14.3964
14.1041
14.3404
14.151
14.082
14.257
14.1245
13.9153
13.8068
13.9052
13.9117
13.7597
13.5497
13.5831
14.5092
14.45
14.5088
14.5107
14.471
14.4253
14.4309
14.4631
14.4123
13.1156
12.9807
12.0877
13.4455
13.3289
13.101
12.335
11.1437
4.39844
11.539
4.37255
2.70727
2.06021
2.79985
3.99995
14.3598
14.3505
14.3573
14.3035
14.3944
14.3968
4.97979
10.0122
6.65847
9.96687
5.79482
10.5463
7.43133
0.474964
2.03648
0.169946
2.1586
1.19391
2.45094
0.467938
14.3069
14.2883
14.3782
14.3657
14.3512
7.09202
10.4143
6.61948
10.4758
7.52156
10.5701
6.4727
0.604689
3.15426
1.5153
2.85322
0.723008
2.92843
1.59316
14.2727
14.3317
14.2066
14.2367
14.2081
14.3069
14.2554
14.292
14.258
12.7002
13.7724
13.5244
13.6543
13.024
13.8994
13.7169
5.46989
11.9555
4.65633
4.59777
3.15639
3.35648
14.2037
14.2533
14.1462
14.169
14.2136
14.1927
14.2116
14.0534
14.102
14.1144
14.1121
14.1551
14.0422
14.2943
14.2506
14.0514
14.1996
14.0771
14.0133
14.1487
14.0208
13.8757
13.7394
13.8873
13.8267
13.7737
13.6986
13.8499
14.3528
14.2729
14.3434
14.3414
14.2896
14.3043
14.2702
14.2487
14.2216
13.6011
13.3172
12.8267
13.8013
13.8966
13.5638
13.4037
11.6201
3.21358
12.6638
1.82318
3.96115
14.2923
14.4413
14.4324
14.4256
14.509
14.4873
5.54933
11.1869
7.72901
10.2013
2.99382
11.6058
7.06614
1.9007
2.33438
0.273444
0.0884401
2.54739
0.292211
0.835623
14.4257
14.4176
14.5179
14.4988
14.4936
7.84038
11.1533
5.85286
11.2969
7.62227
11.1854
4.47335
0.528376
2.67166
1.55848
1.80602
0.584095
1.2155
2.3154
14.3949
14.4648
14.3068
14.3483
14.3098
14.4261
14.3589
14.4027
14.3569
13.5205
14.015
13.9349
13.9143
13.8434
14.1158
14.0731
13.1408
14.3047
14.3544
14.2383
14.2581
14.2975
14.2778
14.2987
14.1731
14.2113
14.214
14.228
14.2585
14.1967
14.2094
14.1812
13.9789
14.1095
13.9728
13.9663
14.0819
13.9425
13.8313
13.8511
13.9406
13.8521
13.9117
14.0049
14.0897
14.3482
14.4333
14.2341
14.3008
14.2119
14.2716
14.1991
14.3418
14.2045
14.1838
13.8156
13.863
14.0935
14.2274
13.9954
14.1644
13.7538
14.1569
14.563
14.6108
14.5625
14.6321
14.7411
14.7013
12.6196
8.21835
13.6896
13.4432
11.3109
-4.19872
-0.558206
14.5825
14.5744
14.7016
14.6739
14.6651
8.38702
13.0145
13.4993
11.8666
13.9331
-0.985198
14.541
14.621
14.4097
14.4568
14.4013
14.5502
14.4565
14.5101
14.4446
14.069
14.1945
14.2053
14.1824
14.2213
14.259
14.319
14.243
14.4025
14.4439
14.3147
14.3316
14.3638
14.3505
14.3621
14.2772
14.3022
14.2903
14.321
14.3377
14.3148
14.1624
14.1499
13.9668
14.0662
13.9323
13.9865
14.0589
13.9356
13.8857
13.9738
14.0236
13.9327
14.0216
14.1876
14.1831
14.4459
14.412
14.1688
14.3329
14.1828
14.2483
14.1399
14.3103
14.1526
14.3565
14.1139
14.2967
14.1737
14.3107
14.1536
14.3415
14.3043
14.3677
14.6419
14.7593
14.756
14.6001
14.7062
14.7228
13.9853
13.4708
14.3107
14.2038
14.1486
14.72
14.7346
14.7461
14.7327
14.7201
13.7943
14.2487
14.3033
14.309
14.3891
14.6977
14.7048
14.4959
14.5576
14.4804
14.6268
14.5346
14.5923
14.5059
14.3351
14.3126
14.393
14.3172
14.3978
14.3478
14.4229
14.4232
14.4804
14.5014
14.3782
14.3824
14.4038
14.3948
14.3935
14.3525
14.3661
14.339
14.3747
14.3819
14.3864
14.1446
14.1503
14.009
14.0631
13.9502
14.0437
14.0766
13.9787
13.9794
14.066
14.1139
14.0349
14.1007
14.2247
14.236
14.3696
14.3323
14.1162
14.2846
14.1176
14.226
14.1008
14.2582
14.0943
14.3139
14.179
14.3398
14.2161
14.3014
14.1939
14.3303
14.3926
14.3757
14.5097
14.63
14.6281
14.4282
14.5344
14.5185
14.3198
14.322
14.3982
14.3567
14.3773
14.6647
14.6511
14.5808
14.5454
14.5532
14.4183
14.4177
14.4334
14.477
14.454
14.6482
14.5753
14.5006
14.5924
14.4822
14.498
14.3531
14.5517
14.4247
14.4226
14.3694
14.4338
14.3523
14.4243
14.3789
14.4328
14.4455
14.4976
14.4528
14.3961
14.3891
14.3622
14.3727
14.3757
14.3838
14.3841
14.3417
14.38
14.3724
14.3949
14.1602
14.1763
14.0898
14.0921
14.0169
14.133
14.1151
14.0608
14.0903
14.1417
14.2038
14.1364
14.1804
14.2535
14.2749
14.3031
14.2814
14.1006
14.2382
14.0835
14.2249
14.1161
14.2256
14.0871
14.2986
14.1989
14.3085
14.2539
14.3097
14.2194
14.3148
14.3825
14.3714
14.357
14.4469
14.4185
14.3079
14.3788
14.3379
14.3545
14.3784
14.3943
14.3633
14.3877
14.4313
14.4476
14.3767
14.3251
14.3383
14.4601
14.441
14.4254
14.457
14.437
14.4838
14.3682
14.2341
14.4569
14.3506
14.278
14.1209
14.3185
14.2521
14.4124
14.3766
14.4197
14.3457
14.4029
14.3696
14.4079
14.421
14.3604
14.249
14.3291
14.3348
14.2084
14.2667
14.2957
14.3679
14.3472
14.2935
14.347
14.315
14.3746
14.2014
14.2353
14.1757
14.1461
14.1035
14.2164
14.1864
14.1475
14.1765
14.2158
14.2733
14.214
14.2509
14.2915
14.3156
14.2779
14.2909
14.1463
14.227
14.1054
14.2567
14.1847
14.2439
14.1388
14.3176
14.2318
14.3136
14.2903
14.334
14.2572
14.326
14.3651
14.3756
14.2825
14.3393
14.2871
14.2814
14.3285
14.2662
14.3483
14.3749
14.3824
14.3531
14.3795
14.2485
14.2503
14.2666
14.2019
14.189
14.4305
14.4128
14.4052
14.4257
14.4106
14.2611
14.1799
13.9877
14.181
14.0989
14.0518
13.8668
14.0505
13.9471
14.3952
14.3591
14.3987
14.335
14.3923
14.3548
14.3964
14.4042
14.1062
13.9466
14.1839
14.2231
13.9318
14.1068
14.1348
14.3251
14.283
14.2312
14.3148
14.2487
14.3565
14.275
14.3218
14.2556
14.2352
14.1936
14.2971
14.2936
14.2447
14.2478
14.2828
14.3286
14.2823
14.3161
14.3365
14.3598
14.3215
14.3652
14.2304
14.2767
14.1822
14.3466
14.2821
14.3208
14.2329
14.3616
14.2746
14.3423
14.3287
14.3819
14.2958
14.3629
14.3872
14.4015
14.3007
14.3369
14.2722
14.3382
14.366
14.2978
14.3571
14.3848
14.3999
14.3655
14.3951
14.1858
14.1585
14.2638
14.1962
14.1552
14.4236
14.4087
14.4086
14.429
14.4151
14.1242
14.1053
13.7818
13.9425
13.7951
13.9702
13.7339
13.8725
13.6636
14.4
14.3544
14.3978
14.3571
14.408
14.3732
14.4029
14.4179
13.7759
13.6447
14.0414
14.0715
13.7761
14.005
14.036
14.3122
14.2338
14.2287
14.321
14.2406
14.372
14.3767
14.4366
14.3431
14.3502
14.2981
14.3911
14.4045
14.3473
14.3225
14.3511
14.4046
14.3664
14.3895
14.3873
14.4179
14.4167
14.4683
14.3346
14.3734
14.2904
14.4597
14.3888
14.4277
14.3466
14.3973
14.3107
14.3774
14.3862
14.415
14.3391
14.3987
14.4204
14.438
14.3852
14.4032
14.3363
14.4353
14.446
14.3774
14.3811
14.4128
14.4325
14.4026
14.4325
14.2279
14.1772
14.3321
14.2714
14.2183
14.444
14.4269
14.4378
14.4517
14.4435
14.1176
14.152
13.8215
13.8679
13.6304
14.0552
13.9049
13.9131
13.6818
14.4192
14.3934
14.4136
14.4081
14.4355
14.4231
14.4294
14.4513
13.6526
13.7837
14.0238
14.0673
13.9221
14.1095
14.158
14.3431
14.2757
14.3272
14.3842
14.3335
14.4259
14.4932
14.5589
14.4313
14.4472
14.3848
14.4811
14.4971
14.4322
14.3979
14.4187
14.4803
14.4436
14.4582
14.4443
14.4824
14.5299
14.609
14.4464
14.4869
14.4043
14.589
14.5026
14.5419
14.4513
14.4402
14.3601
14.4161
14.4496
14.4775
14.3945
14.4509
14.4565
14.4934
14.4955
14.5024
14.4284
14.5543
14.5745
14.4847
14.4278
14.452
14.4708
14.4552
14.4767
14.3281
14.2788
14.4674
14.4003
14.3652
14.4609
14.4618
14.463
14.4745
14.4784
14.2133
14.3171
13.9861
14.0108
13.8465
14.217
14.0877
14.1099
14.0068
14.4553
14.4518
14.4557
14.4577
14.4842
14.49
14.497
14.4945
13.9361
14.0701
14.2213
14.2857
14.1873
14.3544
14.414
14.4501
14.4077
14.504
14.5294
14.5045
14.517
14.5337
14.501
14.4665
14.4127
14.4348
14.4593
14.4809
14.5774
14.4788
14.5318
14.455
14.3844
14.3817
14.3406
14.3774
14.3271
14.3445
14.4793
14.3969
14.4488
14.5077
14.551
14.5457
14.4776
14.4134
14.4346
14.3562
14.2965
14.2848
14.2595
14.3239
14.2855
14.3194
14.4152
14.3818
14.4148
14.4772
14.5035
14.3918
14.3617
14.2791
14.2697
14.1842
14.2154
14.14
14.1794
14.3318
14.2802
14.3436
14.4277
14.4136
14.4473
14.4915
14.4848
14.3117
14.1203
14.137
14.048
14.202
14.1255
14.2617
14.4224
14.4473
14.4991
14.496
14.5036
14.51
14.1366
14.4419
14.4807
14.5847
14.5732
221.77
177.994
186.61
136.748
169.291
121.781
151.905
259.526
196.522
221.205
188.372
205.285
174.96
185.898
138.6
131.344
114.261
116.614
103.132
91.1144
94.266
153.923
119.307
135.877
106.152
129.53
104.787
123.459
179.937
151.287
161.995
155.402
161.99
144.405
151.349
274.309
197.812
241.247
183.674
224.096
166.508
205.666
104.311
101.25
106.455
86.0964
97.222
94.912
97.305
130.556
112.102
128.653
108.3
125.102
103.921
120.782
165.168
150.784
174.146
142.195
153.416
142.224
160.854
218.664
194.459
211.332
171.532
198.666
182.293
198.06
139.173
122.326
166.135
88.4056
103.904
91.9714
112.737
188.16
190.219
197.219
146.466
176.582
143.216
168.539
68.0702
82.1794
107.729
27.7623
31.5824
40.5639
53.7927
148.573
141.886
155.068
41.1343
86.5356
82.3959
108.331
84.8526
64.8763
77.4785
29.2064
60.1512
39.6136
60.925
77.8185
82.8555
79.7327
61.5205
65.9755
65.9874
70.1031
28.8384
23.8751
25.8791
28.4979
30.6026
24.1515
26.153
41.9742
36.8156
64.0959
29.6233
32.6109
26.2
34.5505
23.1993
21.0683
32.2839
20.4193
20.3268
18.0832
20.0213
46.0911
23.4197
40.657
13.9733
15.9801
10.144
8.76815
24.9962
19.5589
20.2199
13.4756
12.7883
12.7316
12.269
26.6983
16.5268
16.0706
13.8782
14.531
12.2633
12.335
17.5354
15.8672
15.0752
12.6992
12.7751
12.6962
11.8064
11.5091
13.6667
11.8894
12.9791
12.4291
14.2118
13.9519
13.4657
12.9191
13.2475
13.4865
13.5694
13.4278
13.4916
13.1189
13.2021
13.6222
13.4074
13.1712
13.3235
13.1653
12.5245
12.8915
12.6012
13.4301
13.2267
13.292
13.1798
13.1224
13.6022
13.6909
13.3289
13.2437
13.4277
13.2597
13.3967
13.4366
13.3616
13.3689
13.3976
13.354
13.3585
13.1902
13.2591
13.1491
13.3381
13.2485
13.2774
13.2311
13.4419
13.4194
13.3587
13.3847
13.3721
13.391
13.3583
13.2575
13.4903
13.2614
13.4328
13.281
13.5241
13.399
13.3182
13.2967
13.3361
13.2915
13.2802
13.2714
13.296
13.2591
13.3171
13.2696
13.2833
13.2687
13.3566
13.3079
13.2928
13.3431
13.3085
13.2985
13.2596
13.307
13.277
13.2938
13.4853
13.5179
13.3563
13.3045
13.4118
13.5299
13.2628
13.2563
13.2559
13.2482
13.2531
13.2327
13.2269
13.2699
13.3476
13.287
13.2705
13.2674
13.3251
13.2693
13.2471
13.2863
13.2612
13.2891
13.242
13.2771
13.2523
13.2946
13.3464
13.4875
13.3177
13.2983
13.3107
13.4236
13.2534
13.1934
13.2126
13.2275
13.2544
13.183
13.2095
13.2638
13.2963
13.2598
13.2658
13.2606
13.2742
13.2569
13.254
13.2787
13.2554
13.3195
13.2823
13.2842
13.2671
13.3096
13.2967
13.3718
13.3246
13.3101
13.2894
13.3306
13.267
13.2125
13.2191
13.2687
13.2803
13.2415
13.2416
13.2578
13.2639
13.2563
13.2739
13.2552
13.2659
13.2599
13.3088
13.2985
13.2898
13.3494
13.3337
13.333
13.3131
13.314
13.2938
13.3087
13.3453
13.3149
13.3052
13.3044
13.3015
13.2768
13.273
13.3482
13.317
13.3056
13.305
13.258
13.2763
13.2692
13.2931
13.2604
13.2883
13.2733
13.3749
13.3776
13.3386
13.4254
13.4206
13.4183
13.3765
13.3317
13.3154
13.3041
13.3733
13.3602
13.3162
13.3084
13.3334
13.3708
13.337
13.3973
13.3443
13.4118
13.3549
13.268
13.3009
13.2779
13.3089
13.2763
13.3089
13.2798
13.4465
13.4607
13.4196
13.4448
13.4577
13.4822
13.4539
13.3781
13.3111
13.3194
13.3836
13.3888
13.3001
13.3303
13.3466
13.4236
13.3561
13.3966
13.3469
13.4172
13.3468
13.2854
13.3119
13.2803
13.3136
13.294
13.3107
13.2787
13.4494
13.4743
13.4582
13.4511
13.4317
13.4486
13.4353
13.4038
13.3101
13.3455
13.3665
13.4062
13.3077
13.3471
13.338
13.3885
13.3268
13.3612
13.3309
13.3599
13.3114
13.3013
13.304
13.2764
13.3159
13.3085
13.3
13.2824
13.4069
13.3992
13.3997
13.383
13.3707
13.3456
13.3608
13.3936
13.3021
13.3443
13.3071
13.364
13.2949
13.3384
13.3229
13.3299
13.2977
13.3199
13.3166
13.3057
13.2882
13.3146
13.2979
13.2949
13.315
13.318
13.2981
13.3057
13.3355
13.2925
13.3274
13.2771
13.2953
13.24
13.2898
13.3298
13.2819
13.3338
13.233
13.2983
13.273
13.329
13.3106
13.2862
13.2851
13.2869
13.3042
13.2697
13.2825
13.319
13.3012
13.314
13.3107
13.3182
13.3023
13.3172
13.2615
13.1952
13.2529
13.1731
13.231
13.157
13.2074
13.2734
13.2731
13.3207
13.1938
13.2512
13.2674
13.3131
13.2972
13.2576
13.2801
13.264
13.2893
13.248
13.277
13.3151
13.303
13.3171
13.3065
13.3106
13.3024
13.3141
13.2098
13.1312
13.173
13.1383
13.1949
13.1158
13.1457
13.2346
13.2581
13.2947
13.1876
13.2207
13.2546
13.2731
13.2824
13.2411
13.2733
13.2512
13.2764
13.2345
13.2682
13.3049
13.3002
13.3093
13.3008
13.2997
13.297
13.3037
13.1903
13.1202
13.1477
13.1626
13.1928
13.1296
13.1639
13.2187
13.2559
13.2634
13.2067
13.2185
13.2582
13.2532
13.2722
13.2299
13.2641
13.2525
13.2708
13.2287
13.2626
13.2942
13.2922
13.2963
13.2882
13.2893
13.2898
13.2897
13.1942
13.1295
13.1911
13.1429
13.1993
13.1384
13.2142
13.2291
13.256
13.2477
13.2206
13.2417
13.2442
13.2338
13.2703
13.2343
13.2622
13.2672
13.2718
13.2509
13.2703
13.2844
13.2843
13.2832
13.2756
13.279
13.2803
13.2783
13.2063
13.1531
13.2351
13.1465
13.2159
13.173
13.2603
13.248
13.2281
13.2167
13.2353
13.2424
13.213
13.187
13.2717
13.2729
13.2752
13.2847
13.2704
13.3033
13.2826
13.2707
13.2752
13.2722
13.2627
13.2617
13.2681
13.2661
13.22
13.2106
13.2904
13.23
13.2158
13.265
13.3144
13.2291
13.2018
13.1522
13.2647
13.2116
13.1936
13.1306
13.2644
13.3236
13.2814
13.2921
13.2546
13.3262
13.2725
13.2561
13.2579
13.2574
13.2387
13.2491
13.2465
13.2458
13.2134
13.3219
13.3195
13.375
13.2307
13.3679
13.2969
13.1954
13.1977
13.1234
13.2838
13.191
13.2029
13.1238
13.2366
13.3119
13.2519
13.2602
13.2155
13.286
13.2266
13.2332
13.2332
13.2315
13.2043
13.2163
13.2156
13.2157
13.2786
13.3983
13.3005
13.4845
13.3335
13.4053
13.3188
13.2048
13.2072
13.1235
13.2871
13.2313
13.211
13.1296
13.1941
13.2517
13.2006
13.2091
13.1728
13.2168
13.176
13.195
13.1955
13.1998
13.1418
13.1663
13.17
13.1781
13.3564
13.3837
13.3276
13.5545
13.3483
13.3454
13.3249
13.2612
13.2152
13.1433
13.2624
13.2752
13.2175
13.1569
13.1541
13.186
13.1545
13.1715
13.1415
13.1514
13.1358
13.1278
13.1431
13.1506
13.0812
13.0855
13.1169
13.1149
13.3024
13.3317
13.2905
13.5424
13.2064
13.3256
13.2113
13.2671
13.2173
13.1692
13.2391
13.2381
13.2129
13.1808
13.1285
13.1246
13.1192
13.1096
13.1118
13.1077
13.0985
13.045
13.0936
13.0718
13.0478
13.0156
13.0694
13.0291
13.0967
13.2769
13.1197
13.2315
12.9969
13.1772
13.0479
13.2192
13.2093
13.1946
13.1691
13.1865
13.2031
13.2053
13.0783
13.0861
13.092
12.9109
13.0092
13.0055
13.0791
12.9956
13.0438
12.9876
13.0293
12.9873
13.0124
12.9589
12.9171
13.0489
13.0316
12.815
12.8148
12.9103
13.0028
13.1622
13.1812
13.2089
13.029
13.112
13.1436
13.1827
12.8895
12.8608
13.0203
12.5091
12.742
12.6595
12.903
12.9491
12.9762
12.9365
12.8887
12.8874
12.9301
12.9123
12.7247
12.7914
12.9492
12.5061
12.6438
12.6954
12.8668
13.0632
13.1025
13.1449
12.8819
12.983
13.0528
13.0923
12.5518
12.3833
12.7401
11.8386
12.3741
12.0231
12.5398
12.8029
12.8733
12.87
12.6204
12.7183
12.7832
12.8058
12.529
12.6157
12.7777
12.3324
12.3611
12.5487
12.6678
12.9094
12.9985
13.0328
12.7624
12.8345
12.9372
12.9637
12.1963
11.5838
12.311
11.2147
12.065
11.1789
12.1137
12.6314
12.6458
12.7228
12.3985
12.5659
12.4947
12.6415
12.1842
12.4822
12.5559
12.2317
12.0255
12.4263
12.4409
12.7538
12.8657
12.8817
12.6531
12.6542
12.7901
12.7895
11.9593
10.9207
11.9345
11.3331
11.9395
10.8018
11.8197
12.5206
12.3696
12.5608
12.3453
12.506
12.2863
12.5105
11.9059
12.3794
12.3181
12.1546
11.8317
12.3392
12.1999
12.5494
12.715
12.7011
12.5209
12.4371
12.6476
12.6023
12.0072
10.882
11.7364
11.941
12.1426
11.0485
11.7494
12.5166
12.2346
12.4806
12.4453
12.5536
12.2423
12.4932
11.7959
12.3072
12.1127
12.2225
11.8065
12.2937
12.0621
12.3458
12.5953
12.5186
12.4246
12.2957
12.5475
12.4654
12.3326
11.2945
11.8552
12.663
12.5394
11.6208
12.0534
12.6111
12.2907
12.5308
12.6447
12.6838
12.4159
12.6058
11.8686
12.2977
12.0395
12.4485
12.0067
12.3321
12.0494
12.275
12.4939
12.4363
12.413
12.2625
12.4372
12.4141
12.7411
11.9675
12.2895
13.1768
12.907
12.3658
12.5766
12.7725
12.5668
12.7017
12.8866
12.8589
12.7511
12.8094
12.1711
12.3939
12.07
12.7683
12.379
12.4629
12.1387
12.2363
12.3792
12.3446
12.3912
12.2202
12.3225
12.247
13.0324
12.7374
12.8441
13.2932
13.1327
13.1083
13.0944
12.9615
12.919
12.9189
13.1045
13.0442
13.0699
13.0145
12.593
12.5438
12.2091
13.0602
12.7835
12.6614
12.292
12.2427
12.2909
12.2072
12.435
12.2397
12.3071
12.2342
13.2341
13.3882
13.2465
13.4054
13.3235
13.5
13.3248
13.1561
13.1816
13.1113
13.2905
13.2362
13.2577
13.1953
12.9339
12.7965
12.4329
13.2523
13.1126
12.915
12.6363
12.2498
12.359
12.2963
12.4583
12.2764
12.4276
12.339
13.4096
13.4954
13.3441
13.5285
13.4753
13.4723
13.3748
13.3184
13.3215
13.2782
13.4297
13.3899
13.3771
13.3549
13.316
13.0842
12.8311
13.5176
13.4346
13.2549
13.0366
12.3287
12.498
12.359
12.7538
12.4741
12.579
12.4038
13.5366
13.4825
13.4351
13.6112
13.5897
13.5288
13.504
13.4586
13.4433
13.433
13.548
13.5188
13.5085
13.5003
13.5623
13.3911
13.2601
13.6819
13.6596
13.4137
13.3804
12.7864
12.7387
12.5387
13.2759
13.1619
12.9899
12.7876
13.6409
13.6134
13.5942
13.7072
13.6889
13.6858
13.6694
13.5762
13.5766
13.568
13.6534
13.6269
13.6366
13.6268
13.6318
13.5206
13.5067
13.6697
13.6088
13.6937
13.6983
13.4332
13.2469
13.1506
13.6555
13.6827
13.5717
13.5893
13.7349
13.7541
13.7345
13.7928
13.7737
13.8044
13.7821
13.6739
13.6903
13.6774
13.7347
13.7146
13.7328
13.7172
13.7272
13.8044
13.9112
13.8689
13.8461
13.9503
14.0235
13.9771
13.9558
13.9566
14.1883
14.1659
14.1785
14.1244
13.8052
13.8429
13.8157
13.8527
13.8301
13.87
13.8413
13.7514
13.7672
13.7511
13.7985
13.7826
13.7951
13.7799
13.9183
14.0323
14.0524
13.9778
13.9503
14.0547
14.0447
14.1806
14.2059
14.1447
14.1732
14.1344
14.1742
14.1053
13.8484
13.8852
13.8579
13.887
13.865
13.8957
13.8723
13.8084
13.8167
13.8026
13.8425
13.8271
13.8348
13.8212
13.9618
14.0493
14.0243
13.9921
13.9601
14.032
14
14.0849
14.1282
14.0668
14.0881
14.0351
14.0814
14.0276
13.8793
13.9009
13.883
13.9024
13.8862
13.9027
13.8913
13.8394
13.8473
13.8352
13.8602
13.8458
13.8554
13.8456
13.9556
14.0116
13.9804
13.9763
13.9482
13.9921
13.9615
14.0045
14.0405
13.9988
14.018
13.9789
14.0073
13.9777
13.8899
13.9028
13.8955
13.9151
13.8949
13.9025
13.8968
13.845
13.8616
13.8522
13.8634
13.8404
13.8651
13.8533
13.9425
13.9752
13.9474
13.9561
13.9366
13.9611
13.9337
13.9607
13.9814
13.9611
13.97
13.944
13.961
13.9463
13.9006
13.902
13.8975
13.9265
13.9075
13.9007
13.9003
13.8412
13.8667
13.8503
13.8685
13.8497
13.8682
13.8452
13.9321
13.9499
13.924
13.9416
13.9275
13.9412
13.9161
13.933
13.9461
13.9345
13.9423
13.9231
13.9335
13.9223
13.9143
13.901
13.9063
13.9312
13.9204
13.9016
13.9111
13.863
13.8731
13.8439
13.8922
13.8759
13.8802
13.8527
13.9249
13.9349
13.912
13.9335
13.9231
13.9309
13.9094
13.9178
13.9235
13.914
13.929
13.9144
13.9193
13.9088
13.9233
13.9014
13.9127
13.9256
13.9236
13.9018
13.9135
13.8876
13.8835
13.866
13.8976
13.8923
13.8835
13.8737
13.9213
13.9291
13.9079
13.9276
13.922
13.9257
13.9112
13.9133
13.9188
13.9083
13.9264
13.9139
13.9206
13.9124
13.921
13.9004
13.9121
13.9141
13.9166
13.8981
13.9119
13.8929
13.8803
13.876
13.8947
13.8916
13.8779
13.8738
13.9206
13.9219
13.9145
13.9167
13.9153
13.917
13.9156
13.9119
13.9225
13.9145
13.9175
13.9134
13.9226
13.9159
13.9117
13.9007
13.9049
13.9046
13.9068
13.8994
13.9016
13.8874
13.8805
13.872
13.89
13.8845
13.8864
13.8868
13.9133
13.9114
13.9118
13.9048
13.9076
13.9031
13.9085
13.9111
13.9194
13.9183
13.9058
13.9083
13.9131
13.9194
13.9028
13.8938
13.9001
13.8972
13.8994
13.8878
13.8962
13.8877
13.8887
13.9026
13.8842
13.8875
13.8849
13.9029
13.9009
13.8937
13.9068
13.8953
13.8929
13.8928
13.9021
13.9047
13.9078
13.9182
13.8948
13.9023
13.9046
13.915
13.8949
13.8835
13.8894
13.8925
13.8913
13.8797
13.8823
13.886
13.8814
13.8979
13.883
13.8854
13.8789
13.8931
13.8873
13.894
13.8965
13.8819
13.8822
13.8912
13.8893
13.8993
13.9021
13.91
13.8906
13.8948
13.9
13.905
13.8905
13.8776
13.882
13.8907
13.8909
13.8759
13.8818
13.8856
13.8782
13.8894
13.8875
13.8875
13.8799
13.8869
13.8779
13.888
13.8833
13.8742
13.8737
13.8847
13.8782
13.8917
13.8976
13.9016
13.8862
13.8877
13.8943
13.8958
13.8915
13.8748
13.8819
13.89
13.893
13.8733
13.8823
13.8894
13.8819
13.8839
13.8969
13.8894
13.8838
13.8814
13.8703
13.8811
13.8752
13.8698
13.868
13.8766
13.8731
13.8843
13.8909
13.8909
13.8813
13.8806
13.8875
13.8864
13.8979
13.8712
13.8831
13.89
13.9
13.8707
13.8843
13.8872
13.8826
13.8784
13.8966
13.8839
13.8777
13.8759
13.8667
13.8717
13.8713
13.868
13.8665
13.8681
13.8709
13.8781
13.8836
13.8829
13.8743
13.8754
13.8798
13.8791
13.8969
13.8708
13.8812
13.8862
13.8901
13.8718
13.8768
13.8795
13.8743
13.8738
13.8803
13.8749
13.8737
13.8709
13.8667
13.8653
13.8696
13.8729
13.8671
13.8672
13.8667
13.8714
13.8778
13.8754
13.8686
13.868
13.8771
13.8717
13.8812
13.8718
13.8713
13.8796
13.871
13.8716
13.8666
13.8702
13.8735
13.8669
13.8722
13.8668
13.8706
13.863
13.8673
13.8709
13.865
13.8804
13.8664
13.8756
13.8633
13.8661
13.8775
13.871
13.8739
13.8659
13.8772
13.8719
13.868
13.8713
13.8663
13.8764
13.8704
13.8701
13.8666
13.8651
13.8663
13.8602
13.87
13.8654
13.8626
13.8583
13.8695
13.8801
13.8647
13.8877
13.8744
13.884
13.8684
13.8676
13.8784
13.8729
13.8828
13.8702
13.8813
13.8744
13.8745
13.8706
13.868
13.8789
13.8786
13.8712
13.8678
13.8683
13.8607
13.8575
13.874
13.8738
13.8608
13.8587
13.8793
13.8886
13.8726
13.8975
13.8865
13.894
13.8798
13.8742
13.8853
13.8765
13.8916
13.8808
13.8914
13.8815
13.8846
13.8742
13.8686
13.8895
13.8938
13.8778
13.8688
13.8828
13.8617
13.861
13.888
13.8952
13.8632
13.8645
13.8934
13.9004
13.8854
13.9135
13.9016
13.9093
13.8916
13.8865
13.8985
13.8867
13.9066
13.8959
13.9062
13.8943
13.9014
13.8835
13.8692
13.9069
13.91
13.8889
13.87
13.9107
13.8618
13.8669
13.9148
13.9268
13.8588
13.8683
13.9095
13.9199
13.9072
13.9379
13.9188
13.9334
13.9215
13.9066
13.9166
13.906
13.9334
13.9217
13.9321
13.921
13.9104
13.8966
13.8662
13.9339
13.8996
13.9073
13.8563
13.9407
13.8438
13.8608
13.9193
13.9458
13.8133
13.843
13.9314
13.9483
13.9307
13.9824
13.9459
13.9685
13.9423
13.9331
13.9516
13.9357
13.9739
13.9486
13.9712
13.953
13.8723
13.9226
13.841
13.965
13.7984
13.9549
13.8236
13.9096
13.7529
13.786
13.7427
13.7997
13.6476
13.6946
13.9707
14
13.9609
14.0634
14.008
14.035
13.9839
13.9715
13.9947
13.9721
14.0272
13.9925
14.0208
13.9936
13.6911
13.9959
13.811
14.0584
13.6986
14.0722
13.8205
13.669
13.5405
13.5354
13.5379
13.6196
13.4852
13.3777
14.055
14.0794
14.0139
14.1955
14.1126
14.1319
14.0505
14.0158
14.0556
14.0172
14.1044
14.0467
14.095
14.0466
13.8487
14.1806
13.8367
14.2835
14.0343
14.2863
13.8931
13.5864
13.4523
13.2486
13.6667
13.5048
13.5119
13.1552
14.1784
14.1936
14.0966
14.3204
14.2497
14.2527
14.1542
14.0814
14.1408
14.0844
14.2042
14.1244
14.1907
14.1287
14.0198
14.3504
14.0218
14.2593
13.983
14.3527
14.0831
13.485
13.6329
13.2719
13.6575
13.54
13.713
13.4095
14.2933
14.3065
14.2033
14.2476
14.2906
14.35
14.2288
14.1714
14.2458
14.1751
14.3118
14.2271
14.3021
14.2283
13.9588
14.1898
14.0135
14.1226
13.9357
14.0996
13.946
13.6319
13.744
13.5168
13.6971
13.718
13.7102
13.598
14.2571
14.3899
14.219
14.3614
14.2403
14.4318
14.235
14.2747
14.3631
14.2756
14.4247
14.3255
14.429
14.3279
13.9046
14.087
13.9144
14.0372
13.8694
14.0676
13.8825
13.816
13.7321
13.7212
13.7443
13.8838
13.7611
13.8391
14.2793
14.4995
14.3915
14.5317
14.3101
14.602
14.4803
14.3892
14.4976
14.3835
14.549
14.4406
14.5689
14.4378
13.835
14.0405
13.8389
13.975
13.8291
14.0163
13.8135
13.9245
13.7828
13.9165
13.7785
13.9634
13.7729
13.9523
14.3074
14.6371
14.4511
14.4571
14.2751
14.5741
14.3975
14.4815
14.6249
14.4892
14.6391
14.4968
14.6308
14.4939
13.8342
13.9852
13.7932
13.9522
13.8651
13.968
13.7878
13.9965
13.7729
13.9786
13.8905
14.0344
13.7974
14.0009
14.2229
14.4815
14.3182
14.3148
14.1537
14.3884
14.23
14.3937
14.5757
14.4314
14.4519
14.2653
14.4619
14.3062
13.9085
13.9659
13.8126
13.9887
13.9628
13.979
13.8667
14.0725
13.8715
14.0287
14.027
14.1108
13.9456
14.0688
14.1118
14.3001
14.1539
14.2166
14.0793
14.2335
14.089
14.1405
14.3296
14.1784
14.2222
14.0328
14.2122
14.0525
14.0144
14.0098
13.9346
14.0773
14.0629
14.0559
13.9981
14.1504
14.0076
14.1052
14.1262
14.1871
14.0699
14.1558
14.0778
14.1931
14.0541
14.2035
14.0946
14.183
14.0455
13.9533
14.1091
13.9451
14.1106
13.9036
14.0458
13.8705
14.1141
14.1149
14.0629
14.1995
14.1699
14.1735
14.1266
14.2235
14.1162
14.1805
14.1936
14.2549
14.1607
14.2249
14.1372
14.1929
14.0687
14.2752
14.1881
14.2204
14.1083
13.9319
14.0211
13.857
14.1204
13.987
14.0329
13.8797
14.2313
14.2297
14.1841
14.3175
14.2827
14.2802
14.2296
14.2834
14.2056
14.2501
14.2791
14.3168
14.2498
14.2864
14.2462
14.2625
14.16
14.3845
14.2997
14.3114
14.2136
14.0532
14.0677
13.9347
14.2099
14.1157
14.1154
13.996
14.3338
14.3286
14.2843
14.4159
14.3748
14.3723
14.328
14.3444
14.2802
14.3073
14.3578
14.3823
14.3187
14.3391
14.3518
14.3692
14.2712
14.4884
14.3989
14.4146
14.333
14.2234
14.1982
14.1606
14.3098
14.279
14.2531
14.2379
14.2999
14.2143
14.2724
14.288
14.3129
14.2677
14.3034
14.3998
14.3511
14.4
14.3746
14.4154
14.3704
14.4088
14.175
14.18
14.0705
14.3471
14.2521
14.2551
14.1535
14.113
14.0248
14.0371
14.1787
14.1945
14.1019
14.1495
14.3076
14.2014
14.2987
14.2562
14.3183
14.261
14.3332
14.4226
14.3738
14.4335
14.3883
14.4191
14.4094
14.4404
14.0662
13.9353
14.0906
14.0694
14.1504
14.0691
14.2116
14.3572
14.3215
14.4101
14.3237
14.4006
14.4075
14.4739
)
;

boundaryField
{
    fbOut
    {
        type            fixedValue;
        value           uniform 0;
    }
    CAD_patch1
    {
        type            zeroGradient;
    }
    fbGasin
    {
        type            zeroGradient;
    }
    CAD_patch3
    {
        type            zeroGradient;
    }
    fbBioin
    {
        type            zeroGradient;
    }
}


// ************************************************************************* //
