/*--------------------------------*- C++ -*----------------------------------*\
| =========                 |                                                 |
| \\      /  F ield         | OpenFOAM: The Open Source CFD Toolbox           |
|  \\    /   O peration     | Version:  5.x                                   |
|   \\  /    A nd           | Web:      www.OpenFOAM.org                      |
|    \\/     M anipulation  |                                                 |
\*---------------------------------------------------------------------------*/
FoamFile
{
    version     2.0;
    format      ascii;
    class       volScalarField;
    location    "3.35";
    object      p;
}
// * * * * * * * * * * * * * * * * * * * * * * * * * * * * * * * * * * * * * //

dimensions      [0 2 -2 0 0 0 0];

internalField   nonuniform List<scalar> 
10571
(
224.335
259.858
254.786
236.711
189.652
263.564
242.274
246.134
181.636
35.9498
255.594
263.378
252.131
262.469
245.391
125.054
259.458
258.948
260.875
259.453
216.479
247.155
238.892
239.968
53.151
126.035
102.533
25.5184
25.9687
122.481
132.623
36.7155
14.553
18.2806
99.5294
117.022
51.482
30.2298
32.5271
15.2831
106.541
21.2005
14.3281
84.0201
64.707
100.56
120.452
114.044
13.0737
42.4428
26.4084
16.7562
11.0081
12.8835
21.3347
6.853
4.92834
13.0414
5.36825
5.44151
6.61341
5.92474
6.83358
11.4876
5.80186
4.61588
3.97183
4.9794
11.0527
5.63999
4.6952
5.6082
6.1972
6.92569
6.96192
6.80573
7.94613
5.9482
6.1066
6.31631
5.69416
10.3247
6.83743
6.80514
6.68223
7.05732
6.29223
9.60593
6.76223
7.29549
7.11679
6.0348
6.284
6.54705
6.41781
6.22333
6.42112
6.40584
6.43387
6.35546
6.40096
6.10442
6.3099
6.53553
6.06727
6.6809
6.73116
6.64389
6.66496
6.64471
6.37965
6.34311
6.69074
6.73127
6.54724
6.22483
6.43816
6.59397
6.53097
6.42378
6.43135
6.39305
6.48858
6.33235
6.46566
6.21869
6.37337
6.54342
6.34596
6.35172
6.17453
6.73088
6.64984
6.60398
6.51538
6.42456
6.71703
6.21688
6.65071
6.59939
6.47277
6.39769
6.50185
6.5387
6.45212
6.47389
6.48449
6.49729
6.48253
6.39794
6.42865
6.45781
6.43114
6.50856
6.46117
6.49104
6.23212
6.67407
6.59806
6.4973
6.43345
6.35421
6.42569
6.09036
6.57732
6.47528
6.43539
6.45453
6.52641
6.49251
6.44128
6.40906
6.47799
6.46818
6.48608
6.45087
6.41552
6.38858
6.43594
6.3776
6.4242
6.40274
6.28498
6.13084
6.55745
6.50777
6.36186
6.31336
6.29621
6.18443
5.67084
6.48749
6.29982
6.32159
6.37186
6.37848
6.09739
6.36122
6.31253
6.39107
6.45198
6.38566
6.38235
6.39244
6.37661
6.31157
6.29307
6.32979
6.35323
6.34718
6.37696
6.41706
6.3687
6.20707
6.19528
6.26661
6.16228
5.7859
6.39416
6.20449
6.24022
6.26505
6.25945
6.30368
6.25123
6.29385
6.38003
6.31476
6.32093
6.33591
6.36312
6.22588
6.23226
6.26097
6.33689
6.16632
6.30728
6.26601
6.11381
6.1347
6.21923
6.27287
6.32493
6.19776
6.24621
6.23266
6.21739
6.28228
6.24722
6.25677
6.27588
6.29628
6.27336
6.25536
6.31963
6.22817
6.21826
6.19496
6.30817
6.14931
6.26192
6.23045
6.10457
6.13005
6.17756
6.03434
6.28387
6.22992
6.28102
6.2078
6.16765
6.28055
6.27005
6.2438
6.15828
6.24355
6.16427
6.12473
6.23998
6.23686
6.18286
6.11871
6.21997
6.14722
6.25232
6.2241
6.15221
6.17771
6.14315
6.06471
6.2667
6.24937
6.25653
6.2504
6.13986
6.28856
6.28343
6.24886
6.05927
6.18941
6.05622
5.98563
6.10632
6.22144
6.15933
6.06955
6.13643
6.11285
6.25973
6.23521
6.21079
6.1908
6.11082
6.09416
6.26366
6.23911
6.20546
6.19686
6.13849
6.28396
6.26769
6.22443
6.039
6.17498
6.02455
5.97197
6.09958
6.22022
6.17759
6.08025
6.12865
6.08713
6.27308
6.25057
6.2597
6.14631
6.08082
6.10544
6.27259
6.2344
6.1651
6.12789
6.12371
6.27518
6.23749
6.1839
6.12003
6.19506
6.09243
6.03366
6.18553
6.23569
6.19156
6.11078
6.16865
6.11111
6.28952
6.26699
6.27695
6.11112
6.06434
6.10867
6.28598
6.23879
6.16452
6.09528
6.1437
6.27099
6.22235
6.17262
6.20585
6.25118
6.18843
6.00182
6.23434
6.26193
6.18851
6.1352
6.1594
6.09269
6.30986
6.28774
6.26767
6.12164
6.06052
6.08363
6.29951
6.25286
6.20223
6.12387
6.20896
6.28657
6.23485
6.20312
6.31051
6.30939
6.2923
5.9279
6.22252
6.2967
6.21822
6.1713
6.12985
6.11351
6.33686
6.31178
6.26617
6.189
6.07455
6.09356
6.32131
6.28085
6.25906
6.18071
6.29097
6.31992
6.27592
6.2603
6.57606
6.36255
6.36297
6.38034
6.14097
6.33587
6.23168
6.21941
6.11557
6.15643
6.37292
6.33943
6.27773
6.25901
6.09967
6.12353
6.35477
6.32617
6.32988
6.24394
6.34606
6.37043
6.33698
6.33264
6.52683
6.41432
6.38936
6.32829
6.13375
6.38329
6.24299
6.26939
6.1195
6.12267
6.41776
6.37933
6.32717
6.33005
6.14058
6.16
6.40091
6.39239
6.41798
6.32239
6.40354
6.4373
6.41485
6.42122
6.42882
6.4745
6.41646
6.31803
6.3847
6.44194
6.31587
6.30851
6.14753
6.15094
6.47019
6.43277
6.40175
6.41977
6.22975
6.27266
6.45655
6.47231
6.51762
6.42362
6.49913
6.5114
6.50249
6.52398
6.41475
6.54351
6.46268
6.33832
6.19976
6.51088
6.40906
6.40433
6.23736
6.27597
6.52574
6.49361
6.49032
6.53711
6.32175
6.499
6.51636
6.55512
6.61528
6.55524
6.61106
6.58459
6.58451
6.62583
6.45513
6.6129
6.52786
6.38181
6.0041
6.57812
6.50775
6.53329
6.3148
6.53035
6.57605
6.54938
6.58019
6.64901
6.60252
6.9007
6.57542
6.62649
6.68663
6.69346
6.92712
6.65057
6.65631
6.70878
6.53904
6.67484
6.59823
6.50314
6.24254
6.63556
6.59445
6.64125
6.63395
6.71172
6.6249
6.60422
6.65149
6.71345
6.77919
6.99619
6.62302
6.67765
6.72122
6.77104
6.89619
6.70295
6.709
6.75368
6.64282
6.71799
6.64984
6.62592
6.68916
6.67803
6.65418
6.71365
6.78321
6.74577
6.67092
6.65361
6.69453
6.75195
6.80827
6.87927
6.65644
6.70802
6.7374
6.78234
6.8225
6.74007
6.74104
6.77377
6.70007
6.73145
6.67033
6.69719
6.90374
6.7033
6.6901
6.75432
6.84815
7.09417
6.70393
6.6898
6.71972
6.77021
6.80838
6.84848
6.68311
6.72564
6.74639
6.76263
6.79852
6.76333
6.75805
6.77477
6.70234
6.72111
6.66048
6.68333
6.90714
6.70765
6.69849
6.7618
6.84472
7.04378
6.7275
6.71211
6.73383
6.76729
6.77203
6.84056
6.70256
6.74148
6.7421
6.75262
6.7951
6.77417
6.76054
6.76626
6.69129
6.70438
6.64553
6.64606
6.83923
6.68926
6.68849
6.74946
6.79705
6.92389
6.7405
6.7171
6.73536
6.75804
6.7456
6.80255
6.71204
6.75904
6.73964
6.73884
6.76429
6.77679
6.76305
6.75644
6.68001
6.68343
6.64748
6.65388
6.77404
6.66161
6.67445
6.72612
6.72748
6.79678
6.73436
6.7026
6.73348
6.74598
6.71529
6.73723
6.71572
6.77296
6.74347
6.73754
6.74176
6.7736
6.76258
6.74739
6.66173
6.68193
6.67233
6.69067
6.73642
6.65174
6.66785
6.70494
6.6726
6.70033
6.72101
6.69407
6.73177
6.71743
6.68904
6.68438
6.72348
6.78178
6.73179
6.73538
6.72122
6.76961
6.75281
6.74447
6.70547
6.70877
6.71401
6.72251
6.72963
6.66754
6.67893
6.69992
6.64969
6.64671
6.72164
6.69919
6.73259
6.68063
6.68007
6.65262
6.73348
6.77246
6.71836
6.73455
6.71212
6.7652
6.73702
6.73585
6.76854
6.74917
6.76259
6.76106
6.74217
6.68758
6.71964
6.71169
6.66401
6.6542
6.72923
6.71286
6.73502
6.64966
6.67904
6.66415
6.74154
6.74963
6.71145
6.73632
6.72922
6.75878
6.72997
6.73442
6.78656
6.77948
6.79664
6.77809
6.76089
6.70264
6.75607
6.73719
6.70939
6.72385
6.73605
6.72347
6.73204
6.66195
6.70655
6.74208
6.75309
6.72174
6.71338
6.74464
6.77106
6.74487
6.73019
6.73822
6.78279
6.78562
6.81474
6.77753
6.77413
6.70781
6.77098
6.75652
6.76597
6.80589
6.74406
6.72941
6.73088
6.70815
6.7881
6.82867
6.76399
6.69713
6.7151
6.75954
6.84437
6.73317
6.73319
6.74517
6.77403
6.79635
6.78406
6.768
6.77661
6.72067
6.75803
6.75038
6.77698
6.80603
6.74391
6.72977
6.72065
6.70519
6.8117
6.83226
6.75765
6.71051
6.71616
6.78459
6.84853
6.72631
6.73299
6.75162
6.76112
6.75584
6.74692
6.75219
6.77185
6.71978
6.72925
6.72813
6.76157
6.7825
6.73149
6.72024
6.69696
6.68017
6.7721
6.79787
6.74175
6.71191
6.70803
6.76298
6.79913
6.71297
6.71622
6.72992
6.75424
6.7004
6.72177
6.74224
6.7671
6.68752
6.70565
6.71263
6.74802
6.76591
6.71896
6.7028
6.6913
6.67703
6.741
6.76903
6.72911
6.70523
6.70635
6.69828
6.75588
6.70304
6.70468
6.69693
6.75888
6.66326
6.71927
6.74433
6.76864
6.6587
6.70825
6.71433
6.74552
6.76213
6.72143
6.70931
6.70308
6.6997
6.7412
6.75939
6.72943
6.71438
6.71576
6.7059
6.74918
6.71481
6.7239
6.7348
6.77503
6.70981
6.73835
6.75612
6.77794
6.69505
6.72743
6.74265
6.75299
6.76824
6.74145
6.7326
6.71937
6.72762
6.7473
6.76241
6.74453
6.71758
6.73622
6.74975
6.75861
6.73832
6.74468
6.83337
6.79931
6.75877
6.76232
6.77279
6.79063
6.75007
6.75651
6.77674
6.76902
6.77919
6.76807
6.7633
6.75012
6.75535
6.75987
6.77236
6.77193
6.73329
6.74747
6.7579
6.76841
6.75869
6.73339
6.78797
6.82598
6.78878
6.7755
6.79519
6.79923
6.78531
6.78226
6.81127
6.78725
6.79272
6.79746
6.79116
6.77717
6.78661
6.77704
6.78592
6.79305
6.76325
6.78007
6.77044
6.78096
6.78611
6.80755
6.78422
6.84343
6.80262
6.78813
6.81571
6.80335
6.80431
6.80136
6.83289
6.80905
6.81092
6.80559
6.79721
6.7891
6.81012
6.79275
6.80078
6.76465
6.78682
6.80012
6.78576
6.79482
6.82666
6.83641
6.79615
6.84529
6.8125
6.81184
6.82235
6.81481
6.80665
6.82222
6.82937
6.82499
6.82787
6.81674
6.80442
6.80963
6.82081
6.80637
6.81429
6.82235
6.79734
6.80394
6.80019
6.80785
6.83117
6.81349
6.8052
6.83677
6.82931
6.83162
6.81572
6.83579
6.80967
6.83385
6.82038
6.83113
6.83707
6.81276
6.80085
6.82168
6.82158
6.81649
6.82294
6.82028
6.81456
6.80858
6.81199
6.81913
6.82979
6.81256
6.81383
6.82771
6.84491
6.83937
6.80998
6.85043
6.82932
6.83784
6.81496
6.82986
6.84051
6.82601
6.81748
6.81979
6.82057
6.82246
6.82912
6.8184
6.82855
6.81608
6.82159
6.82828
6.8333
6.82508
6.82237
6.82358
6.84887
6.83602
6.81174
6.85823
6.83917
6.83646
6.81024
6.8247
6.83841
6.83237
6.82669
6.82723
6.82018
6.82483
6.83263
6.82766
6.83221
6.82194
6.82724
6.83505
6.84298
6.83544
6.82806
6.82517
6.8459
6.82736
6.81295
6.85628
6.83981
6.83176
6.80511
6.81972
6.83518
6.83798
6.83217
6.82976
6.8172
6.8252
6.83403
6.83896
6.83731
6.82498
6.83041
6.83953
6.84956
6.83818
6.83148
6.82623
6.83832
6.81947
6.81358
6.83947
6.83819
6.82746
6.7992
6.81418
6.83074
6.84642
6.83992
6.82657
6.8165
6.82686
6.83434
6.85069
6.83961
6.82904
6.83341
6.8429
6.84754
6.83797
6.83513
6.82618
6.83364
6.82111
6.81627
6.8201
6.83834
6.82351
6.7998
6.80913
6.82432
6.85873
6.85603
6.82827
6.82186
6.83156
6.83613
6.85647
6.83938
6.8349
6.83765
6.8458
6.84435
6.83862
6.84004
6.82496
6.83705
6.82622
6.8186
6.80545
6.84051
6.82813
6.80856
6.80949
6.82067
6.85745
6.85881
6.834
6.82852
6.83826
6.84032
6.85557
6.83983
6.84119
6.84279
6.84901
6.84319
6.8414
6.8458
6.82798
6.83939
6.8305
6.82304
6.8006
6.83761
6.83125
6.82228
6.81409
6.82275
6.85317
6.8474
6.83493
6.8348
6.84611
6.84586
6.85088
6.84162
6.84659
6.84785
6.85315
6.84487
6.84684
6.85222
6.83681
6.83169
6.83106
6.82955
6.81029
6.82598
6.83282
6.83403
6.82181
6.82956
6.84775
6.83906
6.83839
6.84091
6.85312
6.85295
6.84806
6.84461
6.85303
6.8534
6.85809
6.84957
6.85386
6.8591
6.84721
6.84263
6.84372
6.84378
6.82921
6.83225
6.83536
6.8406
6.83049
6.8418
6.8527
6.84528
6.84528
6.8474
6.85968
6.86046
6.85138
6.85135
6.86077
6.85967
6.86468
6.85703
6.86193
6.8658
6.869
6.86992
6.86566
6.86154
6.84274
6.86613
6.85876
6.85227
6.84343
6.85581
6.86379
6.85961
6.85492
6.85485
6.86424
6.8697
6.86003
6.86214
6.868
6.86518
6.87288
6.86603
6.86903
6.87185
6.88637
6.89526
6.88215
6.87371
6.8599
6.89478
6.87935
6.86352
6.85699
6.86736
6.87478
6.8719
6.86555
6.86163
6.86603
6.87704
6.86971
6.87172
6.87227
6.87007
6.88156
6.87378
6.87324
6.8762
6.89543
6.90914
6.89898
6.88313
6.86693
6.90072
6.88883
6.86989
6.86387
6.87043
6.88384
6.87928
6.87156
6.86388
6.86128
6.8749
6.87849
6.87661
6.87261
6.87094
6.88238
6.87878
6.87479
6.87784
6.88905
6.91305
6.90598
6.87869
6.85732
6.90329
6.89443
6.86909
6.85637
6.8594
6.89328
6.88763
6.87738
6.86396
6.85489
6.86108
6.88685
6.87734
6.86928
6.86646
6.87055
6.8814
6.87459
6.87532
6.88476
6.91763
6.90486
6.87414
6.8498
6.91135
6.89449
6.8674
6.84379
6.8418
6.9049
6.89755
6.8826
6.86537
6.84579
6.8433
6.89707
6.88139
6.86462
6.85371
6.85332
6.88855
6.87567
6.86948
6.89328
6.92889
6.90815
6.88187
6.85521
6.92402
6.90124
6.87029
6.83096
6.82772
6.9208
6.91135
6.89433
6.86252
6.82147
6.81764
6.91142
6.89211
6.86591
6.84255
6.83191
6.90034
6.87992
6.86441
6.90294
6.94508
6.91947
6.89305
6.85883
6.94292
6.91454
6.87496
6.81257
6.79372
6.94154
6.93128
6.90885
6.86046
6.79159
6.77888
6.93116
6.90741
6.87355
6.83008
6.80039
6.91729
6.88532
6.85812
6.91497
6.96921
6.93873
6.90596
6.85955
6.96776
6.93746
6.87831
6.7719
6.73718
6.96803
6.95818
6.92891
6.85775
6.74888
6.70042
6.95734
6.9283
6.87912
6.80917
6.76012
6.93704
6.89268
6.85161
6.93628
7.00357
6.97134
6.92538
6.85791
6.99999
6.96469
6.87806
6.70544
6.60862
7.00097
6.99123
6.95016
6.85023
6.67704
6.52336
6.99123
6.95622
6.88295
6.78464
6.68742
6.96099
6.89617
6.85867
6.97151
7.04957
7.01631
6.9536
6.86045
7.03932
6.99541
6.87279
6.61817
6.27536
7.04163
7.02973
6.97497
6.84353
6.57895
6.06888
7.03251
6.98595
6.90494
6.75797
6.54189
6.99722
6.93252
6.87565
7.01928
7.09735
7.06567
6.99324
6.87479
7.08451
7.03455
6.87334
6.53665
5.2373
7.08111
7.06773
7.00219
6.83788
6.4803
5.31461
-4.73609
7.07436
7.01977
6.92239
6.71908
6.16489
7.05123
6.97934
6.91425
7.08059
7.14445
7.11365
7.03887
6.90104
7.1282
7.07155
6.92785
6.53326
4.57239
0.133638
7.11506
7.10283
7.03095
6.89928
6.46428
5.21448
0.454008
7.10401
7.0468
6.95384
6.7123
5.60834
7.08602
7.02247
6.96454
7.11005
7.16153
7.12658
7.07243
6.95515
7.14856
7.09229
6.98317
6.64882
5.22488
1.31635
7.14641
7.13343
7.06095
6.96476
6.62113
5.22079
1.39521
7.12776
7.08055
7.01021
6.81749
6.00611
1.84263
7.1129
7.06112
7.03225
7.13327
7.1494
7.11148
7.09558
7.02871
7.1604
7.12671
7.03053
6.79508
5.53676
1.30479
7.16644
7.15292
7.10067
7.03034
6.802
5.69908
1.28795
7.14361
7.10258
7.07748
6.91469
6.37848
7.13127
7.09887
7.1047
7.13821
7.14238
7.12419
7.10854
7.06514
7.1469
7.11642
7.03767
6.82901
5.97627
7.15621
7.14417
7.10744
7.0521
6.87986
5.95665
-1.96837
7.13793
7.10133
7.10027
7.03844
7.06573
7.13366
7.1167
7.14124
7.12607
7.12926
7.11163
7.09845
7.05475
7.1267
7.09065
7.03668
6.83671
6.69464
7.13779
7.12314
7.07737
7.01849
6.89082
6.6735
7.12131
7.07627
7.07795
7.0626
7.11121
7.11463
7.10435
7.1377
7.10011
7.10463
7.08371
7.07714
7.03301
7.10145
7.06308
7.00286
6.80585
6.89019
7.11101
7.09356
7.03181
6.94855
6.84239
6.86006
7.0967
7.03888
7.01824
7.01763
7.07887
7.08618
7.06854
7.09692
7.0777
7.08867
7.06385
7.05351
7.02231
7.08001
7.02167
6.97559
6.82162
6.98361
7.07962
7.06314
6.97649
6.90903
6.83922
6.94689
7.05516
6.99395
6.97971
6.97317
7.04509
7.05464
7.03698
7.05813
7.06896
7.08609
7.06224
7.04237
7.0385
7.06138
7.00616
6.97658
6.87772
7.04981
7.03922
7.02094
6.94338
6.90086
6.89378
7.01886
6.99372
6.95137
6.98
6.98296
7.05792
7.02658
7.03002
7.04984
7.07977
7.09363
7.07943
7.05813
7.0684
7.05242
7.01935
7.00146
6.95858
7.10312
7.0081
6.99247
6.93646
6.92486
6.95934
7.07258
6.94124
6.95408
7.00926
7.02007
7.09185
7.01971
7.04733
7.08159
7.11704
7.11364
7.10772
7.09342
7.10841
7.06071
7.04277
7.04565
7.03498
7.14304
7.00484
6.99173
6.94822
6.97062
7.04232
7.12787
6.93501
7.00189
7.04949
7.07743
7.14302
7.03869
7.0859
7.12853
7.1689
7.14332
7.13727
7.12821
7.14364
7.08809
7.06728
7.07244
7.09241
7.1657
7.03149
7.01007
7.00939
7.02452
7.07836
7.17032
6.96555
7.01072
7.05343
7.13145
7.1933
7.08992
7.14574
7.18384
7.19174
7.16605
7.1539
7.14372
7.1619
7.11598
7.08908
7.09129
7.11151
7.1915
7.08079
7.03711
7.03029
7.04982
7.10514
7.19986
7.00656
7.04589
7.09713
7.16439
7.22182
7.14234
7.18529
7.21911
295.025
298.752
304.229
310.994
304.852
320.977
305.186
281.937
290.872
291.535
303.67
298.415
303.275
313.256
317.761
304.767
306.92
324.341
317.237
313.514
305.313
291.6
236.514
289.577
215.766
140.765
292.981
284.45
297.092
295.56
293.386
289.925
282.239
293.339
290.534
271.898
273.757
306.797
314.839
285.686
306.588
292.247
200.08
304.869
243.69
97.7859
136.757
134.877
289.205
298.058
292.52
293.669
285.812
295.585
291.841
273.026
278.996
283.909
286.15
286.361
298.74
288.85
295.801
308.026
287.44
305.653
303.587
228.503
189.555
265.621
285.19
291.853
292.918
282.82
290.248
289.384
285.116
285.949
275.429
282.347
286.915
272.578
273.995
295.604
295.557
279.641
279.166
273.753
280.027
278.866
277.618
268.061
266.593
259.266
251.974
263.051
256.652
189.158
237.203
253.521
247.238
130.422
173.089
139.232
228.695
197.46
126.711
121.93
84.1695
194.065
75.552
259.701
199.737
259.344
263.242
255.972
198.316
192.343
200.539
193.973
157.658
172.476
112.581
79.0044
71.9735
67.8486
37.4466
50.8948
22.9765
258.529
252.327
258.237
197.575
198.682
194.027
50.2884
45.9771
21.7226
22.0692
22.3292
261.22
260.154
192.073
194.029
193.688
96.2535
181.462
35.6583
26.3992
90.2343
258.328
191.103
263.041
252.766
253.727
189.748
192.352
185.003
182.647
242.536
247.768
243.541
181.279
160.422
189.049
173.938
131.643
248.989
181.807
245.667
235.841
184.763
190.178
186.668
235.247
231.711
199.371
202.188
204.729
197.421
112.232
49.6743
53.7726
85.6621
44.5689
31.6447
37.4322
30.6444
42.2832
35.6312
26.0528
23.5538
19.4677
30.1325
16.4298
120.679
53.1609
120.68
128.341
131.553
70.8842
70.8824
71.2484
85.9079
27.9406
22.1509
15.6778
13.2886
14.6735
12.4927
12.4689
16.6527
15.7665
95.566
93.1653
93.4271
18.8868
8.46223
9.66239
16.4494
17.155
15.3754
14.3992
15.4673
105.223
105.468
9.95855
11.7789
17.2426
15.2794
31.8913
12.9192
14.5594
14.3046
103.937
22.8819
104.569
103.27
101.552
25.5146
20.3362
29.6223
27.2489
86.3756
100.07
94.1585
8.80118
30.65
13.029
22.7872
26.9236
98.7829
26.0341
104.343
107.509
23.4422
17.5675
21.145
132.433
130.834
14.9917
17.0508
22.804
19.7942
29.0733
14.8844
22.0831
23.4083
28.1823
7.55454
11.1402
10.8999
15.0752
10.8546
6.7629
7.34111
7.74745
10.896
9.07068
14.7534
7.28544
39.4189
35.4201
50.7896
23.9346
20.8661
15.6638
25.9709
12.2419
9.89815
12.3462
10.1974
10.1521
8.25371
9.76953
14.897
12.6313
6.56045
5.60394
5.6288
6.88879
7.55462
7.50624
12.4347
13.0501
11.2474
11.0633
11.226
5.38287
5.3709
7.25624
7.19553
7.10503
11.9479
9.97709
10.7234
10.2589
9.64652
5.71232
6.91163
5.46967
6.05599
5.91923
6.75983
6.79913
6.65566
6.6546
6.93848
5.27234
5.96677
6.47068
6.10341
6.27665
6.11968
6.91083
5.80891
6.66389
5.21308
5.23146
6.49837
6.61362
6.62325
4.83357
4.96108
6.66312
6.57383
6.66047
6.49321
6.66656
6.30842
5.96573
6.18828
5.85533
6.66577
6.4106
6.57338
6.03099
6.6667
6.43665
6.33786
6.36325
7.28271
6.46513
6.29649
6.28671
6.86607
6.58678
9.05311
6.246
6.29048
6.27223
6.32535
7.61346
7.58899
7.0244
6.37944
6.72801
7.9071
6.81724
8.36808
7.01049
6.32497
6.9415
6.76302
6.20862
6.54787
6.40759
10.5817
10.7464
9.04458
9.79811
10.8853
6.82225
6.75166
6.70582
6.69456
6.69555
9.70784
6.91086
7.29211
9.25045
6.37108
6.71544
6.67321
6.58217
6.7224
6.63573
6.68896
6.60125
6.65385
6.59155
6.19666
6.19682
6.21853
6.09886
6.30678
6.16301
6.28869
6.39199
6.60572
6.57366
6.51062
6.49021
6.53288
6.53521
6.57622
6.38394
6.36988
6.45622
6.45878
6.51253
6.36291
6.48352
6.46913
6.55903
6.49113
6.55302
6.50057
6.46038
6.47374
6.37877
6.46573
6.41335
6.38553
6.48161
6.61935
6.58669
6.3178
6.24652
6.42377
6.33796
6.51518
6.3127
6.36447
6.2649
6.39478
6.6696
7.12222
6.69254
6.44486
6.51816
5.88717
6.30543
6.79706
6.56485
6.23924
6.52488
6.4145
6.17969
6.56861
6.48522
6.86812
8.36189
5.69297
5.33438
5.20714
6.70814
6.70716
6.73276
6.7187
6.69371
7.5426
6.53298
6.41942
5.53452
6.56242
6.70446
6.67689
6.66342
6.68997
6.68041
6.6606
6.60587
6.62663
6.59632
6.37075
6.26354
6.36218
6.32503
6.40786
6.34664
6.42087
6.47151
6.64175
6.57371
6.57342
6.59654
6.55133
6.53765
6.57083
6.51424
6.55902
6.47426
6.50421
6.50853
6.45377
6.51052
6.52479
6.53328
6.48262
6.51127
6.51951
6.48424
6.51313
6.41994
6.45269
6.46616
6.45844
6.44409
6.48571
6.45135
6.27847
6.34461
6.47644
6.30349
6.4501
6.43508
6.4773
6.3504
6.44944
6.50082
6.12571
6.35633
6.4546
6.52364
6.36065
6.47576
6.45227
6.42245
6.21409
6.65334
6.55434
6.37594
6.68829
6.59423
5.77876
6.14061
6.10883
6.43259
6.22671
6.36439
5.93279
6.17319
6.16492
6.12041
6.26531
6.18273
6.18661
6.11576
6.71769
6.69352
6.71084
6.69747
6.68147
6.51474
6.56268
6.46999
6.5019
6.09031
6.5217
6.46048
6.28992
6.4095
6.77488
6.2277
6.38722
6.38682
7.07723
6.67409
6.63604
6.62221
6.60543
6.58311
6.60372
6.54189
6.5671
6.53164
6.43699
6.40596
6.46035
6.43667
6.44415
6.44139
6.48316
6.49367
6.56728
6.51243
6.52007
6.55275
6.48572
6.48121
6.50136
6.48772
6.47738
6.43808
6.47377
6.44807
6.48644
6.54509
6.53749
6.49619
6.48659
6.512
6.48844
6.49429
6.50609
6.47877
6.46268
6.48182
6.47899
6.46347
6.4531
6.4363
6.42546
6.47344
6.54025
6.42518
6.45845
6.51051
6.52094
6.45693
6.45177
6.52321
6.40183
6.56156
6.39596
6.50178
6.35354
6.56284
6.65234
6.20849
6.82702
6.53684
6.31237
6.25794
6.28025
6.14615
6.49736
6.65107
6.63682
6.5108
6.63308
6.64914
6.21025
6.39624
6.1505
6.36593
6.25554
6.30396
6.12637
6.1812
6.18537
6.08493
6.18087
6.10576
6.07236
6.03161
6.66503
6.66317
6.635
6.62376
6.62115
6.27003
6.52843
6.45147
6.27831
6.16216
6.31849
6.23607
6.13166
6.39179
6.62522
5.86242
6.05764
5.95473
6.36987
6.61342
6.56908
6.5225
6.5396
6.49886
6.53862
6.47611
6.50537
6.45732
6.44466
6.45672
6.4891
6.4229
6.42204
6.43599
6.4726
6.44187
6.44822
6.34981
6.83093
6.17436
6.66864
6.47805
6.44125
6.43898
6.44596
6.40743
6.39811
6.40001
6.45047
6.40946
6.36542
6.41075
6.36713
6.4403
6.49879
6.4562
6.48237
6.48269
6.49014
6.46985
6.45496
6.46621
6.46725
6.44308
6.46262
6.4579
6.44126
6.41233
6.39679
6.46484
6.41208
6.47946
6.44036
6.42221
6.44013
6.4318
6.3974
6.37718
6.48607
6.32134
6.51858
6.38995
6.4749
6.29433
6.46583
6.88349
6.64097
6.7544
6.7106
6.29597
6.19464
6.40443
6.26934
6.4732
6.57942
6.58338
6.40998
6.49717
6.48373
6.1683
6.19365
6.14521
6.16813
6.06951
6.12371
6.1671
6.09009
6.05084
6.06014
6.23181
6.22111
6.08808
6.15846
6.55504
6.54736
6.48912
6.48325
6.47506
6.13325
6.20627
6.1366
6.15727
6.11524
6.12069
6.03046
6.08693
5.79455
6.375
5.83919
6.18186
5.86406
6.45748
6.51153
6.45725
6.42674
6.45963
6.42202
6.44037
6.38612
6.4233
6.38543
6.38806
6.39905
6.42456
6.3136
6.34653
6.35333
6.37005
6.27127
6.29244
6.12802
6.65679
6.14406
6.64327
6.40353
6.37094
6.34531
6.34526
6.33513
6.3049
6.30528
6.36368
6.32059
6.2732
6.31554
6.27987
6.33778
6.41211
6.37285
6.44408
6.42156
6.43289
6.41003
6.38855
6.39379
6.45159
6.46143
6.42294
6.42563
6.45322
6.39831
6.41859
6.34424
6.29101
6.38614
6.34559
6.32574
6.34115
6.34921
6.30119
6.28309
6.46038
6.27951
6.41566
6.3665
6.43756
6.30543
6.37384
6.68007
6.33473
6.32966
6.40072
6.3768
6.26781
6.32007
6.29627
6.64589
6.05026
6.18319
6.24112
6.89728
5.96616
6.16942
6.32556
6.12174
6.20783
6.60532
6.46501
6.41746
6.53647
6.41259
6.40848
6.35465
6.35034
6.35221
6.12366
6.20447
6.19818
6.19152
6.17949
6.20247
6.23749
6.16782
5.84897
6.52725
6.28736
6.40697
6.24551
6.60584
6.404
6.35864
6.35075
6.38597
6.35279
6.35666
6.31595
6.35499
6.32474
6.31962
6.30073
6.31943
6.24839
6.28649
6.28146
6.28694
6.22502
6.33898
6.31813
6.26848
6.26933
6.29357
6.24688
6.25071
6.28209
6.25393
6.242
6.25829
6.24654
6.26946
6.34064
6.31689
6.36968
6.34837
6.34981
6.31763
6.30477
6.30169
6.38197
6.41125
6.33069
6.33068
6.35948
6.42054
6.39101
6.26334
6.25941
6.32688
6.27543
6.25587
6.30431
6.31408
6.27145
6.25053
6.40127
6.32405
6.31903
6.34447
6.35941
6.30761
6.27199
6.2235
6.31882
6.23453
6.26678
6.2489
6.23001
6.24089
6.23082
6.03214
6.55981
6.14303
5.97666
5.47931
6.30316
6.30966
6.27859
6.27288
6.28046
6.61494
6.17648
6.1166
5.90454
6.13787
6.32275
6.29756
6.29072
6.3289
6.3081
6.30018
6.27285
6.30912
6.29733
6.25486
6.27274
6.27525
6.22179
6.23894
6.25912
6.26854
6.19069
6.30393
6.29636
6.23962
6.24662
6.27924
6.24161
6.25076
6.25175
6.25458
6.25942
6.25954
6.26919
6.24948
6.28889
6.24382
6.25367
6.26471
6.24438
6.18382
6.21034
6.17866
6.27491
6.31263
6.21458
6.21715
6.26961
6.34409
6.29416
6.25937
6.25534
6.29594
6.27223
6.24851
6.27504
6.262
6.26398
6.23824
6.31707
6.2608
6.24044
6.29054
6.29294
6.19816
6.23372
6.38317
6.38086
6.24172
6.23226
6.2292
6.24972
6.23043
6.23234
5.97945
5.81458
6.15635
6.03577
6.04673
6.25766
6.26386
6.25255
6.24991
6.25796
6.03214
6.08311
6.04265
6.11234
6.0561
6.28139
6.27283
6.26349
6.29511
6.29012
6.27261
6.26086
6.28596
6.28702
6.22327
6.23912
6.24878
6.23081
6.1898
6.23704
6.21875
6.14769
6.29231
6.28919
6.25264
6.26087
6.28033
6.2602
6.26896
6.26481
6.28233
6.27838
6.26817
6.29062
6.24533
6.19399
6.13134
6.11167
6.14196
6.10885
6.03657
6.06784
6.03616
6.15775
6.22744
6.10488
6.0968
6.18091
6.2389
6.17724
6.24625
6.23469
6.21794
6.24806
6.22081
6.21208
6.17349
6.23097
6.19796
6.2744
6.15563
6.23502
6.17249
6.24601
6.13296
6.22565
6.3437
6.31312
6.25034
6.23173
6.2346
6.24565
6.2319
6.23523
6.09467
6.16223
6.12844
6.13878
6.23485
6.24778
6.25925
6.25151
6.24867
6.26331
6.13895
6.06897
6.08248
6.16001
6.09715
6.27099
6.27162
6.25586
6.28081
6.2832
6.26312
6.255
6.27835
6.27987
6.16574
6.23529
6.18564
6.23333
6.13054
6.21757
6.15377
6.13703
6.28992
6.2841
6.2702
6.27601
6.27846
6.27154
6.2754
6.27066
6.29251
6.28128
6.2702
6.2854
6.24287
6.0891
6.05924
5.97162
5.9974
5.9635
5.92832
5.95034
5.90759
6.04156
6.13509
6.03455
6.00908
6.1001
6.11573
6.07529
6.22594
6.22232
6.13898
6.2176
6.17424
6.17746
6.11701
6.20738
6.15934
6.20892
6.11511
6.21231
6.0751
6.1822
6.11294
6.2028
6.29796
6.28745
6.23984
6.23576
6.23794
6.23709
6.24001
6.24247
6.15515
6.27955
6.10092
6.15973
6.29171
6.25534
6.27437
6.26232
6.26028
6.27792
6.18491
6.133
6.09751
6.1979
6.1562
6.27951
6.28235
6.25229
6.27679
6.27545
6.26695
6.25684
6.2796
6.27583
6.08429
6.19185
6.12447
6.15982
6.0444
6.16632
6.09816
6.131
6.2843
6.27921
6.27403
6.27329
6.27334
6.26441
6.26347
6.25635
6.27106
6.25239
6.24045
6.25489
6.203
6.05625
6.08121
5.91669
5.9426
5.88514
5.9379
5.98556
5.89945
6.01295
6.09898
6.07313
6.04246
6.11404
6.06715
6.08777
6.22391
6.22968
6.11296
6.20445
6.15664
6.18099
6.1258
6.20847
6.16443
6.17968
6.11976
6.19478
6.15136
6.19332
6.13909
6.19497
6.27341
6.2599
6.24015
6.24999
6.25098
6.24684
6.26021
6.25936
6.15893
6.29577
6.09183
6.17134
6.3038
6.26984
6.2914
6.27879
6.2763
6.29638
6.21146
6.1528
6.11151
6.22245
6.14612
6.29444
6.29878
6.25953
6.28162
6.27237
6.27851
6.26508
6.28764
6.27772
6.00605
6.14792
6.06923
6.10458
5.97691
6.13654
6.05668
6.12489
6.28034
6.28043
6.26102
6.25994
6.26959
6.25421
6.25472
6.22474
6.24181
6.22754
6.21348
6.23482
6.17193
6.12872
6.18476
5.98305
6.05477
5.93882
6.07423
6.12858
6.02447
6.07649
6.12424
6.16709
6.10072
6.13143
6.1337
6.18073
6.24022
6.25575
6.15396
6.22014
6.1809
6.22293
6.1928
6.2392
6.20235
6.20388
6.16356
6.20318
6.21197
6.20943
6.17597
6.19797
6.25469
6.23611
6.25762
6.27355
6.27016
6.2698
6.28661
6.28233
6.18921
6.29074
6.10804
6.1787
6.27536
6.28681
6.30724
6.2981
6.29499
6.31294
6.21985
6.16209
6.09553
6.2132
6.19088
6.30922
6.31473
6.27244
6.29346
6.28055
6.29155
6.28251
6.3025
6.28846
5.96285
6.13991
6.05882
6.10285
5.96497
6.15495
6.08213
6.17055
6.28673
6.29417
6.24961
6.25312
6.27665
6.24952
6.25531
6.20963
6.23494
6.22393
6.21338
6.24051
6.18268
6.24188
6.29305
6.20264
6.20746
6.15153
6.3095
6.28546
6.2931
6.11674
6.13998
6.19849
6.14136
6.1444
6.21333
6.22229
6.27418
6.29461
6.23396
6.26036
6.2286
6.27834
6.2738
6.28232
6.25969
6.20701
6.18772
6.18574
6.2417
6.19488
6.19679
6.17906
6.20783
6.19461
6.28456
6.30156
6.2959
6.30193
6.31712
6.31106
6.1706
6.27327
6.09523
6.1801
6.28057
6.30605
6.32251
6.32193
6.31752
6.33164
6.21041
6.22403
6.08527
6.20798
6.25878
6.3234
6.33154
6.29168
6.31322
6.29898
6.30874
6.30486
6.32516
6.31354
5.9836
6.18262
6.1176
6.15095
6.00793
6.21399
6.153
6.25301
6.30696
6.32187
6.25386
6.26369
6.30105
6.26395
6.27563
6.22768
6.2584
6.25149
6.24682
6.27649
6.22918
6.33648
6.36831
6.37943
6.35506
6.40277
6.44707
6.3973
6.43289
6.21058
6.13952
6.47849
6.37328
6.17941
6.2161
6.22837
6.31707
6.34083
6.31072
6.30577
6.28998
6.33527
6.34219
6.32666
6.31794
6.18129
6.19026
6.19363
6.17235
6.16208
6.17118
6.20062
6.20038
6.20965
6.32175
6.33519
6.32796
6.34316
6.35521
6.34666
6.20113
6.29664
6.14251
6.22746
6.31668
6.33143
6.34454
6.35372
6.34735
6.36022
6.2088
6.28413
6.10819
6.21493
6.30564
6.34349
6.3584
6.3206
6.34065
6.33312
6.33627
6.33997
6.35889
6.35623
6.03861
6.25025
6.18823
6.21121
6.06816
6.28674
6.22369
6.32081
6.34205
6.36496
6.27986
6.29467
6.34281
6.30092
6.31687
6.27365
6.30745
6.3037
6.30391
6.33471
6.29441
6.3919
6.40738
6.47826
6.42121
6.43321
6.48485
6.43099
6.46147
6.57802
6.29342
6.57545
6.64326
6.49413
6.25329
6.29823
6.36604
6.39126
6.36802
6.35054
6.3429
6.38684
6.38835
6.37414
6.36439
6.14058
6.14039
6.18115
6.11009
6.16285
6.10308
6.16311
6.20438
6.18698
6.36563
6.3772
6.36681
6.38882
6.40079
6.38805
6.23783
6.32714
6.14291
6.22851
6.32056
6.36578
6.37875
6.3943
6.3862
6.40004
6.2214
6.32266
6.13982
6.23181
6.34155
6.37693
6.39861
6.36285
6.38146
6.3832
6.3763
6.38768
6.40579
6.4123
6.10305
6.3268
6.26434
6.28059
6.14399
6.36948
6.30847
6.37062
6.39216
6.42072
6.32716
6.3456
6.40171
6.35693
6.37669
6.3396
6.37444
6.37357
6.37921
6.41031
6.37452
6.42268
6.43732
6.47695
6.43771
6.46943
6.45688
6.44078
6.45005
6.55317
6.71961
6.464
6.4663
6.66078
6.36405
6.41743
6.41753
6.44739
6.40832
6.40044
6.38651
6.44017
6.42635
6.42655
6.40933
6.23529
6.07071
6.1611
6.26815
6.2933
6.09809
6.16417
6.17382
6.16658
6.41354
6.42607
6.41086
6.43933
6.45313
6.43523
6.21986
6.31418
6.11953
6.20371
6.30041
6.40889
6.42403
6.44304
6.43351
6.44964
6.24297
6.36264
6.20333
6.26673
6.38851
6.42296
6.44906
6.41741
6.43316
6.4436
6.42762
6.44738
6.46136
6.47536
6.19402
6.41472
6.35777
6.37046
6.25481
6.46463
6.41002
6.44027
6.45195
6.48395
6.39197
6.4133
6.47272
6.42829
6.45127
6.42312
6.45619
6.45677
6.46908
6.49953
6.47114
6.45887
6.4824
6.44708
6.45259
6.43881
6.45015
6.46872
6.44039
6.43226
6.49015
6.41566
6.41687
6.41458
6.44445
6.49735
6.47844
6.51153
6.45668
6.45867
6.43686
6.50762
6.4817
6.49004
6.46446
6.30151
6.15723
6.14727
6.37509
6.20714
6.19236
6.14257
6.17994
6.21309
6.46755
6.48209
6.46211
6.4974
6.51206
6.48969
6.21739
6.30444
6.19906
6.27896
6.36596
6.46048
6.47681
6.49823
6.4881
6.50433
6.33227
6.44935
6.37909
6.44076
6.53399
6.47661
6.50502
6.48033
6.49225
6.50911
6.48573
6.51185
6.52237
6.54178
6.33542
6.51818
6.47474
6.48918
6.43113
6.57507
6.53623
6.55731
6.51842
6.55164
6.46742
6.49132
6.54744
6.50534
6.52983
6.5171
6.54795
6.54326
6.55733
6.59027
6.57536
6.51064
6.5408
6.46529
6.49122
6.45622
6.48479
6.51684
6.47896
6.4093
6.38949
6.42537
6.40884
6.36977
6.38909
6.21438
6.54525
6.58001
6.5145
6.52497
6.49727
6.57894
6.54699
6.55936
6.53035
6.05863
6.15703
6.16958
6.06095
5.9936
6.08937
6.19269
6.25563
6.3101
6.53028
6.54245
6.5183
6.56238
6.57165
6.54614
6.37448
6.45349
6.41022
6.47692
6.5551
6.51535
6.53196
6.55158
6.5406
6.55911
6.54847
6.59094
6.68934
6.76591
6.73224
6.53421
6.56344
6.54492
6.55385
6.57558
6.54624
6.57643
6.58275
6.60622
6.53169
6.62702
6.59395
6.63046
6.65646
6.67669
6.66027
6.7823
6.5849
6.61579
6.54348
6.56781
6.61841
6.5787
6.60178
6.59965
6.63087
6.62123
6.63799
6.66363
6.67038
6.57239
6.60383
6.5102
6.5467
6.50925
6.54142
6.57822
6.54121
6.43108
6.37852
6.49444
6.47841
6.42477
6.17356
6.224
6.61218
6.64305
6.58154
6.59384
6.56433
6.64537
6.61508
6.6258
6.59648
6.07197
6.11022
6.24152
6.04398
6.22899
6.20239
6.32447
6.38639
6.49656
6.59311
6.59891
6.57368
6.62058
6.6237
6.59974
6.66513
6.71637
6.6509
6.88303
6.94794
6.5652
6.58655
6.60028
6.59035
6.61325
6.99527
6.8798
7.01508
7.08052
6.9606
6.59141
6.6165
6.60635
6.61034
6.63511
6.60084
6.63241
6.63432
6.65999
6.783
6.72242
6.7295
6.73987
6.82152
6.74882
6.77977
6.92721
6.64495
6.67081
6.61215
6.63458
6.67848
6.64194
6.66348
6.67375
6.69322
6.68563
6.7014
6.71562
6.73524
6.63375
6.65965
6.57353
6.60814
6.57068
6.60471
6.63345
6.60053
6.54243
6.50137
6.59172
6.60503
6.58927
6.35537
6.52483
6.67037
6.694
6.6463
6.65448
6.62759
6.70023
6.67181
6.67907
6.65449
6.41967
6.36703
6.45504
6.49617
6.60421
6.53749
6.63904
6.60432
6.70156
6.6459
6.64646
6.62476
6.66804
6.66759
6.64808
6.96491
7.04186
6.68909
6.89906
6.94785
6.61671
6.63836
6.64916
6.64205
6.66039
7.03986
6.9497
6.92727
6.94916
6.89059
6.63825
6.65667
6.65418
6.65627
6.68175
6.64124
6.67201
6.67479
6.69975
6.8263
6.76204
6.7934
6.78116
6.81017
6.77016
6.79238
6.85204
6.6936
6.71277
6.669
6.6894
6.72316
6.69159
6.71073
6.72211
6.73399
6.72736
6.73803
6.74713
6.7662
6.68059
6.69459
6.63402
6.65437
6.63102
6.65651
6.67046
6.65689
6.65653
6.67133
6.68027
6.69131
6.73321
6.67698
6.79222
6.71273
6.7263
6.69058
6.69875
6.67629
6.72808
6.702
6.714
6.69135
6.77166
6.69877
6.84274
6.82306
6.89701
6.85196
7.00568
6.85199
7.04484
6.68634
6.68606
6.66884
6.70091
6.70026
6.68608
6.80552
6.84432
6.94774
6.77801
6.82288
6.66431
6.67834
6.68913
6.68304
6.69164
6.8829
6.8394
6.8515
6.85537
6.81853
6.67092
6.68193
6.68483
6.69072
6.71419
6.67032
6.69412
6.70363
6.72477
6.7979
6.77381
6.78883
6.77094
6.788
6.77202
6.78527
6.80457
6.72852
6.74034
6.71065
6.72753
6.75367
6.72531
6.73962
6.74863
6.75616
6.75142
6.75586
6.76289
6.77612
6.70151
6.7027
6.66584
6.68022
6.67045
6.66325
6.68357
6.67067
6.71001
6.76993
6.70552
6.71555
6.7832
6.85823
6.87617
6.73373
6.73549
6.70479
6.72319
6.69786
6.72837
6.69949
6.72658
6.69581
6.96857
6.93845
7.08482
6.92247
6.99765
6.96696
7.10331
7.1369
7.14519
6.71234
6.70963
6.6996
6.72095
6.71543
6.70894
6.86476
6.86035
7.09016
6.91023
6.89125
6.69951
6.70194
6.7165
6.71422
6.71092
6.85069
6.82062
6.8501
6.84979
6.82381
6.69168
6.70043
6.69994
6.71405
6.73156
6.69453
6.70549
6.72244
6.73574
6.78342
6.7683
6.77989
6.75498
6.77967
6.76411
6.77495
6.80378
6.7486
6.75352
6.73608
6.74886
6.77034
6.74486
6.75605
6.75975
6.76713
6.76066
6.75983
6.76965
6.77103
6.69941
6.6904
6.65688
6.68043
6.66544
6.65024
6.67458
6.65949
6.71181
6.78065
6.69681
6.70474
6.76797
6.8652
6.84006
6.73084
6.72047
6.68916
6.72301
6.6859
6.71339
6.67624
6.71247
6.67115
6.98131
6.95177
7.0724
6.87746
6.94037
6.90948
7.00959
7.09804
7.02703
6.72517
6.71701
6.71382
6.72399
6.71632
6.71521
6.90709
6.88906
6.98607
6.89894
6.8793
6.72676
6.71883
6.73537
6.73447
6.72511
6.84311
6.81581
6.82358
6.83224
6.79896
6.70779
6.71501
6.7094
6.7282
6.73791
6.70836
6.71192
6.73062
6.73868
6.77082
6.7605
6.76582
6.74549
6.75753
6.75347
6.74843
6.77544
6.75556
6.75553
6.75192
6.76179
6.77651
6.75853
6.76615
6.75784
6.7701
6.76171
6.75741
6.77052
6.76117
6.68077
6.67373
6.64486
6.66933
6.65582
6.64182
6.66537
6.65498
6.69892
6.75225
6.68554
6.69374
6.7372
6.81063
6.78333
6.70553
6.6886
6.66529
6.69548
6.65278
6.69418
6.65883
6.67496
6.63417
6.88697
6.86105
6.93909
6.80421
6.83967
6.81334
6.87104
6.95475
6.88533
6.71607
6.71474
6.71216
6.70583
6.70987
6.70528
6.87513
6.85485
6.85713
6.82684
6.81533
6.73764
6.72902
6.73971
6.73441
6.73047
6.81315
6.78651
6.77172
6.7783
6.76812
6.72066
6.72511
6.71522
6.73105
6.73936
6.71324
6.7193
6.73076
6.73894
6.74399
6.75089
6.74879
6.73586
6.7395
6.74629
6.75044
6.75524
6.7547
6.75305
6.76413
6.7691
6.77539
6.76764
6.77152
6.75778
6.77015
6.765
6.76327
6.76883
6.74877
6.66987
6.67149
6.64469
6.66421
6.65734
6.65047
6.66915
6.66484
6.68987
6.72748
6.67292
6.68809
6.72229
6.75908
6.74219
6.67495
6.66697
6.65725
6.65525
6.61826
6.67787
6.66123
6.64616
6.61013
6.79775
6.77424
6.81528
6.75108
6.76629
6.74426
6.77282
6.82261
6.77086
6.69456
6.70361
6.69763
6.68384
6.69845
6.69367
6.77071
6.76508
6.74142
6.71536
6.7201
6.72616
6.72856
6.72689
6.7173
6.72496
6.73848
6.74776
6.70697
6.70523
6.72997
6.72818
6.72991
6.72519
6.73082
6.73966
6.71925
6.73104
6.73214
6.7413
6.73426
6.74095
6.74018
6.73774
6.72816
6.74091
6.73243
6.73017
6.75214
6.75162
6.76924
6.7739
6.77125
6.76837
6.77154
6.76749
6.76497
6.75935
6.7626
6.76015
6.74992
6.68043
6.6943
6.66855
6.68175
6.67687
6.71123
6.70306
6.70224
6.68947
6.72313
6.66781
6.69369
6.72963
6.73249
6.72941
6.66827
6.6775
6.67257
6.65114
6.61136
6.69326
6.68781
6.66596
6.62422
6.74353
6.72506
6.74246
6.72965
6.73041
6.71597
6.72365
6.73212
6.70666
6.67953
6.69698
6.69232
6.68152
6.69805
6.69193
6.67897
6.68325
6.66677
6.65106
6.6577
6.70996
6.72263
6.71948
6.70878
6.72316
6.67106
6.71394
6.66653
6.65302
6.7016
6.73082
6.73229
6.73643
6.73437
6.74339
6.72868
6.74249
6.73737
6.7461
6.72334
6.7388
6.72847
6.73481
6.71947
6.73539
6.72633
6.71401
6.75188
6.7526
6.76598
6.76787
6.76761
6.76351
6.76492
6.75444
6.75306
6.74321
6.74348
6.74516
6.73912
6.71614
6.74342
6.74783
6.72394
6.72201
6.7744
6.74753
6.7806
6.70275
6.74005
6.7375
6.72061
6.75281
6.73306
6.7405
6.69093
6.70389
6.70865
6.68474
6.64764
6.72722
6.73368
6.70165
6.67375
6.72576
6.71656
6.71639
6.73311
6.72585
6.72251
6.71464
6.69429
6.69101
6.68733
6.70177
6.69647
6.69476
6.70701
6.70106
6.62848
6.63621
6.64055
6.61349
6.62402
6.71285
6.72562
6.72539
6.71749
6.72984
6.6465
6.69612
6.64609
6.64227
6.69425
6.73486
6.73889
6.74563
6.73975
6.74661
6.7375
6.74674
6.74197
6.7436
6.71755
6.73385
6.72628
6.73523
6.72067
6.73242
6.72794
6.71858
6.75288
6.75218
6.76073
6.76134
6.76322
6.75781
6.75862
6.73583
6.73936
6.73304
6.73074
6.73518
6.73578
6.76725
6.78928
6.81918
6.79305
6.83577
6.82383
6.83949
6.83049
6.75455
6.76592
6.78302
6.77715
6.77378
6.75184
6.76142
6.71371
6.7254
6.75808
6.71534
6.69698
6.76831
6.77605
6.73257
6.72352
6.73412
6.73563
6.72303
6.75072
6.74223
6.74889
6.73595
6.70443
6.72502
6.70207
6.71109
6.7027
6.71027
6.71548
6.70541
6.61602
6.62845
6.6836
6.6364
6.65333
6.72106
6.73524
6.73269
6.72386
6.74047
6.65645
6.70053
6.69829
6.69129
6.72116
6.74373
6.74928
6.75255
6.74434
6.74351
6.74677
6.76523
6.74727
6.74525
6.72556
6.73336
6.73233
6.73847
6.73399
6.73322
6.73869
6.74716
6.75175
6.75182
6.75371
6.75387
6.75092
6.74739
6.74927
6.72765
6.73284
6.7298
6.72904
6.73109
6.73469
6.79519
6.79258
6.81373
6.84442
6.8139
6.80253
6.82146
6.8035
6.78362
6.77787
6.78488
6.78284
6.77844
6.76933
6.77447
6.73768
6.74615
6.78807
6.74451
6.7358
6.78148
6.79874
6.75358
6.73923
6.75662
6.76387
6.75421
6.76828
6.76661
6.77488
6.7695
6.75473
6.78068
6.72083
6.72149
6.71314
6.72865
6.72851
6.72465
6.67905
6.70085
6.77396
6.74815
6.76355
6.72735
6.74492
6.73988
6.73139
6.74743
6.74122
6.75432
6.7931
6.78884
6.79061
6.75566
6.76208
6.77333
6.74996
6.74777
6.7595
6.77423
6.75296
6.75297
6.75327
6.73782
6.74814
6.75304
6.7735
6.74278
6.76177
6.79497
6.75203
6.75176
6.74276
6.74458
6.73833
6.73833
6.74009
6.73081
6.73055
6.73202
6.73328
6.7309
6.74131
6.79822
6.84795
6.79434
6.80109
6.79663
6.78712
6.79251
6.79075
6.77959
6.77749
6.77915
6.77508
6.7748
6.77751
6.77797
6.7528
6.752
6.81025
6.76298
6.76054
6.79549
6.85215
6.76178
6.79071
6.77545
6.78278
6.78148
6.7769
6.77912
6.78489
6.78584
6.79881
6.80023
6.73283
6.73441
6.73432
6.73612
6.73905
6.74041
6.80388
6.81673
6.8124
6.82924
6.83867
6.73763
6.74873
6.74568
6.74194
6.74917
6.82529
6.8343
6.84064
6.83781
6.86003
6.76483
6.76378
6.76533
6.75457
6.75639
6.76314
6.75321
6.75484
6.75575
6.80158
6.75064
6.77609
6.77517
6.83362
6.75675
6.79186
6.86511
6.75004
6.7469
6.73504
6.73599
6.73019
6.73274
6.73206
6.73409
6.73091
6.73336
6.73505
6.73021
6.74858
6.86025
6.81247
6.77761
6.79054
6.78041
6.76544
6.77513
6.76601
6.76911
6.7709
6.76743
6.76193
6.76638
6.77636
6.77354
6.76171
6.74873
6.86083
6.7636
6.78089
6.77425
6.79584
6.75266
6.75717
6.77895
6.78268
6.7852
6.77471
6.77626
6.77827
6.78081
6.79575
6.78764
6.73624
6.74038
6.74132
6.72896
6.73859
6.73816
6.82132
6.82825
6.79363
6.80502
6.80918
6.74165
6.74777
6.73867
6.7376
6.74383
6.83305
6.84397
6.81581
6.81728
6.8215
6.75906
6.75118
6.73873
6.75283
6.75182
6.75024
6.72422
6.74851
6.74541
6.84143
6.75879
6.79673
6.78809
6.82938
6.75471
6.79559
6.82667
6.74222
6.73568
6.72946
6.72852
6.71974
6.72264
6.7231
6.73458
6.72852
6.72519
6.72457
6.72287
6.751
6.76664
6.73955
6.75405
6.75864
6.75324
6.74532
6.74595
6.74373
6.75521
6.76266
6.75637
6.75018
6.76054
6.77069
6.76845
6.72209
6.69509
6.74683
6.72853
6.7355
6.74002
6.7259
6.6902
6.70887
6.77212
6.77083
6.77343
6.76901
6.76869
6.76467
6.76751
6.77968
6.77198
6.72045
6.735
6.73553
6.71274
6.72793
6.72837
6.79179
6.79281
6.77252
6.78025
6.78026
6.7311
6.73645
6.72442
6.72476
6.72811
6.79872
6.80014
6.78099
6.78238
6.78117
6.74236
6.73427
6.71352
6.74258
6.73713
6.73386
6.70922
6.73652
6.73068
6.79293
6.72893
6.78795
6.72276
6.75857
6.68449
6.77358
6.77258
6.72836
6.72195
6.7148
6.7161
6.7047
6.70595
6.7101
6.7164
6.71513
6.70837
6.71226
6.70979
6.70497
6.72332
6.71491
6.74037
6.7383
6.73844
6.73946
6.73454
6.73746
6.74775
6.7611
6.7549
6.74795
6.76443
6.76813
6.77014
6.67445
6.6703
6.70948
6.65413
6.68526
6.664
6.69621
6.64846
6.66928
6.76664
6.75921
6.76262
6.76689
6.76627
6.75527
6.76019
6.76639
6.76341
6.70186
6.7175
6.71834
6.69597
6.71035
6.71075
6.77159
6.7707
6.76234
6.7661
6.76473
6.71964
6.72245
6.71743
6.71877
6.72184
6.76987
6.76809
6.76142
6.76218
6.7595
6.72862
6.72614
6.71039
6.73167
6.72692
6.72775
6.71262
6.72953
6.72384
6.7427
6.6442
6.73282
6.68549
6.73544
6.675
6.68625
6.74772
6.71901
6.7201
6.70434
6.70898
6.70957
6.71041
6.71279
6.70819
6.70837
6.71111
6.7173
6.71288
6.70584
6.7157
6.72444
6.7427
6.73565
6.74104
6.74929
6.74131
6.74797
6.75107
6.77097
6.76565
6.75662
6.78001
6.7751
6.78249
6.65492
6.69419
6.69534
6.66403
6.67684
6.68352
6.7063
6.67907
6.6955
6.7679
6.75393
6.75995
6.77241
6.77096
6.75475
6.76198
6.76344
6.76577
6.69087
6.70731
6.70818
6.69371
6.71321
6.70871
6.76392
6.76242
6.76398
6.76442
6.76271
6.7223
6.72583
6.72716
6.7271
6.734
6.75943
6.75737
6.75975
6.75954
6.75775
6.72881
6.73632
6.71733
6.73139
6.7257
6.7348
6.72087
6.73727
6.73142
6.73871
6.74564
6.70173
6.73661
6.74902
6.7933
6.74099
6.75368
6.72449
6.73143
6.71886
6.72123
6.72736
6.73406
6.73143
6.73484
6.72486
6.7412
6.78709
6.73919
6.80896
6.73827
6.75361
6.7581
6.7503
6.75708
6.76829
6.76084
6.76716
6.76467
6.79129
6.7864
6.7748
6.80342
6.79183
6.80186
6.73853
6.75476
6.72434
6.70363
6.71441
6.73549
6.74368
6.73106
6.73475
6.77577
6.75836
6.76617
6.78407
6.78123
6.76434
6.77119
6.76994
6.77514
6.7178
6.73187
6.72627
6.7478
6.75442
6.75423
6.76826
6.76613
6.77272
6.77266
6.77107
6.7401
6.74428
6.7584
6.75758
6.75817
6.7621
6.76076
6.76658
6.76572
6.7647
6.74713
6.76
6.73355
6.74498
6.73941
6.75393
6.74958
6.75544
6.75256
6.75766
6.79991
6.76316
6.75291
6.76261
6.7854
6.76895
6.76307
6.74016
6.75325
6.74554
6.74199
6.74841
6.75542
6.74986
6.81457
6.74164
6.73422
6.80945
6.74557
6.8036
6.76848
6.78114
6.77923
6.77115
6.77763
6.7907
6.78071
6.78851
6.78707
6.81607
6.81291
6.80025
6.82777
6.81216
6.82153
6.76214
6.77794
6.76108
6.7541
6.75724
6.77657
6.77561
6.77442
6.77633
6.78752
6.77126
6.77737
6.79582
6.79356
6.77777
6.78439
6.78138
6.78781
6.77022
6.77176
6.77161
6.78095
6.77971
6.78056
6.77851
6.77698
6.78534
6.78388
6.78275
6.76855
6.77129
6.7805
6.78458
6.79065
6.77131
6.77001
6.7786
6.77717
6.77588
6.77458
6.79349
6.76129
6.76713
6.76512
6.78884
6.77373
6.77808
6.77893
6.76814
6.77689
6.77197
6.76231
6.7729
6.77307
6.77432
6.77412
6.76724
6.77863
6.76624
6.76067
6.772
6.77257
6.76801
6.7862
6.75154
6.75874
6.75741
6.76717
6.78152
6.79104
6.79859
6.80262
6.79045
6.79986
6.81506
6.80136
6.81127
6.81351
6.83769
6.83659
6.82559
6.8441
6.82882
6.8326
6.79168
6.80169
6.78547
6.79049
6.7899
6.79663
6.78955
6.80163
6.79784
6.80022
6.78377
6.79231
6.80132
6.80704
6.79051
6.80162
6.79458
6.80151
6.79246
6.79233
6.7927
6.80214
6.80229
6.80066
6.79016
6.78988
6.8014
6.79691
6.79744
6.79821
6.80492
6.80249
6.80133
6.80793
6.78466
6.78295
6.79311
6.79166
6.78977
6.80263
6.79582
6.77311
6.77719
6.78106
6.77526
6.75979
6.76476
6.78465
6.77987
6.77656
6.77985
6.77773
6.78622
6.78148
6.78553
6.78784
6.78457
6.79746
6.77363
6.78165
6.80338
6.78754
6.80187
6.75933
6.80992
6.83965
6.77995
6.85018
6.79039
6.80619
6.81486
6.82693
6.8136
6.82204
6.83798
6.82643
6.83122
6.83573
6.84335
6.84606
6.84055
6.83754
6.83173
6.82878
6.81106
6.815
6.79306
6.80731
6.7986
6.80729
6.79873
6.80867
6.79866
6.81407
6.79838
6.81138
6.80719
6.82118
6.80808
6.82106
6.8096
6.81918
6.812
6.80928
6.80855
6.81881
6.81638
6.81692
6.80451
6.80549
6.81992
6.8126
6.81307
6.80587
6.80745
6.81139
6.81242
6.81142
6.79975
6.79684
6.80788
6.80679
6.8034
6.79596
6.80696
6.76549
6.77172
6.80724
6.79874
6.79531
6.80148
6.82303
6.793
6.78802
6.79198
6.79325
6.79905
6.79388
6.79766
6.80147
6.82448
6.83634
6.80979
6.80896
6.83272
6.81583
6.81701
6.79827
6.84332
6.82162
6.80592
6.81561
6.80092
6.82483
6.83525
6.84772
6.83764
6.83832
6.85566
6.84706
6.84294
6.84018
6.82948
6.84167
6.83651
6.82492
6.82806
6.83187
6.81529
6.81746
6.80812
6.80978
6.80076
6.81975
6.82015
6.81273
6.80725
6.82809
6.81865
6.82956
6.82521
6.83435
6.82946
6.83766
6.82767
6.83594
6.81972
6.81903
6.81887
6.81643
6.81642
6.81585
6.81878
6.81987
6.83386
6.82345
6.8248
6.81531
6.81588
6.81499
6.81415
6.8147
6.81326
6.80946
6.81894
6.81798
6.81474
6.81811
6.82242
6.81585
6.82484
6.83139
6.82568
6.81719
6.83291
6.83465
6.80504
6.79974
6.80342
6.80635
6.81054
6.80473
6.80865
6.81376
6.83867
6.83441
6.8078
6.82009
6.83479
6.80605
6.81476
6.80967
6.81135
6.81095
6.81375
6.8122
6.80936
6.84478
6.84981
6.86073
6.85288
6.84528
6.86062
6.85495
6.84499
6.83178
6.82551
6.83197
6.82768
6.82788
6.83895
6.84573
6.82425
6.83069
6.83136
6.82104
6.81769
6.83842
6.84027
6.83039
6.82677
6.8415
6.83934
6.84482
6.84408
6.84781
6.84728
6.84935
6.84307
6.84811
6.82093
6.8159
6.81599
6.8274
6.82249
6.82049
6.82653
6.82864
6.84004
6.82865
6.83132
6.8106
6.81131
6.81972
6.81596
6.81207
6.82254
6.81925
6.82625
6.82597
6.82296
6.81869
6.81708
6.81318
6.83385
6.83498
6.81502
6.81379
6.83032
6.82954
6.81565
6.80986
6.81395
6.8171
6.82022
6.81435
6.81874
6.82403
6.83063
6.82971
6.81296
6.82061
6.82902
6.82307
6.83033
6.81833
6.81659
6.81778
6.82267
6.82329
6.81829
6.85208
6.85165
6.85509
6.85362
6.84192
6.84732
6.84964
6.83648
6.82394
6.83131
6.82493
6.82117
6.83466
6.8511
6.85454
6.83691
6.84282
6.84501
6.83761
6.83254
6.84817
6.84626
6.84246
6.83615
6.85224
6.85172
6.85044
6.85522
6.85453
6.84877
6.84944
6.84916
6.8477
6.83397
6.82969
6.82754
6.83977
6.83386
6.83298
6.82953
6.8328
6.83957
6.82971
6.83362
6.82367
6.81999
6.82934
6.82884
6.82675
6.82875
6.82595
6.83112
6.83088
6.82819
6.82111
6.82568
6.82061
6.8288
6.8312
6.82295
6.82527
6.83054
6.83495
6.82411
6.81891
6.82338
6.82479
6.82774
6.82224
6.82744
6.83204
6.83235
6.83544
6.83294
6.83655
6.83768
6.8382
6.84003
6.82681
6.82974
6.83139
6.83082
6.83488
6.82559
6.84936
6.8457
6.83931
6.84403
6.82961
6.83264
6.83772
6.82309
6.82037
6.83829
6.82383
6.82095
6.84106
6.85621
6.8562
6.84558
6.84586
6.84533
6.84461
6.83817
6.84809
6.84307
6.84459
6.83775
6.85558
6.84274
6.84838
6.85919
6.85422
6.83391
6.84588
6.84563
6.84272
6.84308
6.83701
6.83661
6.84426
6.84
6.83903
6.82989
6.83396
6.83679
6.82969
6.83396
6.83287
6.83059
6.83613
6.83547
6.83345
6.83251
6.83
6.83365
6.83372
6.83147
6.83044
6.8351
6.82796
6.83347
6.83757
6.8331
6.83154
6.83857
6.84017
6.8306
6.82557
6.83136
6.82896
6.83329
6.82873
6.83464
6.83759
6.84088
6.84711
6.84306
6.84256
6.84735
6.84559
6.84362
6.83307
6.83746
6.83758
6.83416
6.83836
6.82989
6.84074
6.83562
6.82808
6.83152
6.81863
6.82439
6.82695
6.81685
6.82285
6.84248
6.82612
6.82481
6.84186
6.8536
6.84993
6.84505
6.84372
6.83944
6.84354
6.8364
6.84235
6.8344
6.84183
6.8346
6.85075
6.82481
6.8426
6.84865
6.84605
6.81676
6.83813
6.83923
6.83535
6.84459
6.84209
6.84116
6.84465
6.84386
6.84364
6.82948
6.83346
6.83304
6.82867
6.83251
6.83731
6.83794
6.83951
6.84104
6.84368
6.83445
6.83291
6.83407
6.83516
6.8345
6.83851
6.84527
6.83461
6.84456
6.84268
6.84497
6.83921
6.84908
6.84636
6.83568
6.83205
6.83761
6.83185
6.8382
6.83516
6.84004
6.84144
6.85
6.85106
6.84684
6.84437
6.84907
6.84648
6.8443
6.83465
6.83855
6.83823
6.83486
6.83831
6.83305
6.83162
6.82952
6.82205
6.82488
6.81732
6.82219
6.825
6.81929
6.82618
6.83923
6.82594
6.82709
6.83585
6.84391
6.83715
6.84223
6.84068
6.82958
6.83934
6.83235
6.83562
6.8272
6.83728
6.83043
6.84003
6.81176
6.83284
6.82975
6.8338
6.80769
6.82665
6.83126
6.82679
6.84484
6.84549
6.84566
6.84512
6.85006
6.84758
6.82777
6.83114
6.82733
6.82705
6.82978
6.84687
6.84957
6.85481
6.85299
6.85427
6.83617
6.83615
6.83487
6.83732
6.83774
6.8526
6.85606
6.84264
6.85226
6.84912
6.85453
6.84545
6.85403
6.85103
6.84059
6.83835
6.842
6.83548
6.84288
6.84118
6.84405
6.8444
6.85109
6.85062
6.84568
6.84391
6.84594
6.84473
6.84331
6.83509
6.8383
6.83807
6.83564
6.83863
6.83731
6.82984
6.83041
6.82399
6.82646
6.82239
6.82598
6.8281
6.82543
6.82748
6.83192
6.82592
6.8273
6.82761
6.83048
6.82189
6.84053
6.84076
6.82754
6.83676
6.82996
6.83309
6.82928
6.83703
6.83155
6.82719
6.80412
6.82083
6.81121
6.82052
6.80086
6.81534
6.82252
6.81856
6.84464
6.85316
6.85082
6.84487
6.85201
6.85325
6.82679
6.82911
6.82173
6.82666
6.8287
6.85781
6.85724
6.85955
6.85898
6.85844
6.83873
6.8398
6.83792
6.8403
6.84187
6.85792
6.85817
6.84739
6.85447
6.85133
6.85682
6.84882
6.85389
6.85035
6.84505
6.84394
6.84602
6.84028
6.84719
6.84656
6.84813
6.84736
6.8496
6.84838
6.84379
6.84281
6.84337
6.8435
6.84264
6.8373
6.83945
6.83949
6.83922
6.84054
6.84278
6.8334
6.83674
6.82856
6.82954
6.8288
6.83134
6.83183
6.83107
6.82701
6.82263
6.82644
6.82691
6.8194
6.81438
6.80942
6.84204
6.84334
6.83304
6.83805
6.83394
6.83981
6.83642
6.83887
6.83518
6.81524
6.79936
6.81117
6.80139
6.81146
6.79913
6.8094
6.81542
6.81402
6.84532
6.8544
6.85522
6.84392
6.85747
6.85579
6.82711
6.82882
6.82087
6.8281
6.82939
6.85772
6.85806
6.85562
6.85477
6.85645
6.84214
6.84417
6.84281
6.84413
6.84628
6.85704
6.85515
6.84871
6.85263
6.84887
6.85343
6.84747
6.85087
6.84726
6.84921
6.84925
6.85031
6.84538
6.85142
6.85221
6.85267
6.85097
6.84757
6.84698
6.84378
6.84331
6.84364
6.84484
6.84457
6.84223
6.84251
6.84376
6.845
6.84491
6.84889
6.83679
6.8343
6.83267
6.83262
6.83236
6.83285
6.83179
6.83331
6.82759
6.81926
6.83007
6.83099
6.82324
6.80812
6.81073
6.84085
6.8346
6.83676
6.83774
6.83486
6.83702
6.83479
6.83517
6.83381
6.81086
6.80267
6.8104
6.80396
6.81382
6.80842
6.81412
6.81522
6.81875
6.84016
6.85209
6.84839
6.83491
6.84285
6.83842
6.82974
6.83086
6.82541
6.83239
6.83331
6.85206
6.85411
6.84984
6.84895
6.85168
6.84653
6.84863
6.84966
6.84957
6.85138
6.85278
6.85102
6.84624
6.8494
6.84633
6.84884
6.84508
6.84834
6.84633
6.85351
6.85518
6.85521
6.85042
6.85563
6.8582
6.85777
6.85545
6.84706
6.848
6.84668
6.84666
6.84681
6.84898
6.84924
6.8487
6.84794
6.84999
6.85223
6.85114
6.85561
6.83156
6.83765
6.83712
6.83286
6.83768
6.84386
6.84019
6.84319
6.83791
6.82759
6.84019
6.8387
6.83457
6.81554
6.82282
6.82972
6.83005
6.82953
6.83258
6.83218
6.83405
6.83304
6.83186
6.83492
6.81958
6.81485
6.81944
6.81938
6.82572
6.82253
6.82643
6.82416
6.83094
6.82874
6.83765
6.83422
6.82745
6.83925
6.83636
6.83709
6.83667
6.83527
6.84225
6.84192
6.84708
6.85037
6.84815
6.84786
6.851
6.85273
6.85411
6.85677
6.85698
6.85761
6.85034
6.85108
6.84515
6.84857
6.8476
6.84875
6.84677
6.85022
6.85019
6.85802
6.86123
6.86008
6.85659
6.86054
6.86401
6.86286
6.86132
6.85002
6.85283
6.85236
6.85286
6.85262
6.8562
6.85682
6.8565
6.85489
6.85772
6.8606
6.85868
6.86256
6.84639
6.85794
6.8513
6.84848
6.85071
6.86022
6.85869
6.85945
6.84592
6.8439
6.85926
6.85973
6.85404
6.83425
6.84391
6.83898
6.8534
6.84044
6.83997
6.84136
6.85488
6.85189
6.85273
6.85051
6.83269
6.83127
6.83437
6.83814
6.83956
6.84085
6.84227
6.83817
6.84568
6.83765
6.84794
6.8447
6.85372
6.85835
6.85718
6.84789
6.84804
6.84874
6.85405
6.85465
6.85227
6.85389
6.85824
6.85823
6.85806
6.86139
6.86133
6.86514
6.86616
6.86597
6.85361
6.85747
6.85023
6.85311
6.8535
6.85529
6.85504
6.85686
6.85724
6.86315
6.86653
6.86568
6.86236
6.86557
6.86899
6.86848
6.86872
6.85643
6.86
6.86102
6.86157
6.86108
6.86552
6.86612
6.86506
6.86269
6.86563
6.86909
6.86636
6.86901
6.86998
6.88067
6.87021
6.86929
6.86862
6.87973
6.8796
6.87801
6.86801
6.8617
6.87456
6.87381
6.86731
6.85006
6.86077
6.8699
6.88375
6.86624
6.86678
6.86357
6.8824
6.87855
6.87936
6.87386
6.84561
6.84906
6.84894
6.84981
6.84988
6.85507
6.85508
6.85311
6.86019
6.86963
6.86814
6.86882
6.88199
6.8772
6.87833
6.86062
6.8619
6.86179
6.86634
6.86914
6.86401
6.863
6.86996
6.8702
6.86847
6.87102
6.87062
6.87401
6.87572
6.8752
6.86193
6.8667
6.86016
6.86148
6.86149
6.86488
6.86509
6.86598
6.86563
6.86838
6.87133
6.87104
6.86771
6.8715
6.87319
6.87394
6.87774
6.86419
6.86781
6.87018
6.87072
6.86984
6.87372
6.87422
6.87282
6.86973
6.87148
6.87568
6.87244
6.87431
6.8885
6.89918
6.88582
6.88714
6.88516
6.89042
6.89457
6.88869
6.88364
6.87456
6.89346
6.8925
6.8828
6.86931
6.87477
6.89693
6.90515
6.88797
6.89723
6.88384
6.90517
6.90091
6.90816
6.89442
6.85748
6.85889
6.85976
6.8661
6.8647
6.86033
6.86332
6.86609
6.8708
6.89306
6.8834
6.88589
6.89898
6.88768
6.88931
6.8713
6.87433
6.8699
6.87332
6.87747
6.87543
6.87272
6.87939
6.87956
6.87701
6.87869
6.87893
6.87721
6.87935
6.88003
6.87132
6.87572
6.86965
6.87041
6.86955
6.87409
6.87373
6.87443
6.87341
6.8749
6.87433
6.87652
6.87067
6.87761
6.8747
6.87939
6.88373
6.87157
6.87454
6.87706
6.87706
6.87633
6.8788
6.87873
6.87757
6.87438
6.87448
6.87909
6.87542
6.87743
6.90588
6.90981
6.90076
6.90405
6.8985
6.90606
6.90969
6.90627
6.89276
6.88354
6.89385
6.89015
6.88016
6.87468
6.87034
6.90719
6.90871
6.90684
6.91043
6.90034
6.91125
6.90986
6.91113
6.90404
6.86969
6.86141
6.8657
6.86317
6.8672
6.86192
6.86615
6.87401
6.87561
6.90138
6.89058
6.89155
6.9033
6.89363
6.8942
6.87318
6.87708
6.86657
6.86925
6.87377
6.88354
6.88134
6.88845
6.88747
6.88582
6.87643
6.87907
6.86879
6.87056
6.87346
6.88009
6.88448
6.87735
6.87835
6.87681
6.88251
6.88134
6.88206
6.88023
6.87904
6.87468
6.88083
6.86856
6.87676
6.87319
6.87998
6.87787
6.87748
6.87994
6.88009
6.87982
6.88011
6.88028
6.88019
6.87946
6.87573
6.87491
6.87968
6.87589
6.87712
6.91413
6.91612
6.90591
6.91247
6.90669
6.90377
6.91168
6.90408
6.88533
6.87556
6.88439
6.8798
6.87341
6.864
6.86059
6.91073
6.91378
6.91198
6.91237
6.90664
6.91497
6.9134
6.91465
6.90834
6.86115
6.86046
6.86304
6.85146
6.85582
6.85902
6.85915
6.87366
6.86695
6.90602
6.89724
6.89745
6.90987
6.9016
6.90156
6.86274
6.86653
6.85023
6.85422
6.8576
6.89188
6.89063
6.89862
6.89698
6.89592
6.86262
6.86608
6.853
6.85416
6.85834
6.8892
6.89433
6.88521
6.88603
6.8832
6.89143
6.88922
6.89041
6.88718
6.87101
6.87106
6.87562
6.86047
6.86168
6.86711
6.86925
6.86232
6.88289
6.88655
6.88015
6.88062
6.8846
6.88071
6.88147
6.87889
6.87649
6.87445
6.87674
6.87773
6.87237
6.91588
6.91706
6.90146
6.90995
6.90115
6.90189
6.91051
6.90128
6.88137
6.87373
6.88857
6.88443
6.87628
6.86104
6.86273
6.91813
6.92376
6.91437
6.9183
6.9102
6.92198
6.91634
6.92372
6.91344
6.8517
6.85844
6.8519
6.85108
6.85061
6.85465
6.84703
6.85559
6.84411
6.91496
6.90709
6.90674
6.92119
6.91371
6.91318
6.84495
6.84658
6.83512
6.83481
6.83415
6.90298
6.90196
6.91228
6.91012
6.90893
6.8443
6.84911
6.83182
6.83226
6.83873
6.90031
6.90719
6.89383
6.89568
6.89122
6.90348
6.89927
6.90186
6.89603
6.8532
6.86217
6.86234
6.84915
6.84619
6.85923
6.85605
6.84465
6.89118
6.89679
6.88232
6.88375
6.89395
6.88533
6.88696
6.87501
6.88003
6.87712
6.87245
6.88287
6.86693
6.92052
6.92731
6.90485
6.91381
6.90419
6.90993
6.91978
6.90957
6.88867
6.87982
6.89797
6.89345
6.8834
6.86558
6.86824
6.93091
6.93936
6.92029
6.93063
6.91828
6.9364
6.92641
6.93844
6.92475
6.85015
6.85365
6.84212
6.85808
6.84976
6.8514
6.83825
6.83501
6.8306
6.9286
6.92165
6.92096
6.9374
6.93114
6.93034
6.82309
6.82008
6.81569
6.80573
6.80305
6.91849
6.91702
6.93057
6.92837
6.92649
6.81766
6.82347
6.80253
6.80164
6.80845
6.91522
6.92455
6.90652
6.90951
6.90253
6.92049
6.91458
6.91827
6.91012
6.83499
6.85424
6.8474
6.83678
6.82359
6.84953
6.8382
6.81707
6.90423
6.9125
6.88959
6.89181
6.90831
6.89539
6.89771
6.87181
6.88647
6.88285
6.87334
6.88985
6.86114
6.93478
6.94413
6.91646
6.92669
6.9165
6.92447
6.93478
6.92463
6.89896
6.88832
6.90841
6.90508
6.89442
6.87054
6.87331
6.94883
6.96001
6.93492
6.94777
6.93374
6.95589
6.94566
6.95907
6.94461
6.84562
6.84823
6.83123
6.85939
6.841
6.84587
6.82007
6.81766
6.79974
6.94751
6.94237
6.94157
6.95952
6.95518
6.95447
6.78412
6.78116
6.76691
6.75244
6.74891
6.93974
6.93738
6.95377
6.95248
6.94989
6.77547
6.78539
6.74428
6.74191
6.75428
6.93544
6.94776
6.92447
6.92863
6.91933
6.94359
6.93564
6.94052
6.93038
6.81809
6.84467
6.8314
6.82103
6.80738
6.83963
6.82325
6.78322
6.92241
6.9331
6.90269
6.90539
6.92683
6.91203
6.91412
6.87515
6.89348
6.88983
6.88073
6.8956
6.85455
6.95673
6.97205
6.93452
6.94535
6.93542
6.94683
6.95853
6.94798
6.91238
6.90027
6.92405
6.92157
6.90791
6.87518
6.8784
6.9732
6.98913
6.95983
6.9727
6.95829
6.9851
6.97692
6.98835
6.97437
6.83749
6.84385
6.80896
6.85895
6.83118
6.83738
6.79403
6.77913
6.75685
6.97329
6.96954
6.96894
6.98921
6.98583
6.9853
6.70755
6.69894
6.68253
6.63484
6.62293
6.96713
6.96428
6.98382
6.98359
6.98034
6.69261
6.7172
6.63021
6.6185
6.66463
6.96162
6.97794
6.94825
6.95431
6.94352
6.97271
6.96265
6.96987
6.95955
6.78785
6.83303
6.81263
6.79844
6.76416
6.82685
6.7967
6.72981
6.94542
6.95951
6.92266
6.92485
6.94761
6.93483
6.93679
6.88722
6.89799
6.89389
6.89335
6.89999
6.85446
6.99025
7.01131
6.96141
6.9746
6.96304
6.97875
6.99536
6.98035
6.93311
6.91736
6.95208
6.94758
6.93018
6.88317
6.89092
7.00723
7.02784
6.99664
7.00639
6.9922
7.02504
7.01803
7.02687
7.01248
6.82093
6.82873
6.77104
6.85825
6.81173
6.82136
6.742
6.71469
6.66303
7.00632
7.00356
7.00284
7.02589
7.02239
7.02193
6.52981
6.48743
6.47754
6.34601
6.23469
7.00142
6.99806
7.02091
7.02046
7.01759
6.48242
6.59228
6.33269
6.21875
6.45225
6.99593
7.01512
6.97878
6.98732
6.97739
7.01164
6.99718
7.00796
6.99833
6.73568
6.82124
6.78265
6.77059
6.70124
6.81732
6.76896
6.63046
6.97581
6.99455
6.95005
6.95086
6.97687
6.97085
6.97172
6.89824
6.90305
6.90941
6.90241
6.91752
6.86236
7.03626
7.06398
6.99964
7.01913
7.00098
7.02311
7.04572
7.02445
6.96501
6.94607
6.99308
6.98532
6.96327
6.90272
6.9154
7.04958
7.07306
7.04344
7.04867
7.03524
7.07367
7.06982
7.07261
7.05929
6.80219
6.81623
6.70113
6.86624
6.78468
6.80854
6.64534
6.57826
6.46682
7.04692
7.04234
7.04231
7.06928
7.06298
7.06336
6.09396
5.39528
5.86219
5.71082
3.64445
7.04097
7.03921
7.06213
7.06177
7.05989
5.37124
6.24297
5.67577
3.62066
5.84276
7.03716
7.05981
7.01525
7.0294
7.02106
7.05554
7.03373
7.05242
7.04516
6.65727
6.81958
6.75781
6.7396
6.5966
6.82277
6.74169
6.4144
7.01793
7.04451
6.99328
6.9937
7.02596
7.0154
7.01581
6.91668
6.94661
6.95687
6.9376
6.97695
6.89314
7.09215
7.11793
7.04797
7.07502
7.0501
7.0751
7.10107
7.07735
7.00895
6.98339
7.05131
7.03567
7.00884
6.93262
6.95948
7.0952
7.11909
7.09476
7.09522
7.08347
7.12161
7.11836
7.12068
7.10908
6.76956
6.79571
6.58155
6.88435
6.76953
6.79195
6.52552
6.21426
5.75923
7.09015
7.08296
7.0839
7.11077
7.10101
7.10208
5.36752
2.27985
4.1045
-1.04793
5.05836
2.3303
-4.78384
-1.30054
-1.77279
-0.0812922
-1.06903
0.139502
7.08034
7.07991
7.09841
7.09623
7.09764
2.25354
5.23044
4.9906
2.30736
4.10036
-1.0233
-1.28521
-1.09171
0.1527
-1.7304
-0.0593495
7.08049
7.09839
7.05022
7.07429
7.06554
7.09034
7.06707
7.09291
7.08174
6.52975
6.82844
6.73425
6.69846
6.46683
6.83593
6.72847
5.72627
7.06792
7.0869
7.03749
7.03839
7.06947
7.05498
7.0541
6.96213
7.00586
7.00157
6.98952
7.03077
6.93745
7.13724
7.14768
7.10188
7.12037
7.09995
7.12105
7.13176
7.11466
7.05731
7.03365
7.09979
7.075
7.05879
6.98949
7.02104
7.13951
7.1502
7.14043
7.14447
7.13073
7.16068
7.15221
7.15631
7.14391
6.77622
6.80603
6.47667
6.92692
6.78514
6.85438
6.34823
5.64196
5.46727
0.895864
0.622287
1.28969
7.12888
7.11879
7.11949
7.1384
7.13464
7.13411
0.957154
5.27992
3.15479
4.86144
2.30705
5.36401
3.57433
0.285378
0.489684
-0.224741
0.501977
0.399367
0.9261
0.20751
7.11124
7.11284
7.13167
7.12654
7.12738
3.12203
4.55268
1.01683
5.2708
3.44319
4.83542
2.2539
-0.210721
0.16074
0.351748
0.86814
0.205645
0.564922
0.465299
7.11338
7.12668
7.08187
7.10793
7.09506
7.11562
7.09621
7.12034
7.10583
6.4257
6.85727
6.74593
6.76042
6.32035
6.8941
6.76063
5.44514
0.783109
0.952685
1.39978
7.10263
7.1162
7.0707
7.07325
7.0993
7.08356
7.08955
7.01605
7.05379
7.04165
7.0393
7.07242
6.99354
7.14309
7.1267
7.12951
7.12985
7.11984
7.13209
7.12306
7.12425
7.08896
7.07617
7.12003
7.10042
7.09129
7.04555
7.06748
7.15263
7.15618
7.14921
7.15478
7.14792
7.15319
7.13637
7.15306
7.14616
6.81892
6.88344
6.39424
6.98967
6.87326
6.91423
6.52942
5.80456
2.11018
6.10653
2.35486
1.24565
0.986658
1.52391
2.07688
7.15024
7.14783
7.14636
7.16039
7.1629
7.15933
3.20819
5.30455
3.81604
5.5267
3.49322
5.39907
3.92692
0.503761
1.40378
0.387882
1.41158
0.778582
1.45612
0.426423
7.14116
7.1422
7.15903
7.15408
7.15347
3.66633
5.28639
3.38301
5.30506
3.78254
5.20868
2.86904
0.421597
1.69594
0.792834
1.37851
0.392786
1.13092
0.812239
7.13935
7.14922
7.10983
7.13258
7.11526
7.13869
7.12295
7.14112
7.12589
6.42378
6.94005
6.82964
6.86618
6.53276
6.99463
6.88609
2.34068
5.80376
1.62107
2.20741
1.34096
1.85635
7.12635
7.13804
7.09854
7.11186
7.12168
7.11168
7.13105
7.06551
7.09034
7.07898
7.09137
7.10803
7.06594
7.1336
7.14134
7.1378
7.13337
7.1355
7.14315
7.14665
7.14387
7.11454
7.10924
7.14057
7.12435
7.11868
7.08875
7.10093
7.15579
7.15257
7.13747
7.1526
7.14109
7.1458
7.13906
7.14789
7.1367
6.91746
6.95549
6.63147
7.0542
6.98415
6.98103
6.82623
6.01798
1.80009
6.36628
0.90472
1.80192
7.16195
7.1698
7.16794
7.15902
7.16434
7.16198
3.12441
5.71359
3.94186
5.27188
1.4197
5.68477
3.57044
0.959072
1.25805
0.17962
0.151507
1.11706
0.265017
0.442797
7.16073
7.15689
7.1638
7.15748
7.15474
3.922
5.58596
2.73404
5.57888
3.55874
5.5032
1.99318
0.253522
1.28155
0.832758
0.681003
0.367927
0.346236
1.17622
7.15458
7.15428
7.13085
7.14361
7.13226
7.14275
7.13131
7.14617
7.13372
6.83948
7.06233
7.00828
6.98341
6.93489
7.1011
7.07003
6.67175
7.14459
7.14538
7.12721
7.15354
7.13461
7.13507
7.16435
7.12228
7.12655
7.11048
7.14229
7.13861
7.127
7.14383
7.13991
7.1434
7.14759
7.14502
7.13662
7.14101
7.13791
7.12785
7.12117
7.13455
7.12492
7.11924
7.10212
7.10283
7.14803
7.14157
7.13821
7.14274
7.13195
7.13771
7.13437
7.13625
7.12454
7.00437
6.99723
6.8814
7.06197
6.99792
7.00275
6.90699
6.6314
6.78575
7.15416
7.15642
7.15434
7.14638
7.14689
7.14447
5.99807
3.98645
6.49977
6.3894
5.4406
-2.08338
-0.386267
7.15112
7.15068
7.1478
7.14269
7.14318
4.04322
6.47447
6.43153
5.93297
6.85312
-0.553094
7.14868
7.1408
7.12584
7.14475
7.1303
7.13135
7.11653
7.13794
7.12368
7.03925
7.12155
7.12513
7.06458
7.08257
7.12512
7.15558
7.12749
7.14248
7.13476
7.135
7.16081
7.12703
7.12881
7.15479
7.15371
7.14174
7.1148
7.15386
7.1383
7.14726
7.13151
7.11911
7.1274
7.13039
7.12862
7.11539
7.11637
7.11616
7.11626
7.11155
7.11381
7.10407
7.10046
7.09459
7.07746
7.1312
7.11961
7.126
7.1272
7.11576
7.11722
7.11362
7.11624
7.10634
6.98334
6.99443
6.91505
7.04344
6.98683
6.98351
6.89934
6.85515
6.91343
7.13489
7.13594
7.13301
7.12134
7.12495
7.12047
6.60313
6.48428
6.81753
6.69766
6.75538
7.13197
7.13354
7.12535
7.11882
7.12208
6.76376
6.94615
6.85314
7.02457
7.01209
7.13146
7.12104
7.10425
7.12699
7.11407
7.11067
7.09127
7.11383
7.10134
7.08286
7.11788
7.14232
7.04441
7.07224
7.09992
7.12868
7.10823
7.12342
7.111
7.11702
7.1404
7.10113
7.10232
7.12388
7.14131
7.12519
7.08892
7.12404
7.10855
7.12202
7.10554
7.09391
7.10309
7.10214
7.10301
7.09164
7.09003
7.09118
7.09229
7.08946
7.08736
7.08175
7.08232
7.06232
7.0508
7.11074
7.10214
7.09914
7.10603
7.09693
7.09435
7.08833
7.0972
7.0873
6.98994
6.97259
6.89716
7.02582
6.99304
6.96108
6.89318
6.94299
6.9741
7.10931
7.11514
7.1086
7.09811
7.10546
7.0974
6.75595
6.84072
6.94278
6.82172
6.89468
7.10328
7.108
7.0964
7.08774
7.09065
6.9919
6.9893
6.91169
7.02882
6.99447
7.10995
7.09318
7.07606
7.09883
7.08711
7.07907
7.05811
7.08362
7.06947
7.04801
7.07387
7.10071
6.99164
7.0287
7.04859
7.07537
7.05449
7.09667
7.08155
7.08658
7.10282
7.07079
7.06905
7.08185
7.09917
7.08748
7.05109
7.0784
7.0684
7.07488
7.0855
7.08092
7.08196
7.08076
7.08019
7.07459
7.07503
7.07097
7.07431
7.07874
7.07141
7.06964
7.07731
7.05279
7.06072
7.09371
7.08652
7.08216
7.08921
7.07781
7.0864
7.07946
7.08256
7.07112
7.00733
6.96511
6.91582
7.02876
7.02884
6.97344
6.94487
7.00207
7.0223
7.08682
7.09178
7.085
7.07631
7.07728
7.07211
6.85404
6.93523
7.01833
6.89894
6.97256
7.07075
7.07094
7.06003
7.05072
7.04781
7.04655
7.00212
6.98624
7.05595
7.0221
7.07042
7.04392
7.03448
7.06404
7.04864
7.02569
7.0065
7.04012
7.02617
7.01724
7.02977
7.05424
6.97376
7.01805
7.02397
7.04389
7.04745
7.06312
7.04175
7.05177
7.0602
7.03985
7.03709
7.04402
7.06174
7.05261
7.03041
7.05279
7.04365
7.04939
7.08111
7.08671
7.07062
7.0749
7.06661
7.07243
7.08153
7.06806
7.0692
7.07802
7.07147
7.07385
7.08445
7.06877
7.08268
7.08091
7.07685
7.07987
7.07798
7.06762
7.0884
7.08413
7.07645
7.06781
7.04906
6.98875
6.97735
7.05123
7.06877
7.00518
7.0057
7.05593
7.07493
7.06702
7.06233
7.05891
7.06011
7.04932
7.04784
6.93638
7.01011
7.07653
6.97513
7.04031
7.0291
7.02208
7.02129
7.01146
6.99513
7.07935
7.04565
7.04654
7.09409
7.06838
7.01396
6.98298
6.97587
7.01138
7.00389
6.96142
6.94093
6.98429
6.9831
7.02759
7.0292
7.04727
7.00063
7.0436
7.04661
7.06146
7.07242
7.02213
7.00472
7.02523
7.03398
7.01974
7.02115
7.02754
7.0503
7.04266
7.03595
7.05736
7.0474
7.06096
7.09801
7.11386
7.08044
7.09534
7.0769
7.09499
7.11527
7.09183
7.08346
7.09413
7.09538
7.09885
7.10571
7.10005
7.11614
7.07616
7.08043
7.09193
7.07798
7.07202
7.10234
7.1025
7.08359
7.07958
7.09555
7.02701
7.04312
7.08623
7.11245
7.04905
7.07124
7.10766
7.12772
7.05752
7.0415
7.04174
7.06051
7.04038
7.04136
7.0145
7.07442
7.1237
7.04994
7.10212
6.99942
6.97744
7.00261
6.99509
6.97037
7.113
7.08994
7.09965
7.12838
7.11451
6.9607
6.95102
6.9235
6.96413
6.97078
6.93359
6.92684
6.95561
6.97013
7.06405
7.06675
7.08099
7.04888
7.08823
7.09333
7.10561
7.11379
6.99356
6.99243
7.02355
7.02932
7.02567
7.03288
7.03673
7.07243
7.05902
7.0634
7.08821
7.07246
7.10275
7.13134
7.14791
7.11561
7.13745
7.11217
7.13832
7.15766
7.13306
7.12089
7.12326
7.1424
7.14325
7.14196
7.13683
7.15222
7.08884
7.10113
7.11561
7.09315
7.09028
7.12668
7.12885
7.10568
7.10314
7.13837
7.07685
7.10212
7.12799
7.15112
7.099
7.11896
7.14966
7.16523
7.06862
7.04474
7.04626
7.07992
7.05458
7.05562
7.08558
7.13174
7.15811
7.11704
7.15736
6.99955
6.97104
7.01268
7.00927
6.97629
7.15066
7.13948
7.15409
7.16661
7.16879
6.95007
6.95818
6.94166
6.95755
6.98175
6.94486
6.96029
6.96904
6.99858
7.11702
7.12082
7.13258
7.10802
7.14408
7.14978
7.15809
7.1695
7.00444
7.02648
7.04966
7.05497
7.06378
7.077
7.08219
7.1093
7.0927
7.11592
7.13693
7.11908
7.1562
7.16791
7.19457
7.16158
7.17862
7.15443
7.18406
7.19666
7.17509
7.16491
7.15949
7.19209
7.18573
7.18019
7.16507
7.18331
7.11717
7.15119
7.14494
7.12101
7.11677
7.17396
7.16728
7.14675
7.13415
7.15886
7.11417
7.1298
7.16513
7.17539
7.12729
7.15909
7.17709
7.20619
7.0955
7.07006
7.06977
7.1277
7.10192
7.09591
7.14288
7.17973
7.1879
7.17597
7.20991
7.02501
6.99039
7.06597
7.04987
7.01162
7.17931
7.19263
7.19123
7.19725
7.21376
6.97346
6.99603
6.98874
6.98916
7.02195
6.99267
7.01309
7.01451
7.04915
7.16782
7.17579
7.18397
7.15828
7.19712
7.19942
7.2057
7.218
7.05596
7.08852
7.10625
7.11317
7.12153
7.14076
7.14867
7.16474
7.14807
7.1763
7.19283
7.18105
7.2125
7.18599
7.18651
7.19196
7.17414
7.18427
7.1801
7.17647
7.14852
7.16424
7.14689
7.13691
7.14654
7.12495
7.11836
7.13956
7.11962
7.12022
7.16522
7.12877
7.14999
7.20608
7.1292
7.11039
7.10281
7.09823
7.07911
7.06777
7.08682
7.06398
7.06377
7.099
7.06946
7.07922
7.11805
7.10051
7.11232
7.18943
7.21937
7.06387
7.02855
7.0316
7.00645
7.01024
7.03116
7.01339
7.01582
7.06807
7.05022
7.07388
7.12193
7.12053
7.14033
7.21261
7.2144
7.01113
7.02412
7.02624
7.05256
7.05317
7.07083
7.08616
7.12683
7.13028
7.16202
7.19801
7.20046
7.20811
7.09962
7.15549
7.1649
7.19786
7.19408
249.327
245.846
244.335
176.407
155.653
179.864
166.068
203.634
230.641
185.461
124.437
78.0004
103.073
53.0866
249.018
261.281
249.279
204.809
205.875
212.842
217.221
244.459
245.982
251.841
202.792
201.58
219.101
225.298
222.4
254.889
245.91
167.146
115.255
198.749
151.361
92.5194
214.249
136.518
83.7283
37.1016
116.644
52.3704
254.206
264.417
261.137
206.354
215.288
197.23
202.939
257.496
257.779
261.868
219.335
221.38
207.894
210.095
260.698
266.276
266.496
209.206
178.507
204.964
190.959
197.978
259.895
232.336
152.332
98.6361
173.654
137.235
259.681
253.751
257.441
190.659
201.391
181.082
201.862
261.802
255.789
250.678
203.268
195.443
205.759
200.628
52.5148
121.881
84.7847
46.6316
23.3031
81.6984
37.2558
20.8107
29.2866
16.3075
15.9193
14.8273
15.628
14.4519
153.742
124.395
158.981
42.2185
93.8528
16.7581
72.9921
137.027
110.179
114.592
14.2226
32.3267
17.9418
16.5076
21.2738
42.5378
19.6161
20.006
19.3778
22.6631
12.0112
14.1491
13.062
12.4208
13.1738
11.5375
10.2431
9.63909
35.7209
5.10104
12.4247
7.35825
11.9906
7.16312
6.64827
6.41773
5.38252
5.19681
7.2039
6.65046
7.08699
6.96613
7.02516
9.0848
6.65526
6.19513
6.09968
6.29133
6.3284
7.91523
7.32615
7.98714
5.81605
5.95827
6.06554
7.27793
6.715
6.5201
6.40865
6.02854
6.18244
6.24219
6.23283
6.78833
6.75183
6.76521
6.63944
6.5975
6.68307
6.68489
6.53839
6.47894
6.57429
6.36409
6.42716
6.36663
6.44319
6.16939
6.38923
6.48136
6.29754
6.33755
6.40424
6.01361
6.29467
6.26645
6.30596
6.11225
6.31109
6.2845
6.38315
6.57268
6.67721
6.70151
6.65698
6.60458
6.65838
6.68175
6.52149
6.45053
6.50575
6.4555
6.49173
6.45035
6.47511
6.42907
6.38769
6.25314
6.36276
6.44398
6.3537
6.46245
6.38058
6.36403
6.42787
6.37108
6.41984
6.51012
6.48562
6.61705
6.63755
6.64134
6.624
6.60198
6.63473
6.60712
6.50208
6.45645
6.4749
6.47497
6.48645
6.44627
6.45474
6.46262
6.3519
6.51575
6.41583
6.46278
6.35145
6.49774
6.43603
6.60536
6.51415
6.46393
6.43599
6.60071
6.49721
6.56135
6.60556
6.56336
6.57062
6.52527
6.56577
6.5163
6.45623
6.41755
6.42222
6.41841
6.42185
6.38013
6.38672
6.4048
6.34103
6.46681
6.40814
6.35755
6.32361
6.39969
6.41147
6.52021
6.45273
6.3819
6.35747
6.43418
6.39697
6.4621
6.50268
6.44742
6.4409
6.40043
6.44081
6.38453
6.38537
6.33541
6.34634
6.34964
6.34978
6.29059
6.3042
6.35288
6.30384
6.30398
6.36834
6.35536
6.27858
6.26244
6.29051
6.35103
6.33811
6.25948
6.24138
6.29339
6.29378
6.33971
6.37973
6.32777
6.3117
6.28666
6.32884
6.28241
6.31413
6.24714
6.25712
6.29877
6.28727
6.24042
6.23906
6.33885
6.25681
6.25388
6.29804
6.30848
6.25549
6.24805
6.20689
6.25033
6.25455
6.21584
6.19557
6.22628
6.22995
6.2465
6.28695
6.25057
6.23883
6.22387
6.2586
6.22313
6.25
6.24148
6.23545
6.23017
6.18818
6.23215
6.21606
6.27358
6.25458
6.23608
6.19577
6.23675
6.22908
6.21421
6.21172
6.21834
6.21601
6.23672
6.2214
6.21657
6.21197
6.22221
6.24118
6.20751
6.21983
6.22092
6.23162
6.20225
6.11708
6.20558
6.17097
6.10388
6.04042
6.16668
6.10398
6.19731
6.15196
6.1739
6.04748
6.15624
6.04925
6.13344
6.22172
6.2173
6.20699
6.22989
6.21318
6.21647
6.20661
6.22169
6.23156
6.20324
6.22836
6.22646
6.23689
6.2107
5.95395
6.13851
6.04419
6.02709
5.88184
6.12261
6.00185
6.11347
5.96895
6.10266
5.96143
6.08383
5.93004
6.08866
6.20409
6.21825
6.20804
6.21561
6.20148
6.22015
6.21065
6.22603
6.24746
6.22364
6.24239
6.23405
6.25489
6.24168
5.85966
6.12794
5.98108
6.04795
5.86071
6.14465
5.97222
6.0939
5.93623
6.10261
6.00741
6.11997
5.9629
6.12524
6.20655
6.2296
6.21906
6.22648
6.2153
6.2373
6.2285
6.2401
6.26673
6.25123
6.25766
6.24839
6.27239
6.26386
5.903
6.1635
5.9698
6.14123
5.97713
6.18919
6.00096
6.1418
6.00991
6.14599
6.04066
6.15097
6.05683
6.14639
6.22681
6.24838
6.23933
6.24772
6.24089
6.25832
6.2506
6.25686
6.28173
6.27105
6.27521
6.26549
6.28773
6.28166
6.07336
6.21073
6.04358
6.23835
6.18665
6.23421
6.14129
6.13994
6.08803
6.1381
5.92388
6.1109
6.08534
6.12674
6.25361
6.27114
6.26262
6.27709
6.2658
6.28316
6.27485
6.27364
6.29665
6.29143
6.29857
6.2815
6.30533
6.30157
6.27448
6.26216
6.21578
6.33512
6.3188
6.28721
6.25544
6.05138
6.11614
6.11721
6.17114
5.99169
6.19581
6.11896
6.28933
6.30067
6.29189
6.31526
6.30911
6.3153
6.31107
6.29478
6.31712
6.31367
6.32328
6.31286
6.32941
6.33036
6.35992
6.30999
6.28814
6.37463
6.3825
6.31998
6.30444
6.0303
6.25804
6.10803
6.38031
6.22504
6.23538
6.16285
6.33484
6.33482
6.33197
6.35774
6.36021
6.35389
6.35479
6.33231
6.34602
6.34949
6.35672
6.35569
6.36417
6.3724
6.38114
6.3436
6.31384
6.39654
6.36724
6.36184
6.31546
6.37348
6.19979
6.25439
6.30713
6.35679
6.19776
6.2497
6.38424
6.37772
6.37606
6.40944
6.40979
6.4024
6.39962
6.37982
6.38531
6.39803
6.40334
6.40644
6.40873
6.4252
6.36658
6.39064
6.32341
6.43131
6.3769
6.41168
6.3396
6.29941
6.23709
6.21998
6.33029
6.24844
6.26629
6.21966
6.43576
6.43285
6.42762
6.47416
6.46503
6.46246
6.45716
6.43618
6.43523
6.45554
6.46281
6.46665
6.46275
6.48705
6.39793
6.44233
6.36686
6.49098
6.42329
6.47523
6.39886
6.23228
6.2904
6.21735
6.35061
6.24808
6.32209
6.2312
6.49698
6.49472
6.48964
6.54464
6.53005
6.5249
6.5208
6.49901
6.49156
6.52175
6.52144
6.53041
6.52065
6.55424
6.45573
6.51278
6.44183
6.56315
6.49449
6.55227
6.49058
6.31068
6.36695
6.25581
6.43652
6.38537
6.42204
6.3147
6.56287
6.55467
6.55307
6.60781
6.59277
6.58194
6.58135
6.5637
6.55103
6.58511
6.57653
6.59346
6.57916
6.6129
6.54192
6.59113
6.54189
6.62679
6.58431
6.62546
6.594
6.4832
6.48674
6.41597
6.56781
6.58924
6.56531
6.54871
6.62141
6.60985
6.61087
6.65889
6.64423
6.63585
6.63494
6.62059
6.60569
6.63701
6.63001
6.64227
6.6282
6.65545
6.61898
6.65333
6.63943
6.66465
6.64049
6.67285
6.67408
6.67557
6.63453
6.67584
6.6699
6.73548
6.68944
6.76784
6.66359
6.65886
6.65673
6.69285
6.677
6.67722
6.67534
6.66012
6.64771
6.66854
6.67325
6.67497
6.66509
6.67884
6.64914
6.68223
6.69276
6.66791
6.64781
6.67984
6.6936
6.77307
6.72173
6.82318
6.70044
6.78849
6.73452
6.8459
6.68428
6.68959
6.68853
6.70894
6.6851
6.69633
6.69587
6.6872
6.68009
6.68659
6.70297
6.69599
6.69198
6.69294
6.64208
6.67065
6.68097
6.65164
6.63719
6.65457
6.65691
6.78417
6.73168
6.84029
6.66206
6.76943
6.7164
6.81752
6.68026
6.69717
6.69615
6.70004
6.67138
6.69216
6.69016
6.70049
6.69987
6.69752
6.71624
6.70561
6.70379
6.70192
6.63552
6.63677
6.63274
6.64446
6.63757
6.61904
6.61501
6.74997
6.69628
6.79136
6.64309
6.7328
6.67684
6.76512
6.65913
6.68381
6.6809
6.67614
6.64573
6.67384
6.66752
6.70876
6.70414
6.70165
6.7111
6.70615
6.70304
6.69991
6.63947
6.60708
6.60882
6.65593
6.64473
6.60497
6.61263
6.72042
6.66627
6.74422
6.67209
6.71488
6.66503
6.73046
6.63389
6.66553
6.65381
6.65196
6.62641
6.66196
6.64607
6.69688
6.70165
6.70139
6.69687
6.68737
6.70054
6.70356
6.65648
6.61227
6.62643
6.69345
6.67951
6.6318
6.64988
6.71646
6.67181
6.72303
6.70647
6.7229
6.68789
6.72314
6.6222
6.66256
6.64311
6.65827
6.62489
6.66865
6.64587
6.68359
6.70088
6.70737
6.69471
6.68474
6.70435
6.71438
6.71354
6.65773
6.67994
6.73444
6.75402
6.68205
6.71741
6.73363
6.70833
6.7286
6.74008
6.74518
6.73393
6.73869
6.6308
6.6787
6.65057
6.67685
6.6423
6.68643
6.6575
6.68853
6.70993
6.72145
6.70592
6.69711
6.71733
6.73128
6.78537
6.70618
6.75819
6.79205
6.79366
6.74241
6.78631
6.758
6.75692
6.75044
6.7735
6.76582
6.77259
6.76097
6.66022
6.69273
6.6658
6.69652
6.68093
6.69886
6.67632
6.70325
6.72495
6.73992
6.71881
6.70903
6.73531
6.74344
6.79353
6.77715
6.79214
6.80276
6.78749
6.80526
6.78713
6.77138
6.78459
6.77109
6.77833
6.77437
6.79066
6.77614
6.69673
6.70747
6.68981
6.70676
6.70799
6.71263
6.70713
6.71609
6.74621
6.74603
6.72657
6.72708
6.754
6.7503
6.78602
6.80905
6.78407
6.80358
6.78353
6.79136
6.77925
6.77554
6.79217
6.77834
6.77421
6.77408
6.78686
6.77659
6.72756
6.71641
6.72752
6.71152
6.75701
6.72034
6.74515
6.74081
6.75665
6.75481
6.73117
6.74713
6.75523
6.74971
6.77366
6.77718
6.76973
6.76503
6.75888
6.75997
6.75163
6.7702
6.77778
6.77039
6.76019
6.76492
6.76804
6.76306
6.77236
6.72305
6.7491
6.72442
6.7638
6.72297
6.73884
6.74538
6.75269
6.74153
6.72711
6.73247
6.74652
6.72518
6.74543
6.74339
6.7347
6.73232
6.73557
6.72872
6.72061
6.75916
6.75767
6.7542
6.74587
6.75519
6.74773
6.74807
6.73385
6.71804
6.716
6.70719
6.70357
6.70555
6.68664
6.70901
6.7368
6.70709
6.71053
6.68537
6.72691
6.69106
6.73007
6.71835
6.71405
6.71697
6.72835
6.71486
6.71434
6.75285
6.74112
6.74385
6.7416
6.75335
6.73831
6.74376
6.68214
6.68985
6.66663
6.66925
6.66631
6.68094
6.65747
6.67348
6.72035
6.6845
6.70299
6.67318
6.7184
6.6912
6.73231
6.7168
6.72093
6.72679
6.73927
6.72377
6.73121
6.7568
6.74055
6.74668
6.74929
6.76265
6.74632
6.75211
6.65782
6.68539
6.65464
6.66832
6.66375
6.69655
6.66541
6.68142
6.7215
6.6995
6.71943
6.69627
6.72888
6.71274
6.74901
6.73363
6.74338
6.75081
6.75903
6.74531
6.756
6.77103
6.75642
6.76007
6.76339
6.77963
6.7674
6.76935
6.6824
6.71686
6.68453
6.72369
6.71145
6.73961
6.7147
6.71385
6.7404
6.72683
6.74665
6.73136
6.75681
6.74506
6.76947
6.75884
6.77015
6.77005
6.77878
6.76941
6.7818
6.78862
6.77829
6.77839
6.78358
6.79668
6.78866
6.78704
6.7414
6.75728
6.74381
6.77089
6.76639
6.77456
6.77062
6.7508
6.7748
6.76033
6.78167
6.77146
6.78788
6.77494
6.78839
6.77868
6.79164
6.78043
6.79862
6.78654
6.79806
6.80313
6.79805
6.79505
6.80631
6.80741
6.80654
6.80168
6.78362
6.78737
6.78623
6.79651
6.79553
6.79393
6.79319
6.78556
6.79383
6.78524
6.79417
6.78949
6.79468
6.78732
6.80889
6.79007
6.80422
6.79917
6.81694
6.79371
6.81148
6.80911
6.81482
6.80664
6.82058
6.8075
6.81977
6.80919
6.80059
6.79965
6.79943
6.8086
6.80421
6.80426
6.80595
6.79287
6.7979
6.78123
6.8029
6.80212
6.81039
6.79171
6.82259
6.80165
6.82002
6.823
6.82634
6.81085
6.82663
6.80286
6.82014
6.8104
6.82018
6.80136
6.8175
6.81344
6.80365
6.80426
6.80922
6.80403
6.80127
6.80057
6.80776
6.80461
6.81263
6.80396
6.80157
6.80175
6.80792
6.80969
6.82764
6.81906
6.83098
6.83682
6.82662
6.82327
6.83509
6.80373
6.81567
6.81656
6.81143
6.81063
6.81724
6.82211
6.80759
6.80027
6.8112
6.8201
6.8176
6.80945
6.81735
6.80863
6.80264
6.81152
6.80656
6.81488
6.80405
6.81485
6.82324
6.82649
6.83655
6.83852
6.81891
6.82893
6.83467
6.81754
6.81962
6.8247
6.81047
6.82253
6.8223
6.826
6.82504
6.82004
6.82472
6.83533
6.82937
6.82756
6.83034
6.82112
6.81425
6.82122
6.82447
6.8262
6.8218
6.82919
6.81483
6.83004
6.83195
6.83225
6.81225
6.82994
6.8292
6.82533
6.82233
6.82577
6.8127
6.82698
6.82212
6.82402
6.83136
6.832
6.83184
6.8401
6.83105
6.83381
6.83157
6.82756
6.82465
6.8331
6.82915
6.82592
6.82718
6.83288
6.81081
6.82872
6.82626
6.82256
6.80978
6.82649
6.82313
6.82769
6.81985
6.81985
6.81312
6.82693
6.81744
6.81573
6.83052
6.83471
6.83128
6.8391
6.82875
6.83702
6.83017
6.82579
6.83122
6.83291
6.83499
6.82527
6.83664
6.83375
6.8108
6.82371
6.82021
6.81912
6.81343
6.82356
6.81951
6.8252
6.81514
6.81124
6.81485
6.82351
6.81364
6.80697
6.82819
6.83993
6.83152
6.83756
6.8277
6.84312
6.83451
6.8266
6.84292
6.83712
6.84675
6.8303
6.84893
6.84297
6.81689
6.82411
6.81987
6.82394
6.82115
6.82685
6.82286
6.82166
6.81227
6.80269
6.81739
6.81832
6.81189
6.79803
6.82929
6.84537
6.83815
6.83948
6.83187
6.84571
6.84128
6.83723
6.85295
6.84711
6.8609
6.84389
6.85421
6.85005
6.82554
6.8288
6.82611
6.82871
6.82892
6.8306
6.82828
6.81416
6.81348
6.79412
6.81997
6.81104
6.81705
6.79333
6.83397
6.84767
6.84159
6.84013
6.836
6.84749
6.84162
6.84632
6.85369
6.84924
6.8534
6.8465
6.85194
6.84625
6.82995
6.83128
6.82897
6.83111
6.83155
6.83089
6.83054
6.81066
6.82283
6.79609
6.82685
6.81485
6.82687
6.80352
6.836
6.84093
6.8383
6.83357
6.83532
6.83435
6.83227
6.84437
6.84965
6.84225
6.8417
6.83971
6.84734
6.83883
6.83554
6.83137
6.83523
6.83483
6.84252
6.83608
6.84188
6.82267
6.83213
6.81304
6.83233
6.82972
6.83813
6.82382
6.83305
6.83036
6.82908
6.8235
6.82985
6.8289
6.83201
6.8331
6.8461
6.83682
6.84023
6.82968
6.84696
6.83762
6.84701
6.84185
6.8455
6.85416
6.85415
6.85111
6.85058
6.83674
6.84533
6.83525
6.855
6.84612
6.852
6.84541
6.83453
6.837
6.83556
6.84702
6.84366
6.85012
6.8444
6.83291
6.84976
6.84099
6.85243
6.84076
6.85388
6.84663
6.86498
6.86322
6.86169
6.87569
6.87325
6.87378
6.87021
6.854
6.85969
6.85423
6.86746
6.85943
6.86714
6.86089
6.85542
6.86318
6.85636
6.88368
6.867
6.87271
6.86659
6.8503
6.85869
6.85349
6.86652
6.85915
6.86349
6.86067
6.87935
6.8797
6.8766
6.89058
6.8843
6.88844
6.88524
6.86443
6.87086
6.86256
6.87966
6.87088
6.87607
6.86417
6.88046
6.88048
6.87375
6.8995
6.89114
6.88459
6.87961
6.86683
6.86872
6.8671
6.87567
6.8736
6.87352
6.87247
6.89105
6.89456
6.8908
6.90359
6.89637
6.89925
6.89439
6.87353
6.87997
6.86586
6.88328
6.87057
6.88064
6.86748
6.89581
6.88703
6.88377
6.90144
6.89899
6.88963
6.88786
6.87842
6.8779
6.87701
6.88328
6.88296
6.88232
6.88131
6.89717
6.90099
6.89231
6.90584
6.8938
6.90002
6.88727
6.86505
6.87683
6.86622
6.87438
6.86241
6.8719
6.86306
6.90173
6.89287
6.89185
6.90662
6.90424
6.89696
6.89602
6.8872
6.88696
6.88534
6.8923
6.89148
6.89171
6.88928
6.89354
6.90009
6.88655
6.90542
6.89624
6.90109
6.88826
6.86217
6.8707
6.86476
6.87685
6.86692
6.87177
6.86854
6.90752
6.90199
6.90066
6.917
6.91137
6.90815
6.90571
6.89681
6.89743
6.89422
6.90363
6.90256
6.90388
6.89954
6.89937
6.90533
6.89367
6.91311
6.9044
6.91042
6.90004
6.87122
6.87786
6.86878
6.88699
6.87505
6.88319
6.86914
6.91673
6.91549
6.91182
6.93294
6.9235
6.92426
6.91912
6.90966
6.91155
6.90615
6.92027
6.91749
6.92022
6.91382
6.91156
6.91765
6.90854
6.92793
6.92038
6.92758
6.91742
6.87943
6.88938
6.87115
6.89922
6.88401
6.89621
6.87374
6.93217
6.93488
6.9277
6.95431
6.9432
6.94714
6.93884
6.92691
6.93081
6.92309
6.94375
6.93763
6.94288
6.93351
6.92984
6.94011
6.92654
6.95277
6.94079
6.95453
6.93727
6.8878
6.90346
6.87604
6.9144
6.89239
6.91108
6.87701
6.95643
6.96124
6.95178
6.98308
6.97171
6.97689
6.96627
6.95004
6.95703
6.94608
6.97354
6.96422
6.97262
6.96029
6.95502
6.97182
6.95197
6.99293
6.97185
6.99115
6.96771
6.89817
6.92036
6.87941
6.93834
6.9065
6.93233
6.88308
6.98841
6.99451
6.98182
7.0186
7.00699
7.01356
6.99958
6.97882
6.98949
6.97547
7.01039
6.9961
7.0083
6.99259
6.99165
7.01322
6.9856
7.0406
7.01339
7.03658
7.0052
6.91734
6.94592
6.89109
6.9716
6.92997
6.95935
6.90012
7.0265
7.03312
7.01754
7.06184
7.04835
7.05389
7.03743
7.01344
7.02797
7.01045
7.04805
7.03018
7.04543
7.02878
7.0383
7.06068
7.02669
7.09036
7.06241
7.08737
7.05113
6.94554
6.97689
6.9097
7.01581
6.96461
6.99706
6.92179
7.07109
7.07483
7.05624
7.10548
7.09403
7.09479
7.07655
7.04662
7.06603
7.04696
7.08646
7.0668
7.08399
7.06415
7.08315
7.1095
7.07348
7.12794
7.09826
7.12226
7.08914
6.98693
7.0138
6.93623
7.05817
7.00912
7.03002
6.9563
7.11633
7.11401
7.09627
7.13921
7.13266
7.13167
7.11302
7.08587
7.0995
7.08122
7.11874
7.10496
7.11389
7.09718
7.10335
7.12198
7.09543
7.11027
7.09967
7.11289
7.09374
7.0293
7.03533
6.97702
7.08293
7.04832
7.03385
7.0002
7.13763
7.14613
7.12619
7.16097
7.138
7.15753
7.14474
7.12276
7.12914
7.11139
7.14525
7.13678
7.14191
7.12413
7.10668
7.12136
7.09383
7.12158
7.11647
7.12284
7.10274
7.07011
7.05002
7.03106
7.10376
7.08682
7.06912
7.05776
7.13768
7.16078
7.15539
7.15527
7.13497
7.15288
7.14886
7.13981
7.14718
7.13044
7.15229
7.13408
7.14608
7.13017
7.11876
7.11875
7.10474
7.12156
7.11603
7.11469
7.10484
7.09375
7.08196
7.06319
7.10686
7.09405
7.08615
7.0624
7.13293
7.14557
7.14126
7.13881
7.12442
7.13718
7.12475
7.1244
7.14006
7.12487
7.13512
7.11537
7.13193
7.11712
7.10646
7.10571
7.0971
7.09877
7.09432
7.09525
7.08695
7.08806
7.08093
7.04942
7.08842
7.07699
7.07224
7.03419
7.1159
7.12571
7.11565
7.11389
7.10426
7.11537
7.10303
7.10522
7.12109
7.10701
7.11146
7.08975
7.10973
7.09225
7.07963
7.08248
7.07441
7.07186
7.06707
7.07143
7.06138
7.06447
7.05718
7.01788
7.06524
7.0545
7.0436
7.00458
7.09234
7.10377
7.08969
7.09081
7.08041
7.09201
7.07373
7.07437
7.0936
7.07432
7.08048
7.05769
7.07406
7.05316
7.0561
7.06275
7.05056
7.06095
7.04853
7.05676
7.04332
7.04663
7.03384
7.00001
7.04548
7.04257
7.02947
7.00071
7.06782
7.07628
7.05751
7.07006
7.05407
7.06077
7.04213
7.03699
7.0496
7.02908
7.04406
7.0131
7.02621
7.00395
7.04508
7.05399
7.04067
7.06876
7.04818
7.05537
7.04176
7.04266
7.02973
7.00784
7.04688
7.0492
7.03372
7.01855
7.04462
7.04515
7.02934
7.05523
7.0383
7.03398
7.02175
6.98752
7.00086
6.98175
7.00365
6.97299
6.97481
6.94511
7.05767
7.06215
7.0482
7.09253
7.07257
7.07244
7.05841
7.06236
7.04481
7.03597
7.07338
7.07801
7.05828
7.05337
7.03777
7.02882
7.02002
7.05416
7.04183
7.02868
7.02273
6.97299
6.95863
6.93329
6.9889
6.97767
6.95408
6.94065
7.09124
7.08554
7.07175
7.12207
7.10947
7.0982
7.08463
7.09698
7.07589
7.07493
7.11174
7.11404
7.09161
7.09232
7.05145
7.03376
7.03149
7.07127
7.06043
7.03991
7.03976
6.98839
6.95797
6.94758
6.99735
6.99846
6.96578
6.95758
7.12716
7.1074
7.09964
7.15341
7.1438
7.12263
7.11434
7.12743
7.10288
7.10579
7.14561
7.14293
7.11651
7.11746
7.07307
7.05085
7.04602
7.10936
7.09316
7.06923
7.05978
7.06676
7.0472
7.04577
7.08228
7.08107
7.05825
7.05967
7.08023
7.04858
7.0537
7.08572
7.09284
7.06463
7.07346
7.08895
7.0715
7.07502
7.10472
7.11865
7.09591
7.10858
7.00917
6.97787
6.97896
7.02611
7.02125
6.9956
7.00008
7.009
6.97971
6.96975
7.01786
7.01867
7.01035
7.00826
7.03381
7.0009
7.02152
7.03494
7.05597
7.04393
7.07266
7.09006
7.09157
7.1103
7.09909
7.11519
7.11695
7.14428
7.013
7.04745
7.05564
7.03822
7.04443
7.06732
7.08052
7.08623
7.09963
7.13801
7.08933
7.1185
7.12825
7.16153
)
;

boundaryField
{
    fbOut
    {
        type            fixedValue;
        value           uniform 0;
    }
    CAD_patch1
    {
        type            zeroGradient;
    }
    fbGasin
    {
        type            zeroGradient;
    }
    CAD_patch3
    {
        type            zeroGradient;
    }
    fbBioin
    {
        type            zeroGradient;
    }
}


// ************************************************************************* //
