/*--------------------------------*- C++ -*----------------------------------*\
| =========                 |                                                 |
| \\      /  F ield         | OpenFOAM: The Open Source CFD Toolbox           |
|  \\    /   O peration     | Version:  5.x                                   |
|   \\  /    A nd           | Web:      www.OpenFOAM.org                      |
|    \\/     M anipulation  |                                                 |
\*---------------------------------------------------------------------------*/
FoamFile
{
    version     2.0;
    format      ascii;
    class       volScalarField;
    location    "4.9";
    object      p;
}
// * * * * * * * * * * * * * * * * * * * * * * * * * * * * * * * * * * * * * //

dimensions      [0 2 -2 0 0 0 0];

internalField   nonuniform List<scalar> 
10571
(
126.594
155.091
163.075
148.503
171.129
133.041
161.049
175.446
180.113
121.579
162.888
155.419
169.914
182.933
202.321
206.316
175.158
150.778
191.78
213.445
239.649
190.11
247.218
292.107
99.4035
95.5472
93.2227
100.362
81.5017
113.664
112.418
121.922
90.3929
92.0326
129.112
127.013
97.2317
123.819
101.953
92.9981
91.8198
86.8357
100.976
116.579
117.193
94.9276
111.989
131.762
83.5919
87.6623
82.7183
82.1955
76.7967
91.9667
78.1218
75.9439
76.5582
83.3047
75.9245
74.7268
83.463
85.3052
76.1371
80.4112
78.7309
81.1554
93.9046
98.3003
85.0876
84.096
93.6293
93.2958
75.1817
76.6234
73.063
70.8112
73.5262
71.1226
67.9562
67.3225
69.8286
74.7283
71.6121
71.1417
72.1598
67.5011
69.5927
75.0056
73.7243
75.3923
68.1307
67.4353
71.2956
76.1493
72.0208
71.5395
70.2208
70.8563
69.5997
68.2026
70.5066
68.9703
68.0851
67.8032
68.2272
70.1274
69.5954
69.6232
66.9505
67.671
68.9069
72.0674
69.3159
70.5058
65.569
67.5467
68.8692
71.3133
67.7654
67.0872
68.0859
68.4616
68.3623
67.7954
68.6522
68.1471
67.9061
67.0949
67.3509
66.5874
65.2665
68.0621
68.0305
67.2373
66.6213
66.4729
66.7296
66.0471
67.1517
67.3446
65.5746
65.9601
66.3066
67.8981
66.2409
66.13
66.7324
67.382
67.0814
66.5927
67.9124
67.1526
67.408
66.1928
66.9017
64.6857
64.6193
66.8725
67.1352
66.8529
65.7324
64.8521
64.624
64.6781
66.2676
66.2585
65.3315
65.331
64.993
65.0797
65.9982
65.4707
65.5787
65.8029
66.1955
65.6086
65.7937
67.1359
66.198
66.2422
65.1951
65.1469
64.3803
64.5531
66.1563
66.3097
66.0435
65.146
64.8443
64.7009
64.6523
65.8999
65.9291
65.05
65.1063
64.8996
64.9454
65.3099
65.0677
65.2063
64.8332
64.6201
64.6583
64.7723
64.4789
65.2451
64.5057
64.3131
63.4448
64.1146
65.1202
65.4701
65.4476
64.7119
64.7021
64.6744
64.3251
64.6686
65.3825
65.7694
64.8367
64.8371
64.4363
65.0151
64.8436
64.9437
63.9056
64.0388
64.1907
63.9345
63.0881
64.2798
63.936
64.12
64.0454
64.0165
64.8045
64.7018
63.5301
64.3934
64.402
64.3487
64.8171
64.7086
64.5433
64.5633
64.3378
64.5272
64.54
64.6643
63.611
63.7677
63.9205
63.7245
63.417
63.6656
64.0602
64.119
64.1294
64.0412
64.1246
63.9584
63.6456
64.2434
64.2097
64.2432
64.2337
63.5526
64.2256
64.3876
64.3396
64.0496
64.2475
64.4329
63.7515
63.7339
63.8441
63.7928
63.7683
63.6562
64.083
64.09
64.0663
64.0967
63.7337
63.825
63.8792
64.206
64.159
64.266
63.8595
63.926
64.1152
64.2398
64.2812
64.0261
64.1518
64.2736
63.8913
63.7509
63.8739
63.9269
63.9719
63.6997
64.0343
64.0363
64.0377
64.101
63.7056
63.741
63.942
64.1817
64.1295
64.2147
63.9101
64.0298
64.0823
64.1893
64.2299
64.0051
64.0887
64.1964
63.9422
63.8197
63.9115
63.9463
63.965
63.7432
63.9836
63.9948
64.0254
64.0755
63.7662
63.7177
63.9146
64.1467
64.0816
64.1506
63.9446
63.9091
64.0352
64.123
64.1451
63.9285
64.0185
64.1396
63.9678
63.8773
63.9271
63.9432
63.9516
63.8169
63.938
63.9806
64.0017
64.0413
63.8329
63.8247
63.8966
64.1035
64.0404
64.0683
63.9346
63.8183
64.0024
64.0665
64.0801
63.9084
63.9834
64.103
63.9818
63.8984
63.9136
63.9505
63.9815
63.8602
63.9119
63.9738
63.984
64.0233
63.8602
63.8715
63.8965
64.0655
64.0243
64.0748
63.9097
63.7886
63.9853
64.0352
64.058
63.9131
63.9689
64.0729
63.9785
63.9072
63.9008
63.9586
64.0152
63.8527
63.9024
63.9604
63.9691
64.0051
63.8861
63.8506
63.8968
64.0369
64.0288
64.0829
63.8968
63.7734
63.952
64.0043
64.0445
63.9109
63.9574
64.0446
63.9666
63.9107
63.8848
63.9421
64.0172
63.8587
63.8918
63.9588
63.9586
63.9762
63.8996
63.8543
63.8963
64.0037
64.0114
63.9897
63.8495
63.7654
63.9136
63.9731
64.0034
63.9013
63.9424
64.0182
63.9395
63.9047
63.8813
63.9293
63.9905
63.8602
63.8801
63.9433
63.9524
63.9647
63.8803
63.8484
63.8859
63.9331
63.9625
64.0371
63.7795
63.7689
63.8705
63.932
63.965
63.8784
63.92
63.9564
63.9109
63.8999
63.8676
63.9049
63.9424
63.8496
63.8601
63.8928
63.9275
63.9583
63.8428
63.8099
63.8625
63.8385
63.877
63.9688
63.6865
63.7695
63.8349
63.8725
63.9242
63.8524
63.8835
63.8874
63.882
63.8903
63.8579
63.8748
63.8848
63.8321
63.8291
63.8132
63.8163
63.8697
63.8221
63.797
63.8222
63.7597
63.8252
63.8706
63.694
63.767
63.8173
63.8408
63.8569
63.8282
63.8555
63.8462
63.8464
63.8619
63.8429
63.8396
63.8341
63.8122
63.8167
63.756
63.7726
63.6928
63.8123
63.7914
63.799
63.7483
63.7734
63.7233
63.7509
63.7673
63.7999
63.854
63.8014
63.8104
63.8328
63.822
63.82
63.8352
63.8249
63.811
63.8034
63.7974
63.8087
63.7401
63.8122
63.6832
63.7958
63.782
63.7863
63.7783
63.7182
63.65
63.7994
63.7657
63.7704
63.804
63.7613
63.7931
63.7995
63.7862
63.8078
63.8254
63.8078
63.7996
63.7956
63.7881
63.8054
63.8326
63.8048
63.7249
63.7842
63.7745
63.7682
63.7826
63.7151
63.671
63.8035
63.7525
63.7287
63.7468
63.7423
63.7817
63.77
63.7434
63.8003
63.8131
63.7915
63.7994
63.7978
63.7829
63.7918
63.9262
63.7659
63.7238
63.7751
63.7711
63.7435
63.7613
63.7219
63.7259
63.7877
63.741
63.6961
63.7062
63.7335
63.7731
63.7531
63.7089
63.7958
63.7948
63.7715
63.8027
63.7972
63.7759
63.772
63.9442
63.7383
63.7626
63.7603
63.7668
63.7228
63.7099
63.7059
63.7545
63.7708
63.73
63.6779
63.6626
63.717
63.7648
63.7438
63.6833
63.7833
63.7732
63.7489
63.7902
63.7876
63.7563
63.7579
63.8781
63.6998
63.8343
63.7384
63.7438
63.6961
63.6326
63.6636
63.7677
63.7425
63.7147
63.6601
63.6182
63.6781
63.75
63.7308
63.6602
63.7677
63.7422
63.7281
63.7661
63.7965
63.7227
63.7191
63.7311
63.7208
63.9783
63.7091
63.7092
63.6687
63.5817
63.6117
63.7347
63.7123
63.6949
63.64
63.5851
63.6286
63.7268
63.7076
63.6359
63.7564
63.7057
63.7034
63.7426
63.8248
63.6771
63.6477
63.5698
63.6726
63.913
63.673
63.6698
63.6424
63.5525
63.5502
63.6768
63.6733
63.662
63.6281
63.5511
63.587
63.6941
63.6751
63.6099
63.7395
63.6632
63.6702
63.7161
63.8513
63.6268
63.5759
63.4587
63.6374
63.783
63.6362
63.6297
63.6187
63.5316
63.4949
63.6108
63.6321
63.6171
63.6086
63.5269
63.5487
63.6552
63.627
63.5805
63.694
63.6159
63.6224
63.6646
63.8803
63.583
63.5275
63.4291
63.5601
63.68
63.599
63.5925
63.5859
63.4896
63.4168
63.5437
63.5883
63.5723
63.5817
63.5055
63.5127
63.6099
63.5826
63.5479
63.5892
63.568
63.5516
63.5711
63.7351
63.5437
63.4724
63.4036
63.4113
63.5626
63.5633
63.5556
63.5442
63.4344
63.3333
63.4721
63.5427
63.5288
63.5492
63.4847
63.4713
63.5648
63.5449
63.519
63.4412
63.524
63.4762
63.4262
63.3683
63.5084
63.3796
63.3649
63.222
63.4102
63.5371
63.5267
63.5001
63.4161
63.2891
63.3986
63.4999
63.484
63.5055
63.4507
63.4303
63.5281
63.5172
63.4977
63.3006
63.4938
63.4111
63.2843
62.9843
63.4852
63.3023
63.3459
63.1049
63.2722
63.5287
63.5197
63.4931
63.4388
63.3135
63.3469
63.4749
63.4482
63.4615
63.4111
63.4044
63.5075
63.4974
63.4782
63.251
63.4839
63.3883
63.2475
62.8938
63.4902
63.3189
63.3702
63.0763
63.2212
63.5463
63.5451
63.5661
63.5121
63.3775
63.3363
63.4767
63.4184
63.4511
63.3867
63.3913
63.5052
63.483
63.4559
63.2852
63.5003
63.411
63.2992
63.0544
63.5148
63.3654
63.3969
63.0929
63.272
63.5817
63.6073
63.6279
63.577
63.4279
63.3525
63.5067
63.4111
63.4579
63.3658
63.3887
63.5059
63.4635
63.4283
63.3528
63.5192
63.4383
63.3549
63.2426
63.5354
63.3722
63.4123
63.1791
63.3556
63.6107
63.6253
63.5927
63.543
63.4343
63.3774
63.5453
63.4261
63.4375
63.3649
63.403
63.5001
63.4301
63.4006
63.4197
63.528
63.4642
63.4146
63.3864
63.5415
63.3728
63.4097
63.2735
63.4174
63.6099
63.6319
63.5486
63.4835
63.4409
63.4062
63.579
63.4433
63.3855
63.3919
63.4327
63.478
63.3896
63.3981
63.489
63.5301
63.4856
63.4686
63.4998
63.5457
63.4045
63.4015
63.3541
63.4672
63.5791
63.6172
63.4973
63.4383
63.4661
63.442
63.5669
63.4376
63.3643
63.4422
63.4754
63.4492
63.385
63.4287
63.5616
63.531
63.5055
63.5445
63.6318
63.5239
63.426
63.3902
63.4413
63.5392
63.535
63.5381
63.4617
63.4128
63.5055
63.4836
63.5207
63.4214
63.3742
63.5004
63.5266
63.4274
63.4243
63.5214
63.6626
63.5185
63.5403
63.6379
63.8145
63.4736
63.4037
63.3397
63.5481
63.6189
63.508
63.4808
63.4579
63.3668
63.533
63.532
63.477
63.429
63.4168
63.5308
63.5708
63.4223
63.4958
63.5618
63.7589
63.511
63.5679
63.7098
63.8397
63.4312
63.3878
63.334
63.6328
63.6693
63.5
63.4585
63.4585
63.3063
63.5286
63.5776
63.465
63.458
63.4315
63.5256
63.6006
63.4346
63.506
63.5341
63.8815
63.53
63.6236
63.8373
63.8736
63.4201
63.4161
63.4335
63.6669
63.7023
63.5158
63.4543
63.4717
63.3167
63.503
63.6149
63.527
63.512
63.4766
63.5117
63.6254
63.4983
63.5326
63.5665
63.9625
63.581
63.7053
63.8736
63.9114
63.4528
63.4826
63.6105
63.6708
63.7247
63.5747
63.4748
63.5134
63.4244
63.4739
63.6503
63.5881
63.5757
63.591
63.5131
63.6567
63.5974
63.6397
63.6399
64.0415
63.6557
63.7791
63.9548
63.9046
63.518
63.5596
63.6347
63.6724
63.7326
63.6413
63.531
63.6002
63.571
63.4504
63.6822
63.6089
63.6846
63.7368
63.5617
63.6984
63.7522
63.7269
63.7491
64.2297
63.7365
63.8821
64.1816
63.9219
63.6075
63.6589
63.6213
63.6536
63.7306
63.6796
63.6107
63.6992
63.713
63.4704
63.7055
63.6075
63.7517
63.8625
63.6328
63.741
63.8526
63.8133
63.8493
64.1098
63.7742
63.9188
64.035
63.8211
63.6643
63.757
63.6221
63.6417
63.7237
63.6858
63.6709
63.767
63.8031
63.5254
63.7142
63.7144
63.793
63.9095
63.6992
63.7685
63.8543
63.8443
63.8831
63.9591
63.7707
63.8706
63.8313
63.7322
63.6944
63.8041
63.5983
63.6416
63.7134
63.6787
63.7014
63.7823
63.8285
63.5985
63.7152
63.7734
63.8107
63.8931
63.7379
63.7764
63.8282
63.8538
63.8656
63.8898
63.7373
63.7092
63.6908
63.6651
63.688
63.7615
63.5747
63.6331
63.7027
63.6947
63.6632
63.7206
63.7837
63.6481
63.7126
63.8808
63.7721
63.8634
63.7524
63.7711
63.7867
63.8265
63.8236
63.666
63.6834
63.6155
63.5806
63.613
63.6538
63.6947
63.5581
63.6138
63.69
63.6336
63.5784
63.6406
63.741
63.6798
63.713
63.7655
63.7482
63.8228
63.7466
63.7618
63.7657
63.8028
63.794
63.5408
63.6601
63.5424
63.5039
63.5752
63.655
63.6472
63.5478
63.5961
63.678
63.5653
63.6352
63.6096
63.7404
63.716
63.7203
63.7125
63.7504
63.7861
63.7447
63.7616
63.7665
63.7911
63.7781
63.5316
63.6784
63.5806
63.4837
63.5536
63.7066
63.6636
63.5336
63.5867
63.6726
63.7363
63.7251
63.6859
63.7922
63.7591
63.7377
63.7466
63.7678
63.7775
63.7571
63.7673
63.79
63.7933
63.7854
63.5818
63.7231
63.7174
63.4767
63.5491
63.7414
63.6961
63.5512
63.5852
63.6819
63.912
63.7763
63.7875
63.8681
63.7905
63.7558
63.7977
63.7978
63.8039
63.7746
63.7756
63.8253
63.8133
63.809
63.6067
63.7975
63.8548
63.4329
63.5818
63.7877
63.7126
63.6076
63.6167
63.7087
63.8838
63.753
63.9212
63.9214
63.8021
63.7684
63.8423
63.8435
63.8321
63.794
63.7822
63.8683
63.8524
63.833
63.628
63.8074
63.7437
63.395
63.6604
63.8433
63.7466
63.6438
63.6622
63.75
63.9992
63.8916
64.0328
63.9381
63.7856
63.7623
63.8986
63.8984
63.863
63.8092
63.7776
63.9178
63.8753
63.857
63.6735
63.7734
63.6206
63.4993
63.7649
63.8661
63.7551
63.6735
63.6947
63.7879
64.0212
63.9653
64.1011
63.9121
63.7556
63.7408
63.937
63.9532
63.89
63.8102
63.7706
63.9718
63.9298
63.8745
63.7674
63.7651
63.5364
63.6276
63.8468
63.912
63.9173
63.7445
63.7221
63.8145
63.8893
63.9231
64.1488
63.8848
63.7276
63.7083
63.9714
64.0112
63.9146
63.8118
63.7572
64.015
63.9626
63.8851
63.8739
63.7869
63.4483
63.752
63.9205
64.0181
64.1643
63.8542
63.7188
63.7871
63.8657
63.8972
64.1185
63.8827
63.6779
63.6303
64.032
64.1076
63.9505
63.8104
63.7196
64.1114
64.0097
63.902
64.037
63.9828
63.7641
63.9226
63.9803
64.2106
64.3746
63.8611
63.5833
63.5932
64.0429
64.0413
64.1418
63.8928
63.5633
63.4264
64.1362
64.208
64.0094
63.7954
63.6271
64.2072
64.0788
63.9333
64.2871
64.3042
64.1855
64.1449
64.0338
64.416
64.3517
63.7568
63.2779
63.1179
64.3846
64.2479
64.2048
63.8907
63.3153
62.8948
64.291
64.3181
64.0838
63.7564
63.4297
64.3582
64.2053
64.0067
64.6254
64.7609
64.5872
64.3992
64.1272
64.7133
64.3254
63.6369
62.752
62.0357
64.8425
64.5682
64.3166
63.8352
62.8603
61.4577
64.5786
64.4898
64.1566
63.7015
62.9946
64.5571
64.4037
64.161
65.0234
65.5255
65.197
64.761
64.3728
65.4139
64.517
63.496
61.9358
59.1245
65.3937
65.0073
64.5103
63.6855
62.1346
57.4538
65.0031
64.6825
64.2195
63.5675
62.0205
64.7913
64.6865
64.4781
65.5388
66.5715
66.0767
65.2058
64.8526
66.0877
64.9685
63.4511
60.9623
50.392
66.002
65.5799
64.7659
63.5623
61.2658
51.4633
-26.9752
65.5193
64.866
64.1536
63.2927
59.1673
64.9458
64.874
64.9093
65.5544
67.6051
66.9658
64.9905
63.727
66.9048
65.8075
63.8458
60.247
43.1943
0.865395
66.6849
66.2417
65.1732
63.7388
60.3398
49.8394
8.76098
66.1315
65.1246
63.9316
62.3822
53.4675
65.2291
64.7806
65.0429
66.4008
68.9904
67.6286
65.2575
64.0761
67.9279
66.4971
64.4351
60.8893
46.5552
14.3349
67.5149
67.0513
65.6765
64.1494
60.8318
49.0656
16.7414
66.9409
65.8334
64.678
62.9733
52.8439
16.424
66.1687
65.2268
65.7756
67.3273
69.4995
68.1444
66.3487
65.6592
68.342
66.5704
65.0764
63.1825
51.2257
14.802
68.3938
67.801
66.134
64.8229
63.2521
52.1193
17.7182
67.7873
66.6197
65.8946
64.211
57.8239
67.2532
66.3307
67.0939
66.3036
68.6881
67.136
65.8168
66.2354
68.5277
66.0262
65.3737
65.062
61.1332
69.1133
68.4012
66.242
65.4068
65.008
58.0305
-10.8627
68.3881
66.9028
66.3809
65.8219
65.4724
67.6535
66.8977
67.7202
65.022
67.3847
65.6297
64.9858
65.8597
67.7167
65.0812
65.2724
65.7146
66.6273
68.7349
67.9228
65.7537
65.5162
65.8588
65.884
68.1256
66.557
66.2041
66.2466
67.4755
67.462
66.8202
67.5015
65.0552
66.0273
64.409
64.661
65.1439
66.3331
64.2512
64.9316
65.3989
66.9533
67.6133
66.7786
65.1864
65.1593
65.5685
66.6639
67.2723
65.9517
65.777
66.0089
67.2574
66.9716
66.5172
66.9124
65.2154
65.4006
64.2154
64.6419
64.5489
65.4829
64.2357
64.662
65.3474
66.94
66.6229
65.895
64.705
64.6707
65.1898
66.2492
66.4444
65.3823
65.2807
65.5772
66.5215
66.402
66.0312
66.4044
65.1726
65.6484
64.7658
64.7537
65.2377
65.6214
64.6586
64.7829
65.5503
66.739
66.4028
65.7965
64.811
64.5481
64.899
66.1167
66.0731
65.1917
64.8935
65.0599
66.0266
65.9236
65.5818
65.8887
65.5469
66.3652
65.5183
65.2588
66.3722
66.2727
65.4148
65.2233
65.9083
66.9074
66.7518
66.1968
65.2111
64.8674
65.0044
66.1762
66.1696
65.2878
64.882
64.8333
65.7958
65.7181
65.3178
65.5671
66.4982
67.1663
66.2253
66.1423
67.172
66.9906
66.0407
65.9317
66.2799
67.2226
67.2792
66.7308
65.5774
65.3358
65.2409
66.3651
66.4486
65.3328
64.9447
64.9156
65.7769
65.5899
65.1944
65.4396
67.1429
67.9266
66.8671
66.7127
67.6735
67.5189
66.6013
66.3887
66.7576
67.7246
67.8852
67.1695
66.1645
65.7019
65.6884
66.8491
66.6617
65.7612
65.245
65.1875
66.0569
65.4205
65.1217
65.4395
67.8179
68.1731
67.2448
67.0781
67.9956
67.7507
66.7642
66.5838
66.9647
68.2986
68.2126
67.323
66.3586
65.966
66.0487
67.641
66.6712
65.9021
65.4564
65.4358
66.5892
65.3534
65.3373
65.6523
209.883
193.795
214.92
195.351
162.161
162.682
154.409
185.138
202.872
209.165
205.316
202.954
180.634
186.704
166.648
181.545
172.136
164.882
175.241
172.926
181.771
206.652
217.201
200.894
228.391
236.469
181.027
174.997
175.151
170.925
163.904
164.25
166.78
173.064
185.672
181.257
201.569
185.63
194.52
203.642
209.137
210.026
222.292
227.534
229.708
250.232
246.262
232.152
188.015
184.725
201.041
171.394
185.376
202.018
202.097
200.951
191.096
201.209
197.425
196.773
205.136
199.576
209.318
212.194
232.507
221.282
242.823
258.068
232.77
271.441
199.511
202.914
186.768
197.2
199.756
196.231
202.078
218.64
235.06
211.254
223.194
255.713
283.612
255.618
315.43
356.997
356.985
304.803
238.286
310.162
340.775
352.986
350.482
362.038
347.688
378.056
185.86
116.964
127.195
165.396
136.535
109.464
113.579
110.28
137.135
137.798
110.711
113.479
112.657
147.315
103.206
138.912
115.137
179.401
134.967
157.617
102.891
105.659
107.616
106.912
163.532
181.557
149.456
108.888
88.9729
123.6
94.9383
148.086
99.3654
135.961
148.313
144.787
121.78
130.655
128.402
150.42
168.963
94.5849
99.6756
102.559
160.732
172.09
145.831
149.739
160.31
197.675
215.168
136.742
142.225
156.364
173.982
164.407
162.82
168.864
157.536
137.076
116.512
112.068
105.442
246.253
276.388
279.253
142.391
159.661
172.599
183.271
157.865
170.477
110.458
212.925
233.574
106.574
111.269
127.551
285.95
259.14
135.942
171.392
145.358
188.31
95.1786
90.0127
102.418
97.445
102.257
95.6764
89.2639
95.6557
96.9006
90.7434
90.567
87.9638
81.4352
82.0823
79.2514
106.173
93.5037
92.3104
100.46
93.1181
92.3629
90.4499
93.5852
89.8571
80.6478
90.3419
83.162
77.951
80.2753
81.0498
80.8872
87.8801
83.582
115.97
122.909
123.526
101.148
99.86
106.424
89.9856
88.5709
88.0382
86.343
86.0508
133.585
128.369
95.9609
92.4434
87.9875
90.6576
117.407
83.8025
84.6592
90.9374
114.453
85.2588
97.4944
84.6881
87.6602
80.5264
87.1838
82.0517
83.8628
120.108
118.194
129.146
111.874
102.542
99.0419
105.027
97.5701
92.0592
87.0504
96.2812
99.1209
89.0978
89.1587
90.0844
123.035
112.132
105.224
105.718
103.306
107.185
85.4239
80.3183
88.069
82.6847
88.0405
80.4427
77.7995
80.2665
82.8958
78.3689
78.7194
78.7729
76.6172
78.0676
76.2281
83.568
77.4578
86.7942
85.8317
85.7213
81.6993
81.4001
78.9183
79.1461
78.0182
77.3422
77.9297
75.2743
75.5956
73.4631
74.9316
79.5087
75.9036
83.119
78.638
78.8074
74.8816
72.387
71.4936
82.915
82.4229
78.7319
79.3224
79.0455
73.6835
75.8538
72.3343
72.4047
73.5233
80.8714
80.1081
77.4501
77.4685
75.4301
78.5159
75.3349
80.636
81.3934
82.0099
76.5617
76.952
80.0934
80.4555
86.9523
90.3997
90.1377
72.9767
74.9216
79.0869
78.7003
76.365
82.7365
79.3752
83.8055
83.3174
80.0074
79.5212
79.2808
93.9914
92.5324
80.4724
82.3636
81.5354
81.3346
75.59
72.8048
73.9092
73.9857
73.9445
70.48
71.5257
70.5058
74.8874
74.7658
72.3316
71.7825
72.4467
74.5456
72.8933
74.1192
72.0378
76.2208
74.3284
73.3006
73.1066
72.6738
71.6514
69.8605
73.5752
71.319
72.6656
71.9167
71.7938
70.4941
71.1104
73.2582
71.5182
73.1026
71.71
71.3919
71.5017
70.5041
70.634
76.5929
76.2814
72.13
74.789
74.5584
71.8129
72.1465
70.6213
70.788
70.7295
74.9204
72.8984
73.5432
73.9218
71.3206
72.9583
71.0327
74.2853
77.4316
78.1548
71.1305
71.6781
73.2096
75.0389
69.3281
69.9351
71.059
68.0658
68.5598
67.6115
68.4638
69.7756
76.275
73.6545
75.9198
75.5227
73.4775
73.014
72.7401
72.0884
73.0767
68.9818
68.278
69.5754
67.7727
71.3017
69.7796
69.5591
70.1458
69.6508
68.831
68.9883
68.9347
69.827
70.5664
68.8679
68.7288
69.5852
70.8732
69.7341
70.315
69.0402
70.8664
69.9851
68.6042
69.3613
69.6515
69.0498
68.1685
70.321
69.7497
69.8807
69.4094
69.1696
68.9311
68.8712
69.9541
68.4947
69.9914
69.5082
69.6694
68.7951
68.724
68.753
71.8905
73.2036
68.4873
68.3329
70.5138
69.7093
69.4257
68.7887
68.8115
68.4101
73.3411
70.1418
70.0499
71.9174
69.0392
69.5762
68.454
69.7758
70.0322
71.8944
68.0669
68.3841
68.3889
69.3345
67.7841
67.0084
67.1866
66.7482
66.9187
66.4856
66.2709
67.8379
71.292
69.3303
70.6683
70.6202
69.4345
69.0185
69.1863
67.2905
67.9091
66.8892
66.5779
66.9127
66.5999
68.6591
68.0423
68.0966
68.2222
68.1397
67.3765
67.656
67.4131
68.12
68.9539
67.4014
67.4915
68.0572
68.9503
68.2818
68.1818
67.6501
68.7934
68.3954
67.8644
67.9081
68.2342
67.8249
67.5766
68.2911
68.2369
67.9471
68.1888
67.8582
67.781
67.2231
66.9698
65.9355
67.976
68.0347
68.0395
67.4261
67.4044
67.4352
66.8724
64.8785
70.8962
64.8816
64.5792
64.0426
64.8887
64.9697
65.5354
65.1022
64.689
64.8252
64.6635
64.8791
68.0196
67.5704
67.35
67.412
67.0343
73.1419
67.5018
67.9537
64.7523
65.1023
65.1143
65.5962
65.2549
66.1
65.3372
64.7917
64.9363
65.2879
65.146
67.4974
66.8802
67.2556
67.0867
67.6332
66.594
66.65
66.4461
66.668
65.8475
66.1032
65.6588
65.5282
65.2073
65.8161
65.4945
65.2429
67.7896
66.7569
67.6681
67.7652
66.8516
66.6704
66.7339
66.0856
66.1726
65.7769
65.737
65.7142
65.83
67.4518
66.6983
66.8721
66.9459
66.9053
66.4312
66.2249
66.4506
66.8536
67.4516
66.2789
66.4089
67.3492
67.9229
67.8104
67.1834
66.7348
67.5895
67.3076
67.1897
66.8279
66.8201
66.8224
66.7763
67.934
67.4893
66.9268
67.6825
68.1142
67.4972
67.0838
65.3002
64.2414
65.2294
64.3611
64.5991
64.7765
64.6315
64.7544
67.0171
66.9269
66.9596
66.5987
66.5235
66.5478
64.4082
64.4758
64.8568
64.643
64.5285
64.6434
64.7678
64.8873
64.6491
64.9037
64.6957
64.8241
64.6654
64.8705
66.9028
66.6592
66.5051
66.4844
66.3475
64.6372
64.7538
64.8685
64.6803
64.8525
64.8764
64.9126
64.8506
64.8454
65.07
64.7504
64.8874
64.8297
65.0003
66.477
66.2192
66.3354
66.1496
66.1172
66.0666
66.1591
65.952
65.9535
65.0915
65.5974
65.3388
65.2171
65.212
65.4079
65.311
64.9246
65.0437
64.9622
65.1785
64.9522
65.0421
66.0653
65.7478
65.8919
65.9234
65.4988
65.3957
65.4515
65.4728
65.4
65.2364
65.2784
65.1994
65.3678
65.935
65.3383
65.9083
65.8082
65.9501
65.4042
65.4333
65.4201
65.9227
66.8273
65.3536
65.4164
65.8353
67.4459
66.2767
66.3084
65.6665
65.8901
66.2768
66.1936
65.3148
64.9803
65.6524
65.3784
67.5385
67.4006
66.1783
66.0161
65.0481
65.7157
63.7173
64.8224
64.5294
64.109
64.7736
64.6177
64.7012
64.8035
64.8846
66.1193
66.1854
66.152
65.5495
65.7847
65.7445
64.6176
64.5576
64.6952
64.0928
64.8191
64.2987
64.6954
64.7806
64.606
64.8555
64.8377
65.0271
64.6832
64.8641
66.142
66.0662
65.8245
65.7986
65.7819
64.6535
64.8611
64.7591
64.4962
64.4306
64.6838
64.6912
64.8662
64.8246
65.0326
64.6193
64.864
64.8348
65.0305
66.0114
65.7404
65.9973
65.7271
65.7955
65.6661
65.8198
65.5547
65.6355
65.2305
65.2421
65.1942
65.0031
65.1554
65.0852
65.0857
64.8572
64.5992
64.7672
65.0744
64.9285
65.0922
65.5921
65.4754
65.1648
65.1796
65.1279
65.0009
65.0148
65.1235
65.0557
64.9612
64.9922
64.9625
65.0744
64.8272
64.4305
64.9167
64.8851
64.9402
64.4865
64.432
64.5293
64.8716
64.8612
64.3072
64.3689
64.1122
64.6204
63.6597
65.1342
64.6744
64.4638
65.0781
64.7603
64.3119
64.1217
64.5472
64.3557
62.8725
63.7694
63.0316
63.4148
63.1154
63.1018
63.434
64.0133
63.9202
65.0511
65.3778
65.3745
64.6923
65.032
64.9954
65.2809
64.174
64.741
64.1004
65.4355
64.1697
64.7701
65.1058
64.8798
65.1096
65.316
65.2354
65.1836
65.2733
65.4403
65.4565
65.091
65.0998
65.163
64.3613
64.4829
64.4952
64.2636
64.4378
64.1263
64.2875
64.9767
64.828
65.0763
65.0164
65.0534
64.9749
65.1294
65.4075
65.1433
65.5604
65.3245
65.386
65.1089
65.1915
65.0491
65.0624
64.975
64.9253
64.9324
64.6931
64.8323
64.7786
64.8067
64.3848
65.2726
64.9635
64.8967
64.8992
64.9034
64.7588
64.788
64.8609
64.8512
64.7177
64.7368
64.7429
64.8102
64.1481
64.0435
64.146
64.1796
64.2126
63.9304
64.0436
64.0053
63.8841
63.5922
63.6554
63.5634
63.3298
63.2907
63.2972
64.1913
63.8843
63.9492
64.0929
64.0279
63.8539
63.8623
63.7945
63.8179
63.5874
63.4436
63.7856
63.2336
63.7866
63.7554
63.9447
63.8928
63.9545
64.3387
64.6714
64.6089
63.9718
64.2913
64.2537
64.1803
64.9802
64.0174
64.0474
63.2616
64.8102
64.9223
64.4988
64.5067
64.5877
64.8674
64.0247
64.2481
63.6037
64.14
64.885
64.599
64.7765
64.7548
64.6489
64.5312
64.3426
64.4428
64.1982
64.6765
64.6486
64.6803
64.4899
64.5411
64.5445
64.57
64.3609
64.529
64.2141
64.4442
64.5393
64.1637
64.1597
64.2835
64.5882
64.5668
64.3652
64.4588
64.4067
64.5448
63.9745
63.8865
63.8429
63.9387
63.8659
63.8568
63.8691
63.8461
63.5736
63.4036
63.6806
63.6389
63.5848
63.4066
63.5293
63.7272
63.6355
63.8393
63.6345
63.7667
63.7459
63.803
63.6231
63.7859
63.8481
63.9458
63.9834
63.5863
63.8937
64.0345
63.992
63.9959
64.0205
63.7262
63.986
63.9255
63.6618
63.757
63.7273
64.0305
63.8247
64.0759
64.1037
64.1475
64.1509
64.2077
63.8636
63.8783
63.941
64.0853
64.2227
64.271
64.2877
64.2783
64.2901
63.9673
63.9365
64.1494
64.0085
63.9732
63.7996
63.9853
63.9885
64.4114
64.4269
64.4467
64.2983
64.3018
64.321
64.342
64.3045
64.0924
64.0449
64.0469
64.0875
64.03
64.0207
64.0313
64.3545
64.267
64.1813
64.2779
64.1935
64.335
63.8626
63.8723
63.9049
63.8642
63.9
63.946
63.8828
63.9363
63.707
63.7136
63.8261
63.7933
63.7792
63.6459
63.7827
63.6325
63.6398
63.7689
63.6558
63.8105
63.7252
63.7811
63.6606
63.8366
63.939
64.0554
64.0019
63.9054
63.9843
64.0515
64.0247
64.0387
64.0531
63.6329
63.6674
63.6582
63.6153
63.6483
63.6388
64.1328
64.1827
64.1045
64.1302
64.1638
63.7363
63.7912
63.6983
63.6936
63.7438
64.2702
64.2888
64.2415
64.2382
64.2749
63.834
63.8422
63.8569
63.9701
64.0009
63.8725
63.916
63.9657
64.0117
64.2518
64.2539
64.2771
64.2131
64.2298
64.2147
64.2348
64.258
64.0258
64.0184
64.0368
64.0416
64.0166
64.0357
64.0421
64.2258
64.1559
64.1258
64.1855
64.1294
64.2309
63.8995
63.9241
63.9732
63.9068
63.9481
63.9906
63.9312
63.9564
63.87
63.8266
63.9283
63.9116
63.8588
63.9032
63.9526
63.6785
63.7212
63.8088
63.6865
63.8372
63.7865
63.8333
63.7271
63.8287
64.0261
64.0409
64.0487
63.9818
64.034
64.0423
64.0543
64.0616
64.0575
63.6251
63.6627
63.6399
63.6649
63.6893
63.6704
64.1133
64.1383
64.0921
64.0947
64.1167
63.685
63.7409
63.731
63.7048
63.7668
64.2155
64.249
64.1883
64.1921
64.217
63.8672
63.8853
63.958
63.9596
64.0195
63.9329
63.9749
63.9702
64.0201
64.1955
64.1821
64.1932
64.1601
64.1574
64.15
64.154
64.1915
64.0125
63.9989
64.016
64.0275
63.9758
63.9853
64.0038
64.1477
64.098
64.0492
64.1115
64.0674
64.1675
63.9394
63.9454
63.9918
63.9487
63.9596
63.9826
63.9524
63.9557
63.9297
63.8829
63.9527
63.947
63.922
63.9587
63.961
63.7515
63.7854
63.8524
63.7673
63.8388
63.8541
63.8715
63.8026
63.8652
64.0116
64.0519
64.0368
63.9479
63.982
64.0477
64.01
64.0411
64.0257
63.7185
63.7283
63.7189
63.7728
63.7694
63.7642
64.0745
64.0946
64.0565
64.0533
64.0705
63.7509
63.8122
63.8032
63.7975
63.8531
64.1554
64.167
64.103
64.1155
64.1087
63.9064
63.9271
63.9705
63.9936
64.0073
63.9446
63.9673
64.0072
63.9851
64.1243
64.124
64.1307
64.0915
64.1034
64.1066
64.1157
64.1095
63.9722
63.9595
63.9472
63.9725
63.9107
63.916
63.9434
64.0808
64.0408
63.997
64.0573
64.0231
64.1178
63.9421
63.9354
63.9777
63.9463
63.9542
63.9806
63.9417
63.9587
63.9678
63.9647
63.9796
63.9808
63.9868
63.9768
63.9922
63.8203
63.85
63.8839
63.834
63.8885
63.889
63.8871
63.8578
63.8989
63.9641
64.0407
63.9975
63.9684
63.9648
64.0309
64.0001
64.018
64.0164
63.8143
63.8016
63.7961
63.8377
63.8248
63.8208
64.036
64.0516
64.0305
64.0252
64.0452
63.8273
63.8772
63.8506
63.8412
63.886
64.086
64.0544
64.0544
64.079
64.0402
63.9405
63.9409
63.9696
63.9986
63.9639
63.9211
63.9674
63.979
63.9475
64.0862
64.0896
64.0981
64.0519
64.073
64.0747
64.082
64.0652
63.9516
63.9475
63.8944
63.9231
63.9115
63.8835
63.9137
64.044
64.0115
63.9733
64.0316
64.0047
64.0882
63.9346
63.9366
63.9828
63.9411
63.9633
63.9804
63.9364
63.9637
63.9824
63.993
63.98
63.9822
63.997
63.9985
64.0062
63.8681
63.8735
63.8905
63.8735
63.9007
63.9051
63.8951
63.8801
63.8984
63.9816
64.0211
64.0062
64.0017
64.0004
64.0163
64.0075
64.0149
64.0116
63.8495
63.8411
63.8374
63.8548
63.8498
63.8437
64.0282
64.0431
64.0187
64.0368
64.0519
63.8476
63.8876
63.8714
63.8586
63.8878
64.091
64.043
64.103
64.1242
64.0714
63.9326
63.9238
63.9524
63.959
63.9329
63.9031
63.9337
63.945
63.9213
64.0595
64.0581
64.067
64.0198
64.0435
64.0433
64.0513
64.0605
63.9408
63.9333
63.8783
63.9106
63.9134
63.8765
63.9112
64.0213
64.0017
63.9629
64.0084
63.9988
64.0586
63.932
63.9277
63.9766
63.9249
63.962
63.9731
63.9186
63.9608
63.982
64.0026
63.9749
63.9785
64.0042
64.0175
64.0259
63.8752
63.8791
63.8955
63.882
63.8944
63.9089
63.8948
63.885
63.8914
64.0069
64.0096
64.0032
64.0181
64.0044
63.9972
63.9956
64.0036
63.9955
63.859
63.8545
63.8463
63.8643
63.8564
63.8468
64.0412
64.0793
63.989
64.0289
64.0765
63.8754
63.8847
63.8971
63.8896
63.8775
64.1226
64.0934
64.0203
64.075
64.0669
63.9064
63.8833
63.8995
63.9294
63.9068
63.8786
63.8591
63.9075
63.8866
64.0252
64.0283
64.0314
63.9878
64.0044
64.0186
64.0173
64.0229
63.9213
63.9056
63.8753
63.9124
63.9068
63.8765
63.9141
64.0011
63.9938
63.9532
63.9949
63.985
64.0288
63.9323
63.9385
63.9697
63.9197
63.9607
63.9649
63.922
63.9586
63.9693
63.999
63.954
63.9545
63.9859
64.0261
64.0155
63.8828
63.8835
63.8988
63.8881
63.8919
63.9091
63.9025
63.8877
63.8939
63.9975
63.9864
63.9867
64.0086
63.9872
63.9728
63.9763
63.9838
63.9694
63.8697
63.8542
63.8426
63.8749
63.8487
63.8347
63.9918
64.0359
63.9662
63.944
63.957
63.8952
63.8665
63.8935
63.8911
63.8518
64.0234
64.0225
64.02
64.0045
63.9959
63.8568
63.8278
63.8241
63.8748
63.8617
63.8179
63.7942
63.8338
63.8321
63.986
64.0201
64.0061
63.9579
63.9569
64.0152
63.9791
63.9821
63.8866
63.8655
63.877
63.9117
63.8915
63.8748
63.9078
63.9846
63.9711
63.9311
63.9686
63.9593
63.9949
63.9341
63.9202
63.9566
63.9167
63.9511
63.9444
63.9045
63.9389
63.9372
63.9671
63.925
63.9207
63.9467
63.9947
63.9706
63.8839
63.8838
63.8982
63.8844
63.8918
63.9012
63.8875
63.8806
63.885
63.9717
63.9551
63.9621
63.9683
63.9538
63.9377
63.9442
63.9566
63.9466
63.8762
63.8421
63.8287
63.8747
63.8338
63.8228
63.9387
63.9352
63.9609
63.9862
63.9751
63.8787
63.8313
63.8614
63.8612
63.8083
63.9982
63.9861
64.0094
63.9818
63.977
63.7945
63.7605
63.7662
63.785
63.8023
63.7275
63.7345
63.7319
63.7695
63.9334
63.9788
63.9441
63.9037
63.9214
63.9371
63.9153
63.9496
63.8444
63.8226
63.8762
63.9058
63.865
63.8745
63.8931
63.9371
63.9425
63.9058
63.9076
63.9204
63.9184
63.9057
63.895
63.9301
63.8923
63.925
63.9158
63.8829
63.9115
63.9055
63.9275
63.8971
63.8907
63.908
63.9477
63.925
63.8812
63.8762
63.8766
63.878
63.8759
63.8976
63.8685
63.8747
63.864
63.9336
63.9203
63.9221
63.9134
63.911
63.8994
63.8918
63.9351
63.9277
63.8694
63.8267
63.8172
63.8614
63.821
63.814
64.0857
64.0288
63.9448
64.0863
64.0369
63.8433
63.7902
63.8293
63.8309
63.7843
63.966
63.9466
63.927
63.9457
63.9088
63.7366
63.735
63.7208
63.689
63.7428
63.6746
63.7238
63.6732
63.7211
63.9011
63.8987
63.8924
63.8552
63.8742
63.8669
63.8713
63.8912
63.7991
63.7781
63.8643
63.8773
63.841
63.8532
63.8651
63.8888
63.8997
63.8644
63.875
63.8903
63.8636
63.8846
63.8714
63.9011
63.8745
63.8979
63.8856
63.8646
63.8838
63.8744
63.8851
63.8647
63.8564
63.8627
63.9
63.8752
63.8685
63.8584
63.8598
63.8686
63.8492
63.8775
63.8489
63.8585
63.8331
63.8864
63.8748
63.8692
63.8578
63.8605
63.8496
63.8481
63.8813
63.8264
63.8525
63.8186
63.8138
63.8421
63.8169
63.8139
63.9432
63.9335
63.7709
63.7795
63.7867
63.8246
63.7864
63.8175
63.8201
63.7927
63.8906
63.8583
63.7899
63.807
63.8043
63.7406
63.7613
63.7366
63.6823
63.7082
63.7251
63.7522
63.712
63.7066
63.8452
63.8357
63.8487
63.8469
63.8229
63.8134
63.824
63.8265
63.7644
63.7592
63.8385
63.8479
63.8166
63.8232
63.8301
63.8591
63.8774
63.8473
63.8413
63.8583
63.834
63.8565
63.8411
63.8698
63.853
63.8695
63.8552
63.84
63.8554
63.8383
63.8443
63.831
63.8239
63.8296
63.8529
63.833
63.8478
63.8373
63.8367
63.8465
63.8167
63.8466
63.8235
63.8346
63.8016
63.8373
63.8237
63.8227
63.8155
63.8173
63.7891
63.7952
63.7775
63.754
63.8321
63.8134
63.8118
63.8214
63.8067
63.806
63.6255
63.6592
63.6555
63.5413
63.5957
63.8155
63.7986
63.8046
63.8074
63.8031
63.7324
63.7591
63.6729
63.6851
63.7186
63.7797
63.792
63.7591
63.7439
63.7279
63.7756
63.763
63.7809
63.7642
63.8092
63.8045
63.8027
63.8335
63.7951
63.7928
63.7882
63.7794
63.7632
63.7776
63.809
63.8127
63.8006
63.7997
63.8007
63.8206
63.8381
63.8169
63.8004
63.8188
63.806
63.8274
63.8172
63.8435
63.8276
63.8433
63.8341
63.8168
63.8333
63.814
63.8199
63.8128
63.8078
63.8133
63.8167
63.8052
63.8271
63.8181
63.8122
63.8243
63.7887
63.829
63.8043
63.8168
63.7796
63.8015
63.755
63.7797
63.7981
63.794
63.7413
63.766
63.7395
63.7373
63.8092
63.7981
63.7969
63.7976
63.7899
63.7872
63.5539
63.5994
63.7059
63.6021
63.6392
63.7968
63.7968
63.7893
63.7896
63.7869
63.6481
63.7103
63.6488
63.6484
63.7139
63.7997
63.799
63.7665
63.8068
63.7927
63.8081
63.7668
63.8123
63.806
63.7794
63.7733
63.7699
63.7722
63.7636
63.752
63.7555
63.7495
63.7881
63.7926
63.791
63.7911
63.7872
63.7819
63.784
63.7782
63.8016
63.784
63.7628
63.7858
63.7644
63.8106
63.8062
63.826
63.8064
63.8249
63.8192
63.7976
63.8182
63.8042
63.8096
63.8034
63.8019
63.8086
63.8
63.8007
63.8108
63.8039
63.799
63.8116
63.7735
63.8206
63.7956
63.8067
63.7689
63.7885
63.743
63.761
63.7952
63.7883
63.762
63.7699
63.7451
63.7631
63.7884
63.7836
63.7794
63.781
63.7787
63.7736
63.6544
63.6946
63.7307
63.6937
63.7422
63.7838
63.7793
63.7799
63.7786
63.7727
63.6707
63.7259
63.702
63.7012
63.7432
63.794
63.7886
63.7626
63.8067
63.8073
63.7958
63.7616
63.8014
63.8037
63.7505
63.7311
63.7419
63.7278
63.7385
63.7101
63.729
63.7383
63.7921
63.7907
63.7745
63.777
63.7767
63.7692
63.7737
63.7497
63.772
63.7591
63.7352
63.7627
63.7253
63.8026
63.7945
63.8125
63.7896
63.8115
63.8057
63.7802
63.8037
63.8005
63.8097
63.7985
63.7998
63.8108
63.8028
63.8054
63.7973
63.7908
63.7919
63.8016
63.7646
63.8044
63.7866
63.796
63.7597
63.7916
63.7764
63.778
63.7996
63.7964
63.7906
63.7859
63.7803
63.7937
63.7747
63.7742
63.7686
63.7691
63.7684
63.7628
63.7422
63.7859
63.7361
63.8188
63.8424
63.7728
63.7659
63.7688
63.7662
63.7584
63.7252
63.7585
63.7427
63.7511
63.7691
63.7828
63.7754
63.7583
63.7943
63.7967
63.7821
63.7554
63.7893
63.789
63.7246
63.6872
63.7145
63.6854
63.7094
63.6678
63.7
63.727
63.7877
63.7836
63.766
63.7699
63.7691
63.7622
63.7673
63.7259
63.7567
63.7482
63.7192
63.7522
63.6959
63.7845
63.7746
63.799
63.7692
63.7955
63.7898
63.7575
63.786
63.7971
63.8118
63.7902
63.7912
63.8102
63.8063
63.8019
63.784
63.7749
63.7796
63.7898
63.7555
63.7853
63.7704
63.7815
63.7503
63.7977
63.8011
63.7943
63.7909
63.8005
63.7896
63.8026
63.8144
63.8363
63.7633
63.7604
63.7544
63.7557
63.7503
63.7439
63.8826
63.8872
63.7975
63.9292
63.9078
63.7584
63.7503
63.7501
63.7493
63.7418
63.7774
63.7671
63.7653
63.7925
63.7565
63.7659
63.7552
63.7507
63.7797
63.7802
63.7554
63.7426
63.7693
63.7702
63.6917
63.6494
63.6828
63.6395
63.6719
63.6316
63.6656
63.7006
63.777
63.7683
63.7575
63.762
63.7579
63.7505
63.756
63.7149
63.7477
63.738
63.708
63.7423
63.6722
63.7634
63.7514
63.7789
63.7463
63.7761
63.7684
63.7354
63.7669
63.7843
63.8064
63.7755
63.7762
63.8058
63.7965
63.7969
63.7616
63.7454
63.7593
63.7689
63.7384
63.7585
63.7458
63.7521
63.7216
63.8047
63.7734
63.8069
63.7893
63.8135
63.7646
63.8246
63.8436
63.8888
63.7453
63.7387
63.7317
63.7325
63.7258
63.7182
63.926
63.8968
63.9321
63.8764
63.8625
63.7386
63.732
63.7249
63.7256
63.7207
63.7847
63.7355
63.7579
63.7649
63.7125
63.7444
63.7307
63.7304
63.7562
63.7575
63.7292
63.7133
63.7422
63.7421
63.6522
63.6139
63.6463
63.6031
63.63
63.596
63.6281
63.6505
63.7567
63.7429
63.7414
63.7464
63.7395
63.7303
63.7361
63.7008
63.7341
63.7211
63.691
63.724
63.6488
63.738
63.7222
63.7579
63.7237
63.7574
63.7483
63.7103
63.7478
63.7686
63.8071
63.7618
63.7639
63.8095
63.8002
63.8099
63.7278
63.7092
63.7307
63.7327
63.702
63.7246
63.7137
63.712
63.6798
63.8362
63.7733
63.8686
63.8125
63.86
63.8026
63.9164
63.9044
63.9745
63.7182
63.7111
63.7032
63.702
63.6948
63.6871
63.829
63.8245
63.951
63.8154
63.8067
63.7096
63.7071
63.6914
63.6915
63.6916
63.737
63.6836
63.7071
63.7118
63.6585
63.7146
63.697
63.6943
63.7246
63.7247
63.6927
63.6752
63.7065
63.7056
63.6105
63.5775
63.6091
63.5667
63.591
63.5601
63.5921
63.6077
63.7267
63.7092
63.7162
63.7217
63.7115
63.6992
63.706
63.6801
63.7102
63.692
63.6669
63.6951
63.6235
63.7046
63.6868
63.7387
63.6963
63.738
63.7266
63.6833
63.7268
63.7596
63.8126
63.7492
63.754
63.8142
63.8227
63.8317
63.6902
63.6708
63.6966
63.6906
63.6571
63.6853
63.6792
63.6693
63.6375
63.8737
63.8516
63.9658
63.8324
63.8921
63.9008
64.0205
64.0527
64.0269
63.6828
63.6772
63.6696
63.6606
63.6588
63.6511
63.7896
63.7783
63.8563
63.7458
63.7403
63.6726
63.6744
63.6546
63.6538
63.6561
63.679
63.6301
63.6446
63.6441
63.6027
63.6778
63.6581
63.6553
63.6855
63.6859
63.6535
63.6367
63.664
63.6663
63.5712
63.5436
63.5751
63.5387
63.5534
63.5275
63.5603
63.5672
63.6919
63.6731
63.6785
63.6859
63.6766
63.6569
63.6655
63.6542
63.6763
63.6524
63.639
63.6547
63.596
63.6673
63.6445
63.7112
63.6681
63.7129
63.6905
63.6489
63.6943
63.7472
63.8095
63.7232
63.734
63.7965
63.8439
63.8502
63.6501
63.6286
63.6601
63.6475
63.6188
63.6395
63.6388
63.6261
63.6005
63.9452
63.9124
64.0555
63.8734
63.9898
63.8917
64.0131
63.9382
63.8933
63.6362
63.64
63.6324
63.6118
63.6208
63.6139
63.6922
63.6932
63.7275
63.6416
63.6494
63.6351
63.6369
63.6177
63.6162
63.6167
63.6098
63.5749
63.5779
63.5822
63.5472
63.6376
63.6167
63.6169
63.6409
63.6444
63.6104
63.5972
63.6178
63.622
63.5359
63.5121
63.5449
63.5174
63.5201
63.4973
63.5315
63.5313
63.651
63.6284
63.6349
63.6428
63.6328
63.613
63.6209
63.6214
63.6305
63.6047
63.6059
63.6082
63.5642
63.6196
63.5927
63.6617
63.6253
63.6679
63.6219
63.5957
63.6298
63.7065
63.765
63.6488
63.6598
63.7077
63.8293
63.7673
63.6078
63.5882
63.6151
63.6062
63.5842
63.5918
63.5886
63.5874
63.5664
63.9715
63.8383
63.9183
63.8429
63.8945
63.7293
63.8001
63.835
63.753
63.589
63.6019
63.5956
63.568
63.5835
63.5778
63.5957
63.6049
63.6269
63.5459
63.5624
63.5968
63.5955
63.5806
63.578
63.5735
63.5525
63.5205
63.5089
63.5241
63.493
63.5947
63.5728
63.577
63.5946
63.5987
63.5656
63.557
63.5717
63.5753
63.5025
63.4816
63.5175
63.4971
63.4839
63.4656
63.5017
63.4926
63.6044
63.5813
63.5916
63.5979
63.5871
63.5707
63.577
63.5883
63.5873
63.5635
63.5726
63.5683
63.5331
63.5626
63.5312
63.5724
63.5594
63.5818
63.5176
63.5193
63.5276
63.5972
63.6188
63.5187
63.5233
63.5079
63.6669
63.5323
63.5683
63.5484
63.5596
63.5684
63.5446
63.5446
63.5315
63.5487
63.5217
63.7571
63.5897
63.6712
63.5703
63.568
63.4114
63.5091
63.6514
63.5355
63.5484
63.5661
63.5605
63.5307
63.5509
63.5454
63.4921
63.5125
63.491
63.4339
63.462
63.5601
63.5522
63.5486
63.5447
63.5327
63.493
63.4648
63.4354
63.4641
63.4372
63.5495
63.5279
63.5375
63.5487
63.5527
63.5192
63.5172
63.5278
63.5311
63.4637
63.4565
63.4851
63.4716
63.4447
63.4485
63.4694
63.4498
63.5589
63.5384
63.5512
63.5561
63.5458
63.5342
63.5385
63.5558
63.5502
63.5313
63.5421
63.5353
63.5073
63.5019
63.4764
63.4608
63.4792
63.4709
63.407
63.4418
63.4142
63.4412
63.3862
63.3627
63.36
63.2708
63.3748
63.2095
63.5309
63.5181
63.5064
63.5311
63.5003
63.5071
63.4851
63.5174
63.4833
63.3353
63.227
63.3152
63.1559
63.0874
63.037
63.0815
63.393
63.2251
63.5163
63.5387
63.5338
63.5059
63.53
63.5259
63.3682
63.4035
63.3386
63.3114
63.353
63.533
63.5174
63.5296
63.5255
63.5086
63.4378
63.4119
63.3677
63.4154
63.3912
63.5105
63.498
63.4991
63.5095
63.5131
63.485
63.4829
63.4959
63.4997
63.4293
63.4399
63.4525
63.4287
63.4199
63.43
63.4389
63.4155
63.5213
63.5085
63.5187
63.523
63.5163
63.5087
63.5112
63.5272
63.5212
63.5068
63.5169
63.5092
63.4883
63.4552
63.4398
63.3614
63.4107
63.3654
63.332
63.3902
63.333
63.2925
63.1844
63.2628
63.2515
63.1374
63.0729
63.0006
63.5098
63.5059
63.468
63.5085
63.4721
63.4852
63.4552
63.5037
63.467
62.8733
62.8902
62.8527
62.8961
62.766
62.8155
62.6987
63.0477
62.9296
63.5
63.5258
63.5227
63.5001
63.5275
63.5263
63.2641
63.3122
63.2303
63.2399
63.2893
63.5248
63.5065
63.5352
63.5319
63.5119
63.4007
63.3777
63.336
63.3923
63.3708
63.4909
63.4907
63.4703
63.4871
63.4925
63.4719
63.461
63.485
63.4918
63.4137
63.4208
63.4299
63.3939
63.4094
63.4092
63.4211
63.3961
63.5001
63.497
63.5008
63.5022
63.5049
63.4969
63.4977
63.5092
63.4999
63.4893
63.4984
63.4922
63.467
63.4352
63.443
63.3231
63.3843
63.3224
63.3307
63.3926
63.3289
63.2393
63.1367
63.2606
63.25
63.1672
62.9934
63.0417
63.5077
63.5148
63.4518
63.5049
63.4689
63.4903
63.4611
63.5113
63.4779
62.7842
62.8187
62.7093
62.961
62.8864
62.8976
62.8338
62.9313
63.0063
63.507
63.5348
63.5352
63.5205
63.547
63.549
63.2357
63.2825
63.2326
63.2527
63.2926
63.5434
63.5271
63.5615
63.5599
63.5497
63.3947
63.3729
63.3421
63.4017
63.3767
63.4994
63.5167
63.4581
63.4897
63.4967
63.4888
63.4706
63.499
63.5049
63.4051
63.3991
63.412
63.3757
63.4005
63.3846
63.4035
63.388
63.499
63.5053
63.4952
63.4936
63.5041
63.4913
63.49
63.4895
63.4854
63.4739
63.476
63.4781
63.4436
63.4568
63.4703
63.3485
63.4076
63.3459
63.3722
63.4237
63.3693
63.2762
63.2159
63.3179
63.3114
63.2711
63.1154
63.1964
63.5242
63.5327
63.4756
63.5203
63.4905
63.5106
63.4874
63.5286
63.5012
63.0234
62.995
63.0003
63.1523
63.1629
63.0946
63.1652
63.1369
63.2572
63.537
63.5628
63.5651
63.5502
63.5759
63.579
63.2771
63.313
63.3128
63.308
63.3376
63.581
63.5777
63.601
63.6004
63.6018
63.4146
63.3809
63.3659
63.4283
63.3858
63.54
63.5641
63.498
63.5121
63.512
63.5271
63.5216
63.5261
63.5182
63.4009
63.366
63.3935
63.3607
63.4017
63.3446
63.391
63.3933
63.5143
63.521
63.4883
63.488
63.5043
63.4802
63.4848
63.4601
63.4693
63.4446
63.4375
63.4575
63.4126
63.4829
63.4955
63.3985
63.4411
63.3951
63.425
63.4594
63.4205
63.3486
63.3244
63.3867
63.3845
63.3728
63.2751
63.3423
63.5391
63.5434
63.4972
63.5347
63.508
63.5251
63.5064
63.5398
63.5129
63.2805
63.1795
63.3025
63.3197
63.3719
63.2498
63.4115
63.3571
63.4224
63.5588
63.5836
63.5855
63.5628
63.586
63.5875
63.3377
63.3669
63.3877
63.3655
63.391
63.6105
63.6146
63.6132
63.6119
63.6144
63.4444
63.3904
63.392
63.4554
63.3982
63.5828
63.5962
63.533
63.5396
63.5193
63.5646
63.533
63.5516
63.5156
63.4099
63.3268
63.3938
63.3749
63.422
63.3199
63.3986
63.4168
63.5229
63.5193
63.4716
63.4806
63.4908
63.4596
63.474
63.422
63.4461
63.4097
63.4054
63.4317
63.3952
63.507
63.5162
63.4511
63.4776
63.4464
63.478
63.4953
63.4736
63.4188
63.4177
63.4538
63.4531
63.4585
63.3963
63.445
63.5451
63.5421
63.513
63.5435
63.5162
63.5286
63.5167
63.5426
63.5164
63.4426
63.2979
63.4883
63.441
63.4863
63.3337
63.5232
63.4548
63.4648
63.5623
63.583
63.584
63.5571
63.5724
63.5737
63.3923
63.4173
63.4409
63.4188
63.442
63.6051
63.6036
63.5978
63.5887
63.591
63.4695
63.4073
63.424
63.4811
63.4188
63.6049
63.604
63.5314
63.5564
63.5097
63.5805
63.5268
63.5545
63.5017
63.4376
63.3299
63.4104
63.4142
63.4565
63.3628
63.4298
63.4523
63.5131
63.5042
63.4479
63.4659
63.4603
63.4355
63.4585
63.3971
63.4186
63.386
63.409
63.4126
63.414
63.5239
63.5305
63.5074
63.5111
63.5019
63.5368
63.525
63.5321
63.4874
63.5026
63.5217
63.5237
63.5491
63.499
63.5531
63.5347
63.5262
63.5191
63.5358
63.5135
63.5318
63.5195
63.5281
63.5084
63.5154
63.3715
63.5388
63.5591
63.5476
63.4097
63.5529
63.4688
63.502
63.5471
63.5564
63.5584
63.5342
63.5397
63.541
63.448
63.4698
63.4987
63.4798
63.4983
63.5673
63.577
63.5572
63.5433
63.5626
63.5
63.4299
63.462
63.5166
63.4418
63.5915
63.5722
63.5095
63.5457
63.4931
63.5446
63.4861
63.5324
63.4846
63.4795
63.4034
63.4546
63.474
63.5034
63.4431
63.4767
63.5004
63.4947
63.4853
63.4265
63.4513
63.4376
63.4199
63.4516
63.4192
63.4127
63.4
63.4368
63.4211
63.4481
63.537
63.544
63.5676
63.5418
63.5661
63.6054
63.5629
63.6016
63.5653
63.5974
63.6141
63.6173
63.6514
63.6088
63.6811
63.5182
63.5088
63.5172
63.5238
63.5022
63.5258
63.5133
63.518
63.4961
63.5993
63.4781
63.5708
63.7292
63.6749
63.5919
63.6394
63.5623
63.637
63.5177
63.5219
63.5211
63.498
63.5043
63.4992
63.5152
63.5318
63.5785
63.5495
63.5622
63.5204
63.5504
63.5181
63.5061
63.5423
63.5401
63.4543
63.5078
63.5585
63.4701
63.5519
63.5347
63.4652
63.5175
63.4747
63.4973
63.4502
63.5033
63.4653
63.5264
63.4821
63.5007
63.5191
63.5477
63.5218
63.5289
63.5503
63.4778
63.4722
63.4235
63.4593
63.4238
63.4382
63.4624
63.4732
63.4387
63.4621
63.5042
63.4773
63.5686
63.5491
63.5575
63.6399
63.5857
63.6377
63.6772
63.6104
63.68
63.669
63.7112
63.7104
63.7144
63.758
63.7647
63.8101
63.4971
63.4862
63.5087
63.5084
63.4898
63.5124
63.5067
63.4975
63.4814
63.7304
63.7274
63.7294
63.8426
63.8823
63.8312
63.8117
63.714
63.773
63.4785
63.4877
63.4784
63.4646
63.4747
63.464
63.5838
63.5965
63.6457
63.6128
63.6233
63.5
63.5326
63.5016
63.4958
63.5267
63.5813
63.4869
63.5572
63.5977
63.5052
63.52
63.5102
63.44
63.4924
63.4579
63.4639
63.4344
63.4874
63.4555
63.57
63.5316
63.5516
63.5308
63.5852
63.5245
63.5655
63.5885
63.4696
63.4716
63.4566
63.4828
63.4326
63.4825
63.4928
63.5212
63.5154
63.5117
63.5312
63.523
63.5396
63.5716
63.5894
63.7199
63.6347
63.7202
63.7587
63.6655
63.759
63.7561
63.7972
63.8079
63.8155
63.8374
63.8316
63.8677
63.4804
63.4817
63.5119
63.4896
63.4726
63.5166
63.5246
63.4867
63.4712
63.9488
63.8646
63.8514
63.8276
63.9065
63.8642
63.8438
63.7957
63.8013
63.4586
63.4661
63.4557
63.4608
63.4648
63.4552
63.6357
63.6486
63.6867
63.6536
63.666
63.4942
63.5296
63.5039
63.4953
63.5389
63.616
63.5262
63.5973
63.6254
63.5463
63.5086
63.52
63.436
63.4924
63.463
63.4885
63.4462
63.506
63.4793
63.5951
63.5159
63.5777
63.5201
63.603
63.5118
63.5878
63.6139
63.4776
63.4941
63.4971
63.497
63.4637
63.5233
63.5202
63.5358
63.5283
63.5061
63.5431
63.5378
63.543
63.6155
63.6527
63.8168
63.7117
63.8161
63.8918
63.7714
63.8965
63.9064
63.8754
63.9514
63.9656
63.993
63.9665
64.0525
63.4906
63.5101
63.547
63.4905
63.4809
63.5506
63.5786
63.504
63.501
63.8866
63.8674
63.8406
63.9249
63.9001
63.8697
63.8468
63.8045
63.8084
63.4732
63.4755
63.4686
63.4956
63.4977
63.4953
63.6686
63.6824
63.7135
63.679
63.692
63.5096
63.5576
63.5411
63.5419
63.5923
63.636
63.5668
63.6329
63.6382
63.5876
63.542
63.571
63.4726
63.5252
63.5033
63.5641
63.4981
63.5458
63.5246
63.608
63.5148
63.6003
63.5077
63.6149
63.5243
63.6205
63.6399
63.5184
63.5515
63.5558
63.553
63.5496
63.5941
63.5858
63.5615
63.5523
63.5797
63.5916
63.5681
63.5964
63.6905
63.7287
63.9407
63.8242
63.953
63.988
63.8519
64.0218
63.9748
64.1108
63.9598
63.9365
64.1606
64.013
63.9449
63.5362
63.5692
63.6136
63.5284
63.5354
63.6169
63.6531
63.56
63.5763
63.9116
63.8379
63.849
63.8837
63.9003
63.8155
63.8409
63.8089
63.8032
63.5253
63.5293
63.5311
63.5576
63.5636
63.5689
63.6887
63.7015
63.7302
63.6944
63.706
63.5815
63.6383
63.608
63.6216
63.6777
63.645
63.61
63.6666
63.646
63.6308
63.602
63.627
63.5097
63.5666
63.5469
63.6008
63.5153
63.5935
63.5756
63.6205
63.5444
63.6444
63.5339
63.6331
63.5666
63.674
63.676
63.5881
63.6242
63.6236
63.6257
63.6493
63.637
63.6621
63.6483
63.609
63.6893
63.7129
63.6641
63.6842
63.7768
63.8293
64.0605
63.8925
64.1024
64.1114
63.9483
64.14
63.9839
64.1952
64.184
64.1597
64.1542
63.9582
63.996
63.6061
63.6438
63.6948
63.5963
63.6166
63.697
63.737
63.6375
63.6546
63.8956
63.83
63.8299
63.9285
63.8899
63.849
63.8131
63.7965
63.7864
63.5934
63.5969
63.6035
63.6292
63.6242
63.6311
63.6976
63.7108
63.7326
63.6989
63.7123
63.6638
63.6933
63.6655
63.6881
63.6844
63.6534
63.6529
63.6949
63.6561
63.673
63.643
63.6453
63.5208
63.6255
63.6133
63.5972
63.5161
63.6555
63.6771
63.6499
63.5989
63.7026
63.5955
63.6687
63.6305
63.7358
63.7204
63.6791
63.7671
63.7128
63.7259
63.8376
63.8131
63.8193
63.7743
63.7287
63.7699
63.8196
63.7979
63.8024
63.8597
63.8664
64.0859
63.9867
64.0939
64.0432
63.9966
64.0168
64.2998
64.0695
64.2005
64.2907
63.9839
63.9977
63.9458
63.6779
63.7052
63.7679
63.681
63.6889
63.7641
63.7832
63.7195
63.7153
63.8712
63.8399
63.7916
63.8709
63.8372
63.8143
63.7627
63.7745
63.7585
63.6574
63.6431
63.6492
63.6776
63.6576
63.6632
63.6985
63.7155
63.7267
63.6979
63.7157
63.6946
63.6716
63.6846
63.6898
63.6658
63.6662
63.6958
63.7119
63.6748
63.7163
63.6504
63.6698
63.6099
63.703
63.7568
63.6358
63.7299
63.8083
63.8472
63.6895
63.6684
63.7615
63.6682
63.7072
63.6952
63.7838
63.7567
63.7794
63.8399
63.8527
63.867
63.8322
63.8623
63.8862
63.8683
63.8493
63.832
63.8957
63.8801
63.8753
63.8601
63.846
64.0042
63.9827
63.9653
63.9932
63.9611
63.926
64.1539
63.9279
63.9903
63.9709
63.8713
63.8886
63.8354
63.7212
63.728
63.7871
63.7438
63.7341
63.7745
63.7863
63.7575
63.74
63.801
63.7673
63.7357
63.7737
63.7664
63.7168
63.7106
63.7425
63.7257
63.692
63.6722
63.6791
63.6977
63.6837
63.6889
63.6989
63.7186
63.7176
63.6977
63.7195
63.6786
63.6604
63.6822
63.669
63.6566
63.6929
63.7352
63.7145
63.7035
63.7465
63.701
63.7175
63.8132
63.862
63.9185
63.7468
63.8317
63.8986
63.962
63.7264
63.718
63.791
63.7217
63.7437
63.7284
63.792
63.7755
63.9282
63.924
63.8662
63.8925
63.8515
63.853
63.8883
63.9016
63.8937
63.8552
63.8958
63.8873
63.8798
63.8221
63.7866
63.9708
63.9297
63.9149
63.8934
63.8606
63.8982
63.8386
63.8119
63.9681
63.8065
63.7691
63.7893
63.7524
63.7264
63.7178
63.779
63.757
63.7329
63.7604
63.7585
63.7438
63.7169
63.7349
63.6777
63.6933
63.6963
63.7067
63.6425
63.6752
63.7128
63.6991
63.6939
63.6866
63.6905
63.689
63.6856
63.6894
63.7
63.7214
63.7075
63.6999
63.719
63.6674
63.6443
63.6868
63.6725
63.6534
63.7135
63.7504
63.7134
63.7198
63.7507
63.7347
63.7503
63.8028
63.9103
63.9254
63.8653
63.7708
63.8518
63.8709
63.7575
63.7296
63.7861
63.7516
63.7689
63.7307
63.7816
63.7756
63.8754
63.8345
63.8446
63.8701
63.8033
63.8212
63.838
63.8818
63.8703
63.8411
63.8643
63.8495
63.846
63.7464
63.7198
63.7779
63.7717
63.8343
63.7108
63.7268
63.7585
63.7815
63.7297
63.7413
63.7243
63.6842
63.7199
63.6887
63.7048
63.6896
63.7316
63.722
63.6968
63.7079
63.7059
63.7005
63.6787
63.6821
63.6175
63.6614
63.6372
63.6611
63.5933
63.6475
63.6875
63.677
63.6889
63.68
63.6841
63.6837
63.6592
63.6634
63.6989
63.7148
63.6977
63.6962
63.7094
63.6834
63.6697
63.6834
63.6994
63.6527
63.7262
63.7481
63.712
63.7298
63.7444
63.8298
63.8542
63.7563
63.8325
63.8191
63.8217
63.7315
63.8027
63.7769
63.7742
63.7239
63.7782
63.7536
63.777
63.726
63.7772
63.7655
63.7976
63.7705
63.8037
63.8164
63.7743
63.7905
63.8001
63.8447
63.8323
63.814
63.8287
63.818
63.807
63.6935
63.6538
63.6609
63.7083
63.6819
63.5835
63.6533
63.5938
63.6728
63.6426
63.5974
63.6239
63.6069
63.6605
63.6369
63.6764
63.6701
63.6811
63.6861
63.6665
63.6679
63.6512
63.6815
63.6556
63.6437
63.5759
63.6369
63.5922
63.6296
63.5601
63.6275
63.6685
63.6596
63.6677
63.6328
63.6363
63.6543
63.6281
63.6315
63.6915
63.7042
63.6839
63.6876
63.6999
63.646
63.6189
63.5734
63.54
63.6161
63.7329
63.7411
63.7157
63.7363
63.7405
63.7602
63.6627
63.7142
63.7697
63.751
63.7225
63.7045
63.7451
63.7366
63.7759
63.728
63.7794
63.7449
63.7777
63.7392
63.7833
63.7607
63.7546
63.7489
63.7788
63.789
63.764
63.7736
63.7837
63.8142
63.8065
63.796
63.8035
63.8004
63.7848
63.6359
63.6482
63.5174
63.5962
63.5298
63.5133
63.6072
63.5231
63.5859
63.5806
63.5273
63.5769
63.5654
63.6194
63.6071
63.6758
63.6965
63.6281
63.6871
63.653
63.6635
63.6352
63.7013
63.6704
63.6182
63.5486
63.6208
63.5624
63.6119
63.5447
63.6176
63.6535
63.6492
63.6554
63.6537
63.6611
63.6855
63.7054
63.7074
63.6831
63.696
63.6753
63.6816
63.694
63.5137
63.6343
63.5975
63.5743
63.6718
63.7401
63.7446
63.7264
63.7451
63.7519
63.6524
63.6883
63.7168
63.7388
63.7361
63.7251
63.7413
63.7437
63.7446
63.7776
63.7509
63.785
63.7502
63.7762
63.7682
63.7856
63.764
63.7521
63.7627
63.7726
63.7851
63.7751
63.7767
63.7899
63.7939
63.7963
63.7904
63.7876
63.794
63.7784
63.6593
63.6659
63.5491
63.6731
63.5424
63.591
63.7476
63.5627
63.5835
63.5602
63.5574
63.5918
63.5591
63.6038
63.6033
63.727
63.756
63.6633
63.7184
63.6967
63.6968
63.6899
63.7369
63.7159
63.609
63.5507
63.617
63.5487
63.612
63.5568
63.6197
63.6484
63.6513
63.7316
63.7605
63.7638
63.77
63.8223
63.8058
63.6796
63.6927
63.6748
63.6818
63.6947
63.702
63.7321
63.892
63.8322
63.8
63.7529
63.7618
63.7478
63.7601
63.7686
63.7376
63.786
63.7647
63.7565
63.7575
63.7729
63.7883
63.7754
63.7751
63.7763
63.7828
63.7876
63.7648
63.7789
63.7951
63.7905
63.7713
63.7767
63.7938
63.7858
63.7971
63.8056
63.7996
63.8078
63.7872
63.7965
63.8002
63.7971
63.803
63.7969
63.7068
63.7712
63.6398
63.8032
63.5975
63.6925
63.8161
63.6465
63.5997
63.5598
63.5915
63.6057
63.5647
63.6033
63.6119
63.7813
63.806
63.7173
63.7574
63.7331
63.7625
63.7489
63.78
63.7524
63.6223
63.5588
63.6288
63.5618
63.6444
63.5663
63.6455
63.6597
63.6749
63.8007
63.8373
63.8411
63.8277
63.8453
63.8682
63.683
63.696
63.6928
63.6881
63.7028
63.8851
63.8472
63.8719
63.8661
63.8688
63.7634
63.7735
63.7619
63.7663
63.7734
63.8201
63.8451
63.8104
63.7956
63.7959
63.818
63.8411
63.8173
63.8194
63.7842
63.8048
63.7967
63.784
63.7895
63.8157
63.805
63.7789
63.814
63.837
63.8197
63.8211
63.8429
63.8371
63.8381
63.8125
63.8146
63.8295
63.8254
63.8306
63.821
63.8088
63.8205
63.7189
63.792
63.6837
63.7103
63.7543
63.6867
63.6019
63.5737
63.614
63.5932
63.5922
63.6269
63.6512
63.8269
63.8363
63.7728
63.7995
63.7655
63.813
63.7837
63.8088
63.77
63.6705
63.5811
63.6746
63.6149
63.7113
63.6115
63.7118
63.6978
63.7288
63.8559
63.9473
63.8919
63.8807
63.9835
63.8907
63.6995
63.7127
63.7287
63.7132
63.7289
63.8292
63.8831
63.9307
63.87
63.9053
63.7679
63.7761
63.7677
63.7703
63.7728
63.8703
63.8993
63.8792
63.8438
63.8474
63.8706
63.9227
63.8715
63.8761
63.7941
63.8251
63.8123
63.8012
63.7949
63.8318
63.8138
63.7826
63.8634
63.8898
63.8603
63.8598
63.8927
63.8844
63.8818
63.8475
63.852
63.8665
63.8692
63.8685
63.8448
63.8055
63.7599
63.693
63.7166
63.6727
63.6794
63.688
63.6585
63.5981
63.6219
63.643
63.6147
63.6622
63.6878
63.7311
63.8324
63.8201
63.7727
63.8068
63.7725
63.7863
63.7369
63.7981
63.7727
63.7502
63.6531
63.7517
63.7135
63.791
63.6996
63.7891
63.7604
63.7977
63.8923
63.8977
63.8415
63.8844
63.8038
63.7814
63.7259
63.7436
63.7696
63.7403
63.7616
63.9161
63.9234
64.0412
63.9454
63.9288
63.7605
63.7665
63.7537
63.7539
63.7628
63.9256
63.943
63.9606
63.9001
63.9032
63.9207
63.9869
63.9264
63.9293
63.7908
63.8415
63.8208
63.8116
63.7866
63.8466
63.8227
63.7746
63.9159
63.9417
63.9095
63.9055
63.9417
63.9355
63.9317
63.8849
63.8826
63.9032
63.9023
63.9052
63.8677
63.7067
63.6748
63.6728
63.6639
63.648
63.6751
63.6451
63.6421
63.6465
63.71
63.7181
63.6893
63.7622
63.7739
63.8151
63.8082
63.808
63.7124
63.7948
63.7714
63.7723
63.7154
63.7989
63.7723
63.8226
63.7403
63.8213
63.8105
63.8497
63.7762
63.849
63.8247
63.8542
63.8604
63.7374
63.7247
63.8437
63.6712
63.6533
63.7515
63.7746
63.8045
63.7585
63.7895
63.9172
63.9166
63.9549
63.8543
63.8937
63.743
63.7578
63.7278
63.7345
63.7507
63.9488
63.9518
63.9967
63.9506
63.956
63.9528
64.0075
63.9739
63.9816
63.7814
63.8482
63.822
63.8116
63.7755
63.8477
63.82
63.765
63.9676
63.988
63.9633
63.9605
63.994
63.9868
63.986
63.9195
63.9279
63.9477
63.9318
63.9469
63.8795
63.6722
63.6977
63.6828
63.629
63.6458
63.7013
63.6092
63.6599
63.7402
63.8167
63.8158
63.7967
63.8752
63.8546
63.8981
63.8193
63.8403
63.7286
63.8111
63.7825
63.7589
63.7554
63.8514
63.8212
63.8717
63.81
63.8676
63.885
63.8909
63.8471
63.8816
63.8633
63.8714
63.8409
63.645
63.6536
63.8883
63.7065
63.726
63.7555
63.7843
63.8064
63.7377
63.7745
63.82
63.8862
63.8552
63.8126
63.9011
63.7157
63.7357
63.6802
63.692
63.7086
63.9647
63.9911
64.02
64.0025
64.0131
63.9949
64.0421
64.0364
64.0523
63.7715
63.8478
63.8175
63.8119
63.7637
63.8495
63.8143
63.7439
64.0196
64.0626
64.01
64.01
64.0626
64.0516
64.0485
63.9464
63.9674
63.9842
63.9658
63.9895
63.8912
63.7498
63.8225
63.7404
63.613
63.7005
63.8184
63.6878
63.7821
63.8621
63.9383
63.947
63.9401
64.0071
63.9423
63.9887
63.9267
64.0499
63.7914
63.9186
63.9154
63.8745
63.8473
64.0015
64.0212
63.9103
63.8744
63.8827
63.9517
63.9215
63.8856
63.8642
63.8523
63.8214
63.976
63.8401
63.8526
64.0978
63.9945
64.0165
63.6958
63.7226
63.7151
63.6074
63.6361
63.847
63.947
63.9307
63.9182
64.027
63.6374
63.6697
63.5514
63.5555
63.6036
64.0378
64.1048
64.075
64.0809
64.1012
64.078
64.1137
64.1265
64.1566
63.7497
63.8521
63.8068
63.8059
63.7289
63.8577
63.7981
63.6824
64.1118
64.1625
64.0927
64.0894
64.1572
64.1352
64.132
63.9883
64.0198
64.0395
64.0167
64.0533
63.9153
63.9031
64.0111
63.9382
63.8288
63.9045
64.0957
64.0209
64.0664
64.0263
64.0974
64.1519
64.142
64.175
64.0357
64.085
64.1683
64.3178
63.906
64.1154
64.109
64.1285
63.9863
64.2606
64.2025
63.9291
63.874
63.8202
64.0052
63.9182
63.8507
63.7558
63.7446
63.6469
64.2225
64.1665
64.193
64.3824
64.367
64.3748
63.4622
63.4751
63.3967
63.2326
63.2286
64.0222
64.1362
64.1982
64.1625
64.2642
63.4121
63.5095
63.2183
63.2031
63.3506
64.1888
64.2888
64.1532
64.1726
64.2152
64.2042
64.1969
64.2238
64.2876
63.6981
63.8642
63.7853
63.7796
63.6584
63.8737
63.7684
63.5478
64.221
64.2914
64.1849
64.1864
64.2776
64.2491
64.2464
64.0529
64.0964
64.134
64.0985
64.1528
63.9634
64.1583
64.3433
64.277
64.2256
64.2469
64.489
64.447
64.4711
64.2707
64.2715
64.4447
64.4216
64.391
64.1542
64.2464
64.4962
64.6896
64.1218
64.4193
64.2717
64.5031
64.3
64.6111
64.393
63.9019
63.8251
63.6721
64.0703
63.8817
63.781
63.5558
63.4938
63.3095
64.558
64.5625
64.5145
64.7382
64.8752
64.8047
62.8591
62.8406
62.7019
62.2476
62.2124
64.355
64.4215
64.5942
64.5785
64.6074
62.8293
63.1379
62.3339
62.2671
62.7865
64.4124
64.5636
64.252
64.3043
64.3711
64.413
64.3396
64.4238
64.4787
63.5959
63.8871
63.7496
63.7333
63.5057
63.9139
63.7298
63.2529
64.373
64.47
64.3259
64.3252
64.4487
64.4117
64.4114
64.1622
64.2254
64.295
64.2443
64.3168
64.0675
64.6083
64.9608
64.7107
64.7105
64.7176
64.938
65.0098
64.9634
64.5924
64.5319
64.8197
64.7771
64.7109
64.3626
64.5219
64.9497
65.3225
64.5388
64.8238
64.5632
65.1041
64.8859
65.1707
64.83
63.8839
63.7322
63.3814
64.2276
63.8701
63.6869
63.1763
62.9908
62.5635
65.0505
65.2413
65.2265
65.4401
65.4974
65.4689
61.2246
60.9751
60.8997
59.355
58.6422
64.796
64.8125
65.112
65.031
65.0387
61.1151
62.3077
59.8147
59.0195
61.3291
64.744
64.9564
64.4702
64.5835
64.6039
64.7755
64.6277
64.7678
64.748
63.3695
63.9615
63.7123
63.6382
63.1732
64.0188
63.6847
62.6192
64.5981
64.7266
64.5144
64.5169
64.6665
64.6294
64.6303
64.353
64.4302
64.5408
64.4932
64.5716
64.2906
65.3747
65.8151
65.1812
65.3562
65.2154
65.4377
65.7398
65.4785
64.9753
64.9018
65.3028
65.2201
65.1221
64.737
65
65.7233
66.2319
65.3441
65.5733
65.1698
66.0375
65.8883
66.0747
65.6332
63.8844
63.6295
62.8937
64.6053
63.9551
63.5685
62.524
61.8124
60.6165
65.7919
65.7118
65.6732
66.1415
65.9344
65.9008
56.658
50.9671
55.7653
53.13
36.6631
65.2946
65.2808
65.6835
65.5806
65.5489
52.1444
59.8173
54.225
38.4305
56.6743
65.1889
65.4559
64.8041
64.957
64.8956
65.2511
65.0049
65.1637
65.0376
62.8948
64.1145
63.626
63.4745
62.5008
64.2964
63.5785
60.9917
64.8687
64.9882
64.7324
64.753
64.8953
64.8436
64.8578
64.6601
64.7361
64.8512
64.8532
64.9259
64.7249
66.2583
66.8324
65.6683
66.1163
65.7171
65.7381
66.5043
65.8687
65.4247
65.2953
65.5999
65.4691
65.2765
65.2696
65.3037
66.7286
67.0759
66.4056
66.5895
66.1355
67.0066
66.9432
66.961
66.5836
64.0236
63.3614
62.0315
64.631
64.1743
62.8854
61.3871
58.329
53.9105
66.4552
66.2007
66.1693
66.7611
66.4831
66.4435
50.3426
26.0348
40.2263
-4.3585
48.0092
25.0152
-24.6832
-9.51024
-13.2059
-3.18923
-6.01038
-4.61925
65.8939
65.8493
66.3255
66.2154
66.1615
26.8418
51.7291
48.8808
25.7676
42.3099
0.465292
-11.1382
-4.78733
-3.55569
-11.098
-0.997898
65.7568
66.0781
65.2064
65.3909
65.1854
65.8067
65.4468
65.6592
65.3503
62.0468
64.456
63.509
62.8994
61.4683
64.2559
63.5367
55.1951
65.0894
65.2199
64.8901
64.9082
64.9945
64.868
64.9724
64.9949
64.9835
64.7747
65.1128
64.9869
65.0677
67.3435
67.827
65.873
66.82
65.9568
66.2504
67.1637
66.1205
65.4007
65.4188
65.7296
65.345
65.6321
65.2024
65.3543
67.4377
68.054
67.5081
67.4528
67.2157
68.3477
68.1511
68.1471
67.9192
63.811
62.0936
60.3182
63.4132
63.1064
61.82
57.7105
51.9215
48.9019
12.4789
8.52102
13.4983
67.1465
66.8128
66.7844
67.625
67.2307
67.2142
12.9504
49.8257
31.8279
44.8581
25.7792
50.3213
35.902
1.6832
7.44876
0.465173
10.2885
4.39877
13.639
2.58916
66.5592
66.5138
67.0863
66.9373
66.8992
32.167
44.8511
15.7028
49.8338
35.8007
46.301
27.3735
0.582081
2.78255
3.32146
13.902
2.85198
11.6427
5.18926
66.4292
66.8312
65.7192
66.0175
65.6293
66.5053
66.0857
66.4514
66.0568
60.7472
63.6765
63.57
62.4318
59.1165
63.4079
62.7891
50.879
15.4538
11.7324
13.2616
65.5426
66.0383
65.0374
65.3431
65.6114
65.3247
65.7843
65.1886
65.1609
64.8451
65.4568
65.4046
65.3007
68.2658
68.6527
67.1656
67.5939
66.5959
67.8861
67.9956
67.2782
65.5423
66.0104
67.141
66.0762
66.4772
65.788
66.3349
68.6348
69.0079
68.7335
68.8074
68.4869
69.4491
69.0615
69.1901
68.8084
63.2786
62.4276
57.3517
64.9533
64.0001
63.5085
58.8761
51.2115
22.5645
53.2168
23.2483
12.4018
8.15247
14.472
18.6137
68.1067
67.6723
67.6616
68.429
68.0562
68.0484
31.4679
49.5268
37.1384
48.9205
32.9579
50.3873
38.3157
4.36832
16.515
3.65148
15.4642
6.84938
17.3857
3.97339
67.3494
67.3125
67.9619
67.7828
67.745
36.536
47.7242
32.2976
49.7229
37.0886
47.8658
28.3799
4.28596
16.5083
7.16941
16.9552
4.1162
12.8463
6.69286
67.2462
67.6687
66.4982
66.9319
66.5473
67.3804
66.898
67.4098
67.0129
58.7285
63.8462
62.8442
63.6122
59.9965
64.6055
63.5559
25.353
51.007
15.2248
20.1286
12.3453
17.7449
66.6102
67.0971
65.8856
66.5372
66.7942
66.4645
67.1125
65.9437
66.0407
65.7176
66.4627
66.5946
66.3059
68.8439
68.6488
67.9209
68.1238
67.4594
67.281
67.8586
67.1388
66.3503
66.681
66.9201
66.2768
66.6027
66.7206
66.8419
69.0205
68.8914
69.1303
69.1839
68.7531
69.1656
68.8486
68.9648
68.3671
65.0152
64.654
61.6488
66.1117
66.0971
65.1339
64.2368
55.5365
21.5892
61.3588
11.1146
18.4008
68.5691
68.3875
68.3111
68.6831
68.78
68.5531
31.5102
52.7763
39.583
52.8423
22.7977
55.3778
37.6853
9.43412
17.4
3.12605
5.98776
10.9812
7.709
2.89077
68.1918
68.151
68.8444
68.6218
68.5443
39.0346
50.7832
25.8383
53.3483
36.5908
52.1262
20.3324
3.43598
12.2386
6.73972
9.69058
2.51952
4.07335
8.97
68.0629
68.4177
67.2374
67.8302
67.4213
68.1535
67.5337
68.1714
67.7883
62.6283
65.5197
65.0389
65.1771
64.2939
66.3015
66.2177
61.3893
67.499
67.8343
67.029
67.7487
67.5995
67.4328
68.1024
67.1462
67.2806
66.7394
67.4855
67.6686
67.5119
68.0354
67.2353
66.5408
67.2274
66.5531
65.6767
66.3818
65.681
65.9483
66.3847
65.5536
65.3944
66.061
66.7636
66.5169
68.8039
68.5378
68.3221
68.6583
67.8939
68.0921
67.5942
68.2137
67.3123
66.722
65.7548
65.5929
66.1187
66.8037
65.7556
66.1877
65.4575
66.7461
68.8486
69.1175
68.9549
68.7886
69.0755
69.0112
59.9185
42.8496
65.5521
64.0412
56.8346
-10.5741
-3.91076
68.9491
68.9079
69.0519
68.9619
68.979
42.0192
61.5372
63.2685
59.3734
66.024
-4.68249
68.7215
68.7971
67.709
68.3412
67.9352
68.3671
67.6807
68.2993
67.8621
65.7879
66.7754
67.1219
66.1787
66.6365
66.9397
67.4621
67.258
68.0488
67.9234
67.4771
68.1223
67.614
67.4286
67.9333
67.5632
67.7462
66.9232
67.5137
67.6578
67.7191
66.4328
65.7072
65.0549
65.6579
64.9843
64.6919
65.0767
64.6474
65.0273
65.7031
64.9359
64.9392
65.4668
66.1756
65.8574
68.0309
67.365
66.7871
67.6118
66.6115
66.6533
66.0139
66.918
65.8867
66.4875
65.6804
66.0791
65.5618
66.0743
65.4499
65.8163
66.7172
66.6921
68.3991
68.6334
68.5926
67.7817
68.0385
67.9648
66.0944
65.2451
67.2188
66.4603
67.079
68.6366
68.634
68.2091
68.0924
68.1301
66.4033
67.0091
66.797
68.2097
67.3635
68.5198
68.0967
67.3824
68.0406
67.603
67.7196
67.0052
67.6583
67.297
66.8257
66.8076
67.3169
66.2098
66.8157
66.6394
67.0998
67.5184
67.6481
67.3835
67.2544
67.5836
67.238
67.0374
67.364
67.2783
67.3615
66.7062
67.065
67.1413
67.2133
65.1984
64.9345
64.5439
64.6828
64.5046
64.6022
64.5448
64.5126
64.942
65.2861
65.1605
64.9642
65.1378
65.5298
65.2139
66.7034
66.2042
65.3986
66.2762
65.2073
65.5907
65.0043
65.7846
64.7429
65.581
65.0475
65.5703
64.7385
65.3568
64.8285
65.7218
66.6508
66.6677
67.1112
67.3856
67.2964
66.539
66.8423
66.7211
66.3499
67.0566
67.0663
66.1596
66.9431
67.4862
67.563
67.0407
66.9257
67.03
67.712
67.0116
66.4914
67.5064
66.6552
67.5953
67.1087
66.6001
67.2499
66.9592
66.8207
66.1712
66.8625
66.625
66.5843
66.4107
66.7647
65.8214
66.3507
66.1683
66.4958
66.8847
67.0913
66.799
66.8087
67.025
66.6919
66.5884
66.801
66.8393
66.8646
66.2982
66.6089
66.6451
66.6622
64.8851
65.0264
64.7618
64.6112
64.6503
64.9463
64.8153
64.8143
64.9592
64.9526
65.2026
64.9897
64.7926
64.9913
64.9407
65.9282
65.8749
64.8767
65.5216
64.6182
65.4456
64.9569
65.4955
64.7211
65.4427
64.8613
65.9762
64.6965
65.6746
65.1379
66.2289
66.6666
66.744
66.1868
66.4995
66.3441
66.0599
66.3654
66.1833
65.9332
66.7372
66.7904
65.8741
66.5206
66.513
66.6287
66.4116
66.2912
66.4038
67.1735
66.3057
66.1625
66.8377
66.1217
66.7093
66.4791
65.8445
66.5366
66.3164
66.1908
65.6367
66.3168
66.0863
66.0945
65.9079
66.2224
65.3127
65.8693
65.6489
65.9896
66.2542
66.5133
66.2967
66.3201
66.5013
66.1283
66.0572
66.3347
66.3445
66.3531
65.7923
66.0929
66.1485
66.1476
65.2746
65.5835
65.1018
65.0766
64.9765
65.1814
65.349
65.118
65.0536
64.8035
65.26
65.2375
65.0941
65.2255
65.6531
66.0154
66.2982
65.2051
65.6621
65.0222
65.9704
65.529
65.9649
65.4239
66.0053
65.4882
66.4433
65.8283
66.3939
65.8648
66.6507
66.8953
67.0564
66.1325
66.4216
66.2195
66.3534
66.6157
66.3997
65.9546
66.4853
66.7932
66.0901
66.5087
66.2546
66.3476
66.5312
66.3686
66.4213
66.6479
65.9797
66.128
66.5318
65.9275
66.4255
66.494
65.6098
66.2068
65.9739
66.0724
65.6749
66.2043
65.937
65.6697
65.4059
65.788
64.9136
65.5234
65.2221
65.6367
65.8832
66.1692
66.1092
65.845
66.1481
65.7753
65.6684
66.0458
65.8597
65.9137
65.4111
65.6657
65.7567
65.6819
65.9734
66.3904
65.2798
65.6658
65.2897
65.4746
66.042
65.5869
65.5406
65.5687
66.018
65.9836
66.1411
66.1494
66.6283
66.6686
67.0575
65.9247
66.3578
65.8676
66.7753
66.3224
66.757
66.28
66.7602
66.2215
66.8609
66.7998
67.0831
66.537
67.0745
67.2085
67.3644
66.672
66.8906
66.6716
67.0141
67.1984
66.9656
66.2685
66.5897
67.031
66.4729
66.7301
66.593
66.6007
67.0153
66.8499
66.8251
66.5064
65.9308
66.2461
66.5163
65.9645
66.6355
66.8211
65.8075
66.2584
65.9648
66.305
65.9747
66.3435
66.0364
65.4267
65.0637
65.5177
64.8216
65.3854
64.9369
65.4452
65.7613
66.0932
66.1
65.5904
65.9921
65.6518
65.5056
65.9066
65.5747
65.6486
65.2468
65.507
65.561
65.4698
66.8233
67.2354
65.9998
66.4371
66.0347
66.6704
66.8427
66.5989
66.458
66.6647
66.8455
66.8599
67.0758
67.073
67.4096
67.4336
67.7303
66.7118
67.1399
66.6553
67.5038
67.074
67.4779
67.0036
67.3674
66.8313
67.3173
67.4724
67.631
67.1124
67.5755
67.5513
67.7788
67.366
67.51
67.2692
67.657
67.7948
67.5414
66.7408
66.9256
67.4517
67.0565
67.2015
67.1125
67.0549
67.5383
67.3646
67.2637
66.5649
66.042
66.5775
66.737
66.2125
66.985
67.1195
66.1156
66.4199
66.1047
66.547
66.2333
66.4516
66.1347
65.4111
64.9119
65.4224
65.0613
65.4816
64.9915
65.4433
65.8715
66.1029
66.0677
65.4071
65.7915
65.4998
65.2478
65.6154
65.4581
65.4714
65.1497
65.4031
65.3728
65.458
67.6851
68.2266
67.1123
67.2597
66.9286
67.5664
67.7364
67.2744
67.0923
67.3405
67.6135
67.4543
67.6272
67.6161
67.9206
68.0965
68.6469
67.4315
67.788
67.2678
68.4879
67.8299
68.1582
67.4702
67.8877
67.3518
67.8333
67.9468
68.2019
67.5751
68.109
68.058
68.4467
67.9815
68.1853
67.8444
68.3873
68.5642
68.1387
67.3873
67.536
68.1353
67.8483
67.9753
67.6691
67.496
68.2112
67.8891
67.6856
67.0218
66.4869
67.3213
67.4808
66.8609
67.325
67.5975
66.3599
66.4883
66.131
66.7855
66.4134
66.6614
66.2324
65.5946
65.2024
65.5252
65.3451
65.8779
65.4615
65.6476
66.3305
65.9966
65.9168
65.1081
65.4045
65.3026
65.0359
65.2455
65.3264
65.3203
65.2137
65.3751
65.3247
65.5623
68.0166
67.8114
67.5
67.1542
67.4447
67.6829
68.0342
68.3869
67.6684
68.0064
67.4839
67.0759
67.0599
66.8942
67.3369
66.9831
67.245
68.2856
67.6503
68.096
68.5426
68.2944
68.4446
68.107
67.1982
67.5213
66.9728
66.5658
66.5628
66.3552
66.723
66.3251
66.4103
67.3334
66.6586
67.0242
68.0886
68.1872
67.8155
67.6173
66.7764
66.9789
66.5713
66.0889
66.1305
65.8479
65.9401
65.6997
65.6571
66.3782
65.7623
65.9633
67.7739
67.1859
67.3901
66.3891
66.533
66.2384
65.6028
65.7006
65.3367
65.3859
65.2543
65.2528
65.8625
65.6127
65.6898
65.9265
65.0784
65.2267
65.4412
65.4333
145.832
170.908
156.923
116.069
121.622
131.152
132.452
160.007
162.644
172.599
124.071
123.575
145.364
148.42
145.075
141.935
148.987
117.837
122.253
129.04
134.932
170.967
162.285
175.952
140.366
144.237
143.987
154.372
179.154
180.624
182.27
157.552
159.157
166.022
164.609
133.676
193.796
185.993
127.064
97.3782
145.093
117.829
161.655
167.396
166.26
141.616
141.362
142.899
126.12
172.764
174.483
179.719
134.406
147.927
119.841
134.115
195.32
188.148
200.012
162.66
168.949
155.151
163.26
203.923
209.289
208.331
166.887
142.647
159.08
151.242
167.72
130.938
133.384
105.104
111.562
94.6611
95.4404
203.023
189.883
227.515
131.042
144.456
112.564
137.356
107.295
101.87
114.887
86.6014
99.5254
84.8415
106.046
90.1886
119.455
109.645
87.835
77.3243
88.4643
79.7821
110.618
124.492
128.069
106.426
103.61
119.19
118.215
114.853
113.047
99.4089
102.154
90.7738
81.9474
85.9578
89.4471
78.5996
92.958
77.5186
77.4086
76.9119
77.398
74.126
78.925
73.3218
77.0905
73.3764
73.7911
71.9331
95.1705
94.997
92.0563
78.0347
80.1607
71.8941
72.0282
78.032
76.1011
79.4275
71.4659
73.3738
74.1374
75.8957
70.4205
72.5728
69.2456
70.6088
69.329
68.3983
68.2002
72.3478
67.7272
70.8617
68.1595
70.8759
67.3496
69.7667
68.9597
68.6408
67.927
69.4049
66.9457
68.9651
68.2579
70.423
72.0473
72.465
70.5085
68.985
70.3895
69.9715
69.3265
67.3804
68.3449
68.9876
68.8468
67.7188
68.2344
69.6758
67.5451
68.8896
68.1656
68.8324
67.4804
68.0452
67.3557
68.9522
68.3031
68.6025
67.4348
68.5409
68.0627
68.4376
69.1535
68.5937
68.7493
68.0942
68.1877
67.8212
68.1122
67.8802
67.886
67.6754
67.5298
67.7715
67.542
68.2702
67.3057
67.5875
67.2388
67.68
67.0317
67.346
67.2953
68.0413
67.8293
67.6211
67.1718
67.5936
67.6047
67.779
67.4949
67.3256
67.547
67.4324
67.0444
66.9454
67.0644
67.5301
67.2448
66.4
66.6032
67.0178
66.8658
67.1265
66.6429
67.1611
66.2147
66.7524
66.2522
67.0791
67.0087
67.1951
67.3025
66.7221
66.7703
66.8803
67.0019
67.0574
66.6503
66.6676
66.6597
66.6994
66.3333
66.3943
66.071
66.03
66.2761
65.0469
65.5294
64.8027
65.3983
66.277
65.8312
66.8148
65.3288
65.6337
65.3156
65.7528
66.3197
66.5425
66.653
65.6523
65.569
66.0676
66.3448
66.405
66.0594
66.0923
65.9404
66.2087
65.7225
65.8291
64.9681
64.2153
64.7261
64.3836
64.4947
64.0789
64.3292
64.7988
64.6782
64.3073
64.2226
64.0054
64.2258
63.4636
64.7637
65.4184
65.6328
64.7719
64.1115
64.9514
64.4746
65.8382
65.385
65.5441
65.0269
64.8814
65.0856
65.1013
64.1828
64.0191
64.125
64.0463
63.997
63.9881
64.0582
63.622
64.0671
63.4393
63.8021
63.4402
64.0358
63.6135
63.775
64.5297
63.8358
63.8887
63.6894
64.1155
63.7175
64.0406
64.7856
64.5818
64.2926
63.631
64.4017
64.0584
63.9087
63.9774
64.0342
63.8667
63.9008
63.9588
64.0061
63.4175
64.0239
63.7718
63.7168
63.6023
64.0164
63.8922
63.7203
63.8727
63.8174
63.6414
63.7388
63.7779
63.8344
63.6524
64.0837
63.7459
63.841
63.7803
63.8621
63.6825
63.9253
63.9424
63.9884
63.8558
63.9464
63.9455
63.9799
63.7702
64.0281
63.9694
63.874
63.8517
64.04
63.9963
63.7646
63.7647
63.8577
63.685
63.7875
63.7253
63.8285
63.8605
63.7675
63.747
63.815
63.8547
63.7747
63.8042
63.9562
63.952
63.9723
63.8911
63.9611
63.9607
63.9658
63.8708
64.0357
63.989
63.9449
63.875
64.0225
63.979
63.7936
63.6827
63.7894
63.7079
63.7988
63.675
63.7912
63.815
63.7971
63.8375
63.7
63.803
63.8256
63.8514
63.9566
63.9668
63.953
63.9264
63.9484
63.9681
63.9408
63.8865
64.0094
63.978
63.9454
63.9134
64.0013
63.9864
63.8068
63.7024
63.8294
63.7812
63.8248
63.7534
63.8669
63.8335
63.8582
63.8658
63.7627
63.8734
63.8728
63.8851
63.9421
63.962
63.9335
63.9198
63.9394
63.9502
63.9263
63.9445
63.9962
63.9967
63.944
63.9666
63.9947
63.9954
63.8452
63.8023
63.8876
63.8453
63.8603
63.8416
63.8972
63.9059
63.894
63.9083
63.8653
63.9262
63.9113
63.9201
63.9393
63.9402
63.9221
63.9091
63.9407
63.9256
63.9151
63.9838
63.9927
63.9937
63.9589
63.9936
63.9896
63.9863
63.8672
63.856
63.9012
63.8593
63.8705
63.8464
63.8951
63.9295
63.908
63.9105
63.8604
63.9132
63.8939
63.8914
63.9385
63.9123
63.9082
63.8888
63.9333
63.9007
63.9036
63.9939
63.9835
63.9863
63.9504
63.9873
63.976
63.9761
63.8722
63.8374
63.8927
63.8532
63.874
63.8384
63.8857
63.9078
63.8828
63.8831
63.8493
63.8974
63.8693
63.8717
63.9298
63.8941
63.8976
63.8845
63.9262
63.8936
63.887
63.9785
63.9671
63.9751
63.9364
63.967
63.9545
63.9606
63.8765
63.8436
63.887
63.8616
63.8791
63.8488
63.8792
63.888
63.8519
63.8496
63.8571
63.8746
63.8341
63.8185
63.9195
63.8868
63.8812
63.8738
63.9092
63.8752
63.8743
63.9514
63.9419
63.9522
63.9179
63.932
63.9228
63.9279
63.879
63.8449
63.8719
63.8553
63.8735
63.8317
63.8534
63.8639
63.8077
63.7837
63.8296
63.8448
63.7668
63.7371
63.897
63.8655
63.8689
63.8625
63.8838
63.8572
63.8623
63.9128
63.9024
63.9083
63.891
63.8938
63.8816
63.8832
63.8651
63.8167
63.8457
63.8418
63.8469
63.8076
63.8293
63.8341
63.7328
63.7009
63.799
63.825
63.7264
63.696
63.8703
63.8504
63.8539
63.8516
63.858
63.8442
63.8474
63.8723
63.8626
63.8643
63.8571
63.8533
63.8454
63.8412
63.8268
63.8008
63.811
63.8206
63.8101
63.7927
63.7923
63.8205
63.7401
63.7156
63.7961
63.809
63.7592
63.743
63.8465
63.8361
63.84
63.8339
63.8362
63.8279
63.8291
63.8385
63.8302
63.8199
63.8234
63.8229
63.8148
63.7968
63.7967
63.7887
63.7822
63.8047
63.7828
63.7864
63.7726
63.7945
63.7766
63.7664
63.7864
63.7844
63.7943
63.7792
63.8269
63.8165
63.819
63.817
63.8199
63.8019
63.8073
63.8115
63.8034
63.7848
63.8033
63.8066
63.8003
63.7869
63.7705
63.7849
63.7621
63.7917
63.7656
63.7828
63.7576
63.7755
63.8079
63.7745
63.778
63.7639
63.8046
63.7581
63.8148
63.792
63.8009
63.7993
63.8106
63.7808
63.7907
63.8056
63.8027
63.7995
63.7984
63.8053
63.7993
63.8047
63.7638
63.7805
63.7576
63.7855
63.7617
63.7775
63.7545
63.7597
63.7938
63.7439
63.7703
63.7526
63.7855
63.7329
63.8052
63.7695
63.7852
63.7823
63.7984
63.756
63.7745
63.8064
63.7999
63.8098
63.8014
63.8088
63.7966
63.8189
63.7621
63.7742
63.7543
63.7798
63.7655
63.7707
63.7526
63.7535
63.7793
63.728
63.772
63.7529
63.7709
63.7262
63.7896
63.7422
63.7648
63.7603
63.7778
63.7289
63.7491
63.8116
63.7995
63.8298
63.7992
63.8112
63.7837
63.8272
63.7671
63.765
63.752
63.7682
63.768
63.7542
63.7464
63.7482
63.7574
63.7247
63.757
63.7406
63.7423
63.7238
63.7668
63.7123
63.7364
63.7388
63.7557
63.6923
63.723
63.8091
63.7646
63.8147
63.7794
63.8091
63.7284
63.8182
63.7643
63.7404
63.7464
63.7406
63.7476
63.7241
63.7282
63.7326
63.7298
63.7199
63.7277
63.715
63.7148
63.708
63.7451
63.6709
63.7102
63.7165
63.7364
63.6445
63.6964
63.8113
63.6965
63.8384
63.753
63.8124
63.6692
63.8837
63.7299
63.706
63.7133
63.7015
63.705
63.6851
63.6872
63.6939
63.6985
63.6935
63.6895
63.6723
63.6827
63.6772
63.7263
63.6243
63.6903
63.6881
63.7115
63.6166
63.6837
63.8105
63.6706
63.9334
63.7336
63.8048
63.6853
63.9584
63.6771
63.6637
63.6665
63.6511
63.6446
63.6419
63.6402
63.6536
63.6664
63.6586
63.6497
63.6354
63.6481
63.6386
63.6911
63.6092
63.6764
63.6489
63.6673
63.6033
63.6725
63.7954
63.698
63.946
63.6922
63.7787
63.7132
63.9236
63.6129
63.6205
63.6139
63.6039
63.5811
63.6009
63.588
63.6154
63.6296
63.6171
63.6114
63.5956
63.61
63.5942
63.6403
63.5948
63.6617
63.5896
63.6045
63.5825
63.6351
63.7546
63.7222
63.8439
63.6262
63.7104
63.6805
63.699
63.5544
63.5819
63.564
63.563
63.5331
63.564
63.5462
63.5763
63.589
63.57
63.5731
63.5558
63.5668
63.5446
63.5602
63.5554
63.5803
63.5121
63.5089
63.5219
63.5167
63.6244
63.6051
63.5166
63.5007
63.5105
63.5045
63.3299
63.5125
63.547
63.5292
63.5257
63.4918
63.5303
63.5118
63.5348
63.5443
63.5188
63.5392
63.5178
63.5207
63.496
63.4559
63.4923
63.4545
63.441
63.4025
63.4766
63.3939
63.3796
63.4583
63.1693
63.3492
63.2375
63.3804
63.0002
63.4742
63.5138
63.4961
63.4939
63.4587
63.5003
63.4816
63.5047
63.5004
63.4781
63.5211
63.4967
63.4891
63.4665
63.3535
63.4639
63.3429
63.3925
63.319
63.4556
63.3131
63.1209
63.3436
62.9099
63.2482
63.0809
63.2901
62.8801
63.4502
63.4917
63.4779
63.4847
63.4491
63.4905
63.481
63.4951
63.4873
63.4618
63.5278
63.5118
63.4973
63.4659
63.3101
63.4575
63.3125
63.3972
63.3201
63.4677
63.3356
63.1022
63.2858
62.9386
63.2664
63.1515
63.2939
63.0204
63.461
63.4987
63.4956
63.5008
63.4842
63.5132
63.5236
63.5478
63.5161
63.486
63.5722
63.6026
63.5445
63.5371
63.3363
63.4759
63.3695
63.4248
63.3587
63.483
63.3948
63.2117
63.3165
63.1077
63.3261
63.2787
63.3398
63.2018
63.5069
63.5338
63.5548
63.5275
63.5195
63.5523
63.566
63.647
63.5836
63.5867
63.6265
63.664
63.6151
63.6132
63.3791
63.4903
63.4128
63.4509
63.3982
63.4957
63.4259
63.3361
63.3545
63.2687
63.385
63.3823
63.3587
63.318
63.5244
63.5637
63.5576
63.5387
63.5248
63.5695
63.5481
63.648
63.6268
63.6099
63.6221
63.6096
63.6249
63.5905
63.4176
63.4982
63.4407
63.4767
63.4394
63.4938
63.4531
63.4234
63.3548
63.3639
63.4412
63.4615
63.3522
63.4043
63.5209
63.5715
63.5394
63.5436
63.5166
63.5646
63.5276
63.5698
63.6148
63.5736
63.6398
63.5297
63.5982
63.5547
63.4655
63.4912
63.4688
63.4932
63.492
63.49
63.4826
63.4988
63.3592
63.4319
63.501
63.5297
63.3856
63.4572
63.5025
63.5518
63.5017
63.5407
63.4814
63.5446
63.4683
63.4983
63.5779
63.5359
63.5764
63.4696
63.56
63.5159
63.5179
63.4925
63.498
63.5237
63.5454
63.4984
63.5189
63.5664
63.4214
63.4908
63.5929
63.6408
63.4652
63.5581
63.4566
63.5409
63.434
63.5004
63.4333
63.5268
63.4012
63.4453
63.544
63.4986
63.5035
63.424
63.5309
63.4855
63.5817
63.5064
63.541
63.5539
63.6201
63.511
63.5573
63.725
63.5148
63.6278
63.6803
63.7429
63.5608
63.6664
63.4186
63.5013
63.3716
63.4486
63.4054
63.4644
63.3401
63.4113
63.5124
63.4762
63.4657
63.3988
63.4994
63.4717
63.6432
63.5164
63.5649
63.5884
63.6668
63.5297
63.5816
63.6949
63.5979
63.6719
63.7533
63.6985
63.6293
63.6697
63.3954
63.4279
63.3193
63.4211
63.398
63.4005
63.3144
63.3889
63.494
63.4714
63.4555
63.387
63.4941
63.4781
63.7319
63.5495
63.6223
63.665
63.8218
63.5699
63.6784
63.8396
63.6716
63.7222
63.8987
64.0335
63.7204
63.8922
63.4135
63.386
63.3209
63.4309
63.4429
63.3914
63.3436
63.3901
63.5031
63.4873
63.4595
63.4059
63.5243
63.5123
63.8797
63.596
63.7505
63.7349
63.9388
63.6206
63.8336
64.0801
63.7447
64.0297
63.8493
64.0562
63.7656
64.0607
63.475
63.4169
63.3767
63.4809
63.5106
63.4529
63.418
63.4259
63.558
63.5364
63.4986
63.4573
63.5939
63.5685
64.005
63.6627
63.8951
63.8347
64.0404
63.7119
63.9297
64.0405
63.8191
64.0121
64.1167
64.0066
63.9326
63.9392
63.5508
63.4934
63.4739
63.5624
63.5916
63.5398
63.5361
63.5046
63.6183
63.6068
63.5699
63.5579
63.6257
63.6574
64.0273
63.7505
63.9313
63.9114
63.9968
63.7787
63.9044
63.9359
64.0092
63.8545
64.1343
63.8875
64.0096
63.7572
63.6323
63.5921
63.5905
63.6415
63.6686
63.6492
63.6454
63.6202
63.623
63.7014
63.6492
63.7032
63.5994
63.7606
63.9658
63.7949
63.8578
63.9094
63.9429
63.8014
63.8195
63.8413
63.9477
63.674
63.924
63.7908
63.8509
63.6172
63.6898
63.7016
63.6881
63.6808
63.6961
63.7288
63.6792
63.7447
63.6011
63.8175
63.6837
63.7446
63.6517
63.7905
63.9207
63.792
63.8058
63.7955
63.8595
63.7577
63.7747
63.7399
63.7507
63.5733
63.7572
63.6923
63.6777
63.539
63.6911
63.7241
63.6452
63.6975
63.6799
63.6858
63.6298
63.7057
63.6943
63.7591
63.7093
63.6464
63.7022
63.7363
63.748
63.7019
63.707
63.6503
63.6309
63.6498
63.628
63.6466
63.6238
63.5077
63.6302
63.6037
63.5774
63.4792
63.6706
63.6492
63.6251
63.6705
63.6562
63.6327
63.6185
63.5909
63.6907
63.7122
63.6
63.5631
63.6902
63.6984
63.5361
63.6199
63.5431
63.5786
63.4704
63.5955
63.4652
63.566
63.5479
63.4629
63.5361
63.5342
63.5209
63.4431
63.6492
63.6403
63.625
63.6449
63.6499
63.6599
63.6456
63.576
63.6785
63.6715
63.5973
63.612
63.6759
63.6754
63.4474
63.5765
63.432
63.5425
63.4723
63.5742
63.4296
63.5045
63.4978
63.4271
63.4866
63.4755
63.4798
63.4101
63.6627
63.6848
63.6761
63.6783
63.6847
63.7174
63.7216
63.6601
63.6834
63.6848
63.6733
63.7284
63.6974
63.6951
63.5209
63.5868
63.4266
63.6404
63.55
63.6067
63.4136
63.448
63.4638
63.404
63.4844
63.4258
63.4611
63.393
63.7074
63.7481
63.7678
63.7269
63.7234
63.7646
63.7975
63.7682
63.7128
63.6945
63.7736
63.7898
63.7257
63.6974
63.5625
63.6302
63.4194
63.8049
63.5766
63.6614
63.4417
63.4076
63.4635
63.3912
63.4599
63.4075
63.4688
63.4203
63.7354
63.7675
63.8073
63.7593
63.7535
63.7788
63.8268
63.7846
63.7293
63.7125
63.7466
63.7973
63.7372
63.7512
63.5871
63.6783
63.4761
63.8241
63.5776
63.6693
63.5018
63.4277
63.4744
63.4611
63.4042
63.4734
63.4847
63.5135
63.7878
63.8102
63.8713
63.819
63.8329
63.8479
63.8876
63.8641
63.7623
63.8177
63.8034
63.9803
63.8135
63.8883
63.5511
63.645
63.5441
63.6733
63.5347
63.645
63.6063
63.5379
63.534
63.5769
63.4346
63.6118
63.5798
63.6425
63.8774
63.8639
63.8964
63.8567
63.9053
63.8523
63.8988
64.1156
63.8584
63.9235
63.9436
64.1781
63.8855
63.951
63.5352
63.6619
63.6131
63.5843
63.5438
63.6789
63.5979
63.6819
63.6122
63.6965
63.5652
63.7425
63.637
63.7369
63.916
63.8369
63.9056
63.8837
63.9259
63.8594
63.9052
64.1615
63.8996
63.9755
63.956
64.1101
63.9044
63.9869
63.5552
63.6755
63.5876
63.4488
63.555
63.6974
63.6036
63.7988
63.6638
63.7828
63.6848
63.8462
63.6965
63.8286
63.9485
63.8736
63.9662
63.9568
63.9967
63.9013
64.1068
64.0766
63.9106
64.0124
63.8914
64.0425
63.9152
64.0358
63.6143
63.786
63.6951
63.5687
63.7287
63.8926
63.8117
63.8946
63.7552
63.8675
63.8277
63.943
63.8186
63.9035
64.0412
63.9274
64.2265
64.0967
64.1111
63.9455
64.3154
64.027
63.934
64.0625
63.9487
64.0411
63.9758
64.0941
63.8762
64.0122
63.9226
63.9742
64.0453
64.1099
64.0032
64.0042
63.8656
63.9186
64.0351
64.0761
63.9129
63.9254
64.1888
64.0205
64.3453
64.3228
64.2494
64.2815
64.3568
64.0899
64.0344
64.1255
64.1522
64.171
64.1215
64.1688
64.2077
64.1905
64.0812
64.3719
64.3671
64.2812
64.1717
64.1454
63.9692
63.9379
64.2603
64.2372
64.0261
63.9541
64.3128
64.6064
64.4556
64.4833
64.3404
64.8115
64.5136
64.258
64.2324
64.2164
64.3768
64.3567
64.359
64.2903
64.5389
64.3965
64.2836
64.8561
64.7099
64.556
64.3967
64.334
64.088
63.9835
64.5572
64.4569
64.1898
64.0097
64.3824
64.9632
64.5343
65.075
64.6058
65.0579
64.59
64.4623
64.5216
64.3951
64.7762
64.5904
64.7079
64.5269
64.9492
64.7979
64.5908
65.6049
65.2667
65.1551
64.8572
64.6097
64.3262
64.0347
64.9877
64.7401
64.4441
64.0278
64.8974
65.2135
64.6676
65.743
65.2367
65.4304
64.8047
64.7456
64.9493
64.6928
65.2794
64.9334
65.2339
64.904
65.574
65.6328
65.1416
66.5832
65.8027
66.1757
65.4577
64.8586
64.5466
63.9837
65.2079
64.6421
64.6766
63.8863
65.6455
65.6991
65.074
66.4322
66.0421
65.9693
65.4292
65.1487
65.5381
65.1532
65.8976
65.4275
65.8541
65.4486
66.0363
66.6656
65.7506
67.2701
66.315
67.1917
66.171
64.1473
64.7688
63.6223
64.9425
63.9778
64.9701
63.5091
66.6035
66.3507
65.8868
67.4242
67.2247
66.8165
66.4414
65.7817
66.1933
65.7783
66.6274
66.17
66.5691
66.1393
66.6852
67.7392
66.7103
68.0453
67.0719
68.2026
67.2059
64.2397
65.3307
63.7355
65.9497
65.1809
65.8292
64.424
67.6793
67.2884
66.9315
68.2808
68.0412
67.6873
67.279
66.5631
66.9979
66.5319
67.4394
66.9334
67.4023
66.9015
67.1981
68.1822
67.2841
67.7544
66.928
67.6346
66.894
65.7229
66.1268
65.2382
66.1574
65.8671
66.0027
65.4656
67.9951
67.964
67.4011
68.4344
67.9113
68.2846
67.5169
67.2114
67.7979
67.2246
68.1757
67.4584
68.2149
67.5267
66.2798
67.0614
66.3722
66.383
65.5774
66.3529
65.7052
65.8348
65.8228
65.586
65.3601
65.5853
65.3408
65.411
67.7068
68.4643
67.4983
68.2686
67.2915
68.2389
67.2438
67.543
68.4196
67.616
68.3281
67.421
68.3185
67.4674
64.9175
65.6152
65.1601
64.9446
64.4822
64.9279
64.6667
65.3402
65.0908
65.344
64.7366
65.0987
64.7521
65.1016
66.6535
67.7148
66.7328
67.044
65.9293
67.073
66.133
66.9801
67.9691
67.0967
67.3761
66.4269
67.4687
66.648
64.2883
64.4074
64.4543
64.17
64.2625
64.0988
64.2747
64.8466
64.6319
64.9058
64.6669
64.6391
64.556
64.7531
65.2567
66.4153
65.5472
65.7854
64.765
65.8992
65.0393
65.921
66.9351
66.2286
66.2551
65.464
66.4399
65.8333
64.3831
64.1511
64.3235
64.4237
64.5577
64.3564
64.4904
64.3919
64.5208
64.619
64.6946
64.2386
64.6698
64.6913
64.5918
65.6061
64.8239
65.453
64.6633
65.5534
64.8323
65.179
66.0749
65.5616
65.7609
65.0851
65.8988
65.4485
64.7701
64.6689
64.6863
65.1215
65.0003
65.0762
65.001
64.3548
64.8458
64.8873
64.9294
64.8171
65.1024
65.201
64.9695
65.6804
65.0501
65.9035
65.3706
65.9191
65.3555
65.2003
65.8769
65.5165
65.9507
65.3905
65.9648
65.6417
65.2641
65.4687
65.3359
65.8889
65.5972
65.9277
65.724
65.4723
65.4118
65.5511
65.6976
66.0416
65.774
65.9522
65.7772
66.233
65.7034
66.636
66.1643
66.5442
66.0642
65.6478
66.1451
65.8074
66.4649
65.9366
66.3472
66.0046
65.9748
66.248
66.0596
66.5538
66.3614
66.5879
66.3921
66.5095
66.1224
66.3101
66.4814
66.8524
66.4231
66.6264
66.5054
66.8422
66.3685
67.288
66.8263
67.0997
66.6303
66.2115
66.5556
66.201
66.9629
66.4596
66.7296
66.3678
66.6536
66.8433
66.6489
67.1716
66.9703
67.0263
66.8392
67.0644
66.6854
66.9087
66.992
67.3234
66.9122
67.1688
67.0187
67.3134
66.7971
67.771
67.1528
67.487
66.9252
66.321
66.4139
66.1062
66.7195
66.5098
66.5328
66.3311
66.5306
66.1121
66.1931
66.5221
66.6895
66.2923
66.3841
67.0469
66.3377
66.5603
66.935
67.3689
66.6391
66.9386
66.623
66.8961
66.479
67.3084
66.7496
66.9631
66.5345
65.8329
65.9597
65.63
66.3134
66.0502
66.0826
65.7952
65.6664
65.4833
65.4018
65.8936
65.8256
65.62
65.5802
65.8125
65.4772
65.5056
65.8899
66.1915
65.6776
65.8318
65.3889
65.548
65.0931
65.843
65.528
65.584
65.2606
65.1358
65.0819
64.8963
65.3233
65.2326
65.1571
65.1263
)
;

boundaryField
{
    fbOut
    {
        type            fixedValue;
        value           uniform 0;
    }
    CAD_patch1
    {
        type            zeroGradient;
    }
    fbGasin
    {
        type            zeroGradient;
    }
    CAD_patch3
    {
        type            zeroGradient;
    }
    fbBioin
    {
        type            zeroGradient;
    }
}


// ************************************************************************* //
