/*--------------------------------*- C++ -*----------------------------------*\
| =========                 |                                                 |
| \\      /  F ield         | OpenFOAM: The Open Source CFD Toolbox           |
|  \\    /   O peration     | Version:  5.x                                   |
|   \\  /    A nd           | Web:      www.OpenFOAM.org                      |
|    \\/     M anipulation  |                                                 |
\*---------------------------------------------------------------------------*/
FoamFile
{
    version     2.0;
    format      ascii;
    class       volScalarField;
    location    "3.2";
    object      p;
}
// * * * * * * * * * * * * * * * * * * * * * * * * * * * * * * * * * * * * * //

dimensions      [0 2 -2 0 0 0 0];

internalField   nonuniform List<scalar> 
10571
(
136.05
144.877
123.668
137.49
147.453
142.424
139.414
143.452
136.055
124.877
99.2675
116.321
129.285
138.596
145.761
161.053
105.628
131.55
141.261
150.157
152.879
113.484
145.725
146.622
112.967
95.9939
106.591
111.699
119.079
92.4821
108.622
123.369
121.35
126.227
97.4554
96.1626
113.947
122.169
107.757
111.491
99.5401
102.751
104.272
102.745
104.03
102.622
105.615
106.063
78.6512
85.0741
97.5974
88.4364
106.469
81.6943
95.3122
104.593
109.119
106.769
92.5276
93.0315
102.184
108.606
101.706
104.398
96.1589
99.844
98.102
98.4689
99.9951
100.012
101.001
98.8113
58.9757
68.9733
57.5042
62.489
99.7866
71.7642
77.6689
77.1612
96.8841
97.6371
83.7982
78.5423
79.9516
72.6927
88.277
94.334
91.6822
79.9954
69.5197
83.7085
87.9585
97.0739
86.2698
83.8242
49.5882
54.5731
47.3052
42.8131
67.2253
54.6762
42.4496
38.8377
64.9315
87.6669
62.1685
56.5606
36.928
35.4488
50.368
65.5728
83.6736
38.1758
38.7052
65.8814
73.8008
69.7907
41.7103
58.9015
41.5285
44.5089
41.9773
38.5172
38.8229
44.1777
34.4503
34.4266
35.8866
58.5085
36.8003
33.1853
33.1013
33.7211
34.045
33.0121
35.3322
35.3006
31.5673
33.4786
34.564
38.0026
41.3169
33.1701
34.0294
36.7936
40.9689
36.8687
38.1606
38.8868
38.5557
38.3555
34.2605
34.3843
33.6448
34.0799
33.787
34.9185
34.6378
35.3839
34.9519
34.5941
34.0596
33.7764
34.3957
35.2361
34.9995
33.2776
33.6376
33.813
34.118
34.5038
33.5748
35.7485
33.9097
36.4192
35.8597
33.5703
33.7808
33.9462
33.7763
33.9634
33.7949
33.8178
33.5199
33.7124
34.6486
34.3142
34.2315
33.8332
33.798
34.1402
34.8991
34.8272
34.1245
33.968
33.8511
34.3669
34.536
34.0639
33.425
33.6662
33.0955
33.2795
33.5917
33.3205
33.8391
33.798
33.8246
33.7113
33.8246
33.637
33.8453
34.2329
34.0227
33.9362
33.7421
33.8498
34.1855
34.3252
34.4441
33.8254
34.0406
34.3658
34.4826
34.155
33.5522
33.5704
33.3456
33.6553
33.6509
33.4449
33.9212
33.7162
33.686
33.6557
33.7428
33.7774
34.1184
33.9419
33.8467
33.7556
34.0905
34.1343
34.2216
33.8356
33.8953
34.2665
34.3437
34.1632
33.6015
33.5821
33.4872
33.6057
33.6126
33.5505
33.8606
33.6387
33.6521
33.6701
33.7479
33.7162
34.0355
33.8876
33.8106
33.7113
34.0088
34.0986
34.0684
33.8655
33.8992
34.1731
34.1994
34.1117
33.5627
33.5949
33.489
33.5652
33.5897
33.6198
33.8045
33.6616
33.6786
33.7101
33.7795
33.7319
33.9736
33.8535
33.8253
33.7295
33.9669
34.0554
33.9557
33.8636
33.8981
34.0961
34.0941
34.0536
33.5675
33.6358
33.4908
33.509
33.6156
33.7456
33.7937
33.7335
33.7236
33.774
33.8109
33.7509
33.9415
33.8407
33.8561
33.8009
33.9404
34.0231
33.9148
33.8694
33.9169
34.0509
34.0343
34.0222
33.62
33.7198
33.5546
33.5437
33.662
33.8059
33.7953
33.7784
33.7676
33.8413
33.8427
33.7783
33.9479
33.8385
33.8789
33.8939
33.9307
34.006
33.8916
33.8629
33.931
34.0281
33.9866
33.9923
33.7207
33.8078
33.6958
33.6975
33.7478
33.8215
33.8472
33.8001
33.7982
33.8872
33.8717
33.7988
33.9794
33.8467
33.8997
33.9492
33.9242
33.979
33.8572
33.8584
33.9448
34.0086
33.9569
33.9654
33.8036
33.8735
33.8346
33.8054
33.8206
33.8552
33.896
33.8259
33.8342
33.9101
33.9104
33.8236
34.0033
33.8608
33.9099
33.9776
33.9206
33.9451
33.8592
33.9118
33.9764
33.9884
33.9446
33.9647
33.8722
33.8754
33.8844
33.8617
33.8778
33.9034
33.9059
33.8486
33.8732
33.9304
33.9486
33.8939
33.9698
33.8823
33.9146
33.9847
33.9269
33.9103
33.8752
34.061
34.0441
33.9641
33.9452
33.9862
33.935
33.8341
33.9279
33.9146
33.9307
33.9086
33.9128
33.8712
33.9299
33.9401
33.9548
33.9358
33.9135
33.9162
33.9265
33.9611
33.9423
33.9195
33.918
34.0493
34.0173
33.9516
33.9457
33.9909
33.9952
33.8665
33.9218
33.9519
33.9783
33.9351
33.9248
33.9165
33.9739
33.9625
34.0175
33.9742
33.8875
33.9401
33.9373
33.9409
33.9532
33.9464
33.9312
33.9347
33.9456
33.9504
33.9534
33.9787
34.024
33.9956
33.9517
33.9883
34.0117
34.0383
33.9144
33.9733
33.9977
33.9898
34.1092
34.0299
33.9349
33.944
33.9616
33.9509
33.9666
33.9786
33.9069
33.8561
33.9123
33.9673
33.9645
33.9393
34.0208
34.0066
33.9487
34.0058
34.0123
34.2926
33.9607
33.9944
34.0297
34.011
34.0043
34.0478
33.9611
33.9314
33.9791
33.9673
34.0238
33.9916
33.9327
33.8611
33.9125
33.9814
33.9748
33.9156
34.0176
33.9815
33.9309
33.9944
33.9913
34.1374
33.9428
33.9998
34.0431
34.023
33.9038
33.9299
33.9583
33.9055
33.9928
33.9854
34.0238
33.9885
34.0241
33.901
33.9442
33.9959
34.0081
33.9977
34.0304
34.0063
33.99
33.9964
33.9804
33.9918
33.9396
34.0002
34.0534
34.0309
33.8794
33.7823
33.9874
33.9253
34.0232
34.0079
33.963
33.9911
34.0842
34.0129
34.0121
34.0277
34.0462
34.0508
34.0564
34.0049
34.0271
34.0131
34.0064
33.9651
33.9643
34.0028
34.0574
34.0389
33.9526
33.9129
33.9987
33.9709
34.0598
34.0273
33.9451
34.0002
34.0897
34.0568
34.0564
34.0696
34.0762
34.0847
34.0393
33.9984
33.9984
34.0175
34.0478
33.977
33.9939
34.0321
34.0508
34.0468
34.0198
34.0093
33.9919
34.011
34.0744
34.0397
34.0615
34.032
34.0895
34.0634
34.0687
34.1085
34.1049
34.0857
34.0393
34.0034
33.9564
34.006
34.0638
34.0012
33.9989
34.0372
34.042
34.0501
34.0477
34.0471
33.9945
34.0407
34.0908
34.0523
34.2237
34.0217
34.0732
34.0903
34.087
34.1437
34.1187
34.0777
34.0327
34.0105
33.9975
34.0087
34.0676
34.0099
33.9952
34.0247
34.0327
34.0465
34.0474
34.0374
34.0132
34.0662
34.0705
34.0552
34.2237
33.8975
34.0222
34.1351
34.0915
34.0823
34.1091
34.0803
34.0065
34.0057
34.0077
34.0032
34.0635
34.0037
34.0001
34.003
34.0234
34.0374
34.0161
33.9931
34.014
34.0774
34.0447
34.0474
34.0693
33.8327
33.9712
34.0774
34.0731
33.9794
34.0767
34.0668
33.9863
33.992
33.9964
33.9906
34.0406
33.9824
33.9916
33.9946
34.0145
34.0265
33.9631
33.9375
33.9945
34.0527
34.0312
34.0371
33.96
33.8689
33.9583
34.0187
34.0446
33.9149
34.0216
34.0315
33.9819
33.9787
33.9905
33.9961
34.0119
33.956
33.9862
33.9976
34.0111
34.0216
33.9084
33.8775
33.9648
34.0123
34.0187
34.0274
33.8942
33.9112
33.9253
33.9768
34.0162
33.9124
33.9712
33.9946
34.0035
33.9733
33.991
34.0145
34.0095
33.9352
33.9855
34.0106
34.0141
34.0246
33.8694
33.81
33.933
33.9917
34.012
34.027
33.8847
33.9679
33.9423
33.9511
34.0112
33.9379
33.9676
33.9824
34.0335
33.9788
33.9975
34.0265
34.0222
33.9303
33.9876
34.0335
34.027
34.0345
33.8512
33.7594
33.9189
34.0213
34.0245
34.0351
33.8922
34.0141
34.0611
34.001
34.0353
33.9775
34.021
34.0122
34.0456
33.9932
34.0153
34.035
34.0386
33.9373
33.9975
34.0554
34.0372
34.0445
33.8696
33.764
33.9328
34.0488
34.0352
34.0483
33.9061
34.0326
34.1539
34.0576
34.0643
34.0201
34.0596
34.0658
34.0544
34.0137
34.0314
34.044
34.0503
33.9586
33.9942
34.055
34.0467
34.0527
33.9426
33.8283
33.9468
34.0503
34.0466
34.0599
33.9126
34.0163
34.1198
34.0789
34.0834
34.0458
34.0711
34.0844
34.0587
34.0371
34.0407
34.049
34.0573
33.9877
33.997
34.0483
34.0514
34.0581
34.0212
33.8862
33.9402
34.0272
34.0541
34.0656
33.9412
33.9584
34.0479
34.0748
34.0831
34.0552
34.0592
34.0812
34.0634
34.0607
34.0511
34.0493
34.0618
34.0199
34.0048
34.0403
34.0578
34.0601
34.0591
33.9401
33.9418
34.0097
34.0515
34.0672
33.9788
33.8503
33.9729
34.041
34.0723
34.0467
34.0377
34.0584
34.0726
34.0815
34.0661
34.0535
34.0682
34.0518
34.0167
34.0392
34.0629
34.0652
34.0883
33.9929
33.9606
34.0082
34.0485
34.068
34.0217
33.7241
33.9114
34.0038
34.0587
33.9894
33.9998
34.0341
34.0857
34.1034
34.0853
34.0667
34.0774
34.0836
34.0378
34.0477
34.0688
34.0745
34.1066
34.0419
33.9889
34.0072
34.0477
34.0721
34.0545
33.7291
33.883
33.9774
34.0499
33.9283
33.9619
34.0089
34.1036
34.1305
34.1069
34.0871
34.0892
34.115
34.0715
34.0617
34.082
34.0887
34.1129
34.084
34.0301
34.0151
34.0594
34.0825
34.0873
33.8597
33.911
33.9904
34.048
33.9205
33.951
33.9889
34.1253
34.1619
34.1327
34.1133
34.1055
34.1509
34.1096
34.0917
34.0999
34.1041
34.1452
34.1186
34.0845
34.0639
34.0803
34.0937
34.1783
33.9823
33.9452
34.0117
34.0586
33.9839
33.995
33.9898
34.1515
34.1971
34.1625
34.1424
34.1309
34.192
34.143
34.1283
34.1148
34.1229
34.1895
34.1598
34.1239
34.1142
34.0822
34.059
34.1131
34.0436
34.0697
34.0502
34.0557
33.9789
34.1326
34.0435
34.1799
34.2322
34.1939
34.1712
34.1696
34.2291
34.1664
34.1587
34.1362
34.1572
34.2256
34.1992
34.1385
34.1531
34.0589
33.9947
34.2594
34.1097
34.1174
34.1001
34.0428
33.9205
34.1211
34.12
34.2118
34.2613
34.2224
34.1985
34.2219
34.2446
34.1718
34.1822
34.1601
34.1911
34.2342
34.203
34.1251
34.1502
34.0397
34.0285
34.2315
34.1715
34.1382
34.0643
33.9999
34.1331
34.1065
34.0816
34.2411
34.2768
34.2403
34.2208
34.2742
34.2328
34.1534
34.1744
34.1785
34.2307
34.2136
34.1722
34.0959
34.135
34.0027
34.0727
34.1771
34.1631
34.1496
33.9855
33.929
34.2294
34.0864
34.0149
34.2624
34.2697
34.2496
34.2354
34.3148
34.2088
34.1279
34.1446
34.1893
34.2601
34.1804
34.1244
34.0708
34.1229
33.9441
34.1143
34.1462
34.1293
34.0158
33.945
33.9813
34.2086
33.9916
33.9115
34.2699
34.248
34.2451
34.2426
34.336
34.1754
34.0992
34.1165
34.1841
34.272
34.1512
34.0798
34.0682
34.1089
34.0768
34.1806
34.1211
34.1288
34.0538
34.1463
34.1935
34.221
34.0961
34.1182
34.2662
34.2209
34.2239
34.2322
34.3381
34.142
34.0488
34.0797
34.1495
34.2635
34.1292
34.0457
34.0552
34.0903
34.1478
34.2106
34.1086
34.1334
34.1536
34.258
34.281
34.2402
34.2607
34.5172
34.2536
34.1902
34.1885
34.204
34.2885
34.1107
33.9877
34.0095
34.0769
34.2291
34.1202
34.0347
34.0328
34.0498
34.1136
34.1924
34.1053
34.1086
34.14
34.2217
34.2548
34.2007
34.2271
34.3732
34.2099
34.1622
34.1439
34.1268
34.2203
34.1028
33.9411
33.919
34.0006
34.1772
34.1323
34.0459
34.0191
34.0296
34.0804
34.154
34.1287
34.0951
34.1138
34.1553
34.2038
34.1593
34.1687
34.2222
34.1243
34.1514
34.0964
34.0204
34.1174
34.1406
33.9098
33.8572
33.9332
34.1212
34.1884
34.1099
34.0193
34.0193
34.052
34.1147
34.1587
34.101
34.0937
34.1133
34.1654
34.1401
34.1306
34.1564
34.0001
34.1433
34.0467
33.8642
33.948
34.2294
33.9181
33.8288
33.8952
34.0581
34.2831
34.1908
34.0306
34.0046
34.0176
34.0734
34.2296
34.0995
34.0788
34.0797
34.1299
34.1256
34.1015
34.1187
33.8662
34.1434
33.9995
33.7383
33.7285
34.2094
33.8987
33.8184
33.8509
33.9612
34.2606
34.1907
33.9834
33.978
33.9839
34.0301
34.1956
34.0562
34.057
34.0497
34.0984
34.0956
34.0762
34.0909
33.8012
34.138
34.0023
33.6956
33.5067
34.1614
33.8799
33.814
33.7933
33.892
34.1766
34.1271
33.942
33.9557
33.9717
34.0163
34.1321
34.023
34.0262
34.0285
34.0656
34.0637
34.0534
34.0691
33.836
34.104
34.0134
33.7637
33.455
34.0917
33.8669
33.8339
33.7599
33.847
34.1218
34.0816
33.9405
33.9401
33.969
33.9912
34.0899
34.0164
34.0101
34.0123
34.0441
34.0459
34.0398
34.0539
33.9217
34.1358
34.0308
33.8633
33.6331
34.09
33.8663
33.8642
33.7725
33.8446
34.1018
34.0711
33.9632
33.9518
33.9738
33.9576
34.0821
34.0262
34.0161
34.0094
34.0322
34.0479
34.0364
34.0437
34.0329
34.1035
34.0169
33.9658
33.8127
34.0953
33.8915
33.8908
33.8279
33.8809
34.1104
34.0911
34.0192
33.9794
33.9773
33.9504
34.1011
34.0564
34.0327
34.0114
34.0136
34.0716
34.0488
34.0415
34.197
34.1669
34.151
34.0921
33.9574
34.1389
34.0113
33.9612
33.9061
33.939
34.1471
34.1335
34.0899
34.015
33.9873
33.9504
34.1425
34.1049
34.0608
34.0194
34.002
34.1118
34.0768
34.0504
34.2881
34.244
34.2893
34.1947
34.0568
34.2064
34.1742
34.0451
33.9292
33.9566
34.2044
34.1937
34.1455
34.0582
33.9677
33.9075
34.1975
34.1568
34.0977
34.0232
33.9701
34.1625
34.1069
34.0682
34.2963
34.3084
34.3079
34.2087
34.0691
34.2774
34.2618
34.0903
33.8511
33.8342
34.2731
34.2609
34.1949
34.0887
33.8724
33.7502
34.2615
34.2065
34.1175
33.9997
33.8872
34.2051
34.1219
34.0732
34.2999
34.3809
34.3539
34.2217
34.0201
34.3526
34.3046
34.1072
33.6335
33.4699
34.3563
34.3373
34.2429
34.06
33.6763
33.3529
34.3354
34.2651
34.1335
33.956
33.7153
34.2467
34.1482
34.0802
34.3417
34.4723
34.4373
34.2668
33.9446
34.438
34.3704
34.1008
33.3118
32.6226
34.4575
34.4279
34.3116
33.9799
33.4011
32.3329
34.4196
34.3494
34.1581
33.8833
33.4019
34.3161
34.1971
34.1057
34.4249
34.5913
34.5544
34.3415
33.8477
34.5469
34.4894
34.057
32.9546
30.6845
34.5602
34.528
34.4055
33.9236
32.9228
29.8062
34.5156
34.4715
34.1984
33.7388
32.7683
34.4641
34.3087
34.1504
34.5666
34.763
34.7234
34.4741
33.8302
34.6954
34.6708
34.0844
32.5715
25.4022
34.6694
34.6564
34.5176
33.9185
32.4497
25.9858
-22.9697
34.6174
34.5978
34.2981
33.5515
31.1936
34.6385
34.4593
34.2324
34.7798
34.9793
34.9325
34.6806
33.987
34.9106
34.8405
34.2733
32.5788
22.2852
-0.295404
34.7961
34.7881
34.6417
34.0632
32.2901
25.279
3.32423
34.7487
34.747
34.4518
33.4954
28.6074
34.8555
34.6311
34.4473
35.0732
35.2333
35.1741
34.9313
34.3693
35.141
35.0306
34.4879
33.2059
26.4431
6.58176
34.957
34.9278
34.7417
34.2481
32.5491
25.7732
7.51219
34.8814
34.847
34.5762
33.8012
28.273
8.30369
35.0378
34.8678
34.6816
35.3857
35.5134
35.427
35.1687
34.9899
35.3563
35.2138
34.7434
34.083
27.9245
8.01757
35.104
35.0705
34.8
34.4035
33.3199
27.5494
6.80241
34.8079
34.7907
34.678
33.9559
31.4608
35.0447
34.9572
34.8852
35.5876
35.7207
35.4718
35.3791
35.4411
35.5166
35.1222
34.8174
34.3349
31.2593
35.2532
35.0972
34.6928
34.4066
33.5358
28.8323
-11.0785
34.875
34.9187
34.8237
34.379
33.9074
35.2105
35.1246
35.1534
35.551
35.7038
35.3533
35.2877
35.3479
35.4652
34.7439
34.6741
34.4867
33.8384
35.3364
35.0674
34.396
34.2151
33.6761
32.3576
35.0509
34.863
34.6667
34.2375
34.3518
35.3064
35.1176
35.1197
35.3093
35.3595
35.1015
35.0984
35.1472
34.9587
34.4904
34.6644
34.6038
34.5819
35.1167
34.6858
34.288
34.3188
34.1812
34.1956
35.0796
34.7783
34.6417
34.4733
34.7824
35.2258
35.0309
35.0406
35.169
34.9172
34.8731
34.9718
35.0489
34.4745
34.4178
34.718
34.7441
34.8575
34.5713
34.0922
34.2778
34.4926
34.4871
34.7591
34.9867
34.7743
34.82
34.7564
34.9694
35.121
35.0349
35.0749
35.1067
34.588
34.768
34.9358
35.0456
34.2021
34.5077
34.8283
34.8973
35.0355
34.2051
33.8291
34.5464
34.7158
34.7512
34.9989
34.9949
34.9833
34.9719
34.9111
35.0926
35.1393
35.1059
35.134
35.1052
34.5739
34.7657
34.9713
35.0942
34.301
34.7137
34.9503
35.0473
35.165
34.5327
34.4056
34.8528
34.8969
34.9876
35.1722
35.1495
35.1263
35.0983
35.0406
35.1997
35.2116
35.1688
35.2027
35.1467
34.7945
34.8369
35.0415
35.1814
34.6739
34.8842
35.0694
35.1753
35.2737
34.9931
34.9421
34.998
35.0456
35.1645
35.2658
35.2696
35.2194
35.213
35.2179
35.2934
35.2964
35.2607
35.3007
35.2174
34.9643
35
35.112
35.2955
34.9282
34.9539
35.0796
35.222
35.3525
35.2631
35.16
35.0406
35.088
35.2206
35.3192
35.3809
35.2922
35.2199
35.2945
35.3431
35.4416
35.3808
35.3914
35.3007
35.0476
35.0767
35.1842
35.3659
35.0335
35.0278
35.1292
35.2749
35.3739
35.3479
35.2307
35.1082
35.1423
35.2543
35.3439
35.4037
35.3566
35.2446
35.3153
35.3606
35.5695
35.4552
35.4472
145.517
142.336
151.509
156.559
145.389
151.347
158.088
172.102
191.469
178.641
158.042
192.81
162.834
142.341
143.664
149.274
143.604
165.208
167.728
162.897
176.519
173.4
175.091
173.848
164.509
143.905
187.721
167.228
179.018
183.984
163.113
162.734
143.189
151.732
148.749
139.919
144.287
170.533
172.901
162.441
161.973
171.428
151.355
162.082
168.615
147.447
196.485
208.741
160.398
175.148
178.18
155.769
138.799
168.813
151.378
137.516
149.889
151.82
157.739
160.569
163.805
162.367
175.047
167.224
184.368
177.236
192.305
216.743
221.286
194.113
163.96
175.465
159.871
165.826
171.073
146.451
141.864
157.051
150.065
158.833
176.874
163.308
183.193
189.919
203.04
205.7
201.756
201.033
164.949
170.704
169.636
166.716
182.486
198.104
175.653
206.035
127.569
117.604
125.59
120.899
125.03
115.751
114.136
112.849
137.271
142.367
126.122
127.698
143.991
144.338
134.035
141.321
96.5807
133.084
153.841
146.071
114.158
114.165
105.858
113.672
137.675
138.754
129.019
132.206
127.391
126.88
127.538
125.904
128.674
113.443
102.262
108.542
93.1932
94.3571
94.5886
133.029
141.011
129.206
122.3
123.649
104.23
102.599
94.7561
95.2439
95.9021
159.379
177.586
123.723
125.054
123.217
101.597
96.0999
121.824
104.09
108.758
95.8652
99.306
96.8037
97.1997
138.934
129.888
136.552
109.293
105.145
106.64
108.661
109.449
105.476
98.7142
120.264
126.71
100.813
103.348
104.178
148.367
145.72
113.358
117.417
112.554
111.98
102.868
94.7437
109.542
111.3
109.112
102.845
103.62
104.344
113.137
123.503
99.5753
99.7254
106.839
119.646
110.941
91.5534
88.8804
98.3096
91.9005
93.5839
90.1571
91.0559
88.106
87.7649
119.735
116.728
122.668
112.046
111.811
112.861
113.163
127.114
121.008
92.9169
95.724
95.4748
90.1151
92.7536
92.3615
117.154
117.749
115.73
111.734
112.812
97.5922
99.1112
95.7739
96.0783
97.8486
113.146
106.472
107.341
108.266
104.976
99.3243
98.0242
98.6018
100.115
100.018
98.3044
98.6704
98.824
99.0154
103.133
105.168
104.757
101.681
102.099
102.817
103.08
103.347
101.601
100.211
102.705
102.774
101.798
101.52
101.893
110.652
104.761
103.43
106.1
103.078
102.776
86.7634
74.5381
86.1627
89.8674
90.2369
69.6088
67.7142
71.2274
79.4861
90.5117
64.5577
64.7582
74.9973
104.493
100.144
84.7792
79.5405
86.5069
84.3888
86.7669
77.1878
76.6428
78.6085
81.4587
105.675
109.392
105.366
103.084
101.993
107.885
102.038
107.079
102.319
85.6558
88.3564
87.5288
80.0938
82.8253
81.5985
107.185
107.781
102.056
103.524
103.199
92.34
95.3061
88.3899
87.3034
92.5889
104.248
102.107
101.248
100.338
97.7319
96.1733
94.2173
97.6077
96.8446
96.9364
93.8874
95.5902
94.8473
94.6482
98.4786
99.3451
99.3854
92.1422
92.7608
95.208
94.0328
94.5165
98.6727
97.2162
99.4626
99.6171
98.6139
97.6523
97.3628
101.852
100.376
97.3015
96.5864
96.8024
93.6054
64.4016
57.051
61.5639
56.3709
62.0098
56.3563
53.5294
56.0938
58.4944
63.8468
55.5801
54.9499
55.4034
93.1841
75.2328
73.0563
66.4725
65.7847
71.6366
68.098
61.4839
57.8194
64.5116
55.2184
98.6431
103.381
98.2938
90.8303
93.8541
88.7181
92.7529
98.1712
92.2569
73.473
76.0706
74.2338
66.3819
65.7697
64.703
98.8466
97.887
93.5285
93.9687
91.9127
82.0291
90.1636
76.1849
74.573
84.7953
92.7115
92.2661
82.8012
79.4819
84.4116
92.6143
91.4656
92.513
92.2647
91.8966
89.7573
86.6464
89.1592
87.5851
85.8389
84.9324
86.1675
75.4251
79.3338
71.1324
77.1003
81.0968
95.1333
90.4676
94.0436
93.2488
91.4078
85.6781
85.7684
83.5225
89.3813
64.9614
66.6451
73.6743
71.323
50.7979
45.8695
50.8282
50.7152
50.338
46.249
47.5576
45.8467
48.4163
45.8093
43.5833
41.9811
39.8995
53.7276
42.456
60.3244
53.9005
51.0245
57.0378
47.3264
48.9214
45.6127
50.5197
43.7266
78.5299
67.1761
83.1511
41.7002
50.9212
44.6725
64.8484
82.2378
68.598
58.7405
54.0191
54.0049
51.9635
44.7992
45.667
84.3129
74.6643
77.9326
65.8114
53.0449
64.6583
55.9366
40.4366
41.4144
34.9904
61.1023
70.5352
46.287
45.4187
55.4285
79.676
43.6916
60.7122
84.6916
79.3035
51.9336
33.8587
72.3177
56.7523
75.1382
59.3234
68.8244
53.1082
72.8799
49.6327
60.9981
64.2413
75.1923
50.6684
65.4098
67.9275
38.9734
38.2744
37.2096
48.7002
45.3799
33.8607
35.9349
34.3381
47.3197
42.326
40.2266
43.7185
44.7392
43.3976
42.3427
42.9144
42.4788
40.1886
39.1936
41.4127
40.8789
40.3542
39.7653
40.2666
47.2466
40.8275
41.4813
45.7872
41.3163
40.3391
38.0358
41.2018
39.175
41.0612
38.6959
44.1086
39.1607
40.3771
38.7105
39.6304
50.3659
40.2182
46.6366
39.1422
41.67
42.6662
37.9288
40.0569
42.8508
45.9395
44.7154
39.6842
35.6295
34.1459
34.2024
34.6143
36.5141
34.5922
34.0584
33.9433
33.9027
33.8684
32.2376
34.5978
34.8455
34.7247
35.1341
39.2159
38.0024
34.778
33.2583
32.9291
33.056
33.4129
34.2447
34.7937
34.1064
33.7792
33.8392
33.8265
33.8454
32.9067
34.188
32.6193
36.2684
34.0841
33.4758
34.492
33.2027
33.2421
53.2548
40.4377
43.8256
31.3527
31.8678
34.1257
33.932
32.4582
34.6519
33.5667
32.9625
33.4099
33.9017
34.245
34.3284
33.3395
34.0156
34.4167
33.6366
34.4662
33.6509
38.0335
35.9001
41.2181
41.1642
42.3544
39.7302
38.1952
41.2315
41.4643
41.014
39.85
41.1276
39.6069
39.5636
37.2405
35.9875
34.7065
35.5516
35.8601
38.0159
34.9441
34.5666
33.8579
37.573
38.6824
36.2987
38.1809
36.5559
34.2283
34.1238
34.1738
35.5456
33.7034
33.6495
33.7075
33.8885
33.8972
33.8543
33.8792
39.1504
37.8315
38.9007
36.6964
35.8283
36.3405
33.7283
33.5255
33.7418
33.8023
33.8168
33.7041
33.7443
33.8627
33.8145
33.8203
33.8518
33.867
33.8289
33.8248
34.9708
35.0584
34.091
34.0446
34.774
33.7797
33.9884
33.7556
34.0155
33.8013
34.061
33.7396
33.8351
33.8342
33.851
33.7915
33.8352
33.8399
33.8457
34.6078
34.572
34.7296
34.4656
34.2698
34.2085
34.4509
34.3167
34.2734
33.1836
33.0668
33.3158
34.2239
33.7048
33.7091
33.8422
33.7778
33.879
33.7848
33.8386
33.8269
33.846
34.2792
34.3394
34.4995
34.4144
34.2576
34.504
34.5299
33.9524
34.5493
34.5325
34.1732
34.6331
33.8981
34.1341
33.4529
35.8206
34.7086
36.7697
33.7226
33.3272
33.6157
36.6894
35.0399
33.3661
33.1577
33.371
33.7569
33.4775
34.3331
33.5915
34.3272
33.7206
35.1604
33.6453
33.6385
33.6098
33.0033
33.5513
33.5054
33.598
33.488
33.7111
33.6252
33.801
33.6716
33.7369
33.6493
33.7528
33.8206
33.8696
33.8244
33.8615
35.4506
33.315
33.2173
33.6802
32.95
32.8114
33.766
33.6305
33.7211
33.7514
33.7918
33.5963
33.7258
33.8575
33.7905
33.8214
33.8298
33.8558
33.7781
33.8213
33.5589
34.5114
33.5234
33.5968
34.2836
33.7825
33.9555
33.9151
33.7531
33.82
33.8456
33.9163
33.8425
33.8453
33.8553
33.8192
33.8572
33.85
33.8808
34.454
34.3484
34.3296
34.3019
34.255
34.1792
34.3083
34.3358
34.2939
33.7429
33.949
33.9839
33.9179
33.8267
33.9277
33.9755
33.8762
33.954
33.9529
33.8603
33.865
33.8785
34.3582
34.3634
34.4835
34.506
34.3926
34.4815
34.4967
34.299
34.6301
34.5311
34.3392
34.6236
34.1211
33.3892
33.4305
33.4298
33.4041
33.4191
33.4965
33.4525
33.4934
33.4138
33.5668
33.5196
33.4923
33.5494
33.6107
33.5964
33.347
33.4817
33.3841
33.5352
33.1377
33.605
33.4921
33.517
33.4461
33.694
33.7127
33.72
33.6265
33.6996
33.7039
33.675
33.6347
33.6359
32.8841
33.3012
33.2879
33.2096
33.5202
33.5507
33.7707
33.5968
33.7309
33.6891
33.7299
33.6215
33.7053
33.8609
33.7842
33.8324
33.8078
33.8544
33.803
33.8309
33.6932
34.133
33.716
33.7422
34.0254
33.8958
33.9624
34.1038
33.7543
33.9036
33.9112
34.1154
33.8836
33.8812
33.8981
33.8848
33.9084
33.8947
33.9141
34.248
34.1537
34.2676
34.3007
34.2921
34.1477
34.1903
34.2362
34.2249
33.8831
33.9216
33.9789
33.8156
33.9239
33.9447
33.9927
33.9425
34.3331
34.2781
34.4229
34.4364
34.317
34.3441
34.3622
34.3386
34.5649
34.4198
34.3201
34.4953
34.17
33.4349
33.4605
33.49
33.396
33.4733
33.5292
33.3933
33.5051
33.5156
33.5642
33.575
33.5581
33.5716
33.6118
33.5956
33.5351
33.527
33.5769
33.5308
33.5059
33.5819
33.6054
33.5323
33.4435
33.6785
33.6789
33.6652
33.6341
33.6515
33.6395
33.6391
33.6488
33.6516
33.464
33.5867
33.6172
33.5086
33.6103
33.6218
33.6211
33.7511
33.6609
33.6057
33.5164
33.731
33.9478
33.7431
33.7203
33.8938
34.0707
33.8754
33.7201
33.4758
33.858
34.0703
34.0006
34.1046
34.1651
34.1499
34.0426
34.0439
34.1034
34.0929
33.9363
33.9676
33.9918
33.8572
33.9308
33.9733
33.9783
33.8977
34.2128
34.1534
34.2691
34.2854
34.2171
34.203
34.2194
34.2828
34.4159
34.2691
34.2374
34.3415
34.1405
33.5171
33.5534
33.5623
33.4114
33.5564
33.5697
33.4599
33.5696
33.5828
33.5638
33.5904
33.5875
33.566
33.5812
33.5793
33.5319
33.5529
33.6172
33.5174
33.4357
33.581
33.6089
33.5129
33.4835
33.6347
33.6049
33.63
33.5951
33.6191
33.5674
33.6214
33.6528
33.6556
33.5313
33.632
33.6291
33.5792
33.6655
33.6554
33.6435
33.6603
33.6832
33.6559
33.6835
33.7268
33.8568
33.7627
33.7434
33.8289
33.6706
33.847
33.7176
33.7364
33.8478
33.952
33.9214
33.996
34.0549
34.0403
33.9845
33.9682
34.0127
33.9964
33.9186
33.9649
33.9646
33.8679
33.9114
33.9495
33.9556
33.8965
34.1026
34.0647
34.1499
34.1655
34.1304
34.1066
34.1229
34.1904
34.2692
34.1411
34.1464
34.2076
34.0802
33.5143
33.4922
33.5634
33.4664
33.5654
33.5496
33.4317
33.5488
33.5779
33.5683
33.5593
33.5655
33.5763
33.5882
33.601
33.5904
33.6329
33.6146
33.5239
33.5251
33.6084
33.6162
33.5552
33.5596
33.6212
33.5493
33.6299
33.5944
33.6327
33.5494
33.6428
33.6675
33.6839
33.6393
33.7004
33.6889
33.6952
33.7298
33.7174
33.6702
33.6948
33.7385
33.697
33.7215
33.762
33.812
33.7946
33.7806
33.8099
33.7497
33.8658
33.7565
33.7941
33.8897
33.9072
33.9086
33.9552
33.9831
33.9669
33.9508
33.9427
33.9639
33.9456
33.9091
33.9394
33.9474
33.8664
33.9078
33.9415
33.9425
33.9068
34.0362
34.0144
34.0724
34.0882
34.0705
34.0479
34.061
34.1095
34.1574
34.0616
34.0829
34.118
34.0353
33.5397
33.5981
33.5605
33.4689
33.5477
33.5816
33.5318
33.5779
33.57
33.5876
33.5869
33.5917
33.6045
33.6198
33.6419
33.6858
33.7413
33.6248
33.6167
33.6032
33.6748
33.6485
33.6818
33.6326
33.6561
33.5689
33.671
33.6321
33.682
33.6176
33.7035
33.7175
33.7502
33.7469
33.7566
33.7457
33.7881
33.7825
33.7743
33.7364
33.765
33.8072
33.7766
33.8101
33.8011
33.8182
33.8273
33.8214
33.8358
33.8562
33.9116
33.8461
33.9075
33.9316
33.9178
33.9227
33.9348
33.9536
33.9327
33.9349
33.9311
33.9494
33.9235
33.9052
33.9459
33.9403
33.868
33.9031
33.9466
33.9376
33.923
33.9988
33.988
34.0292
34.0406
34.0395
34.0216
34.0274
34.06
34.086
34.0087
34.0359
34.0563
34.0081
33.647
33.7006
33.6149
33.5731
33.6176
33.6628
33.6151
33.6627
33.6186
33.6457
33.668
33.6622
33.6893
33.6734
33.7064
33.7852
33.8353
33.6833
33.7413
33.6651
33.7658
33.7277
33.8001
33.7321
33.7104
33.6733
33.7417
33.7077
33.7408
33.7348
33.7735
33.7873
33.8169
33.8132
33.8081
33.8013
33.8359
33.8309
33.8251
33.8174
33.8523
33.8667
33.8535
33.8847
33.8409
33.8537
33.8563
33.8594
33.8715
33.9466
33.9527
33.9299
33.9682
33.9641
33.9254
33.925
33.9283
33.9473
33.9148
33.9259
33.9281
33.9463
33.9065
33.9064
33.943
33.9347
33.8537
33.9076
33.9394
33.9345
33.9323
33.9791
33.9704
34.0154
34.0168
34.0175
34.0101
34.008
34.0133
34.0292
33.9686
33.9916
34.0058
33.9765
33.7563
33.8101
33.7132
33.6787
33.7115
33.7633
33.7549
33.7618
33.7198
33.7211
33.7654
33.7613
33.7554
33.7403
33.7775
33.8872
33.9176
33.7735
33.8548
33.8284
33.8457
33.8263
33.8888
33.8883
33.7732
33.7796
33.8012
33.7847
33.8015
33.8119
33.8278
33.8438
33.8648
33.8555
33.8512
33.8466
33.8713
33.8684
33.8652
33.8782
33.9062
33.9005
33.891
33.9109
33.8758
33.8882
33.8886
33.8892
33.9016
33.9795
33.9618
33.9646
33.982
33.9665
33.9189
33.9135
33.927
33.9458
33.9029
33.9215
33.9206
33.9438
33.9041
33.9149
33.9425
33.9398
33.8784
33.9282
33.951
33.9491
33.96
33.9632
33.9589
34.0051
34.0002
33.9975
33.995
33.9904
33.9752
33.9876
33.9503
33.966
33.9711
33.9608
33.8557
33.8754
33.8115
33.8251
33.8113
33.8504
33.8798
33.8532
33.7994
33.7991
33.8389
33.8399
33.8375
33.8168
33.8488
33.9249
33.9154
33.8684
33.9016
33.901
33.8858
33.8861
33.8974
33.8874
33.831
33.8335
33.8473
33.8506
33.8567
33.853
33.8642
33.8808
33.8922
33.8844
33.8865
33.8818
33.8884
33.9061
33.8988
33.8976
33.9121
33.9193
33.9025
33.9111
33.8999
33.9109
33.9361
33.9107
33.9135
33.9817
33.9676
33.9876
33.9795
33.9676
33.9128
33.914
33.9149
33.9391
33.9015
33.9234
33.908
33.9333
33.8995
33.9512
33.9646
33.9662
33.9842
34.0171
33.9761
33.9911
34.0116
33.9533
33.9442
33.9829
33.9782
33.9748
33.9667
33.965
33.9595
33.961
33.9443
33.9593
33.9561
33.9753
33.8803
33.8776
33.8783
33.9075
33.8827
33.9031
33.9029
33.897
33.8728
33.8715
33.9036
33.9019
33.9033
33.8784
33.906
33.8916
33.8617
33.885
33.8649
33.8561
33.8563
33.8824
33.8139
33.8254
33.883
33.8732
33.8823
33.9047
33.907
33.8936
33.9021
33.9016
33.9134
33.8858
33.9274
33.9142
33.8964
33.9361
33.9256
33.9096
33.9121
33.9364
33.9119
33.911
33.9191
33.9134
33.9488
33.926
33.9191
33.9731
33.9669
33.9746
33.959
33.9633
33.9188
33.935
33.9027
33.9269
33.8972
33.9307
33.9109
33.9236
33.8986
34.0837
33.9815
34.0196
34.0873
34.0937
33.9787
34.0306
34.0469
33.9362
33.9332
33.9539
33.9535
33.954
33.944
33.9452
33.9612
33.9538
33.9452
33.96
33.9517
33.9907
33.8823
33.903
33.9347
33.9015
33.9143
33.9753
33.9152
33.9353
33.9317
33.9321
33.9677
33.9607
33.9588
33.9322
33.9569
33.8597
33.8816
33.8783
33.7704
33.7796
33.8315
33.8768
33.7764
33.7332
33.9316
33.9171
33.9248
33.9552
33.9543
33.9425
33.9477
33.9297
33.9481
33.9191
33.9475
33.94
33.9531
33.9714
33.9612
33.9183
33.9232
33.9473
33.9314
33.9372
33.9412
33.9335
33.9659
33.9625
33.9572
33.9514
33.9597
33.9458
33.9443
33.9525
33.9505
33.9687
33.9315
33.9315
33.9056
33.9503
33.9566
33.9366
33.9216
34.0458
33.9687
34.0115
33.9952
33.9786
33.969
33.9892
33.9782
33.9374
33.9454
33.9406
33.9405
33.9479
33.9368
33.9378
33.9573
33.9491
33.9465
33.9528
33.9479
33.9865
33.9345
33.978
34.0091
33.9384
33.9564
34.0285
33.9623
33.9773
33.9866
33.9814
34.0144
34.0055
33.9982
33.9787
33.9959
33.9423
34.0292
33.8777
33.8532
33.757
33.9336
33.9076
33.9601
33.8381
33.9764
33.968
33.9712
33.9978
33.9945
33.9914
33.9927
33.9684
33.9867
34.0001
33.9867
33.987
34.0563
34.036
34.0305
33.9463
33.9531
33.9756
33.9587
33.9672
33.9979
33.9946
34.0796
34.0373
34.0312
33.9445
33.9484
33.9421
33.949
33.9498
33.9869
34.0139
33.9752
33.9504
33.9416
33.9501
33.9898
33.9645
33.9533
33.9217
33.9609
33.9648
33.8704
33.8765
33.9496
33.9363
33.9226
33.9555
33.9638
33.939
33.9406
33.9582
33.9475
33.9479
33.9484
33.9516
33.9622
33.9433
33.9573
33.9614
34.0022
33.9697
34.0363
33.9778
33.9952
34.0302
33.9783
33.9989
34.0159
34.0073
34.0247
34.0171
34.0068
34.0059
34.0081
34.114
34.1505
33.9353
34.0485
33.9488
34.0228
33.9413
34.0802
34.0314
34.0069
34.0101
34.0093
34.0163
34.0124
34.0253
34.0203
34.002
34.0129
34.1328
34.1001
34.1002
34.1849
34.1521
34.1396
33.9736
33.9808
34.0009
33.9849
33.992
34.057
34.0587
34.0586
34.0429
34.0674
33.9574
33.9571
33.9588
33.9651
33.9609
34.0241
34.0387
33.9978
33.9758
33.9563
34.003
34.0027
33.9886
33.947
33.8574
33.9289
33.922
33.8597
33.8535
33.9071
33.907
33.9092
33.9692
33.9718
33.9514
33.9514
33.975
33.9581
33.9587
33.9365
33.9596
33.9691
33.9335
33.9622
33.9258
33.9208
33.9114
34.0168
33.9751
33.9901
34.0064
33.9747
33.9835
34.0129
33.999
34.0168
34.0101
33.9886
34.0036
33.9975
34.132
34.0871
33.914
34.0647
34.0259
33.9795
33.8945
34.0433
33.9725
34.0128
34.0321
34.0257
34.0027
34.0091
34.0317
34.0265
34.0201
34.0238
34.177
34.1271
34.0916
34.1446
34.0561
34.0293
33.9994
34.0035
34.0191
34.0151
34.0139
34.0061
34.0475
33.9539
33.9635
34.009
33.9738
33.9688
33.9761
33.9825
33.9771
34.0381
34.0219
34.0036
33.9953
33.94
34.0294
33.9985
33.995
33.934
33.8635
33.9059
33.9088
33.8747
33.8829
33.9236
33.9246
33.9228
33.975
33.9785
33.9637
33.9661
33.9899
33.9704
33.9722
33.9434
33.9658
33.984
33.9631
33.9712
33.9503
33.9277
33.9912
34.009
33.9795
33.9901
34.0236
34.0077
34.0043
34.0113
33.9831
34.0241
34.0141
33.9881
33.9966
33.9996
34.0432
34.0126
33.9256
34.0246
33.941
33.9987
33.9773
34.0097
33.9443
34.0031
34.024
34.025
33.9817
34.0014
34.0154
34.0234
34.0249
34.0262
34.0898
33.9948
33.9809
34.0326
33.9262
33.9197
34.0208
34.0202
34.0277
34.0247
34.0239
33.9126
33.9603
33.8554
33.8645
33.9256
33.9915
33.9858
33.997
34.0003
33.9966
33.9983
33.9791
33.9896
33.9868
33.9348
33.9949
33.9661
33.9765
33.936
33.9219
33.9607
33.9614
33.96
33.9795
34.0038
34.0144
33.9769
33.9794
33.9863
33.9752
33.9824
34.0106
33.9881
33.9998
33.9888
33.9894
34.0342
34.0252
34.0158
34.0248
34.0331
34.0235
34.037
34.0365
34.024
34.0568
34.0627
34.04
34.018
34.0037
34.0468
34.0292
34.0257
34.0097
34.0289
33.9953
33.9883
34.0048
33.9994
33.9521
34.0096
34.0035
33.9929
33.9541
34.0059
34.0061
34.0266
33.9888
34.0187
33.9996
34.0339
34.0289
34.0338
33.9897
33.8355
33.8851
33.9741
33.8692
33.9057
34.0285
34.0277
34.035
34.0339
34.0321
33.8772
33.9119
33.9289
33.8981
33.9356
34.0114
34.0072
34.0193
34.022
34.018
33.9635
33.9535
33.9489
33.9646
33.9431
33.931
33.9536
33.9576
33.9653
34.0322
34.0364
34.0547
34.0464
34.0618
34.0626
34.0746
34.0402
34.0023
34.0291
34.0079
34.0205
34.0491
34.0367
34.0464
34.0742
34.0402
34.0598
34.115
34.0699
34.0728
34.0228
34.0165
34.0718
34.0669
34.0623
34.0719
34.0383
34.0655
34.0416
34.0472
34.0454
34.0321
34.0578
34.0513
34.0672
33.9875
33.9918
33.9988
33.9895
33.9478
34.0004
33.9958
33.9887
33.9447
34.0379
33.9988
34.0436
34.0294
34.0567
34.0115
34.0547
34.0414
34.05
33.978
33.9361
33.9444
33.9894
33.9788
33.9756
34.0393
34.0368
34.0425
34.0439
34.0408
33.9192
33.9881
33.9865
33.9723
34.0226
34.0315
34.0268
34.0339
34.0391
34.0366
33.946
33.9518
34.0282
33.97
34.0049
33.992
34.1415
34.0164
34.0361
34.0691
34.0707
34.0755
34.0555
34.0721
34.0614
34.0722
34.0633
34.0511
34.0549
34.0676
34.0729
34.0906
34.0979
34.0989
34.1343
34.0897
34.0926
34.1428
34.1082
34.0866
34.0112
34.0115
34.0541
34.0188
34.0402
34.0317
34.0102
34.0073
34.03
34.0595
34.043
34.0339
34.0556
34.0738
34.0745
33.9978
34.0056
33.9928
33.9916
33.9611
33.9998
33.9966
33.998
33.9804
34.0689
34.027
34.0637
34.059
34.0746
34.0397
34.0696
34.058
34.0635
34.0009
34.0019
33.9951
34.0123
34.017
34.0064
34.0479
34.0443
34.0493
34.0498
34.0455
34.0101
34.0091
34.0403
34.0305
33.9485
34.0461
34.0459
34.0456
34.0525
34.0542
33.9974
34.0468
34.2551
34.0584
34.0667
34.1553
34.312
34.0883
34.0769
34.0768
34.0505
34.0724
34.063
34.0841
34.0334
34.077
34.0771
34.1031
34.1502
34.1217
34.1225
34.1336
34.1507
34.1401
34.1398
34.1187
34.1107
34.1305
34.1228
34.083
34.0152
34.0201
34.0249
34.0109
33.9955
34.0391
34.0176
34.0041
34.025
34.0506
34.0371
34.0189
34.0482
34.0727
34.0723
34.0129
34.0172
34.0051
34.0058
34.0037
34.0076
34.0126
34.0108
34.0161
34.075
34.0488
34.0709
34.066
34.0719
34.0563
34.0689
34.0657
34.0648
34.0209
34.0292
34.0161
34.0254
34.0353
34.0233
34.0505
34.0463
34.0487
34.0494
34.0457
34.0369
33.9501
34.0493
34.0411
34.0113
34.0584
34.0638
34.0553
34.0612
34.0687
34.1139
34.1563
34.2382
34.1151
34.0808
34.2493
34.1476
34.1433
34.0844
34.0976
34.012
34.0872
34.126
34.0993
34.0222
34.0979
34.0917
34.1555
34.1277
34.158
34.1409
34.1248
34.1485
34.1312
34.115
34.1222
34.1203
34.088
34.1177
34.0771
34.0231
34.022
34.0504
34.0234
34.0185
34.0502
34.024
34.0184
34.0155
34.0463
34.0192
34.0052
34.0428
34.0729
34.0705
34.0177
34.0141
34.0187
34.0127
34.0211
34.0098
34.0182
34.0099
34.021
34.0655
34.0573
34.0628
34.0675
34.0572
34.0528
34.055
34.0613
34.0572
34.025
34.0356
34.0249
34.0204
34.029
34.0205
34.0464
34.0435
34.0428
34.0421
34.04
34.0413
34.0521
34.0361
34.0296
34.0696
34.0604
34.0707
34.052
34.057
34.068
34.1492
34.1154
34.069
34.1426
34.064
34.1492
34.0048
34.1031
34.0316
34.0936
34.0524
34.0984
34.1114
34.0803
34.0648
34.0924
34.0854
34.088
34.0448
34.1235
34.0992
34.0276
34.0879
34.061
34.0478
34.1024
34.0996
34.0109
34.0862
34.0775
34.017
34.0087
34.0394
34.0187
34.0087
34.015
34.0097
33.9944
33.9959
34.0364
33.9974
33.9913
34.0284
34.0641
34.0532
34.0069
33.9976
34.0139
34.0037
34.0134
33.9995
34.007
33.9961
34.0034
34.0482
34.0429
34.047
34.0541
34.039
34.0304
34.0387
34.0481
34.0395
34.0116
34.0164
34.0103
33.9998
33.9994
33.9945
34.0366
34.0358
34.0322
34.0319
34.0318
34.0096
34.0629
33.991
33.9853
34.038
34.0519
34.0627
34.042
34.0463
34.0555
34.0693
34.0247
33.9457
34.0439
33.978
34.0046
33.8883
33.9869
33.9203
34.067
34.0564
34.0781
34.0473
34.0524
34.0481
34.0618
34.0592
33.985
33.9246
34.0457
34.0187
33.9366
34.0031
33.992
33.9854
34.0627
34.0473
33.9642
34.0382
34.0504
33.9985
33.9894
33.9852
33.9992
33.9736
33.9666
33.9922
33.9613
33.9865
34.0212
33.9789
33.9843
34.0147
34.0391
34.0242
33.9874
33.9775
33.9982
33.988
33.9942
33.9847
33.9897
33.98
33.9861
34.028
34.018
34.0299
34.0243
34.022
34.0086
34.0229
34.0314
34.0253
33.9862
33.9793
33.9758
33.9721
33.9574
33.9562
34.027
34.0281
34.0233
34.0243
34.0256
33.9593
34.0073
33.9343
33.9312
33.977
34.0406
34.0481
34.032
34.0353
34.0395
33.989
33.9545
33.8605
33.9407
33.881
33.9211
33.843
33.9094
33.8471
34.0372
34.0323
34.0451
33.9967
34.0229
34.019
34.0303
34.0305
33.8878
33.8647
33.9717
33.9685
33.9079
33.9488
33.9515
33.9524
34.012
33.9921
33.9386
33.9896
34.0127
33.9838
33.9829
33.975
33.9899
33.9607
33.9808
33.9903
33.9765
33.9863
34.0123
33.9888
33.9946
34.0125
34.0123
34.0071
33.9686
33.9619
33.9836
33.9729
33.9797
33.9747
33.9811
33.9675
33.9756
34.0172
34.0052
34.0194
34.0067
34.0166
34.0068
34.0191
34.022
34.0214
33.958
33.9372
33.9372
33.9478
33.9209
33.9227
34.0232
34.0244
34.0217
34.0237
34.0248
33.9044
33.9457
33.8871
33.8825
33.9139
34.031
34.0306
34.0264
34.029
34.0258
33.9338
33.9155
33.8364
33.8967
33.8343
33.8843
33.8363
33.8899
33.8419
34.0121
34.0048
34.018
33.9637
34.0028
33.9958
34.0096
34.0104
33.8532
33.8593
33.9385
33.9447
33.9218
33.9445
33.949
33.9307
33.9722
33.9567
33.9271
33.9641
33.9834
33.9852
33.9906
33.9904
33.9905
33.991
34.0024
33.9922
34.0041
34.0061
34.0112
34.0181
34.0154
34.0093
34.0092
34.0146
33.9573
33.9556
33.9819
33.9637
33.9738
33.9749
33.9861
33.9622
33.9745
34.0181
34.0124
34.0194
34.0152
34.0213
34.0185
34.0209
34.0228
34.026
33.9417
33.9103
33.914
33.9397
33.9054
33.9108
34.0261
34.0272
34.0289
34.0299
34.0311
33.863
33.8957
33.8574
33.8482
33.8841
34.0294
34.023
34.0307
34.0326
34.0279
33.9073
33.9113
33.8444
33.8965
33.8572
33.8869
33.8547
33.9084
33.8706
34.0037
33.9861
34.0084
33.9681
34.0138
33.9886
34.0186
34.02
33.8741
33.8935
33.9554
33.9603
33.9575
33.96
33.9729
33.9366
33.9783
33.996
33.9501
34.0087
33.993
33.9976
34.0065
34.0127
33.9998
34.0179
34.0234
34.0122
34.0283
34.0274
34.0127
34.0404
34.0363
34.0235
34.0188
34.026
33.9569
33.9608
33.9914
33.9636
33.978
33.9849
33.9985
33.9672
33.9828
34.0277
34.0255
34.0269
34.0307
34.0343
34.0326
34.0334
34.0312
34.0371
33.9417
33.9046
33.9099
33.9469
33.9077
33.9101
34.0357
34.0364
34.0396
34.0418
34.0422
33.8367
33.8762
33.8556
33.8384
33.8682
34.0372
34.0383
34.0415
34.0436
34.0451
33.9208
33.9341
33.8718
33.9196
33.8799
33.9
33.8917
33.9292
33.8812
34.031
34.007
34.034
34.0306
34.0506
34.0307
34.0513
34.0502
33.9147
33.9366
33.9598
33.9932
33.9992
33.97
34.0072
33.9729
34.0483
34.0483
34.0185
34.083
34.0381
34.0183
34.0277
34.035
34.0269
34.0366
34.0446
34.0374
34.0432
34.0381
34.0333
34.0509
34.0408
34.0407
34.0355
34.0431
33.9676
33.9773
34.0078
33.9734
33.9901
34.0031
34.0172
33.9817
33.9963
34.0412
34.0384
34.0393
34.0453
34.0476
34.0405
34.0451
34.0426
34.0475
33.9559
33.9157
33.9136
33.9681
33.9309
33.9232
34.0488
34.0484
34.0488
34.0547
34.0537
33.8552
33.86
33.899
33.8942
33.8593
34.0502
34.0532
34.0543
34.0557
34.0615
33.9489
33.9644
33.9041
33.9353
33.8856
33.909
33.9132
33.939
33.888
34.0678
34.0613
34.07
34.0718
34.0836
34.0751
34.0831
34.0756
33.9607
33.983
33.9939
34.0226
34.0379
34.0235
34.038
34.0562
34.1041
34.0668
34.0729
34.113
34.0782
34.0347
34.0416
34.0519
34.0439
34.0476
34.0574
34.0483
34.0505
34.0454
34.0461
34.0567
34.0496
34.0502
34.049
34.0538
33.9891
34.0031
34.0251
33.9915
34.0021
34.0253
34.0323
34.0025
34.009
34.0529
34.0417
34.0504
34.0542
34.0571
34.0432
34.0543
34.0518
34.0549
33.9834
33.954
33.9435
34.0009
33.9794
33.9718
34.0594
34.0581
34.0557
34.0627
34.0618
33.9515
33.8711
33.9884
34.0086
33.9028
34.0603
34.0674
34.0632
34.0638
34.0706
33.9838
34.0049
33.9215
33.9408
33.8924
33.9227
33.926
33.9477
33.893
34.0922
34.0795
34.0873
34.0831
34.0935
34.0793
34.0853
34.0845
33.9997
34.0078
34.044
34.0487
34.0528
34.0555
34.0527
34.0874
34.1087
34.065
34.0849
34.1004
34.0862
34.0478
34.0538
34.061
34.0521
34.0536
34.0652
34.0566
34.0568
34.0526
34.0536
34.0607
34.0559
34.057
34.058
34.0614
34.0174
34.0322
34.0392
34.0145
34.0168
34.0493
34.0459
34.0275
34.0253
34.0602
34.0445
34.0568
34.0596
34.0625
34.0462
34.0584
34.0573
34.0591
34.0173
34.004
33.9992
34.0325
34.0248
34.0205
34.0657
34.0657
34.0592
34.0682
34.0691
34.0489
33.9448
34.0441
34.0673
34.0108
34.0664
34.072
34.0674
34.0683
34.072
34.0302
34.0593
33.9332
33.9557
33.8978
33.965
33.9343
33.9662
33.8961
34.0891
34.0731
34.08
34.0607
34.0799
34.0665
34.0722
34.079
34.0077
34.0005
34.0529
34.0483
34.0574
34.0428
34.0378
34.0751
34.087
34.0495
34.0559
34.0706
34.071
34.0605
34.0681
34.0691
34.062
34.0604
34.073
34.0686
34.0647
34.0597
34.0611
34.0673
34.0639
34.0664
34.0649
34.069
34.0474
34.0634
34.0533
34.0406
34.0342
34.0715
34.0615
34.0541
34.0438
34.0644
34.0496
34.0606
34.0645
34.0674
34.0548
34.0637
34.0617
34.0652
34.0476
34.0422
34.0372
34.063
34.0575
34.0524
34.0696
34.0713
34.0623
34.0711
34.0725
34.078
34.1183
34.0738
34.0912
34.172
34.0683
34.0701
34.0672
34.0681
34.0685
34.083
34.0947
33.9224
33.9741
33.8919
33.995
33.894
33.9859
33.8836
34.0683
34.055
34.0639
34.0226
34.0548
34.0475
34.0555
34.065
33.9871
33.9666
34.0218
34.0194
34.0237
33.9955
33.9974
34.0322
34.0561
34.0217
34.0049
34.0406
34.0464
34.0769
34.0868
34.078
34.0761
34.0703
34.0839
34.0847
34.0772
34.0692
34.0728
34.0788
34.0759
34.0796
34.0737
34.0789
34.0795
34.0956
34.0708
34.0676
34.0538
34.0919
34.0811
34.081
34.0649
34.071
34.0597
34.068
34.0723
34.0754
34.0645
34.0723
34.0704
34.0766
34.0795
34.0719
34.0668
34.0936
34.0854
34.0806
34.0744
34.0746
34.0688
34.0775
34.0771
34.104
34.1801
34.1008
34.1134
34.1993
34.0688
34.0675
34.0698
34.0705
34.0674
34.1177
34.2583
33.8723
34.001
33.8743
34.0477
33.8702
34.0118
33.8741
34.0433
34.0363
34.046
33.991
34.0342
34.0253
34.0378
34.0538
33.9443
33.9277
33.9668
33.9663
33.9423
33.9272
33.9314
33.9756
34.0147
33.976
33.9472
33.9902
34.0212
34.0979
34.1101
34.0912
34.0945
34.0857
34.0998
34.1053
34.0954
34.0831
34.0871
34.0941
34.0912
34.0952
34.085
34.0916
34.1111
34.1266
34.0924
34.0943
34.0777
34.1165
34.1048
34.1081
34.0912
34.081
34.0699
34.0775
34.0828
34.0873
34.0723
34.083
34.0836
34.09
34.1082
34.0974
34.0933
34.1235
34.1098
34.1063
34.0837
34.0813
34.0812
34.0906
34.0861
34.1125
34.1933
34.1077
34.1053
34.1455
34.0727
34.0678
34.0763
34.0765
34.0701
34.2937
34.1834
33.9002
34.0241
33.8836
34.0184
33.9409
34.0236
33.9123
34.0261
34.0079
34.0308
33.9784
34.0233
33.9976
34.0274
34.0482
33.927
33.9399
33.9048
33.9131
33.9226
33.8913
33.9108
33.9371
33.9756
33.9532
33.9312
33.9696
33.9984
34.123
34.1366
34.1096
34.1166
34.106
34.1205
34.1285
34.1173
34.1003
34.1038
34.1139
34.1106
34.1129
34.0989
34.1071
34.1426
34.1602
34.1178
34.1234
34.1063
34.1457
34.1318
34.1402
34.1227
34.095
34.0746
34.0897
34.0967
34.1038
34.0764
34.0976
34.0957
34.1026
34.1394
34.124
34.1215
34.157
34.142
34.1388
34.0965
34.0933
34.0958
34.1023
34.1003
34.1045
34.1035
34.1258
34.1141
34.0849
34.0835
34.0736
34.0912
34.0903
34.0816
34.1156
34.1134
33.9648
34.0384
33.9296
34.1971
33.9565
34.0542
33.9549
34.0252
33.9905
34.0268
33.992
34.0309
33.9832
34.029
34.0513
33.9544
33.9763
33.8925
33.9171
33.9516
33.9134
33.9386
33.9163
33.9709
33.9728
33.9514
33.9875
33.9828
34.1509
34.1659
34.1322
34.141
34.1292
34.1448
34.1543
34.1419
34.122
34.1226
34.1378
34.1346
34.1327
34.1161
34.1272
34.1789
34.1991
34.1467
34.1583
34.1412
34.1791
34.1626
34.1778
34.1598
34.1139
34.0806
34.1082
34.1167
34.1262
34.089
34.1224
34.1113
34.1203
34.1761
34.1621
34.1583
34.1967
34.184
34.1789
34.1068
34.1067
34.1121
34.1083
34.109
34.1315
34.0871
34.1674
34.1527
34.1022
34.0999
34.0786
34.0862
34.0999
34.0638
34.1135
34.1156
33.9537
34.0723
33.9931
34.1253
34.0093
34.0453
34.0184
34.041
33.9897
34.0336
34.0204
34.0532
33.9852
34.0407
34.0608
34.004
34.0245
33.9266
33.9476
33.9873
33.9534
33.963
33.9857
34.0097
34.0747
34.0397
34.0701
33.9973
34.1814
34.1969
34.158
34.1679
34.155
34.1712
34.1815
34.1684
34.1483
34.1444
34.1653
34.1617
34.157
34.1408
34.1569
34.2196
34.2396
34.1788
34.1981
34.1788
34.215
34.1954
34.2182
34.1971
34.1411
34.1042
34.1379
34.1481
34.1583
34.1262
34.1625
34.1364
34.1649
34.2176
34.2064
34.2002
34.2378
34.2292
34.2207
34.1081
34.1076
34.1399
34.108
34.1048
34.1765
34.1243
34.2088
34.2017
34.1528
34.0749
34.0421
34.0158
34.0354
34.0132
34.1325
34.1769
34.0911
34.1536
34.0624
34.1885
34.1509
34.3063
34.1357
34.0634
34.0088
34.0647
34.0841
34.0657
34.0696
34.0895
34.0527
34.0514
34.0949
33.9822
34.0063
33.9551
33.9975
34.0528
34.1406
34.1234
34.1438
34.1811
34.1314
34.1003
34.2116
34.2248
34.1848
34.1944
34.1824
34.1995
34.2069
34.1972
34.1762
34.172
34.1956
34.1924
34.1897
34.1759
34.1983
34.2574
34.271
34.2114
34.2365
34.2142
34.2479
34.2262
34.2523
34.2285
34.1809
34.1554
34.187
34.1941
34.2069
34.1879
34.2124
34.1901
34.209
34.2544
34.2448
34.2377
34.2662
34.2568
34.2493
34.1156
34.1064
34.1749
34.1164
34.1187
34.2194
34.1856
34.2348
34.2292
34.2103
34.0187
34.0055
34.0034
34.0214
34.0098
34.217
34.238
34.1848
34.3862
34.2395
34.2623
34.21
34.3826
34.3331
34.0609
34.1001
34.0906
34.0843
34.0374
34.0919
34.0875
34.0273
34.1398
34.2199
33.9782
34.0562
33.9989
33.9376
34.0167
34.1657
34.1173
34.1059
34.1231
34.1054
34.1074
34.2359
34.2449
34.2141
34.2186
34.2116
34.2274
34.229
34.2252
34.2098
34.2099
34.227
34.2264
34.2304
34.2233
34.2461
34.2798
34.2855
34.2382
34.2651
34.2399
34.2712
34.2473
34.2739
34.2475
34.2339
34.2218
34.2414
34.2506
34.2615
34.2633
34.2774
34.233
34.2601
34.2723
34.2627
34.2535
34.2729
34.2623
34.2512
34.1237
34.1304
34.212
34.1362
34.1465
34.2307
34.2215
34.2269
34.2219
34.22
34.0412
34.0092
34.0526
34.0611
33.9948
34.2352
34.2229
34.2285
34.3358
34.3632
34.1985
34.2243
34.291
34.3399
34.0074
34.0658
34.0708
34.033
33.9752
34.0261
34.0423
33.9645
34.2681
34.2998
34.0005
34.0472
34.2091
34.0817
34.1072
34.085
34.1087
34.1011
34.035
34.1151
34.0508
34.2512
34.2543
34.2387
34.2375
34.2367
34.2464
34.2436
34.2447
34.2413
34.2502
34.2536
34.2543
34.2663
34.2683
34.2892
34.2871
34.285
34.253
34.2786
34.2504
34.2755
34.2553
34.2742
34.2483
34.2849
34.2926
34.2924
34.2971
34.3038
34.2915
34.2962
34.2782
34.2907
34.2682
34.2564
34.2428
34.2596
34.2468
34.2307
34.1493
34.1641
34.2485
34.1639
34.1809
34.2065
34.2072
34.1973
34.1877
34.189
34.0791
33.9658
34.0906
34.1001
33.966
34.2079
34.1911
34.2121
34.2483
34.2931
34.1621
34.1793
34.216
34.2433
33.9534
33.9803
34.0122
33.9512
33.9501
33.9508
33.9985
33.9308
34.2917
34.2635
34.1413
34.1563
34.2228
34.1857
34.1875
33.966
34.1104
34.0464
33.8391
34.0865
33.9574
34.2539
34.2505
34.2512
34.2467
34.2496
34.253
34.2463
34.2502
34.2629
34.2786
34.268
34.2688
34.2855
34.3065
34.3205
34.2786
34.2693
34.2541
34.2665
34.2415
34.2598
34.2505
34.2558
34.2309
34.3179
34.2884
34.3022
34.3294
34.3266
34.2809
34.3013
34.2996
34.3055
34.2478
34.235
34.2162
34.233
34.221
34.1998
34.1774
34.199
34.2676
34.189
34.2168
34.1686
34.1722
34.1648
34.1514
34.1559
34.1312
34.0067
34.1489
34.1665
34.0801
34.1733
34.1571
34.142
34.1897
34.2077
34.1322
34.1142
34.1674
34.1768
33.9588
33.9664
34.025
34.0453
34.057
34.0497
34.0932
34.0837
34.2292
34.2042
34.2078
34.1981
34.2077
34.2122
34.1957
33.746
34.0557
33.993
33.8281
34.0609
33.9959
34.2437
34.2341
34.2497
34.2419
34.2464
34.2436
34.2333
34.2385
34.2713
34.2891
34.2691
34.2711
34.2944
34.3287
34.3347
34.2586
34.248
34.2438
34.2429
34.2169
34.2353
34.2343
34.2285
34.2019
34.332
34.27
34.3
34.3408
34.3318
34.2514
34.2908
34.3077
34.3047
34.216
34.2061
34.1833
34.1992
34.1925
34.169
34.1984
34.2319
34.2717
34.2003
34.2393
34.1363
34.1433
34.1397
34.1227
34.1334
34.2002
34.1545
34.2013
34.2242
34.1941
34.1457
34.1384
34.0925
34.1532
34.1693
34.1143
34.0864
34.1553
34.1733
34.1726
34.1517
34.1409
34.2118
34.2647
34.3483
34.3323
34.2547
34.2111
34.2044
34.2055
34.1954
34.2425
34.2097
34.2016
34.065
34.1262
34.2202
34.3025
34.2014
34.3459
34.2216
34.2067
34.2356
34.2218
34.228
34.2263
34.2082
34.2168
34.2687
34.2986
34.2618
34.2646
34.2978
34.3418
34.3402
34.2372
34.2251
34.2219
34.2131
34.1866
34.2063
34.2068
34.1956
34.1702
34.3257
34.2299
34.2765
34.3183
34.3102
34.2037
34.2526
34.2958
34.2815
34.1836
34.1799
34.1567
34.1684
34.1678
34.147
34.1935
34.2372
34.2495
34.177
34.2272
34.1107
34.1265
34.1221
34.1038
34.1235
34.2368
34.2148
34.2059
34.2393
34.2182
34.1309
34.1256
34.0845
34.149
34.1629
34.1067
34.0797
34.1434
34.1524
34.3193
34.4741
34.457
34.2496
34.3055
34.4366
34.4026
34.2775
34.2027
34.1994
34.2089
34.2028
34.2247
34.2035
34.1981
34.395
34.2391
34.2556
34.3605
34.2409
34.485
34.1904
34.1735
34.2126
34.193
34.2032
34.1927
34.1765
34.1851
34.2562
34.2925
34.2379
34.239
34.2796
34.3292
34.31
34.2112
34.1977
34.1901
34.1794
34.1524
34.175
34.1729
34.1668
34.1337
34.287
34.1768
34.2214
34.2571
34.2616
34.1502
34.1876
34.2583
34.2321
34.1546
34.1589
34.1419
34.1472
34.1538
34.1412
34.1519
34.2076
34.206
34.1272
34.1853
34.1019
34.1224
34.1216
34.1038
34.1244
34.2314
34.2094
34.1743
34.2194
34.1926
34.1256
34.1307
34.0664
34.1324
34.1538
34.1147
34.0733
34.1276
34.1459
34.2667
34.3539
34.3286
34.1798
34.2272
34.2742
34.2702
34.2291
34.1793
34.1647
34.1913
34.1858
34.1755
34.1748
34.172
34.2954
34.2205
34.1943
34.2367
34.1947
34.2807
34.1562
34.1387
34.1671
34.158
34.1604
34.1371
34.1364
34.1307
34.2107
34.2523
34.171
34.1737
34.2095
34.2787
34.2382
34.1884
34.1884
34.1557
34.1579
34.1158
34.154
34.1403
34.1557
34.0995
34.227
34.1125
34.1451
34.1777
34.1841
34.0673
34.0976
34.2018
34.1668
34.1523
34.1588
34.1451
34.1705
34.1751
34.1685
34.099
34.1602
34.1509
34.0704
34.1342
34.115
34.1456
34.1569
34.1389
34.1651
34.2041
34.1757
34.1333
34.1896
34.156
34.1464
34.1611
34.0973
34.1461
34.1338
34.1295
34.1087
34.1691
34.1378
34.1956
34.2179
34.2256
34.13
34.1671
34.1759
34.1957
34.1834
34.1543
34.1556
34.1643
34.1596
34.1455
34.1515
34.1486
34.1968
34.1711
34.1466
34.1661
34.1511
34.1829
34.122
34.107
34.1025
34.113
34.0973
34.0632
34.0888
34.0608
34.1282
34.1504
34.0676
34.0701
34.0767
34.1839
34.1146
34.1978
34.2108
34.1276
34.1634
34.0904
34.1462
34.1175
34.1677
34.0851
34.1278
34.0127
34.0435
34.0387
34.0568
33.9498
33.9825
34.1276
34.081
34.1901
34.2006
34.2065
34.2384
34.2482
34.2558
34.0407
34.109
34.0929
34.0115
34.087
34.1684
34.193
34.2371
34.2209
34.2364
34.1708
34.1395
34.0949
34.1494
34.1215
34.1947
34.2389
34.1201
34.1747
34.1497
34.2082
34.1356
34.2098
34.1739
34.1476
34.15
34.174
34.0946
34.1292
34.1294
34.1558
34.1472
34.1619
34.1687
34.1431
34.1398
34.1331
34.1331
34.1302
34.145
34.1352
34.1156
34.1268
34.1202
34.1355
34.0975
34.0866
34.0233
34.0626
34.023
33.9877
34.0393
33.9884
34.0015
33.9853
33.9302
33.9307
33.8784
34.0253
33.9146
34.2137
34.1914
34.1115
34.1649
34.0895
34.1409
34.1083
34.1497
34.0878
33.9707
33.887
33.9187
33.8496
33.8721
33.8193
33.8428
34.0256
33.9658
34.2771
34.2783
34.27
34.2571
34.2665
34.248
33.9932
34.0697
34.0107
33.9807
34.0538
34.2682
34.2805
34.2907
34.2782
34.2921
34.1275
34.104
34.0484
34.1035
34.0866
34.2777
34.2819
34.1428
34.2201
34.1845
34.2193
34.1396
34.2061
34.1816
34.1122
34.1142
34.1386
34.0646
34.0965
34.1005
34.1251
34.1148
34.1715
34.1612
34.1225
34.1189
34.1129
34.1081
34.105
34.1119
34.1061
34.0889
34.0986
34.0928
34.1042
34.0792
34.0708
33.9572
34.0215
33.9601
33.9327
34.0156
33.9439
33.861
33.7685
33.8256
33.8128
33.6792
33.7927
33.676
34.165
34.1386
34.1085
34.1348
34.075
34.1454
34.1022
34.1354
34.0595
33.7647
33.7454
33.7639
33.6056
33.6661
33.6597
33.6869
33.9012
33.8394
34.2143
34.2266
34.2136
34.1835
34.1933
34.1855
33.961
34.0395
33.9229
33.9344
34.0082
34.2545
34.2707
34.2182
34.2146
34.2268
34.0858
34.0724
34.0224
34.0735
34.0617
34.2524
34.2077
34.1219
34.1764
34.1607
34.1637
34.0983
34.1421
34.1305
34.0814
34.0884
34.1111
34.0397
34.0671
34.0781
34.0994
34.0814
34.1404
34.1168
34.0908
34.0887
34.0794
34.075
34.0729
34.0848
34.0794
34.0641
34.0721
34.0666
34.079
34.0709
34.0776
33.9309
34.0158
33.9413
33.9364
34.0191
33.9451
33.7892
33.63
33.8117
33.7932
33.6324
33.583
33.527
34.1154
34.1414
34.1094
34.1318
34.0488
34.1378
34.1095
34.1624
34.0652
33.5931
33.6153
33.6372
33.4425
33.5474
33.5985
33.6139
33.7939
33.7653
34.1448
34.1653
34.1642
34.1156
34.1444
34.146
33.9034
33.9571
33.8592
33.8712
33.9109
34.1737
34.1799
34.1439
34.1407
34.1422
34.0494
34.0474
34.0091
34.0208
34.0378
34.1641
34.1292
34.0804
34.1152
34.1053
34.1063
34.0636
34.0962
34.0831
34.0512
34.0694
34.0882
34.0195
34.0378
34.063
34.0753
34.0513
34.0939
34.0747
34.0592
34.0588
34.0527
34.0475
34.0482
34.0616
34.0558
34.0449
34.0528
34.0471
34.0606
34.0794
34.075
33.9531
34.0229
33.9591
33.9763
34.0295
33.977
33.8129
33.6748
33.8736
33.8484
33.7397
33.5163
33.6
34.1707
34.1565
34.0962
34.1877
34.0786
34.1048
34.0869
34.144
34.0899
33.5325
33.6079
33.6076
33.5272
33.5629
33.647
33.6131
33.7498
33.744
34.1202
34.1297
34.1318
34.122
34.1184
34.1196
33.8499
33.8761
33.8409
33.837
33.8565
34.1179
34.1161
34.1082
34.104
34.1003
33.9941
34.0269
33.972
33.9735
34.012
34.1059
34.093
34.0519
34.0845
34.068
34.0826
34.0436
34.0786
34.0587
34.0286
34.0538
34.0587
34.0107
34.0296
34.0437
34.0455
34.0369
34.0627
34.0562
34.0399
34.0418
34.0435
34.0368
34.039
34.0472
34.0418
34.0363
34.0434
34.038
34.0478
34.06
34.0538
34.0064
34.0503
34.0003
34.0345
34.0607
34.025
33.8955
33.8213
33.9732
33.948
33.8974
33.7031
33.8002
34.1322
34.1212
34.0365
34.113
34.0956
34.1213
34.0304
34.1119
34.0574
33.6388
33.7012
33.6181
33.7301
33.6933
33.7535
33.6529
33.7428
33.7608
34.1161
34.1108
34.1104
34.1125
34.109
34.1068
33.8357
33.8477
33.8625
33.8386
33.8593
34.0974
34.0935
34.1021
34.0975
34.0951
33.955
33.9962
33.9516
33.9479
33.99
34.0879
34.0934
34.0458
34.0796
34.0582
34.0878
34.0528
34.086
34.0642
34.0276
34.0352
34.0357
34.0076
34.0251
34.0302
34.0306
34.021
34.0577
34.0645
34.0391
34.0408
34.0569
34.0462
34.0457
34.0427
34.0389
34.04
34.0431
34.0434
34.0415
34.0956
34.1749
34.0704
34.0779
34.0638
34.1439
34.1404
34.1345
34.0129
33.9674
34.1163
34.0954
34.0422
33.8845
33.9716
34.1206
34.1336
34.0841
34.1164
34.0529
34.1272
34.1309
34.1349
34.0834
33.7617
33.8008
33.7048
33.8869
33.8383
33.8589
33.779
33.788
33.826
34.1155
34.1138
34.11
34.1283
34.1252
34.1192
33.8627
33.8868
33.9081
33.8909
33.9175
34.1068
34.1037
34.1256
34.123
34.1194
33.9463
33.989
33.9512
33.9527
33.992
34.1056
34.1236
34.0678
34.0993
34.0778
34.1194
34.0883
34.1173
34.0973
34.0213
34.0294
34.0287
34.0146
34.0157
34.0343
34.0282
34.0102
34.0798
34.0988
34.0571
34.0546
34.0901
34.0719
34.0702
34.0485
34.0528
34.0614
34.0573
34.0651
34.0465
34.2258
34.2521
34.2228
34.2165
34.2128
34.2779
34.2911
34.2727
34.1705
34.1163
34.2541
34.2242
34.1766
34.0558
34.1123
34.1566
34.1856
34.1779
34.1619
34.1222
34.2074
34.2178
34.1937
34.159
33.9227
33.9199
33.864
34.0171
33.9993
33.9811
33.9373
33.8807
33.9372
34.1491
34.1454
34.1404
34.1764
34.1711
34.1669
33.9158
33.9419
33.9567
33.9247
33.9523
34.1454
34.1413
34.1737
34.1723
34.1675
33.9498
33.9914
33.9371
33.9447
33.9745
34.1466
34.1733
34.1132
34.1407
34.1211
34.1685
34.1397
34.1668
34.1465
34.0119
34.0388
34.0283
34.0219
34.0043
34.0467
34.0264
33.9926
34.123
34.1485
34.0918
34.0929
34.1369
34.1156
34.1168
34.0644
34.0806
34.0925
34.0826
34.094
34.0526
34.2801
34.3053
34.3096
34.3365
34.3053
34.3186
34.3492
34.3128
34.2553
34.208
34.2991
34.2642
34.2103
34.1417
34.1476
34.2188
34.2536
34.2525
34.2279
34.1935
34.2765
34.2812
34.2612
34.2329
34.0455
34.0107
33.9702
34.0755
34.0509
34.0013
33.9674
33.9583
33.9504
34.2079
34.2019
34.1984
34.242
34.2359
34.2335
33.9156
33.94
33.9172
33.869
33.8888
34.2036
34.1966
34.2375
34.2363
34.2297
33.9126
33.9409
33.8486
33.8539
33.8831
34.2031
34.2359
34.1684
34.197
34.1749
34.2286
34.1973
34.2267
34.2039
33.9955
34.0518
34.0215
34.0134
33.9753
34.0488
34.0128
33.9382
34.176
34.2035
34.1391
34.1378
34.1854
34.1598
34.1573
34.1013
34.106
34.1151
34.1114
34.116
34.0782
34.3288
34.3569
34.3222
34.3538
34.3116
34.3418
34.3641
34.3235
34.2592
34.2076
34.2936
34.2549
34.2076
34.1447
34.1355
34.2905
34.3293
34.3106
34.2956
34.2747
34.3431
34.3431
34.3323
34.3169
34.0217
33.978
33.9353
34.0488
33.9835
33.9459
33.8558
33.9007
33.808
34.2785
34.2729
34.2708
34.3167
34.3133
34.3104
33.7781
33.7856
33.6962
33.6219
33.6175
34.2723
34.2659
34.3124
34.3114
34.3054
33.7483
33.7968
33.5991
33.5916
33.6755
34.2691
34.3046
34.2284
34.2573
34.2334
34.2972
34.2607
34.2877
34.2621
33.9477
34.0444
33.9954
33.9789
33.9064
34.0472
33.9749
33.8176
34.2303
34.2555
34.1797
34.1791
34.2213
34.2003
34.1954
34.118
34.1295
34.1339
34.1232
34.1406
34.0737
34.3895
34.4278
34.373
34.3862
34.348
34.4094
34.4189
34.382
34.2618
34.2125
34.3164
34.2782
34.2205
34.1254
34.1169
34.371
34.4158
34.38
34.3728
34.3594
34.4236
34.4213
34.4165
34.4013
33.928
33.9033
33.7564
33.9861
33.8589
33.8469
33.6249
33.667
33.451
34.3571
34.3582
34.3534
34.4017
34.4083
34.4004
33.3469
33.3277
33.1213
32.9031
32.8723
34.3538
34.3474
34.4057
34.402
34.3929
33.3204
33.5007
32.9493
32.9243
33.2296
34.3432
34.3849
34.2943
34.3221
34.2952
34.3759
34.3349
34.3636
34.3361
33.848
34.0415
33.9532
33.9326
33.7714
34.0333
33.9232
33.5892
34.2834
34.3181
34.225
34.2254
34.2743
34.2532
34.2571
34.1341
34.1581
34.1653
34.1464
34.1794
34.0888
34.4726
34.524
34.4488
34.4576
34.4196
34.4902
34.5072
34.4639
34.3034
34.2312
34.3778
34.3371
34.2471
34.1008
34.09
34.465
34.5209
34.468
34.4661
34.4476
34.5274
34.523
34.5226
34.5048
33.7657
33.7723
33.4546
33.896
33.656
33.6864
33.2313
33.1367
32.7198
34.4511
34.461
34.4518
34.5069
34.5132
34.5052
32.177
32.0375
31.855
30.9868
30.4737
34.454
34.4426
34.5091
34.5053
34.4929
32.1789
32.8675
31.2851
30.7681
32.2372
34.4297
34.4775
34.3794
34.4102
34.3834
34.4651
34.4292
34.4597
34.4385
33.669
34.0174
33.8793
33.8177
33.5268
34.003
33.8204
33.1682
34.3657
34.424
34.2919
34.3085
34.3844
34.3555
34.3645
34.1741
34.2179
34.2495
34.2183
34.2745
34.1233
34.5873
34.6628
34.5443
34.5655
34.5182
34.6157
34.6397
34.5919
34.3803
34.2747
34.4895
34.4421
34.3216
34.0856
34.1075
34.5879
34.663
34.587
34.5865
34.5702
34.671
34.6657
34.6629
34.6518
33.5292
33.609
32.9548
33.8177
33.4003
33.5471
32.615
32.0952
31.2493
34.5685
34.5675
34.5617
34.6401
34.6336
34.6343
29.369
25.873
28.6426
27.4017
16.8811
34.5545
34.5413
34.6125
34.6035
34.5865
26.7802
31.3064
27.854
17.9675
29.5668
34.5281
34.5774
34.4787
34.5157
34.4955
34.5676
34.535
34.5723
34.5564
33.3391
33.9881
33.7587
33.6388
33.0987
33.9673
33.6877
32.1975
34.4914
34.563
34.4302
34.4366
34.5462
34.5075
34.5094
34.2707
34.3464
34.3751
34.338
34.4244
34.1818
34.7559
34.8576
34.7036
34.7311
34.6809
34.8036
34.836
34.7792
34.5202
34.4083
34.6663
34.6204
34.5208
34.161
34.2481
34.7532
34.8519
34.7568
34.7517
34.7464
34.8656
34.8593
34.8508
34.8453
33.3137
33.5219
32.2604
33.8764
33.2999
33.5684
32.008
29.8598
27.7727
34.7242
34.7109
34.7197
34.8184
34.7925
34.8066
26.0614
10.5624
19.5008
-7.06974
24.9993
11.2321
-22.5084
-6.49547
-9.16632
-0.781093
-5.61075
0.0945822
34.6588
34.6272
34.7295
34.7167
34.6613
11.1094
27.0089
24.3943
11.809
21.7531
-1.62052
-8.18279
-4.7563
-0.31797
-7.39078
-0.363187
34.6246
34.6767
34.6069
34.6287
34.6329
34.68
34.6946
34.7028
34.7288
32.8134
33.9682
33.6269
33.4714
32.4631
33.9845
33.5928
29.2931
34.6548
34.7671
34.5969
34.6047
34.7403
34.695
34.7031
34.42
34.5119
34.5394
34.5048
34.5864
34.3071
34.9722
35.1085
34.9239
34.958
34.8974
35.051
35.0932
35.0268
34.7357
34.6536
34.9195
34.8668
34.8006
34.3711
34.5352
34.9566
35.0727
34.9713
34.9591
34.9517
35.1011
35.0938
35.0787
35.0615
33.3315
33.6985
31.9683
34.1445
33.4443
33.901
31.5419
27.3739
26.4145
5.70124
3.61251
6.01406
34.9226
34.8768
34.8857
35.0298
34.9644
34.9712
4.33638
26.2403
15.8507
24.3734
12.5222
26.9047
18.677
0.816894
2.94317
-1.03168
3.5741
1.70483
5.91957
0.760246
34.7784
34.6989
34.8662
34.8477
34.7719
15.8391
23.1711
7.07228
25.6834
17.4754
24.3621
13.0395
-0.86305
1.1651
1.37018
5.66225
0.707195
4.67927
2.3799
34.7267
34.7957
34.7653
34.7847
34.8237
34.8077
34.8177
34.8575
34.8996
32.1636
34.057
33.6017
33.7288
31.666
34.2249
33.5574
27.3713
7.91386
5.84424
6.29778
34.8734
34.9741
34.8094
34.8364
34.9747
34.9368
34.9502
34.6214
34.7143
34.7599
34.743
34.8602
34.5971
35.2545
35.4363
35.1892
35.2569
35.169
35.3151
35.4286
35.3255
35.0199
34.9798
35.2329
35.1998
35.2009
34.7482
35.0046
35.1955
35.3224
35.233
35.208
35.1895
35.3688
35.387
35.3422
35.315
33.6891
34.0957
31.7501
34.6735
34.1088
34.3103
32.4961
28.7827
13.1996
30.4193
15.7532
6.53919
4.28751
8.91145
11.2481
35.1324
35.0513
35.0621
35.2438
35.1424
35.149
17.0561
26.668
19.631
27.7636
18.8588
27.2273
20.4407
1.60034
8.03079
1.78143
8.49763
4.23541
8.77599
2.20153
34.9388
34.8647
35.0404
35.0241
34.9118
18.4473
25.788
16.6596
26.0739
18.918
24.7226
14.7633
1.59042
8.02751
3.25633
7.32511
1.58193
6.34509
3.16803
34.8719
34.884
34.884
34.9342
34.9885
34.8888
34.8846
34.968
34.997
31.6094
34.3623
33.5726
33.6919
31.8996
34.3874
33.7526
13.3272
27.3766
9.40272
10.3985
7.15918
10.1331
35.035
35.0182
35.0064
35.0204
35.021
34.9879
35.039
34.8251
34.9707
34.9029
34.8745
34.9912
34.7279
35.6018
35.7399
35.3951
35.5712
35.4102
35.4124
35.6366
35.4046
35.3691
35.4273
35.5007
35.5181
35.5999
35.2649
35.466
35.4459
35.5729
35.5559
35.4673
35.4393
35.6307
35.6998
35.5831
35.563
34.6137
34.5661
33.2543
35.2491
35.2021
34.8686
34.5307
30.7826
14.5436
32.6397
6.86662
8.88003
35.353
35.2341
35.2363
35.4699
35.3269
35.3268
17.4401
28.1879
20.4824
28.2221
9.78077
28.5874
18.8481
4.42701
7.78994
1.15619
2.41963
5.29518
3.21459
2.22411
35.0758
34.9224
35.174
35.1115
34.9383
19.0199
26.1803
13.7931
27.4552
16.4019
26.3714
9.67374
0.787149
6.18317
3.56589
2.16106
1.35547
1.08423
3.98542
34.8573
34.8654
34.7721
34.9158
34.9035
34.7922
34.7243
34.8924
34.9027
33.2372
34.7164
34.4562
34.3033
33.8415
34.9123
34.8387
32.8291
34.9796
34.9836
35.0009
35.082
35.0207
35.0304
35.1352
34.9644
35.0196
34.9842
35.0384
35.052
35.0245
35.7686
35.6741
35.4383
35.5733
35.3984
35.5042
35.5207
35.4215
35.629
35.6104
35.6264
35.5899
35.518
35.5411
35.5167
35.6664
35.6942
35.7502
35.6652
35.5688
35.7599
35.6494
35.6615
35.5019
35.4414
35.1153
35.0483
35.4534
35.3629
35.1445
35.0526
33.9651
34.5315
35.5773
35.4152
35.4159
35.6414
35.4934
35.4904
30.2489
19.449
33.0143
31.8312
25.7247
-8.91519
-2.60108
35.1456
35.0065
35.3094
35.1555
35.0792
17.8305
30.3104
30.6072
25.7229
32.0386
-4.02205
34.9852
35.1017
34.8228
34.9793
34.9887
34.9766
34.9302
35.0804
35.0951
34.2074
35.0024
34.9179
34.2916
34.3282
34.9747
34.9273
34.1645
35.0854
35.1824
35.1832
35.297
35.2547
35.235
35.3635
35.2133
35.1852
35.1507
35.2177
35.2163
35.1626
35.5686
35.4518
35.4818
35.4465
35.3822
35.3758
35.3603
35.2966
35.4731
35.4231
35.4203
35.3566
35.3305
35.41
35.3076
35.6523
35.5111
35.5381
35.5908
35.376
35.56
35.3818
35.4426
35.1856
35.2429
35.0973
35.0144
35.2369
35.1503
35.0317
34.9471
34.6826
34.7646
35.6322
35.5583
35.5182
35.49
35.5276
35.3929
33.0625
31.4299
34.3388
33.7763
33.6925
35.1445
35.1291
35.2815
35.0543
35.138
31.6438
33.083
33.6785
33.7949
34.0111
35.1848
35.222
34.9945
35.1598
35.1752
35.0908
34.9992
35.2083
35.2124
34.3863
34.9349
34.8826
34.3938
34.5826
34.9238
34.8754
34.5841
35.2734
35.2981
35.2515
35.3783
35.3
35.2232
35.3433
35.1814
35.1972
35.0775
35.1308
35.1707
35.0733
35.3166
35.1845
35.2811
35.2645
35.2119
35.2008
35.1705
35.1307
35.2586
35.2466
35.2277
35.1765
35.1763
35.2224
35.1584
35.2713
34.9841
35.2091
35.2028
34.9885
35.1368
35.0446
34.9484
34.8233
35.0827
34.9841
34.9159
35.0835
35.0467
34.9455
34.9031
34.8242
34.8796
35.2345
35.3382
35.1042
34.9245
35.0106
34.7059
34.2287
34.3496
34.7458
34.5322
34.6203
34.8482
35.0783
34.8615
34.588
34.9641
34.4065
34.4072
34.5598
34.7109
34.6582
35.2098
35.1493
34.951
35.2061
35.1998
35.0369
34.8698
35.1625
35.1517
34.7301
34.9317
34.935
34.6358
34.8258
34.9762
34.9883
34.8784
35.2762
35.2229
35.1602
35.2545
35.1747
35.1234
35.1894
35.0791
35.1306
35.0237
35.0703
35.1089
35.0437
35.0589
34.9527
35.1359
35.0831
35.0638
35.0844
35.0075
35.011
35.1138
35.126
35.129
35.0701
35.0936
35.1204
35.102
34.7238
34.5127
34.8975
34.732
34.6895
34.7299
34.7728
34.5627
34.5954
35.0346
34.9392
34.9294
35.0388
35.0402
34.945
34.9627
34.9339
34.9895
34.6313
34.5815
34.2709
34.3704
34.1469
33.9026
34.7153
34.8086
34.9533
34.858
34.936
34.3485
34.8441
34.3327
34.1808
34.7524
34.8597
34.8075
34.8879
34.9515
34.9112
35.06
34.9922
34.8244
35.1173
35.1082
34.9617
34.8287
35.0987
35.0882
34.903
35.0234
35.0414
34.8436
34.9584
35.0689
35.0876
35.0331
35.1812
35.1535
35.098
35.1436
35.1202
35.1146
35.1253
35.0735
35.1119
35.0674
35.1014
35.1259
35.1018
34.858
34.7589
35.0527
34.941
34.9783
35.0389
34.8952
34.9739
35.0459
35.08
35.1004
35.0397
35.0814
35.0992
35.1098
34.3735
34.319
34.6767
34.4609
34.5511
34.5222
34.604
34.4336
34.555
35.0599
34.9701
35.0091
35.0651
35.0905
35.0066
35.0577
35.0472
35.1011
34.1593
33.6973
33.5228
34.0079
33.4223
33.3164
34.9732
35.0381
35.1035
35.0652
35.1108
34.1172
34.7236
34.2724
34.2525
34.7845
35.0468
34.9947
35.0943
35.0955
35.0943
34.9889
35.0435
34.9095
35.0991
35.1034
35.0709
35.0325
35.1222
35.1447
35.0128
35.1044
35.1286
34.9641
35.0683
35.1248
35.1565
35.1445
35.155
35.1894
35.1442
35.1532
35.1737
35.1807
35.1801
35.1348
35.1546
35.1369
35.1647
35.1793
35.162
34.7288
34.7846
35.0389
34.8967
34.9952
35.0601
34.923
35.0379
35.0568
35.0943
35.1218
35.0929
35.117
35.1308
35.1598
34.3533
34.4876
34.5647
34.5043
34.602
34.6854
34.6611
34.6162
34.69
35.1319
35.0467
35.1052
35.1305
35.1765
35.0913
35.1573
35.1558
35.2099
34.057
33.6621
33.5503
34.2412
34.2778
34.1254
35.1405
35.1826
35.2203
35.1956
35.2241
34.5378
34.9107
34.7791
34.7869
35.0645
35.1867
35.1859
35.2252
35.2178
35.2541
35.1111
35.1728
35.1402
35.1664
35.1935
35.212
35.2106
35.2238
35.2417
35.1444
35.1466
35.192
35.1438
35.1989
35.211
35.2423
35.248
35.2327
35.2768
35.2159
35.2226
35.249
35.2525
35.2579
35.2015
35.2133
35.2117
35.2425
35.2483
35.2522
34.8995
34.9868
35.1016
34.9794
35.0845
35.1448
35.0402
35.1369
35.1338
35.1549
35.1686
35.1691
35.1955
35.2036
35.2424
34.6717
34.832
34.8048
34.7364
34.7879
34.8827
34.9087
34.8408
34.8695
35.2345
35.1402
35.2137
35.232
35.2804
35.1913
35.2695
35.2698
35.3106
34.541
34.747
34.6014
34.7873
35.0146
34.9143
35.2446
35.2742
35.3062
35.2799
35.3065
34.987
35.1789
35.1589
35.1449
35.271
35.2833
35.3007
35.2951
35.3093
35.3162
35.2392
35.3155
35.2577
35.2841
35.2934
35.3291
35.2896
35.3433
35.3421
35.2594
35.2565
35.2915
35.2716
35.3013
35.3077
35.3301
35.3236
35.3218
35.373
35.2994
35.3094
35.3703
35.3604
35.3634
35.2854
35.2996
35.3225
35.3336
35.3533
35.3448
35.0678
35.1766
35.1961
35.1008
35.1905
35.2786
35.174
35.2484
35.2151
35.2599
35.3007
35.2895
35.3538
35.3078
35.4056
34.9344
35.0116
34.9847
34.923
34.933
35.051
35.0492
34.9818
34.9829
35.3437
35.2468
35.3142
35.3671
35.4338
35.2973
35.3799
35.3678
35.4355
34.9423
35.14
35.0678
35.0271
35.1831
35.1384
35.3173
35.3423
35.3927
35.3481
35.3808
35.2538
35.3471
35.3218
35.3178
35.3937
35.3395
35.3314
35.3472
35.3785
35.3469
35.3914
35.4431
35.3295
35.4029
35.4033
35.4091
35.3546
35.4462
35.4584
35.3188
35.3502
35.3461
35.3184
35.3517
35.3805
35.3672
35.3701
35.4344
35.5102
35.4163
35.4189
35.5232
35.4773
35.47
35.3837
35.4176
35.4391
35.4391
35.4656
35.441
35.1515
35.2907
35.1908
35.2554
35.278
35.3386
35.3911
35.0482
35.0566
34.9986
35.014
35.1242
35.0392
35.0822
35.269
35.1451
35.2205
35.4026
35.309
35.3613
35.4124
35.0635
35.2149
35.159
35.0217
35.1156
35.08
35.0719
35.0503
35.0825
35.2018
35.1365
35.2019
35.3272
35.2603
35.3054
35.3356
35.3913
35.315
35.3948
35.1769
35.3108
35.2762
35.1036
35.2048
35.1598
35.1996
35.1705
35.2124
35.2897
35.2596
35.2829
35.3853
35.3456
35.4432
35.4011
35.4708
35.5068
35.28
35.4434
35.3678
35.2755
35.309
35.3144
35.344
35.36
35.3554
35.5533
35.5131
35.5269
35.4443
35.4879
129.031
134.748
134.059
111.686
116.093
112.069
118.699
143.594
140.201
144.471
129.974
148.41
133.35
145.153
143.245
121.525
128.544
101.69
116.294
98.0942
111.07
137.744
133.767
132.52
119.155
127.495
125.207
128.997
143.71
140.024
140.262
138.748
141.992
138.347
140.211
126.677
140.216
131.634
130.931
128.937
134.034
125.396
125.923
109.932
125.508
97.1669
111.918
95.9722
104.526
130.571
130.156
129.119
123.387
126.935
119.835
124.249
144.129
137.325
148.735
134.014
139.741
130.203
135.403
148.512
160.672
169.843
135.797
124.299
128.756
122.579
130.536
126.642
131.06
114.438
120.937
103.545
113.552
155.819
148.004
152.528
125.19
125.158
121.762
117.207
104.14
101.498
103.961
102.177
96.2235
96.7366
97.0926
130.499
115.104
122.038
99.2211
111.305
104.017
112.242
100.182
93.8853
99.8056
86.21
90.9483
91.1231
95.0293
101.863
98.5679
99.4254
95.4064
98.48
98.3584
98.9059
90.374
92.7207
91.5802
81.7838
83.673
89.338
85.0544
99.6831
94.2894
107.338
75.5053
88.6554
81.3169
100.46
85.7692
87.3843
91.8564
76.6992
80.3932
80.9581
88.446
96.9008
96.1238
98.238
86.569
93.8755
92.7393
96.0087
69.8987
73.3811
77.9478
49.5822
56.5538
53.7096
68.0207
75.8868
68.3179
85.7506
50.4484
61.2539
55.1533
65.7482
70.926
72.1537
78.9738
64.9785
50.2984
61.9181
51.3588
82.6109
90.5579
88.8562
70.9209
65.2792
84.0515
71.9943
49.1523
45.1559
52.7111
44.7551
44.198
40.6174
41.1027
48.2727
43.7832
43.6105
39.9262
40.0164
38.6669
37.4363
41.0934
51.1089
38.768
47.9682
42.023
43.5483
37.8019
39.1585
47.8366
37.7918
36.0338
33.9451
34.178
34.2669
40.4213
38.564
36.146
39.8172
38.5274
38.081
35.523
38.4816
36.7453
37.9756
37.902
38.9437
35.9778
37.912
41.2475
39.5284
36.4094
41.4472
38.3538
37.6684
34.7014
34.2022
35.015
35.9163
34.7661
34.2949
35.4218
35.5157
38.7112
38.5545
36.8946
37.0933
39.0691
39.0818
38.0864
38.7595
37.1021
37.4077
39.5364
38.2837
37.0823
35.8415
36.4109
36.1961
33.9628
35.2184
34.5673
33.9717
33.5497
34.2865
34.9361
35.1157
33.9748
34.2084
34.5484
34.8135
38.1776
36.4076
35.136
34.5355
34.4613
32.9292
32.4942
35.5498
33.7939
33.6193
32.6543
33.4344
32.6677
33.1746
33.3404
32.5411
33.421
33.4485
33.1756
32.8952
33.5696
34.1261
34.3269
34.5709
33.7941
34.0879
34.1741
34.3825
32.3955
32.6718
32.9559
33.1827
33.1913
33.3675
33.5988
33.5971
33.4619
33.6166
33.6582
33.668
33.8357
33.7079
33.3338
33.3772
33.6753
33.3244
33.455
33.5915
33.6977
34.0143
34.0672
34.2534
33.825
33.9285
34.0088
34.1637
33.6074
33.6403
33.7928
33.4557
33.6228
33.6163
33.737
33.6409
33.7507
33.6669
33.6133
33.6152
33.626
33.6236
33.5569
33.6454
33.7137
33.5412
33.5974
33.6508
33.7057
33.8571
33.9637
34.0917
33.7368
33.8023
33.9225
34.0379
33.5809
33.5493
33.6644
33.4913
33.5915
33.5214
33.6415
33.5876
33.5902
33.5702
33.606
33.5702
33.5897
33.5041
33.6136
33.6547
33.6851
33.5663
33.6638
33.6763
33.6747
33.7759
33.8879
33.9996
33.7208
33.7635
33.8636
33.9624
33.602
33.5281
33.643
33.4773
33.5744
33.5387
33.6393
33.5677
33.5528
33.4799
33.5232
33.5681
33.5263
33.4802
33.7096
33.7095
33.6628
33.6935
33.7407
33.7344
33.6603
33.7605
33.852
33.9363
33.7403
33.7665
33.8477
33.9147
33.5466
33.5757
33.6309
33.5096
33.5407
33.6139
33.6219
33.5786
33.5262
33.4932
33.5056
33.597
33.5355
33.5168
33.7644
33.7468
33.6736
33.7807
33.7809
33.7601
33.687
33.778
33.8463
33.8959
33.7646
33.7879
33.8484
33.885
33.5749
33.6486
33.6392
33.6223
33.6402
33.7092
33.6752
33.6274
33.5962
33.5888
33.6202
33.6705
33.6709
33.6698
33.8008
33.7752
33.703
33.8177
33.8196
33.7859
33.7225
33.8037
33.8526
33.8754
33.7884
33.8145
33.8596
33.8699
33.7011
33.8077
33.7179
33.7756
33.7547
33.8922
33.7737
33.7193
33.7301
33.7283
33.7595
33.7649
33.7778
33.7761
33.8362
33.7991
33.7565
33.8359
33.8558
33.8192
33.7924
33.8362
33.87
33.8734
33.8091
33.8561
33.8853
33.8898
33.8035
33.9403
33.8291
33.8593
33.8349
33.9462
33.86
33.8065
33.815
33.8108
33.8359
33.8399
33.8341
33.8367
33.8909
33.8412
33.817
33.8779
33.9263
33.8647
33.8387
33.8994
33.9004
33.9099
33.8589
33.9528
33.9117
33.9047
33.8555
33.9129
33.874
33.9088
33.8659
33.8857
33.8707
33.8698
33.8485
33.8634
33.8899
33.8976
33.8665
33.8893
33.9389
33.8877
33.8534
33.9149
33.9193
33.9043
33.8591
33.9725
33.9194
33.8936
33.9193
33.9808
33.91
33.8778
33.88
33.8576
33.8657
33.9288
33.9047
33.8184
33.867
33.923
33.885
33.9125
33.9351
33.9462
33.9068
33.932
33.8787
33.9098
33.8593
33.9094
33.8253
33.9222
33.8546
33.9645
33.8955
33.8697
33.9514
33.9494
33.9177
33.8759
33.9355
33.8104
33.8684
33.9346
33.9603
33.8552
33.9098
33.9676
33.9296
33.9505
33.9685
33.9858
33.9552
33.9713
33.8126
33.9487
33.9074
33.9871
33.8522
33.9765
33.9869
33.97
33.9541
33.8935
33.9931
33.987
33.9907
33.9426
33.976
33.9132
33.9457
33.962
33.9846
33.9477
33.9656
34.0013
33.9755
33.9917
34.0019
34.0097
33.9897
34.0071
33.9409
34.0299
34.0807
34.1595
34.1001
34.1085
34.1339
34.0094
34.0287
33.957
34.0808
34.0075
34.0204
33.9081
33.9856
33.9455
33.9771
33.9289
33.9784
33.9163
33.9737
34.005
33.998
34.0132
33.9985
33.9911
33.9969
34.0084
34.1767
34.1339
34.0676
34.2521
34.1281
34.0626
34.0023
33.9584
33.9581
33.8699
33.9821
33.9227
33.9063
33.8453
33.9817
33.901
33.9664
33.9544
33.9903
33.9132
33.9666
33.9736
33.9918
33.9925
33.9933
33.9603
33.9871
33.9796
34.0601
33.9985
33.9599
34.0435
34.0003
33.9568
33.9478
33.8796
33.8352
33.8635
33.8493
33.8261
33.8189
33.9138
33.9994
33.9336
33.9713
34.0236
34.0086
33.9538
33.9818
33.9539
33.9839
33.971
34.0036
33.9622
33.9872
33.9695
33.9714
33.9296
33.9562
33.9702
33.9543
33.9291
33.9605
33.8235
33.8759
33.9936
33.8282
33.8952
33.9671
34.0566
34.0238
33.9682
33.9909
34.0109
34.0242
33.9769
33.9981
33.9829
33.9955
33.974
34.0193
34.0088
33.9985
33.9874
33.9493
33.9471
33.9757
33.9677
33.9482
33.9628
33.9857
33.9593
34.0492
34.0745
33.9742
33.9931
34.0794
34.0741
34.001
33.9693
34.003
33.9682
33.9814
33.9683
34.0081
34.0261
34.0024
34.0036
34.0109
34.0343
34.0086
34.0194
33.9611
33.9765
33.9967
33.9896
33.9829
33.9943
34.0128
34.0194
34.0515
34.0644
34.0338
34.0473
34.0136
34.0512
33.9805
33.997
34.0033
33.9773
33.9859
34.0239
34.019
34.0372
34.0124
34.0312
34.0079
34.0359
34.0135
34.037
34.0078
34.0121
34.0337
34.0082
34.0252
34.0203
34.0508
34.0562
34.0276
34.063
34.051
34.06
34.0579
34.0643
34.001
34.0235
34.027
34.0072
34.0061
34.0212
34.0155
34.0315
34.0116
34.0394
34.0078
34.0265
34.0056
34.0378
34.024
34.0169
34.0473
34.0088
34.0224
34.0095
34.0331
34.0514
34.0684
34.0466
34.0179
34.0325
34.0613
34.0219
34.0004
34.0192
34.0011
34.0025
33.9931
34.0093
33.9802
34.0212
33.9967
34.032
33.9963
34.0164
33.9921
34.0261
34.0182
33.9987
34.0166
33.9945
34.0093
33.9839
34.0003
34.0116
34.0362
33.9952
33.9657
33.9881
34.0041
33.9666
33.983
34.0022
33.9732
33.9921
33.9753
33.9972
33.9709
34.0139
33.9911
34.0178
33.9901
34.0098
33.9928
34.0123
34.0001
33.9658
33.9849
33.9687
33.9894
33.9455
33.9679
33.9671
33.9701
33.9408
33.9087
33.9449
33.9379
33.9166
33.9779
33.9917
33.9708
33.9903
33.9863
33.9892
33.9789
34.0067
33.9962
34.0068
34.0049
34.0094
34.0032
34.0086
33.9799
33.9254
33.9531
33.9449
33.9696
33.909
33.9372
33.9241
33.9142
33.8957
33.8451
33.9052
33.8927
33.8796
33.9974
33.9863
33.9877
33.9931
34.0077
33.9866
33.9975
34.0132
34.0094
34.0139
34.0226
34.0151
34.0141
34.0188
33.9639
33.8967
33.923
33.9308
33.9608
33.8887
33.9132
33.8867
33.875
33.8681
33.7784
33.8738
33.8515
33.8598
34.0158
33.9882
34.0064
34.0064
34.0206
33.9969
34.0228
34.0201
34.0167
34.0225
34.0303
34.0275
34.0212
34.0272
33.9627
33.8805
33.9059
33.932
33.9645
33.8748
33.9012
33.8666
33.8265
33.8523
33.7548
33.8613
33.7988
33.8373
34.0269
34.0052
34.0361
34.0242
34.0329
34.0091
34.0359
34.0348
34.0282
34.0344
34.0398
34.0416
34.0313
34.0379
33.9683
33.8737
33.9002
33.9464
33.9725
33.8814
33.9016
33.8618
33.7686
33.8185
33.7889
33.8635
33.741
33.7911
34.0371
34.0132
34.0329
34.0364
34.0401
34.0164
34.0295
34.0461
34.0337
34.04
34.0474
34.048
34.033
34.0403
33.9772
33.896
33.909
33.9725
33.9847
33.9133
33.9239
33.877
33.7308
33.7647
33.862
33.8923
33.7509
33.7335
34.0428
34.0199
34.0299
34.0452
34.0458
34.0239
34.0323
34.0504
34.0335
34.0435
34.0491
34.0527
34.0354
34.0475
33.9935
33.9349
33.942
34.0034
34.0059
33.9595
33.965
33.9155
33.7954
33.7295
33.9118
33.9394
33.8569
33.7531
34.049
34.0294
34.0355
34.0578
34.0527
34.037
34.04
34.0549
34.0346
34.0499
34.0511
34.0585
34.0384
34.058
34.0181
33.9851
33.9869
34.0365
34.0321
34.0094
34.0084
33.9543
33.9176
33.7956
33.9669
33.9695
33.9647
33.8513
34.0575
34.0451
34.047
34.0753
34.0637
34.0549
34.053
34.0622
34.0459
34.0664
34.0588
34.0681
34.0533
34.0722
34.0437
34.0326
34.0251
34.0679
34.0567
34.0544
34.0405
33.9828
34.0115
33.9067
34.0197
33.999
34.0609
33.9655
34.0722
34.0665
34.0612
34.0957
34.0823
34.0781
34.0711
34.0765
34.0612
34.0775
34.0754
34.0855
34.0698
34.0803
34.0702
34.0736
34.0542
34.0987
34.0839
34.0902
34.0691
34.011
34.0788
33.9937
34.0618
34.0238
34.0756
34.003
34.0933
34.0917
34.0822
34.1194
34.1048
34.1055
34.0943
34.0947
34.0783
34.0834
34.0997
34.104
34.0886
34.0873
34.0992
34.1076
34.0842
34.132
34.1152
34.1251
34.1003
34.0362
34.0604
34.0089
34.1017
34.0517
34.0579
34.0144
34.1188
34.1212
34.1084
34.1475
34.1343
34.1367
34.1234
34.1134
34.0997
34.0916
34.1277
34.1237
34.1124
34.0973
34.133
34.1444
34.1189
34.1709
34.1516
34.1645
34.1397
34.0749
34.0704
34.0177
34.1375
34.1017
34.0886
34.0294
34.1495
34.1529
34.1372
34.1786
34.1637
34.1695
34.1509
34.1341
34.1264
34.1054
34.1564
34.1434
34.1407
34.1169
34.1709
34.1851
34.1606
34.2118
34.1894
34.2038
34.1807
34.1319
34.112
34.0752
34.1829
34.1583
34.1456
34.1296
34.1795
34.1853
34.1653
34.2093
34.1954
34.1994
34.1816
34.1541
34.1525
34.1344
34.1849
34.1696
34.1663
34.1607
34.2048
34.2177
34.1946
34.2401
34.2129
34.2241
34.2001
34.1768
34.1706
34.1772
34.2056
34.1841
34.1839
34.2077
34.2116
34.2117
34.1975
34.2332
34.2276
34.2219
34.2108
34.1899
34.1825
34.1957
34.2083
34.211
34.198
34.2271
34.2182
34.2234
34.1993
34.2423
34.2158
34.2156
34.1888
34.1803
34.1882
34.2174
34.1916
34.1678
34.1841
34.2067
34.2383
34.228
34.22
34.2463
34.2439
34.2289
34.2223
34.2331
34.2124
34.2426
34.23
34.2515
34.2204
34.2434
34.21
34.2021
34.1749
34.2236
34.1994
34.1857
34.155
34.1474
34.1699
34.185
34.1491
34.1181
34.1503
34.1538
34.2435
34.2256
34.2204
34.2498
34.2399
34.2169
34.2145
34.2611
34.224
34.2417
34.2404
34.2641
34.2218
34.2347
34.1859
34.168
34.1329
34.1925
34.1714
34.1516
34.1114
34.0909
34.1284
34.123
34.1009
34.0631
34.111
34.0915
34.2331
34.2046
34.2023
34.2368
34.2248
34.1853
34.1836
34.2655
34.2131
34.2238
34.2395
34.2696
34.1944
34.2088
34.1545
34.1367
34.0902
34.1591
34.134
34.1268
34.0731
34.0379
34.0961
34.068
34.0615
34.0188
34.0849
34.0532
34.2149
34.165
34.1615
34.2087
34.1999
34.1432
34.1302
34.2682
34.1742
34.1924
34.2227
34.262
34.1514
34.1742
34.1113
34.1141
34.064
34.1246
34.0838
34.1002
34.0587
34.0062
34.075
34.0501
34.0356
33.9999
34.0675
34.0538
34.1782
34.1226
34.0916
34.1671
34.1495
34.1033
34.064
34.2484
34.1176
34.1482
34.1706
34.2201
34.0839
34.1161
34.0629
34.0888
34.0511
34.1024
34.0435
34.0819
34.0423
33.9996
34.066
34.0614
34.0355
34.0032
34.0625
34.0667
34.1193
34.0818
34.0295
34.1204
34.087
34.0626
33.9889
34.1741
34.0397
34.0712
34.0784
34.1149
33.9879
34.016
34.0346
34.0808
34.0413
34.1152
34.024
34.1013
34.0491
34.0063
34.0762
34.0629
34.0755
34.024
34.0975
34.0721
34.0493
34.0387
33.9411
34.0717
34.0076
34.0166
33.8848
34.0409
33.9315
33.9545
33.9468
33.956
33.851
33.8819
34.0249
34.1275
34.0741
34.1902
34.0382
34.1763
34.127
34.0564
34.1392
34.0887
34.1503
34.0916
34.1858
34.1131
33.9664
33.9961
33.8414
34.0218
33.9299
33.9703
33.8119
33.8537
33.7717
33.804
33.7838
33.7387
33.7018
33.7172
34.062
34.2056
34.1627
34.2226
34.0887
34.1967
34.1692
34.1112
34.2181
34.129
34.2054
34.1217
34.2202
34.1315
33.9015
33.9547
33.7964
33.9988
33.8839
33.9485
33.7932
33.6374
33.6502
33.6444
33.7011
33.5633
33.6359
33.5897
34.1039
34.1706
34.1359
34.2063
34.1139
34.1568
34.0908
34.1119
34.1986
34.1163
34.1613
34.093
34.1649
34.0905
33.8801
33.9566
33.8098
34.0071
33.8896
33.9795
33.8376
33.5261
33.644
33.569
33.7221
33.5414
33.6832
33.5845
34.1437
34.1426
34.0515
34.1027
34.1527
34.1241
34.0378
34.0673
34.1302
34.0612
34.0998
34.0493
34.1023
34.0395
33.9076
34.0016
33.8641
34.0204
33.9259
34.0069
33.885
33.5971
33.7238
33.6184
33.8112
33.6791
33.7756
33.6707
34.1077
34.1057
34.0258
34.0939
34.0526
34.0901
34.0141
34.0323
34.0821
34.0249
34.0723
34.0199
34.0708
34.0157
33.9482
33.9931
33.9064
34.0321
33.9701
33.9801
33.9262
33.7632
33.8281
33.7443
33.9147
33.8307
33.8731
33.8076
34.0298
34.0803
34.0024
34.0893
34.0309
34.0788
33.9999
34.0153
34.0685
34.0144
34.0794
34.0143
34.076
34.0167
33.9995
33.9784
33.934
34.0498
34.0634
34.007
33.9821
33.8886
33.9102
33.8549
34.0272
33.9585
33.9793
33.9121
34.0383
34.0854
34.0043
34.1114
34.0602
34.1033
34.0215
34.0273
34.0901
34.0318
34.1089
34.0506
34.1085
34.0545
34.1368
34.0728
34.0619
34.2462
34.1971
34.1404
34.1399
34.0264
34.0482
33.9771
34.1542
34.0858
34.1052
34.0427
34.0891
34.1277
34.0477
34.1709
34.1269
34.1566
34.0792
34.0847
34.1323
34.0846
34.162
34.1197
34.1588
34.1158
34.2353
34.1893
34.1919
34.3021
34.2445
34.2247
34.2007
34.1281
34.1366
34.0729
34.2102
34.1431
34.1475
34.0728
34.1658
34.1906
34.1281
34.2414
34.2049
34.2257
34.1742
34.1586
34.1886
34.1515
34.2265
34.1941
34.2201
34.1863
34.2402
34.2528
34.2383
34.325
34.2659
34.2933
34.3147
34.1357
34.1504
34.0718
34.211
34.1315
34.156
34.0793
34.2517
34.2628
34.2242
34.3142
34.2931
34.3003
34.2699
34.2298
34.2549
34.2223
34.2974
34.2658
34.2907
34.2587
34.3115
34.3361
34.3401
34.3902
34.3481
34.374
34.3519
34.1352
34.1713
34.0769
34.2398
34.1364
34.1945
34.0618
34.3374
34.3402
34.3147
34.3926
34.3796
34.3833
34.3591
34.3031
34.3292
34.297
34.3811
34.3418
34.3708
34.3356
34.3896
34.4207
34.3745
34.4906
34.4358
34.4701
34.4057
34.1349
34.2255
34.0435
34.2956
34.1287
34.2505
34.0137
34.4234
34.4318
34.406
34.4886
34.4729
34.4868
34.4571
34.3815
34.4165
34.3748
34.4758
34.4255
34.4647
34.4178
34.4929
34.5338
34.4634
34.6324
34.5674
34.6146
34.5433
34.1229
34.3033
34.0071
34.4055
34.1551
34.3725
34.0671
34.527
34.5502
34.5149
34.6152
34.5935
34.6218
34.5886
34.4756
34.5127
34.4668
34.5899
34.5406
34.5605
34.5233
34.6605
34.7088
34.6392
34.8241
34.7664
34.8091
34.7373
34.2285
34.4403
34.1634
34.5677
34.3294
34.5284
34.274
34.6679
34.695
34.6632
34.7984
34.7683
34.7686
34.7454
34.6149
34.6113
34.5822
34.7262
34.6961
34.6756
34.6564
34.8767
34.9183
34.842
35.043
34.9833
35.0323
34.9418
34.4496
34.621
34.3459
34.7946
34.5919
34.7058
34.3782
34.886
34.8524
34.8379
35.0233
35.0022
34.9361
34.9256
34.7584
34.7427
34.7174
34.8475
34.8231
34.8068
34.7857
35.0895
35.1532
35.0444
35.3078
35.1921
35.2863
35.1645
34.7668
34.7927
34.4506
35.0631
34.9631
34.8846
34.6391
35.1274
35.039
35.0297
35.2496
35.2565
35.1395
35.145
34.9075
34.8743
34.8438
35.0148
34.9909
34.9112
34.8673
35.2735
35.3518
35.2157
35.4676
35.2873
35.4071
35.2379
35.1643
34.9611
34.8592
35.2627
35.3324
35.051
35.0984
35.3902
35.2244
35.2676
35.4508
35.4834
35.299
35.3623
35.0462
34.8959
34.827
35.1102
35.0941
34.8671
34.7883
35.2993
35.3497
35.2241
35.4371
35.3208
35.2924
35.1943
35.4091
35.1673
35.1952
35.3924
35.3689
35.152
35.1645
35.4856
35.3286
35.3667
35.5548
35.3944
35.3582
35.2496
35.0754
34.8896
34.8308
35.1004
34.99
34.9262
34.8449
35.2502
35.2018
35.1235
35.2314
35.1686
35.0644
35.0106
35.2731
35.1214
35.0929
35.1921
35.1798
35.0472
35.0282
35.2397
35.3018
35.0579
35.2433
35.0054
35.1088
34.7704
34.8277
34.9456
34.8083
34.9245
34.5868
34.9102
34.7168
35.0747
34.9379
34.9138
34.9761
34.9873
34.8246
34.8363
35.097
34.9841
34.977
35.0252
35.0377
34.9253
34.9391
34.7989
34.7594
34.4771
34.6928
34.6192
34.3748
34.2223
34.3221
34.8136
34.5913
34.3951
34.0477
34.7001
34.4166
34.9205
34.7364
34.7918
34.8067
34.8784
34.6843
34.7701
35
34.8888
34.9229
34.9418
34.9838
34.8689
34.917
34.4768
34.0143
34.0013
34.2952
34.3865
33.7332
33.8729
33.8074
34.5752
34.3035
33.8724
33.707
34.4865
34.3065
34.8589
34.6794
34.7852
34.7576
34.8626
34.7047
34.8228
34.9872
34.8743
34.9279
34.9478
35.0027
34.9007
34.9539
34.3764
33.5543
33.8707
34.1992
34.4288
33.5913
34.0642
33.8428
34.512
34.4587
34.0342
34.1977
34.6587
34.7038
34.888
34.7477
34.8721
34.761
34.9065
34.7894
34.9183
35.031
34.9429
34.9928
34.9972
35.0654
34.9884
35.0359
34.5199
33.9741
34.3292
34.4739
34.6316
34.3935
34.5737
34.5531
34.8681
34.9316
34.7237
34.8085
35.0504
35.0696
34.9321
34.8495
34.9645
34.9225
34.9826
34.9002
34.9962
35.1077
35.0302
35.084
35.0687
35.1534
35.0498
35.1238
34.7468
34.7152
34.7618
34.8245
34.8526
34.9077
34.8988
34.9531
35.1721
35.1441
35.0774
35.04
35.2392
35.1987
35.0513
34.9644
35.0294
35.0579
35.1023
35.016
35.0606
35.2106
35.0858
35.1605
35.1661
35.2616
35.1312
35.2074
34.9297
35.0168
34.9802
34.9958
34.9875
35.0806
35.0458
35.0114
34.9731
35.0073
34.9977
35.0328
35.021
35.0399
35.1493
35.0755
35.1484
35.1131
35.1818
35.1174
35.1822
35.2796
35.2081
35.2636
35.2597
35.3188
35.2438
35.2946
35.0977
35.2828
35.2302
35.2096
35.1486
35.3168
35.2589
35.0524
35.1291
35.1075
35.0839
35.0743
35.1808
35.1413
35.1565
35.0954
35.1522
35.1264
35.1826
35.1544
35.1935
35.2611
35.2193
35.2484
35.2403
35.2813
35.2523
35.283
35.2422
35.3522
35.2982
35.315
35.255
35.4098
35.3363
35.2654
35.2699
35.2987
35.2334
35.2618
35.3053
35.3218
)
;

boundaryField
{
    fbOut
    {
        type            fixedValue;
        value           uniform 0;
    }
    CAD_patch1
    {
        type            zeroGradient;
    }
    fbGasin
    {
        type            zeroGradient;
    }
    CAD_patch3
    {
        type            zeroGradient;
    }
    fbBioin
    {
        type            zeroGradient;
    }
}


// ************************************************************************* //
