/*--------------------------------*- C++ -*----------------------------------*\
| =========                 |                                                 |
| \\      /  F ield         | OpenFOAM: The Open Source CFD Toolbox           |
|  \\    /   O peration     | Version:  5.x                                   |
|   \\  /    A nd           | Web:      www.OpenFOAM.org                      |
|    \\/     M anipulation  |                                                 |
\*---------------------------------------------------------------------------*/
FoamFile
{
    version     2.0;
    format      ascii;
    class       volScalarField;
    location    "3.9";
    object      p;
}
// * * * * * * * * * * * * * * * * * * * * * * * * * * * * * * * * * * * * * //

dimensions      [0 2 -2 0 0 0 0];

internalField   nonuniform List<scalar> 
10571
(
187.814
176.674
205.67
184.512
150.352
171.631
178.05
183.65
191.326
196.301
142.658
201.629
194.432
205.915
199.781
250.212
198.132
197.734
219.741
257.13
270.24
300.165
300.738
298.217
126.969
107.701
128.409
117.432
119.325
101.223
133.062
101.354
108.351
149.615
92.9925
101.013
103.223
99.9507
73.3433
110.187
84.9234
96.9018
96.9693
78.246
98.9794
109.854
124.306
110.048
90.7435
86.8343
90.2793
83.801
96.7979
85.5997
85.4222
76.7676
80.1873
92.0012
82.7968
77.421
80.9848
75.5261
80.4233
80.291
81.6342
87.8408
82.2839
79.8573
81.043
77.4009
78.4996
80.1109
76.1661
78.4266
75.3445
75.0063
78.787
77.0649
71.122
74.1742
73.9823
73.9675
77.8766
78.126
76.5347
74.6583
79.3068
74.5252
77.4004
71.4156
73.8988
76.9144
75.8633
74.7227
73.5968
73.5926
74.1367
75.2889
74.5982
74.7145
72.4562
75.5296
74.9012
74.8501
72.8085
72.5914
75.7734
76.6828
78.3531
75.6053
77.2178
73.486
75.4062
73.9593
72.3401
76.6841
74.2186
73.8508
73.2908
73.1468
72.8644
73.5601
73.4405
73.1186
71.1841
73.644
73.9811
74.1924
72.1136
72.3336
71.2418
74.2177
75.0261
73.8654
73.4704
73.9817
72.7947
71.161
74.0384
72.8781
71.7973
73.5552
72.0499
73.1041
72.7016
72.6445
71.8849
72.3702
72.6499
72.0524
70.5292
72.4676
72.5313
72.9846
71.7524
72.1261
70.7827
72.8147
72.3718
69.1626
70.202
70.5029
70.5489
70.8192
72.1891
71.5323
71.1905
70.7187
70.8892
71.0117
72.1638
71.836
71.5323
71.0949
71.478
71.9767
71.4835
70.0761
71.5443
71.5828
71.6696
70.8931
70.5315
70.7763
71.3682
70.3315
70.1165
69.9262
70.1102
70.3118
70.8291
70.7465
70.7502
70.6519
70.3278
70.5622
70.8024
71.0211
70.973
70.7321
70.5856
71.1389
71.8786
71.3167
70.1168
71.0001
69.9346
69.6102
69.926
70.2569
70.8406
70.2924
69.8634
70.1161
69.9295
70.22
70.1466
70.943
69.9056
70.1912
70.2226
70.1207
69.6371
70.3921
70.3801
70.3147
69.7064
70.1518
69.1455
70.0662
69.2909
69.8101
68.6565
68.1944
69.572
69.1529
69.4029
69.4275
69.758
69.7359
69.9221
69.5728
69.3522
69.7646
69.8345
69.867
69.5822
69.8457
69.9624
70.0582
69.071
68.9861
68.9781
68.5593
69.2974
69.0623
68.8731
68.6309
69.427
69.1776
68.9875
69.0374
69.4699
69.5225
69.5592
69.4637
69.0869
69.4562
69.5294
69.6263
69.5664
69.5445
69.6489
69.7874
68.8072
68.7123
68.7877
68.8152
69.2406
68.8183
69
68.9911
69.3336
69.2567
68.7952
68.8556
69.2468
69.3594
69.3946
69.4114
68.9741
69.2387
69.3234
69.4661
69.4748
69.3885
69.4122
69.5734
68.6529
68.5651
68.5187
68.681
69.1224
68.5417
68.8643
69.0321
69.2291
69.2018
68.6369
68.652
69.0535
69.2356
69.2803
69.2928
68.8411
69.1077
69.208
69.3355
69.375
69.2568
69.2951
69.4257
68.6762
68.5157
68.5398
68.7202
69.0719
68.3873
68.6453
68.9609
69.1711
69.1544
68.5595
68.602
68.8563
69.1406
69.1799
69.1952
68.7557
69.0184
69.1398
69.2305
69.2457
69.1357
69.2092
69.3027
68.7303
68.4891
68.6023
68.7652
69.008
68.3991
68.5876
68.8907
69.1284
69.0806
68.5503
68.5123
68.7876
69.0511
69.0867
69.1205
68.6969
68.9673
69.0649
69.1327
69.148
69.0806
69.1347
69.1969
68.7464
68.5368
68.6216
68.7737
68.9598
68.4522
68.6805
68.8576
69.0418
69.0124
68.5776
68.6046
68.8164
68.9621
69.0172
69.0817
68.7011
68.9541
69.0091
69.0658
69.0996
69.0471
69.0985
69.108
68.7888
68.6091
68.6796
68.7483
68.8785
68.5492
68.7461
68.824
68.9361
68.9413
68.6275
68.6484
68.8259
68.8617
68.9366
69.0365
68.7568
68.9597
68.9745
68.9818
69.0322
69.0307
69.0631
69.0495
68.783
68.6777
68.7179
68.7375
68.8109
68.6595
68.7276
68.7433
68.821
68.8604
68.7009
68.665
68.7726
68.7246
68.8184
68.9298
68.7842
68.8724
68.8968
68.9318
68.9474
68.9701
68.964
68.9885
68.7505
68.7175
68.7169
68.7055
68.7095
68.7105
68.6972
68.625
68.6957
68.7642
68.7522
68.7062
68.698
68.5749
68.6654
68.7703
68.7914
68.709
68.7755
68.833
68.7933
68.8483
68.8501
68.8913
68.7075
68.7247
68.6997
68.6614
68.6282
68.7171
68.6643
68.5285
68.5593
68.6402
68.764
68.7267
68.6369
68.4743
68.5139
68.5843
68.735
68.5417
68.6225
68.6613
68.5372
68.6567
68.7283
68.7374
68.6933
68.713
68.6783
68.6204
68.5481
68.6963
68.6337
68.5094
68.4513
68.5403
68.743
68.7061
68.5979
68.4607
68.4073
68.4787
68.71
68.4179
68.4683
68.5021
68.3945
68.5226
68.6057
68.5833
68.6493
68.707
68.6598
68.595
68.4649
68.703
68.6196
68.5327
68.4045
68.4951
68.7163
68.6847
68.5949
68.5104
68.3469
68.4431
68.7036
68.3928
68.3697
68.4237
68.3791
68.5185
68.5159
68.4956
68.6308
68.7093
68.6509
68.5785
68.4478
68.7156
68.6184
68.5772
68.4059
68.4726
68.7108
68.6843
68.6199
68.6158
68.3507
68.4495
68.7592
68.4937
68.4388
68.4336
68.4282
68.5618
68.5117
68.492
68.6171
68.7103
68.6511
68.5733
68.4402
68.7172
68.6369
68.6458
68.4191
68.4923
68.7117
68.6839
68.6392
68.6976
68.4133
68.4817
68.7193
68.5789
68.5862
68.4966
68.4785
68.5992
68.5536
68.5377
68.6061
68.7067
68.6549
68.583
68.4536
68.7076
68.6846
68.6943
68.4357
68.4948
68.6928
68.6718
68.6442
68.7027
68.4711
68.4983
68.6496
68.7086
68.6878
68.5527
68.5005
68.634
68.6053
68.5843
68.6049
68.698
68.6567
68.5977
68.4857
68.6982
68.7122
68.6908
68.4455
68.5096
68.6889
68.6522
68.6137
68.65
68.4718
68.494
68.5747
68.8326
68.6878
68.5553
68.5013
68.6727
68.6357
68.6021
68.6223
68.6855
68.6557
68.6126
68.5129
68.689
68.6872
68.6377
68.4527
68.5378
68.6908
68.6327
68.5585
68.5804
68.4404
68.4857
68.5354
68.8066
68.639
68.521
68.5016
68.6785
68.6338
68.5922
68.6417
68.6775
68.6553
68.6339
68.5763
68.6801
68.6405
68.5868
68.4751
68.5629
68.7001
68.6332
68.5218
68.5359
68.4198
68.493
68.6271
68.723
68.6
68.5107
68.5223
68.667
68.6269
68.5877
68.6601
68.6732
68.6596
68.6529
68.6336
68.6676
68.6187
68.5592
68.5219
68.5792
68.6942
68.6451
68.5169
68.525
68.4226
68.5096
68.7078
68.6547
68.5765
68.5233
68.5504
68.6659
68.616
68.5941
68.6783
68.6738
68.6685
68.6659
68.6712
68.6452
68.6215
68.5434
68.5772
68.6433
68.6679
68.6473
68.5342
68.5159
68.4653
68.5475
68.706
68.632
68.5725
68.5707
68.6067
68.6644
68.6143
68.6145
68.6943
68.6827
68.6828
68.6762
68.6984
68.648
68.6284
68.5284
68.629
68.6796
68.6457
68.6385
68.5666
68.5217
68.5165
68.5796
68.6695
68.6331
68.5858
68.6272
68.6827
68.6643
68.6259
68.63
68.7157
68.6942
68.6949
68.6928
68.7292
68.6611
68.6289
68.5497
68.6824
68.7359
68.6328
68.6256
68.602
68.55
68.5787
68.6521
68.6514
68.6373
68.6124
68.6695
68.7717
68.6634
68.6399
68.6539
68.7399
68.7078
68.7087
68.7202
68.7685
68.6672
68.6214
68.6141
68.7594
68.8157
68.6464
68.6343
68.6366
68.6101
68.657
68.7399
68.6438
68.6471
68.6535
68.7026
68.8028
68.675
68.6689
68.6793
68.7689
68.7248
68.7251
68.7516
68.8118
68.6742
68.6178
68.687
68.8328
68.9122
68.6695
68.6595
68.6725
68.6815
68.7234
68.8555
68.6341
68.6639
68.7048
68.7236
68.8254
68.6831
68.7003
68.7137
68.8036
68.7489
68.7517
68.7925
68.8483
68.6991
68.646
68.7873
68.8799
69.0029
68.6802
68.6743
68.7142
68.7477
68.7507
68.9262
68.6275
68.6901
68.7593
68.7453
68.8329
68.7051
68.743
68.7488
68.8443
68.7836
68.7905
68.8378
68.8639
68.741
68.7024
68.8497
68.8385
68.9776
68.6876
68.7041
68.7687
68.7979
68.7253
68.8727
68.6354
68.7249
68.809
68.7717
68.8054
68.7337
68.7855
68.7854
68.8897
68.826
68.8314
68.8762
68.8596
68.7942
68.7561
68.8412
68.7676
68.8574
68.7332
68.758
68.8115
68.8267
68.732
68.8242
68.673
68.771
68.851
68.8051
68.7969
68.77
68.8283
68.8236
68.9327
68.8787
68.8851
68.9065
68.8663
68.8568
68.8384
68.8367
68.7592
68.7751
68.8132
68.8435
68.8731
68.853
68.7764
68.8146
68.7294
68.8209
68.8977
68.8447
68.8181
68.8204
68.8757
68.8673
68.962
68.9205
68.9302
68.9395
68.9001
68.9027
68.9322
68.8863
68.8215
68.775
68.91
68.9141
68.9373
68.8927
68.8333
68.8524
68.8118
68.8757
68.9451
68.8936
68.8711
68.8942
68.9253
68.9199
68.9925
68.9562
68.9794
68.9891
68.966
68.9396
68.9731
68.9395
68.916
68.8403
68.9908
68.9434
68.986
68.9591
68.9101
68.9069
68.9117
68.9383
68.9898
68.9687
68.946
68.9789
68.9749
68.9809
69.0472
68.9956
69.0185
69.0733
69.0389
68.9751
69.0194
69.0031
69.0115
69.01
69.0429
68.9807
69.0078
69.0186
69.0196
68.9814
69.0114
69.0168
69.0253
69.0423
69.0255
69.042
69.0196
69.0416
69.0852
68.971
69.0257
69.0958
69.0893
69.0342
69.0519
69.0469
69.085
69.1863
69.0889
69.0153
69.032
69.0533
69.122
69.0453
69.0992
69.0675
69.0556
69.1015
69.0889
69.0874
69.0589
69.0926
69.1087
69.0391
68.9604
69.086
69.1216
69.0803
69.0457
69.0767
69.119
69.2093
69.1658
69.1199
69.076
69.0741
69.1906
69.0986
69.1653
69.1119
69.0894
69.1634
69.1198
69.1289
69.0956
69.1287
69.127
69.1556
69.052
69.1043
69.1449
69.0816
69.0509
69.0872
69.1048
69.1719
69.204
69.1393
69.1229
69.094
69.222
69.1113
69.3089
69.1712
69.1333
69.1627
69.1294
69.1565
69.129
69.1478
69.1305
69.183
69.0805
69.1015
69.1433
69.0504
69.0472
69.0753
69.0874
69.1332
69.1315
69.0773
69.1107
69.1174
69.2147
69.1096
69.2343
69.1767
69.1509
69.154
69.1433
69.1632
69.1504
69.1529
69.1064
69.1067
69.026
69.0717
69.1205
69.1096
69.0625
69.0689
69.0943
69.108
69.0365
69.0623
69.0795
69.1298
69.193
69.1069
69.1396
69.1418
69.1707
69.139
69.1446
69.1541
69.1656
69.1516
69.0802
69.0198
68.9809
69.0439
69.1162
68.9789
69.0321
69.0632
69.1186
69.1119
68.9799
69.0942
69.0548
69.1344
69.1505
69.1094
69.1016
69.1129
69.1944
69.126
69.1405
69.1331
69.1672
69.1445
69.0604
68.9822
68.9622
69.0266
69.1393
68.9181
68.9741
69.0574
69.1337
69.1264
69.0763
69.1144
69.0119
69.1118
69.1056
69.141
69.0765
69.0796
69.174
69.1161
69.1353
69.1027
69.1482
69.13
69.0439
68.9869
68.9562
69.0035
69.1723
68.9696
68.9617
69.0474
69.1362
69.1309
69.2306
69.1297
68.9832
69.0699
69.0584
69.1549
69.0469
69.0429
69.1297
69.1001
69.113
69.0641
69.1155
69.1032
69.0293
69.012
68.9445
68.9695
69.1018
68.9641
68.9521
69.0316
69.0948
69.1026
69.1964
69.0376
68.9406
69.0202
69.0045
69.1156
69.0362
68.9923
69.0839
69.0784
69.0793
69.0287
69.0765
69.0712
69.0108
69.0443
68.9338
68.9278
69.0265
68.9246
68.9318
69.0012
69.0722
69.055
69.1014
68.8821
68.8838
68.9431
68.9589
69.0489
68.9669
68.9483
69.0368
69.0508
69.0428
69.0063
69.0416
69.0406
68.994
69.0845
68.9297
68.9039
69.0634
68.9343
68.916
68.9368
69.0242
68.9961
69.0512
68.8679
68.9119
68.8897
68.9267
68.9834
68.8673
68.9615
69.0103
69.0133
69.003
69.0102
69.0173
69.0114
68.9595
69.1306
68.9549
68.8929
69.0963
69.0705
69.0057
68.8445
68.9152
68.9055
69.1453
69.2499
69.0288
68.8629
68.8619
68.9088
69.06
69.0089
68.9943
68.964
68.9526
69.0328
69.0047
68.9845
68.8952
69.1371
68.9694
68.8651
68.9984
69.1223
68.9812
68.7475
68.7797
68.7892
69.1806
69.4084
69.0667
68.8366
68.7435
68.8094
69.1851
69.0398
68.9752
68.9051
68.881
69.0577
68.9981
68.9559
68.8182
69.0473
68.9235
68.8125
68.7474
69.0694
68.9089
68.6366
68.5746
68.6296
69.1585
69.1761
69.035
68.8033
68.6041
68.6873
69.1768
69.0606
68.9499
68.8349
68.7915
69.0831
68.9965
68.9261
68.7196
68.96
68.8649
68.7248
68.339
69.0346
68.8451
68.5597
68.3349
68.4548
69.1858
69.1529
69.075
68.7761
68.4739
68.5328
69.2071
69.0912
68.9293
68.7672
68.6882
69.1213
69.0062
68.9003
68.5938
68.8779
68.7237
68.5791
68.0436
69.0347
68.8174
68.4738
68.1338
68.2332
69.2698
69.2486
69.1607
68.7805
68.387
68.3711
69.2888
69.1547
68.9337
68.7022
68.5813
69.1863
69.0325
68.886
68.4719
68.8417
68.4656
68.3817
68.0433
69.0713
68.7701
68.3291
67.8827
67.9424
69.3949
69.3881
69.298
68.7935
68.2543
68.1499
69.4111
69.2445
68.9495
68.6362
68.4523
69.2755
69.0811
68.8865
68.3025
68.9155
68.2448
68.1259
67.8078
69.1892
68.7117
68.1237
67.3714
67.4494
69.5664
69.5571
69.4628
68.7928
68.0128
67.761
69.5838
69.3477
68.9737
68.5336
68.2487
69.3949
69.1478
68.8867
67.9796
68.9313
68.0961
67.7075
67.4648
69.362
68.7083
67.8111
66.5707
66.535
69.7821
69.8386
69.5915
68.7183
67.5088
66.8523
69.8228
69.5299
68.9764
68.3628
67.8728
69.5368
69.2148
68.875
67.6823
68.8037
68.0671
67.3038
66.88
69.3209
68.6241
67.3614
65.3452
64.6631
69.9858
70.0735
69.575
68.4609
66.5889
64.5604
70.1332
69.6607
68.9429
68.047
67.093
69.6754
69.2705
68.8341
67.4705
68.5844
67.9695
67.0094
66.0933
69.0123
68.5382
66.8074
63.7065
60.1638
69.9981
70.0886
69.4032
67.9686
65.212
58.4839
70.2898
69.7725
68.8088
67.5014
65.3825
69.8007
69.2665
68.7275
67.3162
68.1906
67.7291
66.8653
65.3917
68.4272
68.1497
66.4263
62.1305
49.1347
69.0598
68.9991
69.1104
67.2479
63.533
50.0311
-33.4342
69.8852
69.3836
68.478
66.6721
61.3089
69.8393
69.0909
68.5066
67.1832
67.6086
67.3191
66.7269
65.1795
67.5719
67.0602
66.1297
61.7509
42.9365
-0.0248571
68.1491
68.0167
67.7201
66.553
62.5231
49.155
6.02186
69.2125
68.5476
67.9228
65.6357
53.6685
69.3932
68.6903
68.1526
67.0507
66.8935
66.7914
66.5947
65.7281
66.5779
66.1042
65.7735
63.4174
52.4346
17.9359
67.7725
67.0957
66.1705
65.9835
62.813
50.8373
17.4623
68.3712
67.695
67.2013
65.2716
53.05
16.319
68.4848
68.0283
67.5513
66.9303
66.2273
66.3508
66.5388
66.7666
65.533
65.7004
65.6053
65.0834
57.9982
24.4777
66.7967
66.0683
65.3941
65.1354
63.48
53.8043
15.5893
67.5022
67.0134
66.7228
64.8717
56.4781
67.6263
67.4999
67.0703
66.8245
65.9497
66.1671
66.5301
67.2184
64.6763
65.5978
65.5931
65.8985
65.5565
66.181
65.5963
64.9764
64.9084
64.0761
57.9515
-8.37063
66.8672
66.5753
66.3491
65.0512
63.19
66.9694
66.9961
66.7625
66.7855
66.4215
66.2607
66.5734
67.088
65.2599
65.7271
65.7813
66.0291
67.3803
66.0738
65.6208
65.2352
65.2865
64.9405
64.5811
66.5873
66.3367
66.0734
65.3828
65.7425
66.6042
66.5677
66.4654
66.8684
66.3171
66.6397
66.7142
67.0306
65.8073
65.8968
65.9927
66.0136
67.2345
66.346
65.9739
65.6369
65.5905
65.4831
66.7768
66.5971
66.2281
65.8496
65.554
66.2985
66.4213
66.2424
66.2045
67.1127
66.3478
66.6632
66.8999
67.1711
66.4559
66.2458
66.0683
66.1785
67.2755
66.7746
66.4485
66.0259
65.8458
65.8923
67.2398
66.8278
66.2289
65.712
65.552
66.4452
66.4242
66.1098
66.036
67.3886
67.1266
66.8217
67.1252
67.5942
67.0066
66.6195
66.3199
66.7386
67.7025
67.3275
67.0087
66.5341
66.2665
66.4592
67.5089
67.2771
66.5102
65.7973
65.7111
66.5579
66.7248
66.2278
66.1203
67.8761
67.4586
67.0771
67.5952
68.3467
67.5108
66.9689
66.8652
67.5653
68.4219
68.0265
67.6853
67.0543
66.8211
67.2289
67.9954
67.9497
67.0405
66.1509
66.1449
66.9676
67.4196
66.5337
66.2914
68.7167
67.9774
67.4056
68.2847
69.4402
68.1266
67.3433
67.5119
68.5668
69.4051
68.9491
68.4919
67.6461
67.5073
68.2055
68.7986
68.9146
67.7824
66.8623
66.97
67.7437
68.4643
67.3401
66.4989
70.0531
68.8526
67.782
69.2608
70.8124
68.9442
67.6789
67.8945
69.3246
70.6088
70.3757
69.5296
68.252
67.9439
68.7555
69.6388
70.3252
68.7961
67.7706
67.9113
68.8565
70.0295
68.6008
67.9066
71.939
69.6392
68.5082
70.1617
71.494
69.6702
68.2324
68.8025
69.9918
71.4149
71.4587
70.2086
68.7252
68.3843
69.1046
70.1893
70.9037
69.3754
68.4497
68.6856
69.6381
70.6437
69.5026
68.8232
246.995
264.379
260.45
261.504
260.667
255.977
248.492
249.058
204.127
221.218
231.739
207.695
214.01
243.841
249.9
244.565
243.136
265.504
208.218
243.628
193.482
241.538
241.256
205.758
231.832
230.479
196.711
195.263
199.861
202.336
211.859
205.449
210.455
220.202
203.446
202.414
201.611
215.812
224.319
204.997
208.913
232.622
222.82
218.564
223.061
232.666
273.501
272.071
207.427
219.267
237.018
214.61
208.321
229.027
213.933
205.245
206.053
214.745
214.661
212.766
220.963
223.063
237.529
237.771
273.07
263.803
318.605
358.798
323.859
390.925
254.776
276.441
249.347
322.548
353.991
238.997
233.381
308.824
281.285
240.033
261.074
281.696
302.962
292.629
346.101
336.483
346.81
363.014
383.513
412.839
402.674
393.287
376.506
358.187
377.451
349.978
201.132
143.438
208.618
208.475
204.584
157.722
151.964
156.532
181.171
163.861
148.615
149.208
137.265
161.791
129.557
155.286
119.172
184.953
163.478
181.511
126.307
133.83
121.702
134.154
166.499
166.138
180.09
125.241
122.713
141.463
123.949
193.764
150.928
143.186
133.328
141.027
111.867
109.268
109.9
202.287
197.464
184.378
168.266
167.054
168.061
191.969
103.348
104.995
100.172
221.382
275.922
154.999
155.479
151.724
198.652
101.836
160.697
235.035
237.01
106.935
100.234
135.665
132.651
266.918
285.179
280.429
106.138
134.462
146.318
155.619
142.089
280.523
156.94
299.337
308.096
154.273
152.461
176.238
309.764
308.938
176.26
191.322
189.415
176.842
120.552
103.789
137.723
134.056
140.832
119.55
120.35
126.109
128.825
125.865
109.319
109.854
114.587
121.96
111.558
102.704
92.7841
114.761
105.633
114.473
96.0268
100.876
94.0917
103.613
109.817
117.8
103.877
108.109
103.552
98.25
100.82
118.318
102.955
104.938
101.625
102.633
94.4031
92.1958
93.3692
140.323
137.928
110.694
105.697
106.51
89.6686
86.0066
87.6141
86.0421
85.5083
119.286
101.344
88.0974
95.5607
84.007
86.1935
85.5962
88.1916
95.1886
105.37
83.484
89.4335
83.1431
91.3294
95.4306
95.7833
101.202
79.7028
86.5028
83.7824
87.3494
87.0514
109.831
91.987
109.988
114.453
87.5202
86.9414
83.8777
126.622
125.263
95.1515
96.1763
90.5865
89.73
87.5312
79.2769
91.1667
90.3313
90.8014
78.5906
78.1854
77.2541
87.3528
95.7587
79.3101
77.2153
81.8185
98.0556
87.3668
86.5948
82.1818
86.7885
84.9968
87.2157
81.2717
79.4547
80.5949
76.6717
99.0312
89.9791
98.886
87.745
93.7032
81.9029
91.361
94.5447
87.4289
85.5211
84.4881
83.9776
82.1828
80.7969
80.4156
85.1318
87.3943
80.4398
75.7491
77.1386
82.0625
82.8903
79.6397
79.2524
80.0724
82.9467
78.892
76.385
77.1727
75.9609
83.1173
80.4924
87.0044
76.8482
78.5129
79.4109
79.2504
75.9524
74.9422
80.8801
77.3915
80.3591
78.2945
78.0944
74.9249
77.2327
77.5885
80.2932
75.9219
76.8911
76.5014
75.5328
74.8639
76.7856
82.5131
76.6171
74.5179
75.4637
74.8631
75.1296
77.0144
76.0211
76.2658
76.2007
75.9017
75.4203
75.5366
75.4531
75.9304
76.0075
74.9077
75.2674
73.5745
79.2641
74.5755
79.2817
77.1685
77.6739
78.566
75.9399
76.4555
76.3319
77.0297
75.829
83.7999
75.5991
78.7324
73.8011
74.316
73.2621
73.0195
78.6777
73.4306
79.6343
78.5507
78.5793
77.5382
77.1152
77.142
73.5869
73.9358
72.7588
72.9712
73.1711
77.7468
78.3468
76.5977
76.6344
77.0735
74.863
74.881
73.6598
74.0428
74.1537
78.1456
76.5508
74.3499
75.1388
73.9745
76.1218
73.7161
75.1226
73.7905
76.7206
73.3875
75.2879
76.8663
75.6546
73.1618
74.4342
74.8744
74.5647
73.9767
74.1361
74.8788
74.0583
73.7437
73.7011
73.5357
73.9115
73.4534
73.2691
73.6688
73.3998
75.0992
74.2058
74.5109
74.6747
74.6867
73.9354
73.9198
73.9361
74.4468
72.8274
73.4524
73.4012
72.6338
73.0849
72.3185
75.7187
74.5562
75.0757
75.6885
75.1081
74.3426
74.1174
74.4922
74.3442
72.7835
72.7949
72.5262
71.8292
72.3679
72.4388
72.3223
72.5747
72.3421
76.0207
75.9829
75.9914
74.7254
75.0336
75.0065
72.5217
72.6922
72.2843
72.1144
72.3386
75.8028
76.0077
75.0481
75.1151
75.2187
73.5506
73.9621
73.2953
73.017
73.3735
75.6181
74.817
73.8739
74.8568
73.6917
74.7145
73.7437
74.2388
73.4804
74.4722
72.6594
73.3921
75.3549
73.3306
72.2172
72.7957
73.3558
73.7216
73.4985
73.6104
73.5909
73.5545
73.3173
73.4387
73.0518
73.3975
73.0602
72.8437
73.0929
72.9918
73.4266
72.913
73.5126
73.304
73.4487
73.0696
72.8608
72.9643
72.7297
72.4779
72.3579
72.2829
72.209
71.8311
71.4903
73.695
73.0916
73.4324
73.6548
73.6742
72.9483
72.9292
73.0628
73.1722
71.9676
72.0858
72.0829
70.7681
71.6228
71.7368
71.7344
72.2368
71.7913
73.7998
74.1208
74.1892
73.1939
73.281
73.3711
71.998
71.8849
71.8099
71.929
71.5345
71.5763
71.2704
70.9502
70.9791
70.8594
71.1272
70.8879
70.9401
70.7909
74.3884
74.5777
73.5491
73.6039
73.7847
72.319
71.9629
71.1279
71.1815
70.7245
70.8529
70.6123
70.9024
71.1867
70.9599
70.7469
70.8411
70.9168
70.9305
74.1193
73.3021
73.1837
73.6977
73.191
73.1952
72.1476
73.0042
72.7641
72.0393
71.9017
72.1727
71.8445
70.9781
71.4989
71.5779
71.0476
73.1843
72.7879
72.9141
72.9957
72.6622
72.5384
72.6753
72.5512
72.7082
72.2964
72.1558
72.3748
72.1702
72.509
72.1243
72.6713
72.4426
72.5121
72.3559
72.0249
72.1463
71.7881
71.7681
71.459
71.3301
71.3031
71.131
70.7801
72.4576
71.85
72.4288
72.4712
72.7833
71.8869
72.0223
71.8615
72.4445
71.2828
71.373
71.4179
70.3025
71.0704
71.0433
71.369
71.6969
70.9475
70.9751
70.4888
70.7415
70.8695
70.687
70.8211
72.4652
72.5099
72.5287
71.7693
71.7901
71.8016
71.3221
71.6573
71.0971
71.2925
70.473
70.7367
70.4021
70.9143
70.735
70.9207
70.7535
70.8895
70.7408
70.8786
72.7986
72.9112
72.0228
72.0487
72.0256
70.8266
70.6861
71.0399
70.3784
70.6939
70.5777
70.9314
70.8833
70.9076
70.9293
70.8216
70.8695
70.8483
70.8914
72.4052
71.5359
71.2565
72.1459
72.2018
71.3678
70.8517
71.4935
71.6425
70.5164
71.1291
71.0735
70.4199
70.505
70.8396
70.8234
71.0265
70.7491
71.0634
70.9813
70.8738
70.9306
72.2343
71.5875
72.0676
72.1874
71.5879
71.5366
71.7104
71.7055
71.9233
71.3895
71.3042
71.4812
71.0685
71.8266
71.5571
71.9281
71.6559
71.7526
71.3975
71.3834
71.4068
70.961
70.8963
70.7439
70.64
70.5364
70.5116
70.3386
71.3014
70.8831
71.7517
71.2561
72.2328
71.2007
71.5404
70.8192
72.1813
70.7464
70.8727
71.0761
69.9618
70.3678
70.8566
70.4703
70.5391
70.5832
70.2557
70.5353
70.7223
70.8461
70.7291
70.8586
71.2461
71.1787
71.1525
70.7654
70.6886
70.5615
70.6302
70.0985
70.5562
70.3567
70.5664
70.2982
70.6207
70.8812
70.7793
70.8913
70.778
70.8825
70.7939
70.924
71.3488
71.3539
70.7553
70.7985
70.7777
70.6797
70.48
70.837
70.2688
70.64
70.3215
70.7819
70.891
70.8567
70.9549
70.8557
70.9503
70.885
70.9597
70.88
70.3874
70.6318
70.8019
71.0741
70.2971
70.3669
70.287
70.5629
70.4769
70.5925
70.5843
70.2537
70.4347
70.3803
70.4343
70.9345
70.0675
70.7145
70.9649
70.8111
71.0043
71.0091
70.5601
71.0519
71.249
70.6444
70.7059
70.8402
70.9452
71.0565
70.6553
70.6766
70.7213
70.4958
71.3034
70.601
70.9648
71.2202
71.069
70.2749
70.5234
70.2628
70.4468
70.2802
70.2235
70.1703
69.9895
70.2518
69.8886
70.7464
70.5641
71.4266
70.7438
72.0028
70.833
70.8698
70.6668
70.5315
70.0133
70.8164
69.8921
69.9525
69.8339
69.8037
69.6611
70.098
69.9026
70.3596
70.2606
70.0991
70.0703
69.8839
69.8482
70.5611
70.3024
70.6263
69.8425
70.2001
70.1078
70.3062
70.906
70.8787
70.9604
70.7647
70.9025
70.8807
70.9815
70.3876
70.1338
69.8153
69.8578
69.5091
70.5901
70.1257
70.9138
69.8854
70.2071
69.7836
70.2768
70.9943
70.9565
71.0195
70.9223
70.9915
70.9096
71.0168
69.9115
69.5339
70.0363
69.9428
70.1448
69.5794
69.7294
69.6654
69.7944
70.287
70.2381
70.2866
69.9926
70.1343
70.1295
70.1531
69.5667
70.2049
69.8581
70.4286
70.5284
70.1173
70.1717
70.2751
70.4476
70.4404
70.158
70.247
70.214
70.1794
69.8551
69.3621
69.6956
69.6877
69.5928
69.357
69.2549
69.2971
69.6532
69.5951
69.3271
69.2733
69.3432
69.5166
69.3357
70.1208
69.5632
69.976
70.1177
68.8998
69.4148
69.3906
69.4895
68.6509
69.634
68.8884
69.5738
69.1385
69.5029
68.9871
69.4868
69.6379
69.4855
69.8166
69.597
69.6129
69.4976
69.2866
69.3204
69.7697
69.8192
69.0867
69.5177
68.3022
69.3893
69.1972
69.1466
69.0953
69.1124
69.6916
69.263
69.4272
68.1122
69.2146
69.3154
69.1532
69.5127
69.4381
69.5308
69.1809
69.3314
69.2799
69.3591
69.9832
69.9956
70.0081
69.744
69.8523
69.8519
69.8759
69.5959
69.585
69.4514
69.933
70.0471
69.6687
69.7536
69.8641
70.0812
70.0095
69.7956
69.9245
69.8402
69.9233
69.0263
68.8181
69.0774
69.0437
69.0724
68.8593
68.8471
68.8655
69.0725
69.204
68.8951
68.9011
69.0773
69.3126
69.2483
69.0713
68.8091
69.0293
69.0386
68.9052
68.8131
68.8292
68.7936
68.9583
69.3958
69.1605
69.4043
69.3223
69.3383
69.2169
69.3331
69.4136
69.3763
69.1284
69.0634
69.0626
68.9048
68.9863
68.93
69.4293
69.0811
69.2413
69.4028
69.4045
68.9353
68.9905
68.8993
68.8889
68.8961
69.0811
69.3133
69.4663
69.4394
69.3798
69.0292
68.9723
69.1814
69.182
69.2662
69.0406
69.104
69.1131
69.1943
69.7184
69.7149
69.7522
69.537
69.6013
69.6068
69.6475
69.5186
69.3763
69.3212
69.624
69.7209
69.4642
69.5085
69.5941
69.7847
69.6948
69.523
69.6766
69.5624
69.6718
68.6859
68.59
68.7308
68.6729
68.7197
68.6915
68.5571
68.6719
68.7943
68.9653
68.7322
68.7193
68.9037
69.1334
69.0598
68.7252
68.6713
68.7175
68.7105
68.8355
68.6211
68.6424
68.6554
68.72
69.2894
69.1871
69.2832
69.1657
69.2326
69.1289
69.2496
69.3413
69.3038
68.764
68.8406
68.8149
68.6544
68.704
68.707
69.3634
69.3356
69.2371
69.3157
69.299
68.8025
68.8315
68.709
68.6977
68.7595
69.3732
69.3791
69.3454
69.3237
69.343
68.8987
68.8289
69.0589
69.0403
69.1235
68.8885
68.9955
68.9751
69.0572
69.5209
69.5173
69.5646
69.4015
69.4637
69.4515
69.4841
69.431
69.2365
69.1633
69.3948
69.4624
69.3168
69.3112
69.3648
69.5656
69.4385
69.3447
69.482
69.3507
69.4967
68.5486
68.5592
68.6593
68.5234
68.6659
68.6412
68.5557
68.6637
68.6565
68.8781
68.6287
68.6508
68.8683
69.0258
69.0029
68.6136
68.5574
68.5726
68.61
68.591
68.5339
68.5397
68.5671
68.4979
69.1919
69.0863
69.221
69.0902
69.1625
69.0728
69.1852
69.2591
69.2023
68.5783
68.6009
68.6082
68.5231
68.5549
68.5386
69.2604
69.2669
69.1831
69.2195
69.2407
68.6313
68.6977
68.5768
68.5878
68.6529
69.2871
69.3017
69.2438
69.2553
69.2604
68.7926
68.7532
68.9268
68.9212
69.0053
68.8088
68.8637
68.8733
68.9544
69.3875
69.401
69.4156
69.279
69.3193
69.3495
69.3427
69.3043
69.1179
69.0494
69.2365
69.2752
69.1918
69.1655
69.1963
69.4034
69.3042
69.2487
69.3339
69.251
69.3659
68.569
68.5673
68.6583
68.5984
68.6598
68.6706
68.6154
68.6592
68.6886
68.8749
68.7224
68.7304
68.8674
69.0143
68.9961
68.5083
68.4747
68.5312
68.5203
68.477
68.4974
68.5245
68.4883
68.4916
69.1236
69.0596
69.151
69.041
69.0891
69.0535
69.1279
69.1615
69.1352
68.5044
68.5206
68.5179
68.482
68.5011
68.4977
69.1903
69.2189
69.1157
69.1639
69.1877
68.5567
68.61
68.5566
68.5435
68.5939
69.2087
69.2218
69.1542
69.1677
69.186
68.7085
68.6737
68.8106
68.8401
68.913
68.7094
68.7731
68.805
68.8919
69.2566
69.2892
69.278
69.1815
69.1923
69.2315
69.2203
69.1929
69.0112
68.9923
69.123
69.1396
69.1032
69.0881
69.0978
69.2727
69.1962
69.1769
69.2199
69.1682
69.2489
68.573
68.582
68.679
68.6357
68.6638
68.6956
68.6513
68.6819
68.7462
68.8458
68.7324
68.7528
68.8486
68.9594
68.9431
68.4662
68.4906
68.5122
68.4752
68.5241
68.5058
68.5208
68.4773
68.5517
69.0547
69.0442
69.1045
68.985
69.0337
69.0234
69.0828
69.1073
69.0766
68.4722
68.5057
68.4933
68.4879
68.5097
68.5015
69.1333
69.1543
69.0475
69.0923
69.115
68.5392
68.6139
68.5499
68.545
68.6248
69.1306
69.1566
69.0969
69.099
69.1383
68.6728
68.6855
68.7637
68.7723
68.8762
68.6921
68.7709
68.7809
68.8716
69.1412
69.1791
69.1628
69.0947
69.098
69.1336
69.1169
69.1165
68.9663
68.9607
69.0596
69.0638
69.0644
69.0365
69.0475
69.1677
69.1323
69.107
69.1228
69.1219
69.1438
68.5951
68.62
68.7145
68.6582
68.7041
68.7321
68.6752
68.7205
68.7573
68.8612
68.7568
68.7438
68.8487
68.9283
68.9063
68.5269
68.5616
68.5496
68.4986
68.5713
68.5705
68.5858
68.5376
68.6112
69.0061
68.9743
69.0244
68.9207
68.9705
68.9143
68.9453
69.0303
68.9732
68.5236
68.5353
68.5239
68.5633
68.5662
68.5552
69.0445
69.0672
68.9797
69.0079
69.0239
68.5692
68.6366
68.6028
68.5924
68.6497
69.0767
69.1169
69.0686
69.0545
69.0918
68.698
68.7199
68.7903
68.8164
68.8911
68.7269
68.8136
68.8375
68.9166
69.0736
69.1052
69.0954
69.0268
69.0589
69.0662
69.0774
69.0714
68.9662
68.963
69.0424
69.0639
69.0438
69.0643
69.0723
69.0941
69.1017
69.0865
69.076
69.1007
69.0802
68.6586
68.697
68.7463
68.703
68.7413
68.7571
68.7298
68.761
68.7619
68.8307
68.8034
68.7867
68.8137
68.8766
68.8452
68.5986
68.6366
68.6276
68.5886
68.651
68.6463
68.6631
68.6342
68.6809
68.9327
68.8649
68.9047
68.8477
68.8856
68.8248
68.8645
68.9229
68.8718
68.5992
68.5957
68.5798
68.6376
68.6349
68.6183
68.9668
68.9755
68.9032
68.9223
68.9302
68.6142
68.6744
68.6663
68.6532
68.7011
69.0183
69.0463
68.9912
68.9758
68.9849
68.7433
68.7615
68.8406
68.8471
68.9329
68.7674
68.8522
68.8549
68.9323
69.0273
69.0295
69.0467
68.9551
68.9896
68.998
69.0083
68.9962
68.9644
68.9632
69.0787
69.0846
69.0116
69.0727
69.0875
69.0493
69.0851
69.0201
69.0189
69.0403
69.0199
68.7241
68.7399
68.7676
68.7445
68.7639
68.7635
68.7518
68.762
68.771
68.7909
68.7654
68.7549
68.7547
68.8031
68.7605
68.6766
68.7072
68.6864
68.6773
68.7112
68.7024
68.7012
68.7099
68.729
68.835
68.7854
68.8176
68.7616
68.7921
68.745
68.7705
68.8256
68.778
68.684
68.6751
68.6642
68.7141
68.7083
68.7011
68.8659
68.8787
68.8185
68.8044
68.8146
68.6877
68.7235
68.7271
68.7106
68.7586
68.9141
68.9042
68.858
68.8478
68.8108
68.7884
68.8079
68.8355
68.8443
68.9123
68.8054
68.7937
68.8028
68.8474
68.9381
68.9627
68.9585
68.9023
68.882
68.9208
68.8993
68.8873
68.9322
68.8802
69.0167
69.0349
68.9238
68.9414
68.9526
68.9794
68.9761
68.9108
68.9379
68.9251
68.9481
68.7487
68.7491
68.7457
68.753
68.7518
68.7254
68.7458
68.7296
68.7515
68.7032
68.7242
68.7265
68.6722
68.7318
68.7029
68.7242
68.7317
68.7098
68.723
68.7331
68.7242
68.7142
68.726
68.73
68.7578
68.7022
68.7326
68.6694
68.7228
68.6512
68.6913
68.7324
68.6899
68.7317
68.7356
68.7334
68.7428
68.7489
68.7529
68.7402
68.7309
68.7017
68.6748
68.6659
68.7354
68.7725
68.7648
68.7508
68.7629
68.7666
68.7105
68.6725
68.6654
68.598
68.8058
68.7859
68.7496
68.7403
68.738
68.7626
68.7079
68.6821
68.6004
68.7995
68.8612
68.8267
68.7516
68.6957
68.7916
68.7458
68.6617
68.7828
68.6664
68.8549
68.8659
68.7546
68.7758
68.7837
68.8801
68.8606
68.7914
68.8135
68.795
68.8198
68.7426
68.7334
68.7112
68.735
68.7111
68.6964
68.7253
68.6952
68.6914
68.6554
68.7067
68.6762
68.6352
68.6537
68.6089
68.7301
68.7216
68.7125
68.7249
68.7225
68.7189
68.7075
68.7178
68.7122
68.6726
68.5995
68.6404
68.5833
68.6194
68.5447
68.5851
68.6385
68.5879
68.7416
68.7444
68.7491
68.7248
68.7294
68.7303
68.615
68.6107
68.5822
68.5697
68.5661
68.7553
68.7566
68.7567
68.755
68.7519
68.5811
68.5093
68.5221
68.5253
68.4538
68.766
68.7466
68.6652
68.6391
68.4985
68.7119
68.6289
68.6119
68.4586
68.5796
68.7058
68.6504
68.5749
68.4758
68.6206
68.5623
68.4465
68.5637
68.4954
68.695
68.7035
68.5775
68.6267
68.6374
68.7416
68.7305
68.6657
68.6675
68.6669
68.6561
68.7245
68.7167
68.6769
68.7145
68.6802
68.6646
68.7009
68.6656
68.6745
68.605
68.6707
68.6597
68.5783
68.5934
68.5581
68.7115
68.703
68.704
68.707
68.7033
68.7095
68.7028
68.6999
68.698
68.5622
68.5027
68.5267
68.5022
68.5032
68.4654
68.4894
68.5475
68.5049
68.7081
68.7093
68.7056
68.7031
68.6935
68.6845
68.5298
68.5265
68.5131
68.5026
68.4975
68.7468
68.7517
68.7275
68.7363
68.7487
68.4861
68.4185
68.4542
68.459
68.403
68.7336
68.72
68.6119
68.6163
68.4715
68.7015
68.6106
68.6315
68.5261
68.4015
68.547
68.4891
68.452
68.3644
68.4908
68.444
68.3741
68.4707
68.4946
68.573
68.5801
68.5054
68.5388
68.5388
68.5989
68.6051
68.5513
68.5485
68.5554
68.5285
68.7095
68.7036
68.6504
68.6876
68.6443
68.6322
68.6794
68.6298
68.6431
68.5605
68.6375
68.6379
68.5617
68.5016
68.4644
68.7003
68.7036
68.7016
68.6997
68.6952
68.7076
68.7014
68.7039
68.6936
68.4654
68.44
68.4637
68.4551
68.4508
68.4372
68.4471
68.4762
68.4653
68.7117
68.688
68.6781
68.723
68.6911
68.6847
68.486
68.4804
68.4765
68.4772
68.4721
68.7263
68.7325
68.7088
68.7132
68.7214
68.4472
68.4015
68.4383
68.4452
68.4133
68.7094
68.7278
68.6318
68.6491
68.5851
68.742
68.6623
68.6678
68.6407
68.3696
68.4583
68.4285
68.4197
68.3958
68.4471
68.4319
68.4009
68.5618
68.6401
68.5274
68.5254
68.5381
68.5356
68.5298
68.5177
68.5203
68.5021
68.507
68.5027
68.4836
68.6981
68.6914
68.6227
68.6715
68.6231
68.6198
68.6647
68.6171
68.6322
68.5657
68.6228
68.6233
68.5567
68.4481
68.4642
68.7095
68.7135
68.7011
68.7103
68.6926
68.7106
68.6981
68.7168
68.6927
68.436
68.429
68.4445
68.445
68.4335
68.4331
68.4409
68.4541
68.4548
68.7313
68.7001
68.6944
68.7351
68.7091
68.7011
68.4757
68.4692
68.4812
68.4807
68.4749
68.7091
68.7102
68.7153
68.7049
68.6896
68.4529
68.4321
68.4676
68.4757
68.452
68.7365
68.7226
68.6749
68.6884
68.7037
68.7433
68.6688
68.6905
68.7785
68.431
68.4623
68.4555
68.4608
68.4644
68.4864
68.4818
68.4554
68.6999
68.719
68.5631
68.5561
68.5816
68.5847
68.5746
68.5185
68.5137
68.5288
68.5367
68.5293
68.5107
68.6829
68.6749
68.6179
68.6602
68.6159
68.6202
68.659
68.6201
68.6165
68.5638
68.6112
68.6117
68.5744
68.4952
68.5089
68.7151
68.7178
68.6922
68.7218
68.6927
68.7091
68.6863
68.7237
68.6912
68.442
68.4281
68.4315
68.4386
68.4421
68.4101
68.4322
68.4585
68.4601
68.7272
68.7138
68.7037
68.7159
68.7133
68.7022
68.4895
68.4844
68.5002
68.4904
68.4868
68.6899
68.6543
68.7014
68.671
68.6202
68.4845
68.4725
68.4896
68.4844
68.4863
68.6959
68.6599
68.6469
68.7061
68.7574
68.6856
68.6041
68.6873
68.6852
68.4913
68.5219
68.5102
68.5322
68.5028
68.5528
68.5265
68.4932
68.689
68.6531
68.6
68.5924
68.6176
68.6138
68.6108
68.5629
68.5591
68.5792
68.5909
68.5861
68.5625
68.6709
68.6709
68.6258
68.6598
68.6261
68.6308
68.661
68.6313
68.6039
68.5809
68.6024
68.5988
68.5877
68.5214
68.5452
68.7181
68.7151
68.6817
68.7227
68.6884
68.7033
68.6788
68.7184
68.6846
68.4528
68.4215
68.4491
68.4702
68.4751
68.448
68.4637
68.4638
68.4783
68.7092
68.7112
68.7002
68.7073
68.7099
68.6981
68.4927
68.4833
68.4948
68.4915
68.4816
68.6597
68.6083
68.6895
68.6576
68.6201
68.4919
68.498
68.4975
68.4953
68.5059
68.6306
68.6134
68.5565
68.6638
68.6247
68.6163
68.5254
68.6508
68.5956
68.5045
68.5775
68.5357
68.5598
68.4981
68.5913
68.5365
68.5036
68.6304
68.6201
68.6301
68.6329
68.6542
68.6483
68.6528
68.6167
68.6121
68.6244
68.6311
68.6295
68.5972
68.6718
68.6718
68.6338
68.6611
68.6337
68.6362
68.6608
68.6345
68.6007
68.5699
68.6129
68.6098
68.5599
68.5408
68.5516
68.7107
68.7046
68.6764
68.7112
68.68
68.6914
68.6734
68.7017
68.674
68.5089
68.4609
68.4822
68.4974
68.5396
68.4671
68.4998
68.4974
68.5064
68.7069
68.7103
68.6978
68.7056
68.7111
68.7005
68.495
68.5003
68.5215
68.5046
68.5047
68.659
68.6525
68.689
68.6635
68.6914
68.4999
68.5055
68.4896
68.4992
68.5036
68.6007
68.6071
68.5315
68.649
68.6016
68.535
68.5582
68.6541
68.6225
68.4851
68.5993
68.5326
68.5375
68.476
68.5955
68.5308
68.5006
68.6241
68.6334
68.6629
68.6695
68.6801
68.6729
68.6779
68.6395
68.6406
68.6391
68.6417
68.6423
68.5985
68.6709
68.6708
68.6395
68.6606
68.6362
68.6443
68.6611
68.6397
68.6211
68.573
68.6319
68.633
68.5914
68.5584
68.5646
68.6969
68.6879
68.6703
68.6909
68.6672
68.681
68.6689
68.6793
68.6618
68.5565
68.485
68.5207
68.5419
68.5707
68.5148
68.5445
68.5296
68.5498
68.7021
68.7106
68.7033
68.6971
68.7093
68.7044
68.5106
68.5027
68.5523
68.5119
68.5128
68.6721
68.7131
68.6959
68.6858
68.7156
68.4995
68.5078
68.4887
68.5072
68.5125
68.6244
68.6556
68.6188
68.6665
68.6531
68.5724
68.6907
68.6846
68.6854
68.464
68.5831
68.525
68.511
68.4651
68.5776
68.5249
68.5078
68.6516
68.6753
68.6755
68.6802
68.6707
68.6742
68.6762
68.636
68.6363
68.6293
68.6278
68.6323
68.5884
68.6718
68.6728
68.6504
68.6629
68.6446
68.6574
68.6664
68.6503
68.6442
68.6212
68.651
68.6538
68.6448
68.6022
68.6291
68.6794
68.6707
68.6695
68.6681
68.6585
68.6745
68.6706
68.6611
68.6568
68.6133
68.542
68.5651
68.6082
68.6673
68.5674
68.6007
68.5709
68.6149
68.6929
68.7073
68.7028
68.6888
68.7026
68.6964
68.5173
68.5318
68.5655
68.5335
68.5554
68.6949
68.7048
68.7002
68.6982
68.6764
68.516
68.5178
68.5002
68.5289
68.5301
68.6985
68.7321
68.7774
68.6995
68.7081
68.6761
68.8344
68.7043
68.7146
68.4803
68.5731
68.5366
68.5178
68.4978
68.5753
68.5537
68.5363
68.6974
68.7053
68.6693
68.6669
68.6659
68.6611
68.6582
68.6174
68.6279
68.6236
68.6098
68.6236
68.589
68.6744
68.6767
68.6652
68.671
68.6564
68.674
68.6763
68.6636
68.6626
68.6635
68.6696
68.6711
68.6812
68.6552
68.6748
68.6595
68.6522
68.6719
68.6586
68.6554
68.6724
68.6736
68.6581
68.6549
68.6579
68.5949
68.6219
68.6507
68.6358
68.6203
68.6352
68.651
68.6462
68.6828
68.6956
68.6871
68.6743
68.6878
68.6827
68.5557
68.5836
68.6106
68.5686
68.6094
68.6913
68.6451
68.6827
68.6775
68.6192
68.5465
68.5459
68.5262
68.5672
68.5665
68.7389
68.7198
68.8234
68.7031
68.7116
68.7173
68.7726
68.6967
68.7059
68.5225
68.5843
68.5759
68.5439
68.5581
68.6026
68.6016
68.5763
68.7045
68.7014
68.6538
68.6494
68.6672
68.649
68.6444
68.6041
68.6185
68.6129
68.6019
68.6163
68.6047
68.6807
68.6863
68.6835
68.6824
68.6719
68.6931
68.6894
68.6804
68.6782
68.6927
68.6858
68.6838
68.7009
68.6822
68.6954
68.6502
68.6534
68.677
68.6595
68.6556
68.6776
68.6821
68.6635
68.6577
68.6635
68.6382
68.6622
68.6845
68.6901
68.6555
68.6889
68.6629
68.6814
68.6622
68.6797
68.6816
68.6499
68.6711
68.6794
68.59
68.6418
68.657
68.6178
68.6599
68.6634
68.6069
68.6544
68.6531
68.6126
68.5863
68.5894
68.5628
68.5953
68.6141
68.6895
68.67
68.7205
68.6877
68.6961
68.6863
68.6836
68.6771
68.6868
68.6
68.6135
68.6238
68.6001
68.6399
68.6241
68.6396
68.6356
68.6992
68.6943
68.6466
68.642
68.6642
68.647
68.6426
68.6031
68.6194
68.6188
68.6071
68.6245
68.6224
68.6914
68.6972
68.7026
68.6966
68.6889
68.7127
68.7046
68.6988
68.6915
68.7102
68.7045
68.7019
68.7202
68.7117
68.725
68.6637
68.6752
68.6875
68.6694
68.662
68.6883
68.6921
68.6759
68.669
68.702
68.674
68.7007
68.7123
68.7115
68.6939
68.7128
68.7033
68.725
68.64
68.6623
68.6761
68.6464
68.656
68.6678
68.6383
68.6689
68.7183
68.6785
68.7045
68.6468
68.6279
68.6412
68.6447
68.647
68.612
68.6441
68.6142
68.6425
68.6887
68.6641
68.6678
68.6643
68.6676
68.6777
68.658
68.6534
68.6594
68.6678
68.6742
68.6356
68.6543
68.6532
68.7034
68.6453
68.6682
68.7351
68.6825
68.672
68.6463
68.6445
68.665
68.6506
68.6493
68.613
68.6327
68.6313
68.6223
68.6388
68.6406
68.7041
68.7118
68.7235
68.7128
68.7098
68.735
68.7212
68.7212
68.7133
68.7309
68.7273
68.7253
68.7431
68.7385
68.7539
68.6862
68.6951
68.6977
68.6825
68.6765
68.7007
68.7048
68.6894
68.6855
68.7317
68.7146
68.7321
68.7477
68.7575
68.7381
68.7611
68.7448
68.7749
68.6556
68.6525
68.6641
68.6633
68.643
68.6522
68.7181
68.7582
68.7682
68.7564
68.7834
68.6387
68.6675
68.6362
68.6352
68.6828
68.6884
68.7274
68.6964
68.7288
68.7685
68.6724
68.6748
68.6457
68.6544
68.6609
68.6474
68.6413
68.6521
68.6579
68.7244
68.6559
68.6851
68.6858
68.7434
68.6663
68.701
68.7917
68.6655
68.6633
68.6585
68.6567
68.6645
68.6629
68.6641
68.6347
68.6487
68.6549
68.6493
68.6661
68.6638
68.721
68.732
68.7475
68.7316
68.735
68.7579
68.7444
68.7506
68.7384
68.7581
68.7533
68.7514
68.7751
68.771
68.7894
68.7016
68.7047
68.7127
68.6965
68.6954
68.7158
68.7216
68.703
68.706
68.7845
68.7607
68.7902
68.7908
68.8082
68.7853
68.8194
68.81
68.8409
68.6719
68.6405
68.636
68.6788
68.6454
68.6304
68.8087
68.8243
68.8636
68.853
68.8716
68.6349
68.6827
68.6573
68.6438
68.6667
68.7763
68.8103
68.7775
68.8188
68.8533
68.6738
68.664
68.6389
68.6499
68.6564
68.6379
68.6354
68.6463
68.654
68.7575
68.6782
68.7191
68.7151
68.7664
68.6898
68.7286
68.8133
68.6638
68.6628
68.6704
68.6738
68.6791
68.6749
68.6843
68.6683
68.6828
68.6812
68.6883
68.6878
68.6975
68.744
68.757
68.7717
68.7584
68.7671
68.787
68.7727
68.7833
68.7661
68.7918
68.7856
68.7832
68.8068
68.8074
68.8245
68.7133
68.7198
68.732
68.7101
68.7183
68.7357
68.7442
68.7204
68.7326
68.83
68.8112
68.8475
68.8314
68.8485
68.8363
68.8691
68.8756
68.9094
68.6877
68.6446
68.6333
68.701
68.6439
68.6393
68.9031
68.92
68.9612
69.0023
68.9899
68.6612
68.6363
68.6781
68.6779
68.6031
68.884
68.8802
68.9222
68.9314
68.9028
68.6467
68.6303
68.6262
68.6439
68.6504
68.6309
68.6074
68.6422
68.6462
68.7733
68.7045
68.7391
68.7319
68.777
68.7224
68.7514
68.8344
68.6613
68.6589
68.6764
68.6803
68.6924
68.69
68.6906
68.7073
68.706
68.722
68.7269
68.7278
68.7293
68.7714
68.7877
68.7994
68.7867
68.7965
68.8143
68.8024
68.8117
68.8014
68.8202
68.823
68.821
68.8338
68.8396
68.8521
68.7213
68.7354
68.7587
68.7328
68.749
68.7649
68.775
68.7473
68.7677
68.8621
68.8584
68.8803
68.8592
68.8705
68.8661
68.8809
68.9385
68.9455
68.713
68.6519
68.6517
68.7242
68.6675
68.6734
69.056
69.0273
69.014
69.0206
69.0026
68.6861
68.5824
68.681
68.6872
68.5867
68.9465
68.9065
68.9076
68.9229
68.8868
68.6201
68.6195
68.59
68.6413
68.6407
68.6291
68.5839
68.6442
68.639
68.7788
68.7426
68.7592
68.756
68.7759
68.7602
68.7669
68.8201
68.6561
68.6577
68.7067
68.7106
68.7194
68.7248
68.7264
68.7509
68.7496
68.7633
68.771
68.7707
68.7667
68.8055
68.824
68.8312
68.819
68.8288
68.8489
68.8376
68.8473
68.8443
68.8491
68.8661
68.868
68.8657
68.8617
68.8689
68.7596
68.7865
68.7929
68.7672
68.7878
68.8041
68.8112
68.7912
68.8082
68.8738
68.8608
68.8801
68.8628
68.8681
68.8485
68.8683
68.9108
68.8726
68.7399
68.6925
68.6992
68.7615
68.7237
68.7257
68.9469
68.9355
68.9185
68.8854
68.8823
68.695
68.6116
68.7054
68.7101
68.6474
68.8794
68.845
68.8432
68.8447
68.8122
68.6341
68.6582
68.6024
68.6566
68.6507
68.6502
68.635
68.6746
68.6646
68.7771
68.7764
68.7782
68.7894
68.7807
68.7933
68.7911
68.7968
68.6675
68.683
68.7456
68.7486
68.7493
68.7691
68.7724
68.7922
68.793
68.8079
68.8144
68.8132
68.8045
68.8432
68.8676
68.8685
68.8584
68.8662
68.8887
68.881
68.886
68.8939
68.8817
68.9125
68.9199
68.8996
68.8742
68.8827
68.8148
68.8443
68.8305
68.8158
68.8294
68.8503
68.8539
68.8419
68.8502
68.8582
68.8358
68.8513
68.8608
68.8508
68.8299
68.841
68.8379
68.8121
68.7886
68.7617
68.7586
68.8211
68.806
68.7985
68.8385
68.8436
68.8089
68.8109
68.8147
68.7347
68.6864
68.7692
68.7672
68.7332
68.8233
68.7937
68.8125
68.8149
68.7834
68.6948
68.7378
68.6685
68.6979
68.6862
68.7002
68.706
68.7269
68.7163
68.7888
68.812
68.8083
68.8218
68.8056
68.8318
68.8287
68.804
68.7043
68.7353
68.7935
68.7959
68.7914
68.8202
68.8212
68.8351
68.8334
68.8515
68.8569
68.8556
68.8444
68.8886
68.9063
68.9097
68.9025
68.9072
68.9292
68.9202
68.926
68.9396
68.921
68.9496
68.9519
68.9446
68.8967
68.9141
68.8739
68.9013
68.8794
68.8695
68.8716
68.9042
68.9021
68.8949
68.8929
68.8505
68.8307
68.8342
68.8787
68.8584
68.8376
68.833
68.7985
68.8
68.8571
68.8556
68.844
68.8932
68.9056
68.8899
68.8015
68.8029
68.7657
68.8091
68.8147
68.8089
68.787
68.8618
68.8564
68.8561
68.8186
68.7896
68.8286
68.8342
68.804
68.7888
68.8457
68.7453
68.7629
68.7514
68.7666
68.8018
68.8056
68.7937
68.8239
68.8563
68.8504
68.8677
68.8475
68.8825
68.877
68.8403
68.7721
68.8171
68.8501
68.85
68.8538
68.8819
68.8794
68.8798
68.8795
68.9008
68.9025
68.9033
68.8924
68.9229
68.944
68.9466
68.9343
68.9401
68.9654
68.9501
68.9563
68.9579
68.9701
68.9739
68.9655
68.9929
68.9341
68.9584
68.9258
68.9451
68.9221
68.9116
68.9093
68.9372
68.9447
68.9252
68.9255
68.8779
68.8592
68.8459
68.9289
68.9061
68.8846
68.8675
68.8131
68.844
68.926
68.949
68.9296
68.954
68.9825
68.9613
68.8316
68.836
68.7956
68.8672
68.8666
68.905
68.9258
68.9535
68.9496
68.9839
68.8561
68.8295
68.8756
68.8827
68.8598
68.901
68.9485
68.8511
68.8552
68.8369
68.8613
68.8713
68.9024
68.8819
68.8785
68.914
68.9103
68.9284
68.9143
68.946
68.9418
68.9058
68.867
68.92
68.9145
68.9109
68.9375
68.9465
68.9408
68.9248
68.9281
68.9503
68.9485
68.9514
68.9494
68.9701
68.9998
68.9908
68.9737
68.9823
69.0215
69.0016
69.0155
68.9844
69.0119
69.0199
69.0151
69.0298
68.9883
69.0211
68.9649
68.9887
68.9721
68.9476
68.9482
68.978
68.9907
68.9756
68.9704
68.9479
68.926
68.9098
69.0041
68.9999
68.9771
68.9676
68.8958
68.9679
68.9795
69.008
68.9872
68.9982
69.0262
69.009
68.9268
68.9196
68.9033
68.9898
68.978
68.9888
69.0286
69.0203
69.0203
69.0602
68.9135
68.8957
68.9409
68.9498
68.9334
68.9867
69.0185
68.8904
68.9463
68.9352
68.9605
68.9216
68.9933
68.9965
68.9578
68.9805
68.9764
69.0049
68.999
69.0146
69.0121
68.9869
68.9727
69.0119
68.9771
68.9717
69.0141
69.0053
68.9992
68.9723
68.9763
68.998
68.9949
68.9994
69.0115
69.0135
69.015
69.0463
69.0283
69.0423
69.06
69.0436
69.0601
69.0431
69.0472
69.0708
69.0687
69.0687
69.0519
69.0782
69.009
69.0239
69.0011
68.9998
68.9883
68.9955
68.9892
69.0103
68.9918
69.0547
69.0237
69.0264
69.0676
69.1038
69.0659
69.0964
69.0494
69.1413
69.0151
69.0375
69.0283
69.0336
69.0474
69.044
69.053
69.0377
69.1164
69.1026
69.0855
69.0444
69.0824
69.0645
69.0678
69.1022
68.9941
68.9763
69.0176
69.0331
69.0198
69.0464
69.0756
68.944
69.059
69.0507
69.0662
68.9616
69.1151
69.0928
69.0393
69.049
69.0466
69.0738
69.0781
69.0783
69.0764
69.0605
69.0384
69.0618
69.031
69.0261
69.0651
69.0539
69.049
69.0168
69.022
69.0399
69.0379
69.0428
69.0687
68.9904
68.9642
69.0664
69.0347
69.0623
69.0615
69.0029
69.0478
69.0863
69.091
69.0974
69.094
69.1118
69.0989
69.1156
69.0482
69.1158
68.9515
69.0183
68.9704
68.9877
68.9406
69.0498
68.9546
69.1386
69.0893
69.1585
69.1067
69.1592
69.1059
69.1959
69.2137
69.247
69.0666
69.0666
69.0626
69.1029
69.0855
69.091
69.135
69.1228
69.2154
69.1464
69.1413
69.0879
69.1338
69.1227
69.1169
69.1897
69.0772
69.05
69.0761
69.12
69.0814
69.1223
69.1639
68.9877
69.1629
69.133
69.1315
69.0367
69.2163
69.1815
69.1081
69.1031
69.1007
69.1405
69.1218
69.1288
69.1179
69.1073
69.093
69.1339
69.0757
69.0713
69.1092
69.0955
69.0913
69.058
69.0629
69.0777
69.0779
69.0822
69.1138
68.9621
69.0196
69.0639
68.9998
69.0475
69.0848
69.0338
69.0692
69.0996
69.1282
69.1175
69.107
69.1382
69.13
69.1423
69.1306
69.0968
68.9687
69.0605
68.9982
69.0741
69.0258
69.0949
69.0422
69.1706
69.1228
69.2066
69.1351
69.1745
69.1343
69.1992
69.2383
69.213
69.1056
69.0884
69.094
69.079
69.1361
69.1154
69.1433
69.145
69.1941
69.1333
69.1404
69.1746
69.2233
69.2012
69.2121
69.2459
69.1576
69.1063
69.1065
69.1814
69.1253
69.1963
69.2727
69.1231
69.2731
69.2146
69.2378
69.2428
69.3169
69.2203
69.1348
69.1424
69.1341
69.174
69.143
69.1512
69.1453
69.1271
69.1729
69.1943
69.1136
69.1101
69.1434
69.13
69.1269
69.097
69.1013
69.1127
69.1136
69.1191
69.1405
69.091
69.1123
69.1097
69.0754
69.0935
69.1237
69.0972
69.1056
69.1142
69.1418
69.1323
69.1161
69.1417
69.1545
69.1634
69.1173
69.1292
69.1083
69.1734
69.0973
69.2057
69.1495
69.1864
69.1175
69.1711
69.1407
69.1791
69.1469
69.1593
69.1377
69.1507
69.1841
69.1596
69.0659
69.1656
69.1492
69.0736
69.1537
69.1388
69.1172
69.1337
69.1536
69.1047
69.1153
69.238
69.2592
69.1774
69.2051
69.1789
69.1857
69.1397
69.1104
69.1751
69.1455
69.2896
69.2732
69.2735
69.2923
69.2034
69.2943
69.2421
69.2243
69.1785
69.1385
69.1577
69.1515
69.1601
69.1397
69.1567
69.1546
69.1359
69.1973
69.1872
69.143
69.1403
69.1618
69.1504
69.1492
69.129
69.1356
69.1406
69.1387
69.1481
69.1516
69.113
69.0946
69.1236
69.098
69.102
69.1161
69.0872
69.0942
69.1097
69.1369
69.1213
69.0982
69.1275
69.1615
69.1512
69.0981
69.0776
69.1404
69.1306
69.094
69.1494
69.1185
69.0675
69.0402
69.1448
69.1304
69.1221
69.1329
69.133
69.1227
69.1047
69.1286
69.1022
69.0793
69.1278
69.1113
69.0783
69.1083
69.0867
69.0932
69.1008
69.1195
69.0762
69.0905
69.1411
69.0697
69.0807
69.0647
68.9858
69.1601
69.1558
69.1041
69.1469
69.1536
69.2141
69.1469
69.2297
69.1764
69.1693
69.1793
69.2111
69.1472
69.1593
69.1453
69.1531
69.157
69.1498
69.1521
69.1483
69.1573
69.1475
69.1773
69.1666
69.1543
69.1539
69.1607
69.1546
69.1546
69.1463
69.1576
69.1589
69.1522
69.1648
69.1532
69.0679
69.0439
69.0991
69.0751
69.0741
69.0823
69.0547
69.0554
69.0861
69.117
69.0918
69.0751
69.1056
69.1428
69.138
69.0779
69.0671
69.0851
69.0227
68.977
69.0613
69.0463
68.9959
68.9485
69.123
69.116
69.1047
69.118
69.1157
69.1135
69.1184
69.1029
69.1085
69.0762
69.0986
69.0712
69.0594
69.07
69.0451
69.071
69.0806
69.1073
69.0821
69.0898
68.9955
68.9522
69.0003
68.9623
68.951
69.1357
69.141
69.1043
69.1275
69.1376
69.0941
69.0591
69.1945
69.1276
69.1505
69.1143
69.1843
69.1106
69.1412
69.1507
69.14
69.1545
69.1327
69.1456
69.1343
69.1495
69.1411
69.1554
69.1441
69.1513
69.1508
69.1455
69.1453
69.1448
69.1574
69.1697
69.1676
69.1599
69.1705
69.1486
69.0236
69.0128
69.07
69.0357
69.0421
69.0591
69.0212
69.033
69.0646
69.0948
69.0696
69.0549
69.0885
69.1281
69.1276
69.0331
69.0105
69.0069
68.9641
68.9183
68.994
68.9851
68.9532
68.8913
69.147
69.1113
69.1383
69.1217
69.1658
69.1047
69.1542
69.1168
69.1287
69.0347
69.0369
69.0211
69.0202
69.0197
69.0235
69.1038
69.1103
69.1163
69.124
69.1309
68.9616
68.963
69.0059
68.9916
68.9884
69.1088
69.1391
69.1265
69.1206
69.1494
69.0401
69.0311
69.1788
69.099
69.128
69.0896
69.1502
69.092
69.1108
69.1422
69.1291
69.1434
69.1213
69.1353
69.1225
69.1366
69.1385
69.1303
69.1117
69.1364
69.1362
69.1191
69.1257
69.1251
69.1612
69.1678
69.1598
69.1581
69.1596
69.1392
69.0038
69.0013
69.0493
69.0093
69.0225
69.0411
69.0018
69.0112
69.0461
69.0838
69.0517
69.0371
69.0783
69.1318
69.1342
68.9999
68.9961
68.9779
68.9516
68.9041
68.9794
68.9717
68.9507
68.9253
69.1851
69.1122
69.1765
69.1612
69.207
69.1109
69.1847
69.1415
69.1487
69.026
69.046
69.055
69.0436
69.092
69.0939
69.1375
69.1454
69.1343
69.1441
69.1458
69.0256
69.0171
69.1514
69.0801
69.0603
69.1359
69.1516
69.1545
69.1458
69.1494
69.0367
69.0498
69.1075
69.0816
69.0884
69.0598
69.0609
69.0697
69.0623
69.1273
69.1125
69.1275
69.1091
69.1145
69.1018
69.1155
69.1265
69.0899
69.0668
69.1112
69.1107
69.0851
69.0962
69.0956
69.1475
69.1474
69.1339
69.1355
69.1321
69.1177
69.0073
69.0154
69.0335
68.9954
69.0012
69.0287
68.9881
68.9937
69.028
69.0733
69.0374
69.019
69.0681
69.1324
69.1215
68.9972
68.9982
68.9703
68.9572
68.9469
68.9974
68.9746
68.964
68.9634
69.2292
69.0989
69.1932
69.1517
69.2124
69.0746
69.1784
69.1475
69.1445
69.0552
69.1296
69.1208
69.0533
69.1346
69.1197
69.1381
69.1325
69.1221
69.1233
69.1264
69.1957
69.1368
69.2365
69.2641
69.1974
69.1408
69.1314
69.1415
69.1317
69.1103
69.0678
69.0846
69.0203
69.0536
69.0373
69.0418
68.9773
69.0348
69.0105
69.0993
69.0898
69.1009
69.0905
69.0831
69.0742
69.0859
69.0974
69.0442
69.0228
69.0779
69.0781
69.0454
69.0614
69.0602
69.1182
69.1137
69.0972
69.1009
69.0991
69.0872
69.0237
69.0302
69.0239
68.9807
68.9877
69.0186
68.9768
68.9816
69.008
69.0619
69.0201
68.9953
69.0546
69.0991
69.0745
68.9954
68.9945
68.9846
68.9599
68.975
69.029
68.9942
68.9581
68.9734
69.161
69.0489
69.1432
69.0517
69.1068
69.0186
69.1076
69.1218
69.0971
69.0422
69.1093
69.0906
69.0282
69.0722
69.0547
69.1049
69.1091
69.0782
69.0807
69.0842
69.2381
69.1792
69.1486
69.1928
69.1159
69.1064
69.081
69.0846
69.0781
69.0503
69.0806
69.0583
68.9397
69.0141
68.9879
69.0114
68.9084
68.9929
68.9717
69.0672
69.0594
69.0698
69.0632
69.0519
69.0441
69.0535
69.0611
69.0051
68.9937
69.0465
69.0417
69.0154
69.0336
69.0272
69.0803
69.0778
69.0588
69.0634
69.0602
69.0564
69.0372
69.0457
69.0132
68.9758
68.9755
69.0084
68.9778
68.9708
68.9831
69.0448
69.0025
68.9728
69.0302
69.0583
69.0505
69.0045
69.0106
69.0012
68.9611
68.9613
69.0624
69.0069
68.9912
68.9654
69.0728
69.0206
69.0811
69.0322
69.0565
69.1051
69.0498
69.0729
69.054
69.0154
69.0422
69.0312
69.009
69.0268
69.0239
69.0541
69.0563
69.0296
69.0237
69.027
69.1337
69.0512
69.0635
69.0674
68.9908
69.0433
69.0154
69.0163
69.0107
68.9863
69.0221
68.985
68.8964
68.9746
68.9658
68.9158
68.9092
68.9671
68.9759
69.0393
69.0291
69.0368
69.0335
69.0233
69.0144
69.0213
69.0238
68.9905
68.998
69.023
69.0158
69.0042
69.0173
69.0098
69.0456
69.0438
69.0284
69.0319
69.0312
69.0252
69.0525
69.055
69.0046
68.9827
68.9649
68.9982
68.9876
68.9567
68.9638
69.0132
68.9808
68.9518
68.9943
69.05
69.0522
69.0314
69.0486
69.0138
69.0246
68.9984
69.1075
69.028
69.0316
69.02
69.0511
69.1576
69.0104
69.0881
69.0382
69.12
68.9699
69.0299
68.9894
69.0148
69.0279
69.0296
69.0287
69.054
69.0528
68.9871
68.9916
68.9555
68.9449
68.9515
69.0353
68.9823
69.0813
69.0504
69.0523
68.9744
68.9623
68.9462
68.9362
68.9307
68.9678
69.0075
68.9423
68.9823
68.9987
68.9141
68.996
69.025
69.0312
69.0043
69.0009
69.0049
68.9908
68.9831
68.9858
68.9869
68.9799
69.0143
69.0366
69.0191
69.0109
69.0188
69.0226
69.0144
69.0187
69.0215
69.0101
69.0092
69.0159
68.9979
69.05
69.0387
68.9872
68.986
68.9461
68.9703
68.9717
68.9303
68.9336
68.9697
68.9304
68.9091
68.9342
69.0305
68.9962
69.076
69.0925
69.0396
69.0757
69.0336
69.1456
69.0479
69.1193
69.0399
68.9971
69.0091
68.9097
69.0736
68.9418
68.8813
68.8429
68.9315
68.868
69.0542
69.0946
69.0897
69.0748
69.1249
69.1139
68.8951
68.905
68.853
68.8411
68.8538
69.1174
69.129
69.1861
69.1568
69.1508
68.8926
68.8984
68.8613
68.8453
68.8554
69.069
69.1247
69.0504
69.0899
69.0644
69.16
69.0756
69.1311
69.0901
68.953
68.9698
68.9649
68.936
68.9231
68.9514
68.9404
68.9208
69.06
69.0796
69.0315
69.0228
69.0455
69.0391
69.0308
69.001
69.0127
69.0011
68.9941
69.0109
68.9704
69.014
68.9797
68.9409
68.9471
68.9065
68.898
68.924
68.8773
68.8785
68.8888
68.8571
68.8437
68.8288
68.9281
68.8443
69.0924
69.1005
69.0443
69.1313
69.0396
69.0911
69.0243
69.114
69.0341
68.8695
68.7526
68.7704
68.8821
68.7855
68.654
68.6851
68.792
68.7077
69.0818
69.1299
69.119
69.0844
69.121
69.1116
68.7812
68.7939
68.7152
68.7143
68.7314
69.1595
69.148
69.1649
69.1528
69.1462
68.7896
68.8101
68.7507
68.7305
68.7589
69.1482
69.1579
69.0838
69.1499
69.1079
69.1808
69.091
69.156
69.1188
68.8867
68.9325
68.9123
68.8733
68.8498
68.9111
68.8826
68.8386
69.0953
69.1084
69.0472
69.0402
69.0696
69.0558
69.0492
68.9871
69.0097
68.9964
68.9812
69.0093
68.9409
68.9465
68.913
68.8542
68.9075
68.8484
68.8153
68.8811
68.8132
68.8079
68.7647
68.7793
68.7706
68.7052
68.7526
68.6397
69.0983
69.0919
68.9882
69.0888
69.0064
69.0058
68.9457
69.0612
68.9657
68.6782
68.5526
68.5883
68.5688
68.5424
68.4386
68.4675
68.6108
68.5023
69.0838
69.1136
69.1017
69.0835
69.1142
69.1026
68.6373
68.656
68.5379
68.5515
68.5754
69.1513
69.1539
69.1639
69.1614
69.1721
68.6655
68.7031
68.6112
68.5968
68.6399
69.1679
69.1848
69.1044
69.1629
69.1315
69.1842
69.1331
69.1765
69.1516
68.8047
68.8886
68.85
68.8012
68.7665
68.8659
68.8178
68.7403
69.1236
69.1441
69.0659
69.0609
69.0996
69.0799
69.0743
68.9768
69.011
68.9997
68.9748
69.0149
68.9119
68.8743
68.8144
68.768
68.8449
68.7666
68.7334
68.7867
68.742
68.7203
68.6582
68.6724
68.6338
68.5911
68.4856
68.3689
69.0808
69.0668
68.9037
69.0231
68.9119
68.9244
68.84
68.976
68.8526
68.3858
68.2975
68.3516
68.1199
68.21
68.1842
68.2319
68.395
68.285
69.0854
69.1289
69.1172
69.0943
69.1579
69.1487
68.4626
68.4867
68.3496
68.3644
68.3903
69.1857
69.2025
69.2219
69.2239
69.2448
68.527
68.579
68.4518
68.455
68.516
69.2121
69.2497
69.1769
69.2006
69.1809
69.2418
69.2341
69.2348
69.2196
68.7273
68.8431
68.788
68.7365
68.6845
68.8217
68.7556
68.6357
69.172
69.2073
69.0977
69.0945
69.1496
69.1214
69.1168
68.9759
69.0231
69.0167
68.98
69.0349
68.8902
68.7631
68.7223
68.6829
68.7286
68.7038
68.6152
68.6499
68.6322
68.547
68.5279
68.5078
68.4925
68.4885
68.29
68.2661
69.0537
69.0463
68.7573
68.9256
68.7852
68.8478
68.7039
68.8891
68.7282
68.0652
68.1242
68.1167
68.0672
67.9529
68.0616
68.0201
68.1641
68.0573
69.1099
69.196
69.1845
69.1351
69.2422
69.2286
68.2572
68.2803
68.1008
68.1255
68.1631
69.2726
69.2976
69.3265
69.3306
69.3602
68.377
68.4559
68.2689
68.2953
68.3755
69.2971
69.3546
69.2955
69.2797
69.266
69.3438
69.3553
69.3339
69.3179
68.6375
68.8044
68.7276
68.6704
68.5926
68.7878
68.6978
68.5222
69.2493
69.2977
69.1513
69.1502
69.2276
69.186
69.1835
68.9896
69.0547
69.0539
69.0029
69.0792
68.8834
68.6936
68.6709
68.5353
68.5824
68.5663
68.45
68.5051
68.4779
68.4582
68.4234
68.4243
68.3735
68.3023
68.2106
68.1207
69.057
69.0933
68.6564
68.8775
68.691
68.8674
68.6174
68.904
68.674
67.923
68.0024
67.9051
67.953
67.879
67.9153
67.7729
67.9221
67.7716
69.1786
69.3008
69.2853
69.2413
69.3734
69.3584
67.9671
67.992
67.7338
67.7516
67.8099
69.3981
69.4338
69.4742
69.4762
69.5206
68.1708
68.2857
67.9833
68.0403
68.1616
69.4225
69.5032
69.4143
69.3983
69.3771
69.4901
69.4738
69.4721
69.4394
68.5397
68.7703
68.6659
68.5911
68.4751
68.7502
68.6247
68.3685
69.3516
69.4132
69.2266
69.2312
69.3316
69.2744
69.2751
69.0228
69.1123
69.113
69.0455
69.1495
68.8879
68.6507
68.6247
68.3351
68.4294
68.3544
68.2054
68.3505
68.2094
68.2231
68.1467
68.1424
68.0509
67.9802
68.0103
67.8599
69.1471
69.2017
68.5825
68.9817
68.6836
68.9406
68.5453
69.0798
68.7132
67.7232
67.7685
67.5936
67.6533
67.491
67.554
67.3257
67.5301
67.2278
69.312
69.459
69.4443
69.3675
69.5372
69.5089
67.4506
67.4615
67.0575
66.9813
67.0919
69.5653
69.6204
69.6707
69.6657
69.7334
67.7937
67.9964
67.3983
67.4962
67.7557
69.5981
69.7091
69.5418
69.5584
69.513
69.6939
69.6237
69.6583
69.5943
68.3796
68.7221
68.574
68.4625
68.2703
68.6843
68.4986
68.1028
69.4817
69.5602
69.3278
69.3413
69.4628
69.3847
69.3915
69.0711
69.1952
69.1817
69.096
69.2414
68.8824
68.5889
68.5563
68.102
68.276
68.0703
68.024
68.2196
67.9423
67.8723
67.7896
67.8249
67.6945
67.5729
67.6673
67.4342
69.2287
69.2112
68.5162
69.1227
68.7448
68.8837
68.5087
69.0668
68.7623
67.1681
67.2656
66.9461
67.2127
66.787
66.9248
66.468
66.7723
66.1665
69.4064
69.602
69.5574
69.4242
69.6495
69.5911
66.3345
66.3509
65.771
65.2374
65.422
69.7745
69.8568
69.8882
69.8871
69.9903
66.8727
67.376
65.9441
66.0095
66.8471
69.8354
69.9766
69.7209
69.768
69.6859
69.9704
69.8299
69.8928
69.7792
68.1034
68.6303
68.4049
68.2263
67.8965
68.5583
68.2752
67.5779
69.6429
69.7283
69.4446
69.473
69.6088
69.5081
69.5283
69.1226
69.2937
69.2484
69.1478
69.3441
68.8632
68.5321
68.4989
67.9653
68.1725
67.8416
67.919
68.1208
67.7636
67.5277
67.351
67.5643
67.3788
67.1581
67.1704
66.8988
69.1688
69.0986
68.5032
68.9785
68.7295
68.6965
68.4748
68.8937
68.7003
66.3494
66.5287
65.8665
66.4949
65.8914
66.09
65.1079
65.3373
64.1926
69.4001
69.6752
69.5871
69.3125
69.6451
69.5259
63.6872
63.461
62.8687
61.0391
60.3403
69.9875
70.1195
70.0256
70.055
70.2421
64.3423
65.9746
62.0592
61.4121
64.5883
70.1261
70.2933
69.9474
70.0113
69.8727
70.3326
70.0795
70.1441
69.9489
67.5805
68.4598
68.1092
67.7995
67.1494
68.328
67.8764
66.4469
69.8171
69.9037
69.5665
69.604
69.7398
69.615
69.6563
69.1579
69.3907
69.2829
69.1517
69.4273
68.7996
68.4296
68.2653
67.873
68.0417
67.7039
67.8165
67.9342
67.6417
67.2616
67.0093
67.3889
67.1588
66.8937
66.6472
66.4473
68.9899
68.825
68.393
68.7724
68.6316
68.4195
68.2418
68.5905
68.4391
65.4243
65.6467
64.1892
65.7129
64.9149
65.1856
63.1318
62.6081
60.3894
69.1767
69.513
69.3556
68.9687
69.167
69.009
57.4367
51.0223
55.8153
52.8068
34.2513
69.9752
70.1795
69.5631
69.4854
69.8534
53.253
62.4176
53.6428
36.4047
58.5421
70.3095
70.0606
70.1069
70.1592
69.9642
70.0991
69.9761
70.0846
69.9069
66.5459
68.1543
67.586
67.1141
65.7252
67.917
67.2055
63.9216
69.9728
70.0156
69.6457
69.7078
69.8464
69.6475
69.7485
69.1194
69.4501
69.206
69.0679
69.4587
68.6708
68.0416
67.804
67.7379
67.7962
67.5512
67.638
67.6325
67.4453
67.0757
66.8155
67.2516
67.0167
66.7819
66.3057
66.2611
68.5468
68.1997
68.0334
68.3179
68.1458
67.9301
67.7733
67.9708
67.7896
64.3841
64.7692
62.1378
65.1978
64.0329
64.4374
61.4177
57.1358
52.6552
68.6879
68.6233
68.5764
68.3738
68.1638
68.3351
49.7111
22.0996
37.9772
-10.9978
47.5573
22.3067
-32.3324
-10.5164
-14.3689
-2.38931
-8.63034
-2.2023
68.9811
69.516
68.6177
68.6795
69.2216
23.5848
52.4915
47.3029
23.2707
40.2815
-7.71421
-11.9303
-9.10882
-5.42957
-16.1153
-5.47506
69.7852
69.4583
69.8018
69.9405
69.8778
69.574
69.5071
69.6896
69.801
64.6177
67.6474
66.7712
66.1262
63.3311
67.2862
66.1921
56.5972
70.013
69.846
69.6388
69.6774
69.7151
69.5153
69.6431
68.9608
69.4107
68.923
68.8204
69.2861
68.4169
67.5487
67.2648
67.5088
67.432
67.3173
67.3533
67.2036
67.1701
66.9671
66.7876
67.1144
66.9182
66.8232
66.3093
66.4565
67.7685
67.2125
67.4749
67.5605
67.3946
67.2559
67.1639
67.0834
66.9508
63.8646
64.2819
61.1232
65.3489
64.1457
64.538
60.9466
51.7108
50.8605
13.2609
10.8648
12.6817
67.9964
68.3442
68.3871
67.4443
68.196
67.9855
9.28024
49.16
30.0668
47.5559
26.7508
50.489
35.5391
1.99115
5.17798
-1.6353
10.2682
4.2201
11.9444
1.30826
68.3076
68.8749
68.0496
68.0118
68.4674
30.1645
42.6861
9.45687
50.3601
35.0606
45.4456
23.3913
-0.739953
-2.25512
-1.15261
13.2041
1.75184
7.23835
2.70239
69.1088
68.7245
69.0561
69.2735
69.4806
68.8137
68.6357
68.8767
69.0437
62.092
66.9713
65.5433
65.6962
60.3915
66.7452
65.081
49.6471
10.9941
8.06849
12.4065
69.5269
69.1015
69.1353
69.274
68.9124
68.7194
68.7499
68.6005
68.9455
68.4126
68.3752
68.5818
67.861
66.9963
66.7508
67.1965
66.9833
67.0266
67.0484
66.7932
66.8892
66.883
66.8833
66.9924
66.8594
66.937
66.6538
66.8613
66.5867
65.9027
66.8513
66.5345
66.504
66.5123
66.5469
65.8862
66.0717
64.9556
65.1789
61.7198
66.2576
66.0271
65.8949
63.5733
56.4755
30.2576
61.0262
36.773
18.2312
10.6888
23.6442
24.2297
67.1209
67.5625
67.2079
66.5943
66.8798
66.6275
36.9686
50.9775
38.1973
55.7448
41.4228
52.1083
39.5538
5.38542
16.5255
3.57758
22.7845
10.8078
18.7529
4.83321
67.6158
68.0112
67.2637
67.1464
67.5543
38.0996
49.4046
32.9963
52.6021
40.0577
48.9582
30.0823
4.18028
16.3416
7.0713
18.242
4.10209
13.8152
7.59787
68.3073
67.8625
68.1494
68.4421
68.5372
67.9242
67.667
68.0144
68.0665
59.96
66.4713
64.7687
64.9545
60.7627
66.3522
64.8398
25.026
51.7149
17.0878
20.3119
12.3016
16.8802
68.6447
68.1869
68.3245
68.2316
68.0658
67.9645
67.8985
68.1076
68.2264
67.7607
67.7738
67.9689
67.2794
66.5287
66.3641
66.9162
66.6284
66.7647
66.8022
66.4957
66.6579
66.8194
66.962
66.8682
66.7733
66.9608
67.0593
67.1777
65.454
65.6132
66.3039
65.3483
65.7275
66.0766
66.1546
65.4299
65.5859
66.9719
66.4644
65.3573
67.1104
67.6134
66.6881
66.9928
63.9245
39.735
66.7142
22.8092
22.2203
65.7074
66.3021
66.1893
65.0958
65.9389
65.8445
42.4587
54.0784
41.1234
60.4147
39.9608
54.6392
40.5083
11.9204
18.9237
4.62415
22.6271
19.639
17.8966
4.39335
66.7197
67.1331
66.4154
66.3866
66.7906
39.6584
50.0198
25.0707
54.399
36.7129
50.838
18.1124
2.98797
10.8489
7.03174
6.98648
3.65978
3.38244
9.15396
67.4571
67.1069
67.2007
67.5983
67.6009
67.1487
66.8111
67.2533
67.2405
62.5558
66.3248
65.2116
64.98
63.4096
66.2103
65.4797
59.7781
67.7122
67.337
67.6394
67.6079
67.2505
67.3443
67.3683
67.4193
67.6515
67.243
67.1753
67.3791
66.9286
66.2594
66.2042
66.726
66.4126
66.5837
66.6823
66.3909
66.554
66.7386
66.9274
66.7985
66.6995
66.8841
67.1895
67.1397
65.8576
65.9602
66.0708
65.6298
65.5907
65.821
66.0247
65.872
65.4609
67.7868
66.754
67.5398
67.1696
67.6772
66.7388
67.5974
68.1271
68.4655
65.3055
65.7701
65.6853
65.5938
65.7482
65.6918
59.0252
45.1187
67.2655
64.7952
62.3053
0.772985
1.83096
66.1671
66.55
66.0635
66.0607
66.4152
40.2718
58.3049
62.0164
53.2478
62.8739
1.53085
66.8458
66.6708
66.5515
66.976
66.9788
66.6914
66.3928
66.7863
66.7872
64.2249
66.2186
65.723
65.2121
64.9313
66.1976
65.8954
64.7312
67.0283
66.8241
67.0863
67.1311
66.7636
66.8915
66.9873
66.9671
67.1204
66.7626
66.7722
66.878
66.6341
66.177
66.2311
66.6839
66.4248
66.5579
66.7287
66.5479
66.5991
66.6723
66.8657
66.7994
66.7039
66.8996
67.09
67.085
66.0098
66.1521
66.0105
66.0065
65.3217
66.6675
65.8076
66.0796
65.5739
67.4804
66.6603
67.38
67.0354
67.322
66.646
67.2152
68.0877
67.7297
65.7944
65.8545
65.8301
66.0017
66.0672
66.0321
66.1971
67.1764
67.36
66.9597
68.2283
66.0765
66.3823
66.1887
66.1754
66.4188
63.806
64.9653
66.0094
66.5536
66.2006
66.5862
66.5863
66.3245
66.6699
66.6709
66.5667
66.3233
66.6266
66.6216
65.4429
66.1691
65.9785
65.4985
65.7043
66.1225
66.0652
66.0907
66.6896
66.606
66.7503
66.8641
66.493
66.6449
66.7559
66.6077
66.6885
66.3863
66.4355
66.5217
66.3282
66.4745
66.9219
66.7987
66.6968
66.6647
66.8684
66.8298
66.7557
66.8016
66.9782
66.9857
66.9437
67.0743
67.1348
67.2109
66.2863
66.4884
65.8868
65.9787
65.9428
66.0451
66.4554
66.0891
66.2772
67.2552
66.6689
67.1374
67.069
67.256
66.7308
67.1446
67.5567
67.4904
66.2294
66.318
66.2713
66.4813
66.5733
66.5263
67.1527
67.97
67.2317
67.2829
67.7993
66.3298
66.5124
66.5452
66.5166
66.6539
67.2578
66.6299
67.1187
67.4566
66.9588
66.6407
66.7467
66.3608
66.6383
66.6139
66.6856
66.4404
66.6996
66.636
65.8322
66.0815
66.1043
65.5589
65.8845
66.0219
66.0918
66.3978
66.5702
66.5753
66.5656
66.6582
66.3909
66.5211
66.6181
66.2833
66.3676
66.1462
66.1724
66.2534
66.0981
67.2792
67.4049
66.9642
66.7808
66.9055
67.1091
66.5841
67.1066
67.0844
67.1904
67.2392
67.2107
67.3486
67.326
67.4918
66.7587
67.0236
67
66.4545
66.7493
66.8527
67.2567
66.8291
67.0822
67.3369
66.8301
67.2192
67.3385
67.499
66.9906
67.3789
67.5055
67.6167
66.7434
66.8344
66.7869
67.0053
67.1028
67.0501
67.4062
67.7517
67.4494
67.5808
67.7754
66.7358
66.8474
67.0337
66.9921
67.0893
67.5069
67.0126
67.3522
67.5252
67.0989
66.908
67.1294
66.5576
66.8153
66.7058
67.0221
66.7244
66.99
66.8408
65.8836
65.9897
66.0575
65.5783
65.8847
65.9756
66.0016
66.4693
66.6485
66.8008
66.5281
66.6021
66.5346
66.6086
66.6691
66.1191
66.1933
66.1426
66.1487
66.2206
66.0489
67.0196
66.8398
67.2544
66.7181
67.2818
67.3763
67.0147
67.4085
67.356
67.5741
67.5844
67.5639
67.8644
67.7308
68.037
67.2684
67.5104
67.1468
67.1187
67.2362
67.2697
67.044
67.3309
67.2062
67.7526
67.2202
67.6269
67.94
68.0951
67.5282
67.9382
67.8402
68.1456
67.2727
67.393
67.3355
67.5633
67.7182
67.6488
67.8032
67.9096
68.0283
68.0771
68.1132
67.2893
67.3812
67.6596
67.6159
67.7166
67.685
67.2397
67.7196
67.8998
67.4321
67.4026
67.7281
66.9528
67.2242
67.0579
67.5879
67.2325
67.5298
67.3468
65.976
65.9759
66.0049
65.8628
66.1355
65.9404
66.0418
66.718
67.0352
67.3455
66.7785
66.798
67.0189
67.0212
67.0239
66.246
66.2661
66.3417
66.4263
66.3488
66.2211
67.0427
67.3422
67.5833
67.2394
67.5074
67.8428
67.3927
67.704
67.8724
68.2215
68.2673
68.2828
68.6741
68.4247
68.9119
67.7781
68.0754
67.1925
67.5392
67.2838
67.7032
67.3931
67.7643
67.381
68.5003
67.9226
68.3421
68.8592
69.0147
68.3983
68.8128
68.5481
69.0255
67.8824
68.073
67.9953
68.2334
68.4682
68.382
68.4125
68.4388
68.877
68.8242
68.8029
67.9815
68.0996
68.4501
68.4019
68.552
68.2022
67.697
68.3498
68.5984
68.0415
68.1043
68.5608
67.571
67.9043
67.7204
68.3766
67.9729
68.3691
68.1712
66.4053
65.9175
66.1668
66.6502
66.758
65.9676
66.4015
67.3047
67.7365
68.2109
67.3085
67.2878
67.9006
67.6331
67.6111
66.6416
66.5835
66.8699
66.8796
67.0136
66.3879
67.4958
67.6511
68.1367
67.4779
67.9877
68.5723
67.6508
68.3686
68.7503
69.2366
69.2888
69.3409
69.9139
69.4837
70.119
68.4156
68.8474
67.5522
68.0191
67.513
68.3009
67.6986
68.3458
67.7294
69.5753
68.968
69.3662
70.0975
70.1988
69.5749
69.963
69.573
70.1692
68.6351
68.9332
68.8267
69.1078
69.503
69.3588
69.2956
69.2733
69.9919
69.7814
69.7226
68.908
69.1061
69.5534
69.5104
69.7716
69.0573
68.4579
69.2457
69.5035
68.8929
69.1201
69.7996
68.4617
68.9577
68.7108
69.5627
68.9871
69.6768
69.3193
67.2128
66.1204
66.7157
67.399
67.7086
66.7264
67.1552
68.276
68.7829
69.4896
68.0218
68.0059
69.0957
68.4973
68.5309
67.1827
67.5642
67.9178
67.5774
68.226
67.0777
67.9984
68.7887
69.1347
68.085
68.8527
69.5806
68.6381
69.3816
70.0877
70.7089
71.1049
71.054
71.4315
70.8054
71.5109
69.5691
70.7978
67.9242
68.8444
68.0041
70.0167
68.4485
69.7105
68.3534
70.8537
70.1731
70.61
71.4216
71.4757
70.7519
71.2695
70.8394
71.4061
69.7563
70.3007
70.029
70.6544
71.3415
70.7957
70.2389
70.1176
71.1995
70.6878
70.5138
70.2106
70.5522
71.422
70.9425
71.3193
69.8765
69.3307
70.0112
70.2246
69.7609
70.6594
71.6409
69.5993
70.6396
70.0529
71.0031
70.1131
71.6177
70.8435
68.2599
67.6585
67.813
68.5116
68.7786
68.4408
68.4957
69.4878
70.5506
71.5126
69.2206
69.3718
70.8942
70.0439
70.3767
68.1496
69.2117
69.3679
68.8519
70.1446
68.729
69.0765
70.249
69.0588
69.8781
71.4587
71.7162
71.7364
70.4478
68.6033
69.6829
68.5881
69.1628
68.2228
68.6097
71.1656
69.389
70.3908
71.679
70.949
71.5227
71.5845
70.6569
71.3582
70.905
68.771
69.9398
69.0341
68.2779
68.4365
68.2589
69.4935
68.4845
68.9387
70.6213
69.4338
69.9596
70.8145
70.8118
71.0375
71.2845
69.3411
70.5128
69.691
68.3949
68.9898
68.5213
68.6496
68.3857
68.5188
69.5322
68.8783
69.2097
70.4053
69.9404
71.3791
70.1689
71.2549
70.7306
68.7812
69.9603
69.2596
68.4373
68.7062
68.5171
68.902
68.6458
68.6763
71.2052
69.8987
70.4815
69.0798
70.2265
210.949
203.256
194.379
147.704
163.2
150.046
151.86
144.987
177.027
155.477
136.807
127.843
144.221
139.923
185.201
188.215
197.965
116.051
145.219
126.267
161.757
179.492
188.73
195.022
152.315
160.88
165.869
176.018
177.784
193.077
191.478
152.553
139.627
164.258
155.336
193.558
189.196
180.709
148.568
161.844
152.756
148.818
201.865
200.645
193.725
145.302
173.407
131.786
141.229
196.215
199.674
203.061
163.308
167.413
140.903
155.628
203.669
215.505
225.982
172.349
155.57
175.777
160.852
194.362
226.627
219.028
130.965
122.823
118.839
113.943
204.5
194.186
180.51
116.808
135.598
114.161
117.689
247.207
213.873
258.031
159.795
152.309
138.112
154.217
131.632
121.173
123.017
117.789
106.142
107.085
104.167
123.897
117.868
129.615
102.942
111.514
96.7352
103.344
116.016
98.4369
123.668
96.1757
101.283
89.6086
94.4515
129.186
90.7927
99.9073
81.4971
83.5187
81.3722
82.1509
85.0136
87.767
85.3864
75.7851
76.6869
75.0417
76.353
89.7593
82.4574
83.8419
75.1568
78.4756
75.9969
77.5754
82.9421
81.9614
76.9886
78.4791
74.4687
77.3554
74.9218
74.7866
80.2808
78.7809
77.9763
76.2512
79.304
77.7023
75.9894
74.4873
75.2879
75.2337
75.7069
75.2098
75.8052
75.5237
74.9982
75.8471
75.2751
74.4983
75.1912
75.2487
75.0262
76.6223
75.0792
76.3369
75.2812
76.2272
75.2684
76.9738
78.1678
76.8141
77.4782
77.1521
77.0887
76.7115
75.086
75.2152
75.7015
73.9399
74.2882
74.6474
74.9138
73.7255
75.1042
74.3952
73.8925
72.8527
74.4962
73.5603
75.288
75.6371
75.5611
74.5391
74.963
74.9897
75.3559
77.403
76.2642
77.0494
75.902
77.7108
75.5989
77.4754
73.6602
73.9733
74.0951
73.0642
73.3483
73.4416
73.4678
72.1287
73.7164
72.8581
72.5056
71.6603
73.1019
72.3303
74.3199
74.1742
74.4156
73.0263
73.5778
73.2606
72.9959
77.3456
74.839
76.4346
73.9141
73.4291
73.8011
72.2685
73.2636
73.0736
73.0808
72.2677
73.0503
72.9069
72.9426
71.3145
72.7121
71.9936
71.7211
71.0306
72.4385
71.8349
72.9585
72.4256
71.9414
71.9433
72.5111
71.8303
71.3917
69.3757
72.3076
69.4227
71.0041
69.0583
71.1421
69.7627
72.3959
72.9822
73.0296
71.9685
72.1497
73.4154
73.6598
70.8011
72.2739
71.8358
71.3153
70.6867
72.1901
72.0411
72.2217
71.3789
71.1129
71.2713
72.0812
70.9851
70.7848
69.5025
70.5471
70.1827
70.056
69.742
70.2865
70.2622
72.1453
72.4227
72.9968
70.4455
70.3062
69.2331
69.7705
70.8394
71.8734
72.1706
71.455
71.0538
71.0918
71.0619
71.544
70.5867
70.1
70.5394
69.8525
70.0847
69.3747
69.7406
69.9755
70.0588
69.6846
69.6601
69.609
69.8364
68.7864
67.9612
67.9572
68.9275
68.9021
68.5809
68.506
69.6893
69.3907
68.9144
68.3819
68.5715
68.0494
67.9344
68.5445
69.5818
68.9936
69.3104
68.6471
69.2536
68.9223
69.5054
69.3361
69.6307
69.1701
69.3147
69.1338
69.378
69.0921
68.8887
68.9505
68.9224
68.9964
68.8636
69.0226
68.827
68.1692
68.4917
68.7895
69.0816
68.5748
69.0059
68.8721
69.0653
68.9697
68.9226
68.9187
68.9395
69.0059
69.2091
69.0346
69.2178
68.9512
69.1427
68.961
69.1528
68.7722
68.7666
68.8515
68.628
68.5953
68.7046
68.6821
69.0902
68.8398
69.1373
68.7419
68.9955
68.8289
69.0315
68.8297
68.8246
68.9741
68.6747
68.7482
68.7179
68.8842
69.0794
68.8905
69.1078
68.7541
69.0331
68.8003
69.0744
68.56
68.6601
68.6151
68.516
68.6083
68.6055
68.5836
68.9322
68.7874
68.9829
68.677
68.9362
68.7706
68.9729
68.7067
68.6482
68.8119
68.4277
68.6561
68.5898
68.7763
68.9965
68.7251
69.0202
68.6116
69.0068
68.6753
68.987
68.649
68.5625
68.5787
68.5781
68.6749
68.5572
68.5867
68.9553
68.7863
68.9805
68.7581
68.9397
68.796
68.9898
68.5627
68.4951
68.7551
68.3912
68.4915
68.4085
68.6373
68.9454
68.6198
68.835
68.5519
68.7239
68.6068
68.6183
68.675
68.5999
68.6089
68.6046
68.6671
68.6452
68.6404
68.9237
68.7975
68.991
68.7745
68.9123
68.8047
68.9861
68.4896
68.4213
68.5336
68.4209
68.5514
68.4713
68.5315
68.5813
68.6295
68.604
68.5404
68.5988
68.6675
68.6632
68.6745
68.6708
68.6786
68.6486
68.6936
68.686
68.7164
68.8985
68.8083
68.9403
68.7469
68.8756
68.8005
68.8938
68.6122
68.5285
68.5873
68.4881
68.6399
68.5834
68.6695
68.6912
68.7044
68.7258
68.6401
68.7442
68.7086
68.7632
68.7149
68.7063
68.7432
68.7051
68.7316
68.7252
68.756
68.8527
68.7923
68.8672
68.7573
68.8266
68.7718
68.8183
68.6693
68.6194
68.7173
68.6118
68.6978
68.6456
68.7178
68.7294
68.7228
68.7793
68.6723
68.724
68.7471
68.7783
68.7365
68.7362
68.756
68.7204
68.7326
68.7383
68.7452
68.7959
68.7497
68.7705
68.7208
68.7642
68.7198
68.7248
68.7074
68.653
68.691
68.6901
68.7046
68.6626
68.6869
68.7185
68.7456
68.7458
68.6728
68.7183
68.76
68.7247
68.7239
68.7336
68.7311
68.7098
68.708
68.7224
68.7137
68.726
68.6887
68.6722
68.687
68.6896
68.6593
68.625
68.7048
68.7041
68.7013
68.7199
68.7031
68.7308
68.7071
68.713
68.756
68.7014
68.7339
68.7046
68.7168
68.6831
68.6858
68.708
68.6914
68.689
68.6625
68.6927
68.6655
68.6553
68.6298
68.5773
68.6376
68.6189
68.6019
68.5472
68.696
68.7207
68.6951
68.7068
68.684
68.7056
68.6795
68.6863
68.6858
68.649
68.7145
68.6757
68.6798
68.6057
68.6424
68.6794
68.6489
68.6683
68.6223
68.6697
68.6395
68.5868
68.5762
68.5125
68.6075
68.5472
68.5543
68.4738
68.6746
68.688
68.6689
68.6954
68.6745
68.6755
68.668
68.6672
68.6862
68.5903
68.6956
68.6673
68.6893
68.6042
68.6105
68.6624
68.6318
68.6542
68.6066
68.6577
68.6271
68.5139
68.5431
68.427
68.5833
68.4963
68.545
68.4169
68.6773
68.6685
68.6686
68.7111
68.6807
68.6675
68.6684
68.6723
68.6672
68.6232
68.681
68.6728
68.6422
68.6389
68.6068
68.6564
68.6274
68.65
68.6095
68.6594
68.6347
68.4949
68.5579
68.4152
68.5752
68.4952
68.5701
68.4192
68.6835
68.6709
68.669
68.7177
68.6873
68.6771
68.6731
68.6751
68.6585
68.661
68.6872
68.6777
68.6968
68.6799
68.6129
68.6658
68.6434
68.6529
68.618
68.6744
68.6483
68.5001
68.5871
68.4152
68.5764
68.5138
68.5918
68.4269
68.6913
68.6818
68.6768
68.7133
68.697
68.6841
68.679
68.6738
68.7208
68.6905
68.6772
68.6628
68.7168
68.6797
68.6241
68.6802
68.6562
68.6564
68.627
68.6806
68.6562
68.5263
68.6021
68.4594
68.5898
68.5412
68.61
68.4934
68.7017
68.6843
68.6848
68.7029
68.7021
68.685
68.6815
68.6498
68.7039
68.665
68.6638
68.6246
68.6914
68.6408
68.6264
68.6787
68.6469
68.6567
68.6249
68.671
68.6294
68.5549
68.6163
68.518
68.6053
68.5667
68.6107
68.5319
68.6968
68.6868
68.6807
68.6936
68.6822
68.6876
68.6689
68.6024
68.6825
68.6299
68.6409
68.5746
68.6766
68.6197
68.6261
68.6617
68.6223
68.6548
68.6297
68.6531
68.6133
68.5873
68.5989
68.5512
68.6236
68.616
68.5935
68.5714
68.6691
68.6867
68.6624
68.6849
68.6571
68.6833
68.6543
68.5502
68.6704
68.6175
68.6314
68.5467
68.6676
68.63
68.6359
68.6474
68.6129
68.6568
68.6439
68.6453
68.6151
68.641
68.6003
68.5873
68.6442
68.6614
68.6059
68.6034
68.6474
68.6786
68.6445
68.6748
68.6443
68.6746
68.644
68.5527
68.6722
68.6515
68.6384
68.578
68.6744
68.6619
68.6533
68.6456
68.6218
68.6638
68.6624
68.6496
68.6321
68.6746
68.6165
68.6145
68.6603
68.6842
68.6306
68.6333
68.6411
68.6721
68.6413
68.6566
68.6401
68.67
68.6387
68.5934
68.6733
68.6547
68.6476
68.6013
68.6663
68.6483
68.6711
68.6547
68.6429
68.6753
68.6824
68.6575
68.651
68.6906
68.6403
68.6479
68.6704
68.6943
68.6465
68.6577
68.6396
68.6661
68.6362
68.6426
68.6387
68.6578
68.6335
68.6074
68.654
68.6426
68.6429
68.6112
68.6388
68.6336
68.6922
68.6606
68.6575
68.6895
68.7001
68.6663
68.6633
68.699
68.652
68.668
68.6844
68.7062
68.6575
68.679
68.6366
68.6478
68.6339
68.6558
68.6376
68.6391
68.6346
68.6233
68.6274
68.6271
68.6319
68.6413
68.6194
68.6186
68.7106
68.6728
68.673
68.7017
68.7179
68.6793
68.6826
68.7147
68.6689
68.6923
68.705
68.727
68.6818
68.7097
68.6441
68.633
68.6369
68.665
68.6594
68.6357
68.6418
68.662
68.6137
68.6105
68.6243
68.6773
68.6123
68.6059
68.725
68.6884
68.6914
68.7163
68.7328
68.7
68.7007
68.7441
68.6965
68.7316
68.7352
68.7631
68.7166
68.7554
68.675
68.6426
68.6497
68.6694
68.6951
68.6488
68.6671
68.6948
68.6144
68.6088
68.6474
68.6962
68.614
68.609
68.742
68.7113
68.7119
68.7352
68.7559
68.7222
68.7239
68.7813
68.7384
68.7775
68.7705
68.7987
68.7645
68.8002
68.7115
68.6536
68.6871
68.6842
68.728
68.6616
68.7006
68.706
68.611
68.6045
68.6677
68.7005
68.6049
68.5913
68.7744
68.7351
68.7422
68.7699
68.7932
68.7511
68.7613
68.8161
68.7899
68.8184
68.8147
68.8306
68.8161
68.8316
68.7432
68.6737
68.715
68.7173
68.7553
68.6899
68.7261
68.7075
68.6074
68.6033
68.6871
68.7109
68.6217
68.6264
68.8137
68.7717
68.7879
68.8095
68.8316
68.7963
68.816
68.8454
68.8368
68.8489
68.8595
68.8592
68.8542
68.8607
68.7726
68.7129
68.7451
68.766
68.7925
68.7393
68.7626
68.7279
68.6398
68.6602
68.7261
68.7556
68.6606
68.702
68.8484
68.8213
68.8364
68.8566
68.8675
68.8458
68.85
68.869
68.8686
68.8639
68.89
68.8756
68.8721
68.8586
68.8183
68.7702
68.7848
68.8249
68.8468
68.8046
68.8122
68.7929
68.6914
68.7423
68.7972
68.8342
68.7335
68.7972
68.8912
68.878
68.8719
68.9103
68.9129
68.9004
68.8969
68.8898
68.8714
68.8505
68.922
68.9048
68.8804
68.8499
68.8774
68.8433
68.8454
68.8827
68.9034
68.8794
68.8838
68.8881
68.7812
68.8654
68.8843
68.9448
68.8345
68.9296
68.9385
68.9127
68.9269
68.9503
68.9665
68.9416
68.9615
68.9253
68.9075
68.8689
68.9588
68.9489
68.9471
68.8986
68.917
68.9071
68.914
68.9202
68.9202
68.925
68.9326
68.9845
68.8896
68.9771
68.9308
68.9784
68.9314
68.9774
69.0012
68.9701
68.9956
68.9985
69.0365
68.9966
69.0308
68.9757
68.9913
68.9373
69.031
69.0059
69.0332
68.9875
68.9242
68.9414
68.9418
68.9579
68.9241
68.9577
68.948
68.962
68.9599
68.97
68.9608
68.9461
68.9795
68.9569
69.0753
69.0143
69.0547
69.0404
69.0804
69.0206
69.0616
69.0409
69.0549
69.0346
69.0947
69.0758
69.0662
69.0783
68.9255
68.9703
68.954
68.9945
68.9208
68.979
68.944
68.9362
68.9914
68.9363
68.9925
68.9159
69.0065
68.9022
69.0729
69.0069
69.0541
68.9807
69.0506
68.9734
69.0321
69.1061
69.0688
69.101
69.0894
69.1264
69.0657
69.1077
68.9043
68.9943
68.9233
69.0599
68.9143
69.0344
68.9229
68.889
69.0424
68.889
69.065
68.8857
69.1109
68.9215
69.0206
68.9765
69.0024
69.0058
69.0349
69.001
69.0124
69.1352
69.0613
69.1085
69.0936
69.1326
69.0657
69.1069
68.9638
69.0725
68.962
69.0853
69.015
69.0995
69.0158
68.9724
69.1603
69.0077
69.1574
69.0716
69.1811
69.0849
69.0574
69.045
69.0346
69.0782
69.0689
69.0706
69.0474
69.1266
69.0704
69.1143
69.1088
69.1215
69.0698
69.1132
69.0494
69.1226
69.0552
69.0547
69.0678
69.1093
69.0908
69.1435
69.1439
69.1275
69.101
69.1933
69.0814
69.1581
69.0705
69.0616
69.0454
69.0559
69.0579
69.0423
69.0368
69.114
69.0616
69.1019
69.0884
69.0996
69.0465
69.0883
69.0534
69.0882
69.1029
69.1067
69.0427
69.0556
69.1155
69.2291
69.0421
69.1723
69.0591
69.2514
69.033
69.1785
69.0374
69.0192
69.031
69.0011
69.0222
68.9957
69.0161
69.0852
69.034
69.078
69.0564
69.071
69.0229
69.0676
69.0212
68.9862
69.1124
69.047
68.983
68.9226
69.1041
69.2496
69.0405
69.1668
69.0798
69.2372
69.0563
69.1521
69.0099
68.9894
69.0063
68.9681
68.9983
68.973
68.9922
69.056
69.0158
69.0557
69.0334
69.0533
69.0094
69.0488
68.9604
68.8786
69.0915
68.9215
68.9599
68.8957
69.0769
69.2103
69.0645
69.1427
69.1036
69.1673
69.0648
69.1142
68.987
68.9641
68.9809
68.9592
68.9762
68.9573
68.9711
69.053
68.999
69.0406
69.0187
69.05
68.9887
69.0319
68.9874
68.9418
69.0549
68.9437
69.0184
69.0007
69.0296
69.1204
69.065
69.0746
69.1197
69.0734
69.0872
69.0324
68.9664
68.9503
68.9632
68.9511
68.9578
68.9399
68.9546
69.0445
68.9833
69.0258
68.9881
69.0369
68.9687
69.0205
69.0325
69.0282
69.0191
68.9799
69.0278
69.0258
69.0109
69.0437
69.1005
69.001
69.1132
69.028
69.0534
68.9685
68.9473
68.9278
68.9458
68.938
68.937
68.9126
68.9394
69.0277
68.9482
69.0205
68.9495
69.018
68.9238
69.0212
69.0247
69.0084
69.0064
68.945
69.0134
68.9743
69.0017
69.0032
68.9603
68.9441
68.9476
68.9651
68.8868
68.9165
68.9238
68.8948
68.9293
68.9287
68.9122
68.8923
68.9283
69.0059
68.9095
69.0216
68.9123
68.9928
68.8977
69.0093
69.006
68.9317
69.0009
68.921
68.996
68.9164
68.9953
68.9395
68.8282
68.9105
68.8713
68.906
68.7814
68.9364
68.9072
68.8952
68.9382
68.94
68.9053
68.9269
68.939
68.98
68.9014
68.9778
68.9004
68.9694
68.9064
68.9396
68.996
68.9166
69.0068
69.005
69.0198
68.9436
69.0436
68.8986
68.8595
68.9833
68.9425
68.9916
69.1035
69.0726
68.9023
68.9579
68.9276
68.9709
68.9003
68.9633
68.9133
68.9543
68.8942
68.8842
68.8828
68.9214
68.8725
68.8222
69.0474
69.0926
69.058
69.1235
69.0507
69.2464
69.0723
69.083
69.315
69.1184
69.4752
69.1069
69.3568
69.1188
68.8918
68.9631
68.8924
68.9457
68.8667
68.9485
68.8569
68.8709
68.8362
68.7575
68.8419
68.8044
68.7977
68.6714
69.0415
69.2241
69.0583
69.1016
69.0215
69.1395
69.0205
69.0794
69.3093
69.1042
69.275
69.0481
69.2476
69.0822
68.8415
68.9225
68.8215
68.9014
68.8161
68.9071
68.7999
68.7287
68.754
68.5734
68.7699
68.658
68.7007
68.4881
68.9914
69.0716
68.9871
69.0482
68.9657
69.0534
68.9786
69.0295
69.2087
69.0881
69.1409
69.0504
69.1978
69.1089
68.7808
68.8777
68.7778
68.8043
68.7395
68.8055
68.7462
68.5882
68.6472
68.422
68.6707
68.5243
68.5981
68.3844
68.9509
69.056
68.9997
69.0331
68.9378
69.0714
69.03
69.099
69.209
69.1504
69.1922
69.1633
69.242
69.2194
68.6824
68.6906
68.6657
68.6049
68.5795
68.5839
68.5518
68.4407
68.5453
68.3579
68.4683
68.3838
68.4571
68.3
68.9394
69.109
69.066
69.0492
68.9504
69.1531
69.1089
69.2387
69.2848
69.305
69.3143
69.3171
69.3364
69.3805
68.4839
68.4898
68.4455
68.3521
68.349
68.4166
68.342
68.3479
68.3525
68.2178
68.2759
68.2691
68.2144
68.0972
68.9712
69.2078
69.159
69.1132
69.0096
69.2832
69.225
69.392
69.4103
69.457
69.4682
69.4653
69.5016
69.5361
68.1568
68.3634
68.2147
68.1534
67.9865
68.3357
68.1022
68.086
68.0546
67.9374
67.927
67.8497
67.895
67.7519
69.0506
69.4102
69.2836
69.2648
69.0693
69.5491
69.3371
69.5286
69.6114
69.6227
69.6909
69.5926
69.7339
69.7153
67.8226
68.3397
68.019
68.0763
67.72
68.3468
67.9416
67.5949
67.7279
67.5437
67.4899
67.3417
67.5486
67.301
69.0744
69.6121
69.3675
69.3988
69.0828
69.6349
69.3663
69.6747
69.865
69.8131
69.9714
69.746
70.0035
69.9169
67.644
68.3446
67.9037
68.0406
67.5856
68.2853
67.8332
67.0897
67.3846
67.0594
67.1377
66.8174
67.2299
66.7745
69.0399
69.6446
69.3552
69.188
68.9367
69.6021
69.3771
69.7996
70.1429
70.0057
70.1327
69.9122
70.2826
70.1046
67.5321
68.192
67.744
67.8666
67.4751
68.0311
67.6096
66.5445
67.0909
66.49
66.9321
66.3141
66.9697
66.2572
68.7978
69.4532
69.3601
68.7728
68.6377
69.0861
69.221
70.021
70.2175
70.1099
69.677
69.9285
69.9019
69.9759
67.3856
67.8075
67.4345
67.5501
67.2638
67.5341
67.231
66.1325
66.8762
66.0847
66.7981
66.0493
66.7391
65.9171
68.3457
68.5088
68.8387
68.0239
67.952
68.0349
68.2606
69.4585
69.5613
69.7073
68.4821
68.6908
69.1973
69.2548
67.102
67.2158
66.9961
67.0504
66.9275
66.8708
66.7622
66.0349
66.5902
65.848
66.6554
66.086
66.4227
65.8971
67.4858
67.7476
67.6465
67.0291
66.9029
67.3259
67.1056
67.7919
68.8258
68.7317
67.587
67.082
68.3733
68.1852
66.7775
66.5396
66.5715
66.5552
66.6364
66.2669
66.4129
66.2476
66.278
65.9965
66.5622
66.4737
66.2361
66.0889
66.2638
66.6644
66.473
66.1142
65.6125
66.0388
65.718
66.4542
67.8578
67.4827
66.5503
65.908
67.3237
66.8069
66.5077
66.0561
66.2617
66.2163
66.4206
65.8989
66.113
66.6587
66.2179
66.209
66.5152
66.7737
66.1582
66.2308
65.0175
65.6665
65.071
64.9121
64.7067
65.4254
64.7694
65.4891
66.8491
66.2687
65.7599
65.2058
66.4707
65.8806
66.3817
65.8098
65.9638
66.1712
66.3744
65.7527
65.8272
66.8041
66.0648
66.2443
66.5476
66.7835
65.9662
66.2339
64.7116
65.2632
64.6268
64.945
64.8892
65.2404
64.7012
65.0566
66.2179
65.6496
65.5539
65.0685
66.0985
65.5854
66.43
65.7977
65.7865
66.4483
66.5229
66.0865
65.9581
66.7703
65.9415
66.2333
66.6234
66.785
66.1188
66.3414
65.2617
65.3463
65.0082
65.5059
65.6506
65.5548
65.3835
65.2556
66.082
65.6686
65.7685
65.5156
66.1403
65.8142
66.5688
66.3519
66.1915
66.7097
66.6246
66.5356
66.4381
66.8511
66.3567
66.5135
66.8077
66.9561
66.5785
66.7004
65.9179
65.8342
65.7502
66.1227
66.1689
66.1305
66.0788
65.7841
66.2513
65.9795
66.1942
66.0362
66.4091
66.1438
66.7432
66.83
66.6108
66.6881
66.9118
67.0435
66.6945
67.0574
66.7191
66.8317
66.9893
67.1584
66.8042
66.901
66.5496
66.4275
66.3576
66.7524
66.7584
66.6929
66.5993
66.2855
66.6221
66.346
66.7204
66.5291
66.8728
66.5899
67.0942
67.0391
66.9256
66.9338
67.2579
66.9791
67.2091
67.3512
66.9016
67.0367
67.332
67.6281
66.9813
67.2308
66.9377
66.9604
66.8162
67.2497
67.1121
67.2427
67.0319
66.7828
67.162
66.8649
67.3301
67.043
67.4846
67.1538
67.3708
67.0343
67.2504
67.2044
67.6193
67.1303
67.2109
67.9914
67.0816
67.5057
67.9179
68.465
67.2467
67.8459
67.3033
67.5566
67.2603
67.7945
67.4985
67.8958
67.5078
67.3171
67.8582
67.467
68.0626
67.6027
68.2582
67.8223
67.8421
67.274
67.3013
67.5648
68.0293
67.4165
67.4806
68.9872
67.4794
68.2404
68.7223
69.5646
67.799
68.8079
67.7312
68.281
67.8068
68.5091
67.9624
68.7177
68.1407
67.9521
68.7287
68.2375
68.9804
68.3688
69.2776
68.6994
68.3839
67.5709
67.72
68.1561
68.8586
67.8753
68.2052
70.2598
68.3354
69.3988
69.913
70.9423
68.9957
70.0154
68.1953
69.2245
68.4725
69.5199
68.512
69.7535
68.8423
67.5452
67.9769
67.7245
67.9612
67.9771
68.2518
68.0882
68.5043
67.9302
68.3805
68.4614
69.1788
68.3122
68.76
69.9664
69.0297
69.6015
69.8708
70.4916
69.3426
69.9048
68.7831
69.9235
69.147
70.0486
69.1672
70.4665
69.576
67.8744
68.5124
68.0153
68.551
68.237
68.8373
68.3696
68.2298
67.884
67.9514
68.2547
68.5247
68.2089
68.3465
69.2645
68.3664
68.8407
69.015
69.5027
68.7392
69.1357
68.1283
69.2966
68.6221
69.2806
68.6595
69.829
69.163
67.6014
68.0501
67.6804
68.2572
68.2318
68.5493
68.3621
)
;

boundaryField
{
    fbOut
    {
        type            fixedValue;
        value           uniform 0;
    }
    CAD_patch1
    {
        type            zeroGradient;
    }
    fbGasin
    {
        type            zeroGradient;
    }
    CAD_patch3
    {
        type            zeroGradient;
    }
    fbBioin
    {
        type            zeroGradient;
    }
}


// ************************************************************************* //
