/*--------------------------------*- C++ -*----------------------------------*\
| =========                 |                                                 |
| \\      /  F ield         | OpenFOAM: The Open Source CFD Toolbox           |
|  \\    /   O peration     | Version:  5.x                                   |
|   \\  /    A nd           | Web:      www.OpenFOAM.org                      |
|    \\/     M anipulation  |                                                 |
\*---------------------------------------------------------------------------*/
FoamFile
{
    version     2.0;
    format      ascii;
    class       volScalarField;
    location    "3.6";
    object      voidfraction;
}
// * * * * * * * * * * * * * * * * * * * * * * * * * * * * * * * * * * * * * //

dimensions      [0 0 0 0 0 0 0];

internalField   nonuniform List<scalar> 
10571
(
0.529597
0.687683
0.766158
0.810318
0.577565
0.600939
0.940949
0.822571
0.885415
0.896241
0.834736
0.80444
0.867133
0.954577
0.825035
0.818303
0.939948
0.678654
0.814369
0.975239
0.514668
0.76555
0.493408
0.458662
0.467022
0.758598
0.854634
0.91617
0.583724
0.742449
0.616668
0.641687
0.508556
0.580114
0.421688
0.463776
0.858526
0.77142
0.476426
0.465015
0.880902
0.933211
0.735297
0.587613
0.468468
0.955436
0.869944
0.977589
0.450697
0.497514
0.922862
0.549255
0.491412
0.614945
0.538321
0.506587
0.449201
0.505713
0.818499
0.759066
0.844059
0.551538
0.679676
0.453788
0.736412
0.972303
0.869578
0.915763
0.907717
0.947036
0.959537
0.975284
0.454099
0.469961
0.681516
0.445592
0.444708
0.827954
0.729748
0.659096
0.696975
0.501551
0.988571
0.684327
0.850252
0.764703
0.976855
0.952572
0.821132
0.906168
0.929548
0.984931
0.984043
0.868966
0.934146
0.932808
0.425938
0.9944
0.573227
0.487091
0.460775
0.990008
0.68965
0.666652
0.90468
0.970657
0.992853
0.982231
0.871508
0.867671
0.984829
0.922555
0.99008
0.955456
0.92697
0.987798
0.997709
0.962949
0.924942
0.925148
0.903799
0.990926
0.995242
0.532634
0.684051
0.996081
0.92289
0.566806
0.933926
0.969737
0.424762
0.996921
0.995367
0.891994
0.64353
0.959651
0.965289
0.422653
0.983822
0.920848
0.849325
0.98766
0.993199
0.981647
0.952311
0.983942
0.996702
0.985885
0.996051
0.996749
0.957353
0.997127
0.998664
0.947406
0.927116
0.994708
0.967175
1
0.999019
0.996991
0.944574
0.986267
0.997616
0.986181
0.997353
0.986721
0.981781
0.996395
0.992965
0.992117
0.97789
0.995893
1
0.998791
0.991598
0.997401
0.998036
0.994351
1
0.999777
0.996474
0.994105
0.997141
1
1
1
0.99978
0.99898
0.998601
0.998962
1
0.999128
0.999235
0.99923
0.995655
0.999099
1
0.996941
0.999396
1
0.994833
0.991206
0.997064
0.997698
0.998252
0.999966
0.999889
0.99977
0.998196
0.998989
1
1
1
1
0.999894
0.999498
0.999634
1
1
1
0.999076
1
1
1
0.99997
1
0.994063
1
0.998381
0.999019
1
1
0.999556
0.999706
0.99856
1
1
1
1
1
0.999758
1
1
1
0.99953
1
1
1
1
1
0.99934
1
0.997032
0.992496
0.998077
0.999966
0.99974
0.999588
0.999016
0.998871
1
1
1
1
0.999882
1
1
1
0.999883
1
1
1
1
1
1
1
0.999022
0.996182
0.998138
1
0.999519
0.999674
0.998874
0.9957
1
1
1
0.999911
1
1
1
1
1
1
1
1
1
1
1
1
1
0.99902
0.995374
1
0.999889
0.999777
0.999415
0.999612
1
1
1
0.999977
1
1
1
1
1
1
1
1
1
1
1
1
1
0.998041
0.997567
1
1
0.999777
0.99981
0.998798
1
1
1
1
0.999882
1
1
1
1
1
1
1
1
1
0.994832
1
1
0.997264
0.996185
1
1
0.99982
0.999491
0.997752
1
1
1
1
0.999882
1
1
1
1
1
1
1
1
1
0.995052
1
1
0.997061
1
1
1
0.999827
0.999766
0.998876
1
1
1
0.999888
1
1
1
1
1
1
1
1
1
1
0.99978
1
1
0.999054
0.998828
1
1
0.999774
0.999431
1
1
1
1
1
1
1
1
1
1
1
1
1
1
1
1
1
1
1
0.997386
1
1
0.999781
0.998978
0.997751
1
1
1
1
1
1
1
1
1
1
1
1
1
1
1
1
1
1
0.994203
1
1
1
0.999491
1
1
1
1
1
1
1
1
1
1
1
1
1
1
1
1
1
1
0.999932
1
1
1
1
0.999907
1
1
1
1
1
1
1
1
1
1
1
1
1
1
1
1
1
1
1
1
1
1
1
1
1
1
1
1
1
1
1
1
1
1
1
1
1
1
1
1
1
1
1
1
1
1
1
1
1
1
1
1
1
1
1
1
1
1
1
1
1
1
1
1
1
1
1
1
1
1
1
1
1
1
1
1
1
1
1
1
1
1
1
1
1
1
1
1
1
1
1
1
1
1
1
1
1
1
1
1
1
1
1
1
1
1
1
1
1
1
1
1
1
1
1
1
1
1
1
1
1
1
1
1
1
1
1
1
1
1
1
1
1
1
1
1
1
1
1
1
1
1
1
1
1
1
1
1
1
1
1
1
1
1
1
1
1
1
1
1
1
1
1
1
1
1
1
1
1
1
1
1
1
1
1
1
1
1
1
1
1
1
1
1
1
1
1
1
1
1
1
1
1
1
1
1
1
1
1
1
1
1
1
1
1
1
1
1
1
1
1
1
1
1
1
1
1
1
1
1
1
1
1
1
1
1
1
1
1
1
1
1
1
1
1
1
1
1
1
1
1
1
1
1
1
1
1
1
1
1
1
1
1
1
1
1
1
1
1
1
1
1
1
1
1
1
1
1
1
1
1
1
1
1
1
1
1
1
1
1
1
1
1
1
1
1
1
1
1
1
1
1
1
1
1
1
1
1
1
1
1
1
1
1
1
1
1
1
1
1
1
1
1
1
1
1
1
1
1
1
1
1
1
1
1
1
1
1
1
1
1
1
1
1
1
1
1
1
1
1
1
1
1
1
1
1
1
1
1
1
1
1
1
1
1
1
1
1
1
1
1
1
1
1
1
1
1
1
1
1
1
1
1
1
1
1
1
1
1
1
1
1
1
1
1
1
1
1
1
1
1
1
1
1
1
1
1
1
1
1
1
1
1
1
1
1
1
1
1
1
1
1
1
1
1
1
1
1
1
1
1
1
1
1
1
1
1
1
1
1
1
1
1
1
1
1
1
1
1
1
1
1
1
1
1
1
1
1
1
1
1
1
1
1
1
1
1
1
1
1
1
1
1
1
1
1
1
1
1
1
1
1
1
1
1
1
1
1
1
1
1
1
1
1
1
1
1
1
1
1
1
1
1
1
1
1
1
1
1
1
1
1
1
1
1
1
1
1
1
1
1
1
1
1
1
1
1
1
1
1
1
1
1
1
1
1
1
1
1
1
1
1
1
1
1
1
1
1
1
1
1
1
1
1
1
1
1
1
1
1
1
1
1
1
1
1
1
1
1
1
1
1
1
1
1
1
1
1
1
1
1
1
1
1
1
1
1
1
1
1
1
1
1
1
1
1
1
1
1
1
1
1
1
1
1
1
1
1
1
1
1
1
1
1
1
1
1
1
1
1
1
1
1
1
1
1
1
1
1
1
1
1
1
1
1
1
1
1
1
1
1
1
1
1
1
1
1
1
1
1
1
1
1
1
1
1
1
1
1
1
1
1
1
1
1
1
1
1
1
1
1
1
1
1
1
1
1
1
1
1
1
1
1
1
1
1
1
1
1
1
1
1
1
1
1
1
1
1
1
1
1
1
1
1
1
1
1
1
1
1
1
1
1
1
1
1
1
1
1
1
1
1
1
1
1
1
1
1
1
1
1
1
1
1
1
1
1
1
1
1
1
1
1
1
1
1
1
1
1
1
1
1
1
1
1
1
1
1
1
1
1
1
1
1
1
1
1
1
1
1
1
1
1
1
1
1
1
1
1
1
1
1
1
1
1
1
1
1
1
1
1
1
1
1
1
1
1
1
1
1
1
1
1
1
1
1
1
1
1
1
1
1
1
1
1
1
1
1
1
1
1
1
1
1
1
1
1
1
1
1
1
1
1
1
1
1
1
1
1
1
1
1
1
1
1
1
1
1
1
1
1
1
1
1
1
1
1
1
1
1
1
1
1
1
1
1
1
1
1
1
1
1
1
1
1
1
1
1
1
1
1
1
1
1
1
1
1
1
1
1
1
1
1
1
1
1
1
1
1
1
1
1
1
1
1
1
1
1
1
1
1
1
1
1
1
1
1
1
1
1
1
1
1
1
1
1
1
1
1
1
1
1
1
1
1
1
1
1
1
1
1
1
1
1
1
1
1
1
1
1
1
1
1
1
1
1
1
1
1
1
1
1
1
1
1
1
1
1
1
1
1
1
1
1
1
1
1
1
1
1
1
1
1
1
1
1
1
1
1
1
1
1
1
1
1
1
1
1
1
1
1
1
1
1
1
1
1
1
1
1
1
1
1
1
1
1
1
1
1
1
1
1
1
1
1
1
1
1
1
1
1
1
1
1
1
1
1
1
1
1
1
1
1
1
1
1
1
1
1
1
1
1
1
1
1
1
1
1
1
1
1
1
1
1
1
1
1
1
1
1
1
1
1
1
1
1
1
1
1
1
1
1
1
1
1
1
1
1
1
1
1
1
1
1
1
1
1
1
1
1
1
1
1
1
1
1
1
1
1
1
1
1
1
1
1
1
1
1
1
1
1
1
1
1
1
1
1
1
1
1
1
1
1
1
1
1
1
1
1
1
1
1
1
1
1
1
1
1
1
1
1
1
1
1
1
1
1
1
1
1
1
1
1
1
1
1
1
1
1
1
1
1
1
1
1
1
1
1
1
1
1
1
1
1
1
1
1
1
1
1
1
1
1
1
1
1
1
1
1
1
1
1
1
1
1
1
1
1
1
1
1
1
1
1
1
1
1
1
1
1
1
1
1
1
1
1
1
1
1
1
1
1
1
1
1
1
1
1
1
1
1
1
1
1
1
1
1
1
1
1
1
1
1
1
1
1
1
1
1
1
1
1
1
1
1
1
1
1
1
1
1
1
1
1
1
1
1
1
1
1
1
1
1
1
1
1
1
1
1
1
1
1
1
1
1
1
1
1
1
1
1
1
1
1
1
1
1
1
1
1
1
1
1
1
1
1
1
1
1
1
1
1
1
1
1
1
1
1
1
1
1
1
1
1
1
1
1
1
1
1
1
1
1
1
1
1
1
1
1
1
1
1
1
1
0.49515
0.717263
0.533172
0.653144
0.745988
0.819262
0.664694
0.507387
0.507721
0.506606
0.539956
0.58756
0.72002
0.629167
0.744704
0.792968
0.909711
0.951206
0.858597
0.879037
0.901243
0.531893
0.487671
0.678819
0.512785
0.527887
0.597241
0.8908
0.87361
0.767143
0.973433
0.815174
0.766257
0.940315
0.81958
0.588457
0.609084
0.698629
0.819826
0.633085
0.739019
0.750227
0.60706
0.750081
0.696997
0.651863
0.644943
0.805253
0.807149
0.657663
0.56448
0.653177
0.517475
0.692037
0.630119
0.541715
0.679905
0.757717
0.78136
0.643076
0.619351
0.793109
0.773912
0.53451
0.577984
0.727774
0.708911
0.614212
0.740471
0.59
0.539883
0.594476
0.555673
0.489384
0.499964
0.819451
0.904308
0.68524
0.900109
0.813848
0.789288
0.703702
0.668738
0.780739
0.757674
0.61332
0.604543
0.53025
0.494737
0.510772
0.532713
0.506204
0.542013
0.542538
0.470157
0.500645
0.64133
0.869274
0.646257
0.659975
0.672874
0.487908
0.774757
0.715354
0.560142
0.541039
0.445063
0.553554
0.477289
0.53933
0.533549
0.530836
0.764084
0.731208
0.605784
0.717511
0.825196
0.876064
0.832302
0.900185
0.897106
0.790085
0.802631
0.628141
0.925711
0.854649
0.751841
0.794416
0.778405
0.530266
0.82389
0.703681
0.541774
0.516334
0.504916
0.769561
0.813471
0.702998
0.499412
0.531621
0.705945
0.703581
0.523654
0.479828
0.455006
0.899148
0.73735
0.514321
0.588719
0.502832
0.869458
0.751695
0.839477
0.826577
0.727929
0.95556
0.985907
0.941469
0.962399
0.812309
0.649119
0.493331
0.852579
0.52058
0.741279
0.481513
0.470104
0.734874
0.949674
0.699621
0.761849
0.927066
0.917931
0.948583
0.472256
0.582293
0.626299
0.741064
0.872571
0.823302
0.844623
0.796485
0.517945
0.812181
0.760653
0.497358
0.85432
0.682721
0.734497
0.554016
0.482261
0.593106
0.577014
0.508637
0.491093
0.598156
0.431395
0.848254
0.774376
0.970124
0.653301
0.804989
0.644093
0.971928
0.720863
0.705397
0.591091
0.539562
0.552089
0.575041
0.484012
0.572271
0.480725
0.481055
0.422313
0.456282
0.446051
0.406343
0.424668
0.474395
0.547152
0.517742
0.459919
0.578292
0.454676
0.460698
0.423622
0.454135
0.518147
0.560504
0.493052
0.448721
0.570569
0.480547
0.519566
0.467779
0.989188
0.909621
0.981103
0.79659
0.995159
0.85206
0.973355
0.483686
0.820517
0.743837
0.632832
0.732512
0.94429
0.901935
0.527989
0.928107
0.913669
0.959965
0.932833
0.950577
0.947202
0.940631
0.927877
0.956507
0.953634
0.974536
0.963857
0.980843
0.76581
0.680551
0.498155
0.905565
0.689532
0.565558
0.925986
0.753056
0.47195
0.502903
0.4499
0.460326
0.464467
0.480603
0.442458
0.479711
0.762806
0.737196
0.500647
0.833888
0.435852
0.562327
0.505514
0.568231
0.481855
0.501379
0.454606
0.46097
0.440647
0.471056
0.437418
0.475126
0.450226
0.649246
0.723426
0.693723
0.916563
0.976291
0.838782
0.441396
0.538007
0.480249
0.464093
0.524114
0.75019
0.756301
0.954997
0.86023
0.897812
0.562494
0.687467
0.786349
0.627098
0.980671
0.627891
0.916
0.987955
0.766061
0.956098
0.657544
0.923484
0.758887
0.881834
0.951043
0.972589
0.912962
0.982979
0.972973
0.960501
0.918725
0.981839
0.876406
0.798553
0.966113
0.901235
0.922414
0.944689
0.891717
0.97629
0.94909
0.955361
0.976041
0.895777
0.952641
0.469254
0.428132
0.616689
0.823778
0.699984
0.515842
0.530916
0.49628
0.447527
0.440366
0.434671
0.438341
0.438654
0.41681
0.434189
0.950867
0.992061
0.456954
0.750883
0.519799
0.782376
0.550328
0.948647
0.66818
0.428266
0.482337
0.431037
0.453473
0.424947
0.544668
0.438239
0.439986
0.487714
0.988018
0.991318
0.934434
0.99145
0.983399
0.993493
0.772633
0.838245
0.855266
0.926928
0.98162
0.959358
0.956726
1
0.993339
0.995781
0.966993
0.987353
0.936707
0.965673
0.98445
0.974074
0.993166
0.620503
0.915593
0.721936
0.963344
0.937299
0.961028
0.946238
0.980705
0.968079
0.93954
0.988836
0.991897
0.973493
0.97652
0.984031
0.718437
0.902271
0.880061
0.902474
0.925983
0.947812
0.915716
0.940882
0.879886
0.937168
0.922736
0.909362
0.913144
0.699266
0.990451
0.426947
0.508614
0.446034
0.63539
0.922635
0.688012
0.430061
0.434211
0.445462
0.461688
0.431832
0.43104
0.416984
0.99596
0.99798
0.930486
0.995532
0.947601
0.985382
0.995356
0.995054
0.997201
0.419594
0.590043
0.598154
0.505071
0.490168
0.620447
0.836448
0.813786
0.964599
0.995511
0.994502
0.997396
0.991021
1
0.994549
0.893097
0.956179
0.972592
0.904115
0.873524
0.996668
0.99396
0.99989
0.999121
0.998645
0.945411
0.988552
0.93335
0.894598
0.987174
0.992048
0.996024
0.987575
0.977502
0.976211
0.990077
0.990004
0.987568
0.992311
0.985418
0.965766
0.989638
0.988884
0.987909
0.979072
0.986992
0.98695
0.974743
0.973692
0.965362
0.901884
0.982266
0.96619
0.953134
0.90447
0.905737
0.925783
0.921054
0.895744
0.953999
0.99519
0.99526
0.994502
0.998645
0.974376
0.997471
0.997755
0.998031
0.832142
0.657352
0.996922
0.990906
0.971012
0.498734
0.855457
0.991432
0.993591
0.997123
0.994696
0.998697
0.994063
0.997363
0.994874
0.997655
0.804582
0.582212
0.907968
0.817816
0.915511
0.499742
0.851255
0.973399
0.989093
0.994504
0.996811
0.998425
0.998529
1
0.999122
0.638552
0.955381
0.57426
0.990363
0.874968
0.997332
0.932919
0.398707
0.425949
0.399596
0.504205
0.418712
0.534486
0.418798
0.997334
0.998877
1
0.999121
1
0.584122
0.982504
0.649011
0.991785
0.939744
0.991277
0.87736
0.410831
0.426631
0.383539
0.535673
0.415633
0.489565
0.424416
0.997977
1
0.99327
0.991562
0.99564
0.997383
0.992771
0.993643
0.991462
0.986716
0.985674
0.993543
0.992846
0.987981
0.99299
0.997899
0.998
0.995732
0.987196
0.971845
0.992756
0.990474
0.982232
0.980574
0.975161
0.951933
0.977343
0.988937
0.96982
0.993695
0.994632
0.990729
0.992963
0.998645
0.997728
0.996812
0.994348
0.994791
0.994545
0.991013
0.996812
0.996485
0.999264
0.976249
0.994713
0.997144
0.996795
0.993617
0.997675
0.99671
0.993502
0.994935
0.998301
0.996254
0.978577
0.714452
0.910204
0.995491
0.993319
0.9349
0.977106
0.991164
1
0.996535
1
0.993016
0.931327
1
1
0.998103
1
1
0.995703
1
0.998243
1
0.997334
0.998167
0.994889
1
0.997972
0.998208
0.737857
0.986886
0.788625
1
1
1
1
0.999121
0.999961
1
1
0.999303
0.998801
0.996156
0.9966
0.999038
0.999466
0.996448
0.999002
0.813546
0.965761
0.745881
1
1
1
1
1
0.999302
0.994291
0.996737
0.989585
0.99982
0.999043
0.997075
0.995882
0.994892
0.997316
0.990603
0.997046
0.995254
1
0.999459
0.998812
0.996357
1
0.925253
1
1
0.989854
0.990834
0.982508
0.990781
0.98939
0.995619
1
0.994412
0.992538
0.996497
0.997711
0.998903
1
0.996375
0.99519
0.996812
0.996632
0.998243
1
0.991484
0.996487
0.996818
0.99849
0.998901
0.997939
0.996941
0.997566
1
0.995541
0.998049
0.995475
0.998718
0.998436
0.992942
0.996104
0.997675
0.999674
0.998438
0.988414
0.995827
0.998256
0.998434
0.999024
0.997256
0.995803
1
0.999715
1
1
1
1
1
1
1
1
0.999768
0.996811
1
0.998991
0.998995
1
0.998196
1
0.999012
1
1
1
1
1
1
1
1
1
1
1
1
1
0.998414
0.998821
0.999965
1
0.999059
0.999131
1
1
1
1
1
1
1
1
1
1
1
0.999719
0.999697
1
1
0.995387
0.999425
0.99675
0.997628
0.998973
0.996875
0.99683
0.999695
1
1
0.999524
1
1
1
1
0.995662
0.9993
0.996767
1
0.999961
0.999124
1
0.99775
1
0.997675
0.996625
1
1
0.993587
0.992053
1
0.996787
0.998122
0.996701
0.996594
0.998092
0.99606
1
0.996812
0.998788
0.998915
0.997979
0.997977
0.99993
1
0.995475
0.997437
0.997557
0.994567
0.996764
0.998271
1
1
1
0.998011
0.999126
0.995154
0.999166
1
0.99704
0.996779
0.99911
1
1
1
1
1
0.99877
0.99945
0.99896
0.997174
1
0.998634
0.999019
1
1
1
1
1
1
1
1
1
1
1
1
1
1
1
0.999436
1
1
1
1
1
1
1
1
1
1
1
1
1
1
1
1
1
1
1
1
1
1
1
1
1
1
1
1
1
0.999154
1
1
0.99997
1
0.996625
1
1
1
1
1
0.996654
0.993866
0.993623
0.996168
0.995669
0.993623
0.995472
0.994822
0.998152
0.999264
0.994283
0.998243
0.999613
0.997977
1
1
1
0.993917
1
1
0.998376
0.997364
1
1
1
0.996546
0.99824
0.997685
1
0.996924
0.99736
1
1
1
1
1
1
1
1
0.998213
1
0.99885
1
1
1
1
1
1
1
1
1
1
1
1
1
1
1
1
1
1
1
1
1
1
1
1
1
0.998409
1
1
1
1
1
1
1
1
1
1
0.998876
1
1
1
1
1
0.992961
0.997979
0.996811
0.993924
0.997396
1
0.996246
0.997971
0.998213
0.998877
1
0.999091
0.996671
0.999721
0.997909
1
1
0.996795
0.998302
1
0.99944
0.997723
1
1
1
0.998087
0.999818
0.997026
0.998371
0.997496
0.998398
0.998049
0.995953
1
1
1
1
1
1
0.999423
1
0.997636
0.997035
1
1
1
1
1
1
1
1
1
1
1
1
1
1
1
1
1
1
1
1
0.999817
1
1
1
1
1
1
1
1
1
1
1
1
1
1
1
1
1
1
1
1
0.997979
0.997979
1
0.99675
0.997638
0.993623
0.999033
0.998153
0.997335
0.998607
1
0.998274
0.997716
0.998536
1
1
1
0.9997
1
1
1
0.997694
1
0.999056
0.998483
0.992621
0.998549
0.998258
0.999438
0.998386
0.997066
0.997974
0.997972
1
1
1
1
1
1
1
0.99681
1
0.998245
1
1
1
1
1
1
1
1
1
1
1
1
1
1
1
1
1
1
1
1
1
1
1
1
1
1
1
1
1
1
1
1
1
1
1
1
1
1
1
1
1
1
1
0.996811
0.997756
0.996457
1
1
0.993884
0.999122
0.998877
0.996921
0.997638
0.997368
0.991983
0.996584
1
1
1
1
1
1
1
1
1
0.998932
0.99743
0.998245
0.995404
0.99837
0.998089
0.997368
0.99958
0.997691
1
1
1
1
1
1
1
1
0.992518
0.99882
1
1
1
1
1
1
1
1
1
1
1
1
1
1
1
1
1
1
1
1
1
1
1
1
1
1
1
1
1
1
1
1
1
1
1
1
1
1
1
1
1
1
1
1
1
0.997759
0.996811
1
0.997154
0.996729
0.996555
0.998901
1
0.998645
0.995956
0.997978
1
1
1
1
1
1
1
1
1
0.996741
0.998089
0.99649
0.998288
1
0.998089
0.998245
1
1
1
1
1
1
1
1
0.998578
1
0.997751
1
0.996809
1
1
1
1
1
0.996813
1
1
1
1
1
1
1
1
1
1
1
1
1
1
1
1
1
1
1
1
1
1
1
1
1
1
1
1
1
1
1
1
1
1
1
1
0.99989
1
0.998062
1
0.996672
0.997335
0.997365
0.997755
0.996811
1
0.997677
0.998675
0.996096
1
1
1
1
1
1
1
1
1
1
0.996178
0.994917
0.997356
0.999045
1
0.997761
0.997971
0.998041
1
1
1
1
1
1
1
1
1
1
1
1
1
1
1
1
1
1
1
1
1
1
1
1
1
1
1
1
1
1
1
1
1
1
1
1
1
1
1
1
1
1
1
1
1
1
1
1
1
1
1
1
1
0.996811
1
0.998244
1
1
0.999152
0.999
0.999303
0.99901
0.998788
0.998877
0.99993
0.997978
1
1
1
1
1
1
1
1
1
0.997303
1
0.997368
0.998258
0.997808
0.99799
0.999939
0.99993
1
1
1
1
1
1
1
1
1
0.998876
1
1
1
1
1
1
1
1
1
1
1
1
1
1
1
1
1
1
1
1
1
1
1
1
1
1
1
1
1
1
1
1
1
1
1
1
1
1
1
1
1
1
0.997979
1
1
1
0.999092
0.996812
1
0.999122
0.997728
0.996516
0.997362
0.995154
0.998955
0.998257
0.999861
1
1
1
1
1
1
1
1
1
1
0.999374
0.998184
0.997627
0.993539
0.999967
0.996339
1
0.99993
1
1
1
1
1
1
1
1
1
1
1
1
1
1
1
1
1
1
1
1
1
1
1
1
1
1
1
1
1
1
1
1
1
1
1
1
1
1
1
1
1
1
1
1
1
1
1
1
1
1
1
1
1
0.996812
1
1
0.99791
1
1
0.994761
0.9988
0.995821
0.999061
0.997213
0.996026
0.993655
1
1
1
1
1
1
1
1
1
0.988478
0.998089
0.991891
0.994953
0.998371
0.996342
0.99519
0.994682
0.993985
1
1
1
1
1
1
1
1
0.999961
1
1
1
1
1
1
1
1
1
1
1
1
1
1
1
1
1
1
1
1
1
1
1
1
1
1
1
1
1
1
1
1
1
1
1
1
1
1
1
1
1
1
1
1
1
1
1
1
1
1
0.999122
0.996362
1
0.999121
0.995509
0.997769
1
1
1
1
1
1
1
1
1
1
0.998371
0.999176
0.99758
0.999099
1
0.999802
0.99997
0.998601
1
1
1
1
1
1
1
1
1
1
1
1
1
1
1
1
1
1
1
1
1
1
1
1
1
1
1
1
1
1
1
1
1
1
1
1
1
1
1
1
1
1
1
1
1
1
1
1
1
1
1
1
1
1
1
1
1
1
1
1
0.997426
0.998878
1
1
1
1
1
1
1
1
1
1
1
1
1
1
1
0.999802
1
1
1
1
1
1
1
1
1
1
1
1
1
1
1
1
1
1
1
1
1
1
1
1
1
1
1
1
1
1
1
1
1
1
1
1
1
1
1
1
1
1
1
1
1
1
1
1
1
1
1
1
1
1
1
1
1
1
1
1
1
1
1
1
1
1
1
1
1
1
1
1
1
1
1
1
1
1
1
1
1
1
1
1
1
1
1
1
1
1
1
1
1
1
1
1
1
1
1
1
1
1
1
1
1
1
1
1
1
1
1
1
1
1
1
1
1
1
1
1
1
1
1
1
1
1
1
1
1
1
1
1
1
1
1
1
1
1
1
1
1
1
1
1
1
1
1
1
1
1
1
1
1
1
1
1
1
1
1
1
1
1
1
1
1
1
1
1
1
1
1
1
1
1
1
1
1
1
1
1
1
1
1
1
1
1
1
1
1
1
1
1
1
1
1
1
1
1
1
1
1
1
1
1
1
1
1
1
1
1
1
1
1
1
1
1
1
1
1
1
1
1
1
1
1
1
1
1
1
1
1
1
1
1
1
1
1
1
1
1
1
1
1
1
1
1
1
1
1
1
1
1
1
1
1
1
1
1
1
1
1
1
1
1
1
1
1
1
1
1
1
1
1
1
1
1
1
1
1
1
1
1
1
1
1
1
1
1
1
1
1
1
1
1
1
1
1
1
1
1
1
1
1
1
1
1
1
1
1
1
1
1
1
1
1
1
1
1
1
1
1
1
1
1
1
1
1
1
1
1
1
1
1
1
1
1
1
1
1
1
1
1
1
1
1
1
1
1
1
1
1
1
1
1
1
1
1
1
1
1
1
1
1
1
1
1
1
1
1
1
1
1
1
1
1
1
1
1
1
1
1
1
1
1
1
1
1
1
1
1
1
1
1
1
1
1
1
1
1
1
1
1
1
1
1
1
1
1
1
1
1
1
1
1
1
1
1
1
1
1
1
1
1
1
1
1
1
1
1
1
1
1
1
1
1
1
1
1
1
1
1
1
1
1
1
1
1
1
1
1
1
1
1
1
1
1
1
1
1
1
1
1
1
1
1
1
1
1
1
1
1
1
1
1
1
1
1
1
1
1
1
1
1
1
1
1
1
1
1
1
1
1
1
1
1
1
1
1
1
1
1
1
1
1
1
1
1
1
1
1
1
1
1
1
1
1
1
1
1
1
1
1
1
1
1
1
1
1
1
1
1
1
1
1
1
1
1
1
1
1
1
1
1
1
1
1
1
1
1
1
1
1
1
1
1
1
1
1
1
1
1
1
1
1
1
1
1
1
1
1
1
1
1
1
1
1
1
1
1
1
1
1
1
1
1
1
1
1
1
1
1
1
1
1
1
1
1
1
1
1
1
1
1
1
1
1
1
1
1
1
1
1
1
1
1
1
1
1
1
1
1
1
1
1
1
1
1
1
1
1
1
1
1
1
1
1
1
1
1
1
1
1
1
1
1
1
1
1
1
1
1
1
1
1
1
1
1
1
1
1
1
1
1
1
1
1
1
1
1
1
1
1
1
1
1
1
1
1
1
1
1
1
1
1
1
1
1
1
1
1
1
1
1
1
1
1
1
1
1
1
1
1
1
1
1
1
1
1
1
1
1
1
1
1
1
1
1
1
1
1
1
1
1
1
1
1
1
1
1
1
1
1
1
1
1
1
1
1
1
1
1
1
1
1
1
1
1
1
1
1
1
1
1
1
1
1
1
1
1
1
1
1
1
1
1
1
1
1
1
1
1
1
1
1
1
1
1
1
1
1
1
1
1
1
1
1
1
1
1
1
1
1
1
1
1
1
1
1
1
1
1
1
1
1
1
1
1
1
1
1
1
1
1
1
1
1
1
1
1
1
1
1
1
1
1
1
1
1
1
1
1
1
1
1
1
1
1
1
1
1
1
1
1
1
1
1
1
1
1
1
1
1
1
1
1
1
1
1
1
1
1
1
1
1
1
1
1
1
1
1
1
1
1
1
1
1
1
1
1
1
1
1
1
1
1
1
1
1
1
1
1
1
1
1
1
1
1
1
1
1
1
1
1
1
1
1
1
1
1
1
1
1
1
1
1
1
1
1
1
1
1
1
1
1
1
1
1
1
1
1
1
1
1
1
1
1
1
1
1
1
1
1
1
1
1
1
1
1
1
1
1
1
1
1
1
1
1
1
1
1
1
1
1
1
1
1
1
1
1
1
1
1
1
1
1
1
1
1
1
1
1
1
1
1
1
1
1
1
1
1
1
1
1
1
1
1
1
1
1
1
1
1
1
1
1
1
1
1
1
1
1
1
1
1
1
1
1
1
1
1
1
1
1
1
1
1
1
1
1
1
1
1
1
1
1
1
1
1
1
1
1
1
1
1
1
1
1
1
1
1
1
1
1
1
1
1
1
1
1
1
1
1
1
1
1
1
1
1
1
1
1
1
1
1
1
1
1
1
1
1
1
1
1
1
1
1
1
1
1
1
1
1
1
1
1
1
1
1
1
1
1
1
1
1
1
1
1
1
1
1
1
1
1
1
1
1
1
1
1
1
1
1
1
1
1
1
1
1
1
1
1
1
1
1
1
1
1
1
1
1
1
1
1
1
1
1
1
1
1
1
1
1
1
1
1
1
1
1
1
1
1
1
1
1
1
1
1
1
1
1
1
1
1
1
1
1
1
1
1
1
1
1
1
1
1
1
1
1
1
1
1
1
1
1
1
1
1
1
1
1
1
1
1
1
1
1
1
1
1
1
1
1
1
1
1
1
1
1
1
1
1
1
1
1
1
1
1
1
1
1
1
1
1
1
1
1
1
1
1
1
1
1
1
1
1
1
1
1
1
1
1
1
1
1
1
1
1
1
1
1
1
1
1
1
1
1
1
1
1
1
1
1
1
1
1
1
1
1
1
1
1
1
1
1
1
1
1
1
1
1
1
1
1
1
1
1
1
1
1
1
1
1
1
1
1
1
1
1
1
1
1
1
1
1
1
1
1
1
1
1
1
1
1
1
1
1
1
1
1
1
1
1
1
1
1
1
1
1
1
1
1
1
1
1
1
1
1
1
1
1
1
1
1
1
1
1
1
1
1
1
1
1
1
1
1
1
1
1
1
1
1
1
1
1
1
1
1
1
1
1
1
1
1
1
1
1
1
1
1
1
1
1
1
1
1
1
1
1
1
1
1
1
1
1
1
1
1
1
1
1
1
1
1
1
1
1
1
1
1
1
1
1
1
1
1
1
1
1
1
1
1
1
1
1
1
1
1
1
1
1
1
1
1
1
1
1
1
1
1
1
1
1
1
1
1
1
1
1
1
1
1
1
1
1
1
1
1
1
1
1
1
1
1
1
1
1
1
1
1
1
1
1
1
1
1
1
1
1
1
1
1
1
1
1
1
1
1
1
1
1
1
1
1
1
1
1
1
1
1
1
1
1
1
1
1
1
1
1
1
1
1
1
1
1
1
1
1
1
1
1
1
1
1
1
1
1
1
1
1
1
1
1
1
1
1
1
1
1
1
1
1
1
1
1
1
1
1
1
1
1
1
1
1
1
1
1
1
1
1
1
1
1
1
1
1
1
1
1
1
1
1
1
1
1
1
1
1
1
1
1
1
1
1
1
1
1
1
1
1
1
1
1
1
1
1
1
1
1
1
1
1
1
1
1
1
1
1
1
1
1
1
1
1
1
1
1
1
1
1
1
1
1
1
1
1
1
1
1
1
1
1
1
1
1
1
1
1
1
1
1
1
1
1
1
1
1
1
1
1
1
1
1
1
1
1
1
1
1
1
1
1
1
1
1
1
1
1
1
1
1
1
1
1
1
1
1
1
1
1
1
1
1
1
1
1
1
1
1
1
1
1
1
1
1
1
1
1
1
1
1
1
1
1
1
1
1
1
1
1
1
1
1
1
1
1
1
1
1
1
1
1
1
1
1
1
1
1
1
1
1
1
1
1
1
1
1
1
1
1
1
1
1
1
1
1
1
1
1
1
1
1
1
1
1
1
1
1
1
1
1
1
1
1
1
1
1
1
1
1
1
1
1
1
1
1
1
1
1
1
1
1
1
1
1
1
1
1
1
1
1
1
1
1
1
1
1
1
1
1
1
1
1
1
1
1
1
1
1
1
1
1
1
1
1
1
1
1
1
1
1
1
1
1
1
1
1
1
1
1
1
1
1
1
1
1
1
1
1
1
1
1
1
1
1
1
1
1
1
1
1
1
1
1
1
1
1
1
1
1
1
1
1
1
1
1
1
1
1
1
1
1
1
1
1
1
1
1
1
1
1
1
1
1
1
1
1
1
1
1
1
1
1
1
1
1
1
1
1
1
1
1
1
1
1
1
1
1
1
1
1
1
1
1
1
1
1
1
1
1
1
1
1
1
1
1
1
1
1
1
1
1
1
1
1
1
1
1
1
1
1
1
1
1
1
1
1
1
1
1
1
1
1
1
1
1
1
1
1
1
1
1
1
1
1
1
1
1
1
1
1
1
1
1
1
1
1
1
1
1
1
1
1
1
1
1
1
1
1
1
1
1
1
1
1
1
1
1
1
1
1
1
1
1
1
1
1
1
1
1
1
1
1
1
1
1
1
1
1
1
1
1
1
1
1
1
1
1
1
1
1
1
1
1
1
1
1
1
1
1
1
1
1
1
1
1
1
1
1
1
1
1
1
1
1
1
1
1
1
1
1
1
1
1
1
1
1
1
1
1
1
1
1
1
1
1
1
1
1
1
1
1
1
1
1
1
1
1
1
1
1
1
1
1
1
1
1
1
1
1
1
1
1
1
1
1
1
1
1
1
1
1
1
1
1
1
1
1
1
1
1
1
1
1
1
1
1
1
1
1
1
1
1
1
1
1
1
1
1
1
1
1
1
1
1
1
1
1
1
1
1
1
1
1
1
1
1
1
1
1
1
1
1
1
1
1
1
1
1
1
1
1
1
1
1
1
1
1
1
1
1
1
1
1
1
1
1
1
1
1
1
1
1
1
1
1
1
1
1
1
1
1
1
1
1
1
1
1
1
1
1
1
1
1
1
1
1
1
1
1
1
1
1
1
1
1
1
1
1
1
1
1
1
1
1
1
1
1
1
1
1
1
1
1
1
1
1
1
1
1
1
1
1
1
1
1
1
1
1
1
1
1
1
1
1
1
1
1
1
1
1
1
1
1
1
1
1
1
1
1
1
1
1
1
1
1
1
1
1
1
1
1
1
1
1
1
1
1
1
1
1
1
1
1
1
1
1
1
1
1
1
1
1
1
1
1
1
1
1
1
1
1
1
1
1
1
1
1
1
1
1
1
1
1
1
1
1
1
1
1
1
1
1
1
1
1
1
1
1
1
1
1
1
1
1
1
1
1
1
1
1
1
1
1
1
1
1
1
1
1
1
1
1
1
1
1
1
1
1
1
1
1
1
1
1
1
1
1
1
1
1
1
1
1
1
1
1
1
1
1
1
1
1
1
1
1
1
1
1
1
1
1
1
1
1
1
1
1
1
1
1
1
1
1
1
1
1
1
1
1
1
1
1
1
1
1
1
1
1
1
1
1
1
1
1
1
1
1
1
1
1
1
1
1
1
1
1
1
1
1
1
1
1
1
1
1
1
1
1
1
1
1
1
1
1
1
1
1
1
1
1
1
1
1
1
1
1
1
1
1
1
1
1
1
1
1
1
1
1
1
1
1
1
1
1
1
1
1
1
1
1
1
1
1
1
1
1
1
1
1
1
1
1
1
1
1
1
1
1
1
1
1
1
1
1
1
1
1
1
1
1
1
1
1
1
1
1
1
1
1
1
1
1
1
1
1
1
1
1
1
1
1
1
1
1
1
1
1
1
1
1
1
1
1
1
1
1
1
1
1
1
1
1
1
1
1
1
1
1
1
1
1
1
1
1
1
1
1
1
1
1
1
1
1
1
1
1
1
1
1
1
1
1
1
1
1
1
1
1
1
1
1
1
1
1
1
1
1
1
1
1
1
1
1
1
1
1
1
1
1
1
1
1
1
1
1
1
1
1
1
1
1
1
1
1
1
1
1
1
1
1
1
1
1
1
1
1
1
1
1
1
1
1
1
1
1
1
1
1
1
1
1
1
1
1
1
1
1
1
1
1
1
1
1
1
1
1
1
1
1
1
1
1
1
1
1
1
1
1
1
1
1
1
1
1
1
1
1
1
1
1
1
1
1
1
1
1
1
1
1
1
1
1
1
1
1
1
1
1
1
1
1
1
1
1
1
1
1
1
1
1
1
1
1
1
1
1
1
1
1
1
1
1
1
1
1
1
1
1
1
1
1
1
1
1
1
1
1
1
1
1
1
1
1
1
1
1
1
1
1
1
1
1
1
1
1
1
1
1
1
1
1
1
1
1
1
1
1
1
1
1
1
1
1
1
1
1
1
1
1
1
1
1
1
1
1
1
1
1
1
1
1
1
1
1
1
1
1
1
1
1
1
1
1
1
1
1
1
1
1
1
1
1
1
1
1
1
1
1
1
1
1
1
1
1
1
1
1
1
1
1
1
1
1
1
1
1
1
1
1
1
1
1
1
1
1
1
1
1
1
1
1
1
1
1
1
1
1
1
1
1
1
1
1
1
1
1
1
1
1
1
1
1
1
1
1
1
1
1
1
1
1
1
1
1
1
1
1
1
1
1
1
1
1
1
1
1
1
1
1
1
1
1
1
1
1
1
1
1
1
1
1
1
1
1
1
1
1
1
1
1
1
1
1
1
1
1
1
1
1
1
1
1
1
1
1
1
1
1
1
1
1
1
1
1
1
1
1
1
1
1
1
1
1
1
1
1
1
1
1
1
1
1
1
1
1
1
1
1
1
1
1
1
1
1
1
1
1
1
1
1
1
1
1
1
1
1
1
1
1
1
1
1
1
1
1
1
1
1
1
1
1
1
1
1
1
1
1
1
1
1
1
1
1
1
1
1
1
1
1
1
1
1
1
1
1
1
1
1
1
1
1
1
1
1
1
1
1
1
1
1
1
1
1
1
1
1
1
1
1
1
1
1
1
1
1
1
1
1
1
1
1
1
1
1
1
1
1
1
1
1
1
1
1
1
1
1
1
1
1
1
1
1
1
1
1
1
1
1
1
1
1
1
1
1
1
1
1
1
1
1
1
1
1
1
1
1
1
1
1
1
1
1
1
1
1
1
1
1
1
1
1
1
1
1
1
1
1
1
1
1
1
1
1
1
1
1
1
1
1
1
1
1
1
1
1
1
1
1
1
1
1
1
1
1
1
1
1
1
1
1
1
1
1
1
1
1
1
1
1
1
1
1
1
1
1
1
1
1
1
1
1
1
1
1
1
1
1
1
1
1
1
1
1
1
1
1
1
1
1
1
1
1
1
1
1
1
1
1
1
1
1
1
1
1
1
1
1
1
1
1
1
1
1
1
1
1
1
1
1
1
1
1
1
1
1
1
1
1
1
1
1
1
1
1
1
1
1
1
1
1
1
1
1
1
1
1
1
1
1
1
1
1
1
1
1
1
1
1
1
1
1
1
1
1
1
1
1
1
1
1
1
1
1
1
1
1
1
1
1
1
1
1
1
1
1
1
1
1
1
1
1
1
1
1
1
1
1
1
1
1
1
1
1
1
1
1
1
1
1
1
1
1
1
1
1
1
1
1
1
1
1
1
1
1
1
1
1
1
1
1
1
1
1
1
1
1
1
1
1
1
1
1
1
1
1
1
1
1
1
1
1
1
1
1
1
1
1
1
1
1
1
1
1
1
1
1
1
1
1
1
1
1
1
1
1
1
1
1
1
1
1
1
1
1
1
1
1
1
1
1
1
1
1
1
1
1
1
1
1
1
1
1
1
1
1
1
1
1
1
1
1
1
1
1
1
1
1
1
1
1
1
1
1
1
1
1
1
1
1
1
1
1
1
1
1
1
1
1
1
1
1
1
1
1
1
1
1
1
1
1
1
1
1
1
1
1
1
1
1
1
1
1
1
1
1
1
1
1
1
1
1
1
1
1
1
1
1
1
1
1
1
1
1
1
1
1
1
1
1
1
1
1
1
1
1
1
1
1
1
1
1
1
1
1
1
1
1
1
1
1
1
1
1
1
1
1
1
1
1
1
1
1
1
1
1
1
1
1
1
1
1
1
1
1
1
1
1
1
1
1
1
1
1
1
1
1
1
1
1
1
1
1
1
1
1
1
1
1
1
1
1
1
1
1
1
1
1
1
1
1
1
1
1
1
1
1
1
1
1
1
1
1
1
1
1
1
1
1
1
1
1
1
1
1
1
1
1
1
1
1
1
1
1
1
1
1
1
1
1
1
1
1
1
1
1
1
1
1
1
1
1
1
1
1
1
1
1
1
1
1
1
1
1
1
1
1
1
1
1
1
1
1
1
1
1
1
1
1
1
1
1
1
1
1
1
1
1
1
1
1
1
1
1
1
1
1
1
1
1
1
1
1
1
1
1
1
1
1
1
1
1
1
1
1
1
1
1
1
1
1
1
1
1
1
1
1
1
1
1
1
1
1
1
1
1
1
1
1
1
1
1
1
1
1
1
1
1
1
1
1
1
1
1
1
1
1
1
1
1
1
1
1
1
1
1
1
1
1
1
1
1
1
1
1
1
1
1
1
1
1
1
1
1
1
1
1
1
1
1
1
1
1
1
1
1
1
1
1
1
1
1
1
1
1
1
1
1
1
1
1
1
1
1
1
1
1
1
1
1
1
1
1
1
1
1
1
1
1
1
1
1
1
1
1
1
1
1
1
1
1
1
1
1
1
1
1
1
1
1
1
1
1
1
1
1
1
1
1
1
1
1
1
1
1
1
1
1
1
1
1
1
1
1
1
1
1
1
1
1
1
1
1
1
1
1
1
1
1
1
1
1
1
1
1
1
1
1
1
1
1
1
1
1
1
1
1
1
1
1
1
1
1
1
1
1
1
1
1
1
1
1
1
1
1
1
1
1
1
1
1
1
1
1
1
1
1
1
1
1
1
1
1
1
1
1
1
1
1
1
1
1
1
1
1
1
1
1
1
1
1
1
1
1
1
1
1
1
1
1
1
1
1
1
1
1
1
1
1
1
1
1
1
1
1
1
1
1
1
1
1
1
1
1
1
1
1
1
1
1
1
1
1
1
1
1
1
1
1
1
1
1
1
1
1
1
1
1
1
1
1
1
1
1
1
1
1
1
1
1
1
1
1
1
1
1
1
1
1
1
1
1
1
1
1
1
1
1
1
1
1
1
1
1
1
1
1
1
1
1
1
1
1
1
1
1
1
1
1
1
1
1
1
1
1
1
1
1
1
1
1
1
1
1
1
1
1
1
1
1
1
1
1
1
1
1
1
1
1
1
1
1
1
1
1
1
1
1
1
1
1
1
1
1
1
1
1
1
1
1
1
1
1
1
1
1
1
1
1
1
1
1
1
1
1
1
1
1
1
1
1
1
1
1
1
1
1
1
1
1
1
1
1
1
1
1
1
1
1
1
1
1
1
1
1
1
1
1
1
1
1
1
1
1
1
1
1
1
1
1
1
1
1
1
1
1
1
1
1
1
1
1
1
1
1
1
1
1
1
1
1
1
1
1
1
1
1
1
1
1
1
1
1
1
1
1
1
1
1
1
1
1
1
1
1
1
1
1
1
1
1
1
1
1
1
1
1
1
1
1
1
1
1
1
1
1
1
1
1
1
1
1
1
1
1
1
1
1
1
1
1
1
1
1
1
1
1
1
1
1
1
1
1
1
1
1
1
1
1
1
1
1
1
1
1
1
1
1
1
1
1
1
1
1
1
1
1
1
1
1
1
1
1
1
1
1
1
1
1
1
1
1
1
1
1
1
1
1
1
1
1
1
1
1
1
1
1
1
1
1
1
1
1
1
1
1
1
1
1
1
1
1
1
1
1
1
1
1
1
1
1
1
1
1
1
1
1
1
1
1
1
1
1
1
1
1
1
1
1
1
1
1
1
1
1
1
1
1
1
1
1
1
1
1
1
1
1
1
1
1
1
1
1
1
1
1
1
1
1
1
1
1
1
1
1
1
1
1
1
1
1
1
1
1
1
1
1
1
1
1
1
1
1
1
1
1
1
1
1
1
1
1
1
1
1
1
1
1
1
1
1
1
1
1
1
1
1
1
1
1
1
1
1
1
1
1
1
1
1
1
1
1
1
1
1
1
1
1
1
1
1
1
1
1
1
1
1
1
1
1
1
1
1
1
1
1
1
1
1
1
1
1
1
1
1
1
1
1
1
1
1
1
1
1
1
1
1
1
1
1
1
1
1
1
1
1
1
1
1
1
1
1
1
1
1
1
1
1
1
1
1
1
1
1
1
1
1
1
1
1
1
1
1
1
1
1
1
1
1
1
1
1
1
1
1
1
1
1
1
1
1
1
1
1
1
1
1
1
1
1
1
1
1
1
1
1
1
1
1
1
1
1
1
1
1
1
1
1
1
1
1
1
1
1
1
1
1
1
1
1
1
1
1
1
1
1
1
1
1
1
1
1
1
1
1
1
1
1
1
1
1
1
1
1
1
1
1
1
1
1
1
1
1
1
1
1
1
1
1
1
1
1
1
1
1
1
1
1
1
1
1
1
1
1
1
1
1
1
1
1
1
1
1
1
1
1
1
1
1
1
1
1
1
1
1
1
1
1
1
1
1
1
1
1
1
1
1
1
1
1
1
1
1
1
1
1
1
1
1
1
1
1
1
1
1
1
1
1
1
1
1
1
1
1
1
1
1
1
1
1
1
1
1
1
1
1
1
0.788859
0.839462
0.908749
0.799626
0.930189
0.930122
0.952327
0.711424
0.953617
0.899613
0.774348
0.563756
0.904331
0.78398
0.811394
0.73141
0.747238
0.755198
0.784851
0.532811
0.612169
0.864748
0.798862
0.796445
0.760649
0.649988
0.757979
0.852014
0.96119
0.880601
0.838539
0.651192
0.88243
0.833669
0.682037
0.837071
0.697876
0.770445
0.879629
0.769293
0.58948
0.592417
0.804134
0.952118
0.965403
0.529429
0.867698
0.74627
0.963151
0.90674
0.888382
0.916248
0.964381
0.905869
0.848236
0.853343
0.893849
0.92545
0.959788
0.951792
0.90875
0.893514
0.854641
0.882748
0.983512
0.942487
0.771566
0.546502
0.875718
0.602191
0.878873
0.607417
0.686521
0.763698
0.688036
0.812763
0.682043
0.949596
0.611946
0.774364
0.69801
0.906659
0.577128
0.910045
0.770129
0.920834
0.910935
0.935919
0.683311
0.917238
0.728753
0.604844
0.912954
0.776112
0.791012
0.676453
0.910017
0.675566
0.675368
0.498137
0.466669
0.648546
0.690743
0.478367
0.459293
0.663486
0.580088
0.922007
0.498704
0.623126
0.750222
0.925926
0.700648
0.941891
0.651001
0.848392
0.657099
0.869174
0.703665
0.576215
0.776934
0.628809
0.478909
0.485088
0.578968
0.537721
0.777079
0.723727
0.537346
0.639639
0.820014
0.753869
0.843827
0.733457
0.90433
0.984904
0.758157
0.944039
0.683727
0.972127
0.670838
0.771753
0.778058
0.475301
0.579461
0.716235
0.847443
0.433971
0.553697
0.547399
0.452631
0.44159
0.829623
0.685408
0.868539
0.684482
0.930054
0.919642
0.719044
0.872677
0.616331
0.870437
0.729552
0.68467
0.928711
0.709107
0.954974
0.869445
0.478448
0.708673
0.759476
0.882082
0.500582
0.900215
0.496094
0.470018
0.845896
0.644285
0.472313
0.491805
0.508664
0.523621
0.884551
0.97797
0.720978
0.998041
0.979041
0.991829
0.965405
0.855107
0.986262
0.976797
0.989655
0.972799
0.994481
0.978718
0.757586
0.985834
0.613868
0.997131
0.986204
0.998064
0.941813
0.573371
0.434662
0.45058
0.876227
0.798937
0.665694
0.516435
0.998264
0.998007
0.99727
0.99902
0.998722
0.998041
0.996149
0.993414
0.995259
0.989805
0.999662
0.994462
1
0.994104
1
0.998097
0.999044
0.999966
0.999053
0.999048
0.999044
0.985092
0.991958
0.917126
1
0.996437
0.99904
0.982768
1
1
1
0.999966
0.998984
1
0.999045
0.997133
1
0.99745
1
1
0.999018
1
0.997058
0.997145
0.998516
0.997502
0.99672
0.999311
0.996637
0.997795
0.995201
0.993076
0.996174
0.998812
1
0.99709
0.99882
1
0.999045
0.999054
0.998328
0.999088
1
1
1
1
0.999932
1
1
1
0.996281
0.996128
0.997132
0.991193
0.999493
1
0.999737
0.998336
1
0.996122
0.99587
0.996098
0.999372
0.998368
0.999049
1
1
1
0.999377
1
1
1
1
1
1
1
1
1
0.995134
0.999344
0.997466
0.992815
0.997264
0.99941
0.998159
0.99922
0.99967
1
0.999019
0.999018
0.999044
0.999039
0.998722
1
1
1
1
1
1
1
1
1
1
1
1
1
0.998683
0.999672
0.99885
0.996392
0.997333
0.99905
0.999376
0.997969
1
1
0.999763
0.999391
1
0.998744
1
1
1
1
1
1
1
1
1
1
1
1
1
1
0.996996
0.999378
1
0.999056
0.99703
0.999116
0.997702
0.998004
0.998389
0.999372
0.99902
0.998038
0.99714
0.999042
1
1
1
1
1
1
1
1
1
1
1
1
1
1
0.997064
1
0.999376
1
1
1
1
0.996685
0.999343
0.998083
1
0.999323
1
1
1
1
1
1
1
1
1
1
1
1
1
1
1
1
0.998819
1
0.997145
0.999798
0.997469
1
0.999048
0.997632
1
1
0.999797
0.998884
1
1
1
1
1
1
1
1
1
1
1
1
1
1
1
1
0.999021
1
1
1
0.998077
1
1
0.997057
0.999803
0.999537
0.997703
1
0.999244
0.997885
1
1
1
1
1
1
1
1
1
1
1
1
1
1
0.999966
1
1
1
1
1
0.999048
1
0.999047
0.99924
0.99902
0.999019
0.999375
0.999967
1
1
1
1
1
1
1
1
1
1
1
1
1
1
1
1
1
1
1
1
1
0.999966
0.999671
0.998084
0.999966
0.997395
1
0.997488
1
1
1
1
1
1
1
1
1
1
1
1
1
1
1
1
1
1
1
1
1
0.997362
1
0.998711
1
0.996143
1
1
1
1
1
1
1
1
1
1
1
1
1
1
1
1
1
1
1
1
1
1
1
0.997125
1
0.999934
1
0.999019
1
1
1
1
1
1
1
1
1
1
1
1
1
1
1
1
1
1
1
1
1
1
1
1
1
1
1
1
1
1
1
1
1
1
1
1
1
1
1
1
1
1
1
1
1
1
1
1
1
1
1
1
1
1
1
1
1
1
1
1
1
1
1
1
1
1
1
1
1
1
1
1
1
1
1
1
1
1
1
1
1
1
1
1
1
1
1
1
1
1
1
1
1
1
1
1
1
1
1
1
1
1
1
1
1
1
1
1
1
1
1
1
1
1
1
1
1
1
1
1
1
1
1
1
1
1
1
1
1
1
1
1
1
1
1
1
1
1
1
1
1
1
1
1
1
1
1
1
1
1
1
1
1
1
1
1
1
1
1
1
1
1
1
1
1
1
1
1
1
1
1
1
1
1
1
1
1
1
1
1
1
1
1
1
1
1
1
1
1
1
1
1
1
1
1
1
1
1
1
1
1
1
1
1
1
1
1
1
1
1
1
1
1
1
1
1
1
1
1
1
1
1
1
1
1
1
1
1
1
1
1
1
1
1
1
1
1
1
1
1
1
1
1
1
1
1
1
1
1
1
1
1
1
1
1
1
1
1
1
1
1
1
1
1
1
1
1
1
1
1
1
1
1
1
1
1
1
1
1
1
1
1
1
1
1
1
1
1
1
1
1
1
1
1
1
1
1
1
1
1
1
1
1
1
1
1
1
1
1
1
1
1
1
1
1
1
1
1
1
1
1
1
1
1
1
1
1
1
1
1
1
1
1
1
1
1
1
1
1
1
1
1
1
1
1
1
1
1
1
1
1
1
1
1
1
1
1
1
1
1
1
1
1
1
1
1
1
1
1
1
1
1
1
1
1
1
1
1
1
1
1
1
1
1
1
1
1
1
1
1
1
1
1
1
1
1
1
1
1
1
1
1
1
1
1
1
1
1
1
1
1
1
1
1
1
1
1
1
1
1
1
1
1
1
1
1
1
1
1
1
1
1
1
1
1
1
1
1
1
1
1
1
1
1
1
1
1
1
1
1
1
1
1
1
1
1
1
1
1
1
1
1
1
1
1
1
1
1
1
1
1
1
1
1
1
1
1
1
1
1
1
1
1
1
1
1
1
1
1
1
1
1
1
1
1
1
1
1
1
1
1
1
1
1
1
1
1
1
1
1
1
1
1
1
1
1
1
1
1
1
1
1
1
1
1
1
1
1
1
1
1
1
1
1
1
1
1
1
1
1
1
1
1
1
1
1
1
1
1
1
1
1
1
1
1
1
1
1
1
1
1
1
1
1
1
1
1
1
1
1
1
1
1
1
1
1
1
1
1
1
1
1
1
1
1
1
1
1
1
1
1
1
1
1
1
1
1
1
1
1
1
1
1
1
1
1
1
1
1
1
1
1
1
1
1
1
1
1
1
1
1
1
1
1
1
1
1
1
1
1
1
1
1
1
1
1
1
1
1
1
1
1
1
1
1
1
1
1
1
1
1
1
1
1
1
1
1
1
1
1
1
1
1
1
1
1
1
1
1
1
1
1
1
1
1
1
1
1
1
1
1
1
1
1
1
1
1
1
1
1
1
1
1
1
1
1
1
1
1
1
1
1
1
1
1
1
1
1
1
1
1
1
1
1
1
1
1
1
1
1
1
1
1
1
1
1
1
1
1
1
1
1
1
1
1
1
1
1
1
1
1
1
1
1
1
1
1
1
1
1
1
1
1
1
1
1
1
1
1
1
1
1
1
1
1
1
1
1
1
1
1
1
1
1
1
1
1
1
1
1
1
1
1
1
1
1
1
1
1
1
1
1
1
1
1
1
1
1
1
1
1
1
1
1
1
1
1
1
1
1
1
1
1
1
1
1
1
1
1
1
1
1
1
1
1
1
1
1
1
1
1
1
1
1
1
1
1
1
1
1
1
1
1
1
1
1
1
1
1
1
1
1
1
1
1
1
1
1
1
1
1
1
1
1
1
1
1
1
1
1
1
1
1
1
1
1
1
1
1
1
1
1
1
1
1
1
1
1
1
1
1
1
1
1
1
1
1
1
1
1
1
1
1
1
1
1
1
1
1
1
1
1
1
1
1
1
1
1
1
1
1
1
1
1
1
1
1
1
1
1
1
1
1
1
1
1
1
1
1
1
1
1
1
1
1
1
1
1
1
1
1
1
1
1
1
1
1
1
1
1
1
1
1
1
1
1
1
1
1
1
1
1
1
1
1
1
1
1
1
1
1
1
1
1
1
1
1
1
1
1
1
1
1
1
1
1
1
1
1
1
1
1
1
1
1
1
1
1
1
1
1
1
1
1
1
1
1
1
1
1
1
1
1
1
1
1
1
1
1
1
1
1
1
1
1
1
1
1
1
1
1
1
1
1
1
1
1
1
1
1
1
1
1
1
1
1
1
1
1
1
1
1
1
1
1
1
1
1
1
1
1
1
1
1
1
1
1
1
1
1
1
1
1
1
1
1
1
1
1
1
1
1
1
1
1
1
1
1
1
1
1
1
1
1
1
1
1
1
1
1
1
1
1
1
1
1
1
1
1
1
1
1
1
1
1
1
1
1
1
1
1
1
1
1
1
1
1
1
1
1
1
1
1
1
1
1
1
1
1
1
1
1
1
1
1
1
1
1
1
1
1
1
1
1
1
1
1
1
1
1
1
1
1
1
1
1
1
1
1
1
1
1
1
1
1
1
1
1
1
1
1
1
1
1
1
1
1
1
1
1
1
1
1
1
1
1
1
1
1
1
1
1
1
1
1
1
1
1
1
1
1
1
1
1
1
1
1
1
1
1
1
1
1
1
1
1
1
1
1
1
1
1
1
1
1
1
1
1
1
1
1
1
1
1
1
1
1
1
1
1
1
1
1
1
1
1
1
1
1
1
1
1
1
1
1
1
1
1
1
1
1
1
1
1
1
1
1
1
1
1
1
1
1
1
1
1
1
1
1
1
1
1
1
1
1
1
1
1
1
1
1
1
1
1
1
1
1
1
1
1
1
1
1
1
1
1
1
1
1
1
1
1
1
1
1
1
1
1
1
1
1
1
1
1
1
1
1
1
1
1
1
1
1
1
1
1
1
1
1
1
1
1
1
1
1
1
1
1
1
1
1
1
1
1
1
1
1
1
1
1
1
1
1
1
1
1
1
1
1
1
1
1
1
1
1
1
1
1
1
1
1
1
1
1
1
1
1
1
1
1
1
1
1
1
1
1
1
1
1
1
1
1
1
1
1
1
1
1
1
1
1
1
1
1
1
1
1
1
1
1
1
1
1
1
1
1
1
1
1
1
1
1
1
1
1
1
1
1
1
1
1
1
1
1
1
1
1
1
1
1
1
1
1
1
1
1
1
1
1
1
1
1
1
1
1
1
1
1
1
1
1
1
1
1
1
1
1
1
1
1
1
1
1
1
1
1
1
1
1
1
1
1
1
1
1
1
1
1
1
1
1
1
1
1
1
1
1
1
1
1
1
1
1
1
1
1
1
1
1
1
1
1
1
1
1
1
1
1
1
1
1
1
1
1
1
1
1
1
1
1
1
1
1
1
1
1
1
1
1
1
1
1
1
1
1
1
1
1
1
1
1
1
1
1
1
1
1
1
1
1
1
1
1
1
1
1
1
1
1
1
1
1
1
1
1
1
1
1
1
1
1
1
)
;

boundaryField
{
    fbOut
    {
        type            fixedValue;
        value           uniform 1;
    }
    CAD_patch1
    {
        type            zeroGradient;
    }
    fbGasin
    {
        type            fixedValue;
        value           uniform 1;
    }
    CAD_patch3
    {
        type            zeroGradient;
    }
    fbBioin
    {
        type            zeroGradient;
    }
}


// ************************************************************************* //
