/*--------------------------------*- C++ -*----------------------------------*\
| =========                 |                                                 |
| \\      /  F ield         | OpenFOAM: The Open Source CFD Toolbox           |
|  \\    /   O peration     | Version:  5.x                                   |
|   \\  /    A nd           | Web:      www.OpenFOAM.org                      |
|    \\/     M anipulation  |                                                 |
\*---------------------------------------------------------------------------*/
FoamFile
{
    version     2.0;
    format      ascii;
    class       volScalarField;
    location    "0.15";
    object      Ksl;
}
// * * * * * * * * * * * * * * * * * * * * * * * * * * * * * * * * * * * * * //

dimensions      [1 -3 -1 0 0 0 0];

internalField   nonuniform List<scalar> 
10571
(
459.919
2291.84
12.5436
5.65233
133.315
6.99471
0
0
0
300.665
248.106
0
0
0
5.58815
137.307
169.971
0
0
30.3516
431.361
197.859
149.461
505.582
127.269
416.656
9.04918
0
44.5348
17.0331
0
0
5.6302
265.888
127.325
3.47905
0
0
5.32759
139.503
121.396
2.63241
2.7961
5.27725
368.329
123.116
100.346
189.829
104.304
257.412
12.2653
11.8459
212.106
113.862
4.32442
0
7.76613
219.138
106.516
3.99594
0
0
4.02412
116.573
91.1903
4.85973
1.56529
0
232.945
161.438
79.9337
163.379
102.903
200.784
12.4397
33.0907
126.897
53.9563
142.138
22.2487
67.3199
239.298
119.294
0
20.1972
1.45089
16.2123
173.603
134.25
62.4224
7.31021
0
174.035
119.641
106.463
311.173
53.6931
225.027
45.7862
0
82.2233
21.7759
60.577
47.1054
71.5588
79.5793
41.897
0
64.0615
10.4375
74.5039
97.2068
51.0393
81.0519
51.478
88.9209
180.511
107.884
41.8823
257.049
66.3001
159.269
43.129
6.25222
34.0224
22.5859
39.5239
43.6109
47.8316
117.2
696.229
37.2997
0
28.5345
29.6305
61.3175
86.195
4486.66
63.6503
77.7317
20.067
89.9744
132.659
121.37
40.8011
116.057
7.50524
122.374
14.612
7.76497
138.688
36.786
99.8216
25.168
34.6619
80.3751
47.6375
12.2007
0
47.7907
30.7456
73.9313
83.1298
140.196
61.4782
30.0266
37.8517
108.523
123.117
29.0161
129.025
86.5268
103.528
54.8833
114.973
9.19512
1.73203
33.2109
42.9118
1.89402
58.8063
60.4466
106.562
11.6066
43.2637
0.247018
71.1961
13.4835
44.0382
135.787
19.5423
73.7542
51.4162
37.247
23.2161
48.0876
0.297497
54.4021
51.2191
118.75
69.5595
158.534
22.911
6.57109
55.7408
15.8123
23.7067
6.83147
25.4368
47.5463
0
57.0369
13.556
2.07994
41.3309
62.2529
72.3651
0
50.4026
3.19879
26.257
77.2286
83.4924
91.792
12.9342
69.3886
61.7449
134.411
12.2793
26.0524
39.0172
22.0851
56.5818
61.9254
50.3477
113.324
26.1705
0
10.231
8.15673
29.9719
66.168
31.2549
44.5659
4.127
5.41139
111.746
116.472
8.03182
83.0962
0
198.588
4.08969
8.49883
32.8478
6.14053
1.24709
46.1464
62.3822
84.3773
1.35016
0
56.2719
35.1129
43.2536
67.7145
71.7556
24.8852
36.1584
8.99934
79.7416
68.1175
40.177
56.8991
27.413
251.068
4.15681
19.5421
35.1017
5.65981
1.26899
7.30117
15.4199
76.3562
0
30.293
1.90473
52.2856
51.9126
97.7166
51.0288
7.69131
36.0779
81.9065
64.4527
80.1437
20.8116
102.629
0.713487
242.069
18.036
72.9233
30.243
40.8325
32.2076
10.2043
19.9289
76.2997
14.343
33.9889
3.60366
12.9512
35.4433
82.8407
50.7294
4.98762
6.9682
0.256579
94.3655
71.9647
30.8341
62.8343
0
277.664
11.9243
55.4
61.3769
8.85023
19.3186
48.9074
33.9694
127.279
0
20.511
5.10936
12.1724
28.713
62.9013
45.2388
36.4332
14.1735
14.0135
69.2374
101.194
18.1016
71.3962
0
274.089
15.5723
20.2575
44.0844
14.0872
21.3216
45.9798
34.6637
108.292
0
20.4223
35.142
27.9401
36.675
93.6855
55.2455
16.9579
45.4202
5.30008
157.278
111.767
20.927
86.6171
0
154.648
27.526
50.6519
39.9592
1.51135
7.26325
24.1363
25.9242
77.4346
0
15.0328
25.7851
54.582
32.5674
98.5219
63.7781
20.2424
61.8687
47.4029
142.869
102.463
30.0104
168.059
0
244.41
8.00172
16.9894
34.4797
8.11801
10.2215
15.8771
25.2568
92.5662
0
1.64625
8.16602
39.5959
34.0142
117.142
26.9576
25.8904
30.3596
26.5014
174.305
34.868
15.4738
32.4284
0
218.637
0.0419739
37.5833
49.1158
5.92372
17.6071
11.4934
20.4157
59.9029
0
29.2592
11.567
13.668
28.067
144.547
43.2891
37.8875
22.4574
10.7124
152.971
47.7469
4.36936
23.4315
0
125.559
20.3969
16.1871
35.8482
16.5171
47.4959
31.0859
19.1289
85.5131
0
10.4422
12.2459
21.0972
36.8184
154.128
46.7276
32.8402
34.0684
16.5308
97.0028
51.3407
14.7517
15.265
0
207.519
-3.32281e-15
31.3689
15.6074
5.86754
26.5031
27.0234
27.8902
105.388
0
9.03315
42.8891
12.264
31.7086
114.865
30.2075
16.1999
27.0627
0.661165
115.111
109.266
5.86562
49.402
0
52.7944
6.71783
32.9605
29.0445
-1.71974e-15
19.6987
19.8081
26.4338
99.7174
0
24.3359
22.6078
6.82234
42.182
134.906
24.1813
41.5448
26.0789
0
150.321
74.9942
23.0785
29.0553
0
100.883
10.8936
5.42332
48.9606
11.1578
41.0863
16.7145
28.5921
64.3592
0
19.6536
5.80121
5.50188
31.4292
146.74
34.6758
34.8729
44.7255
0.0421821
127.381
85.8493
8.62332
26.6899
0
32.7159
15.6435
15.8797
39.2998
10.1719
27.3081
30.0495
37.4627
72.7816
0
4.43448
21.8474
1.64619
29.1665
206.927
23.2805
46.9229
36.932
5.36504
103.688
98.4198
10.1955
44.4699
0
52.9617
27.2285
20.2256
27.9363
17.7005
43.4114
29.2501
15.2571
55.7519
0
14.2566
22.9081
2.63328
26.6819
225.888
24.695
21.6434
32.9695
10.6415
159.469
93.6339
28.1823
92.7387
0
161.474
0.541054
15.814
16.4433
1.14519
42.9213
17.5175
24.9909
83.0112
0
0
24.7424
1.0763
16.4833
255.723
21.8035
44.8639
33.1392
0
85.2136
113.934
25.7299
57.9325
-1.28474e-14
156.744
12.131
56.4368
33.2184
16.6249
73.6283
49.5122
22.3506
50.2968
0
89.3432
68.2449
11.437
21.9031
314.916
49.6787
26.1566
35.0959
15.4562
110.803
73.7514
36.4561
74.9599
0
62.8307
27.6432
88.2416
51.7042
56.4405
15.9122
35.1724
15.3324
53.1379
0
55.4368
34.5048
33.4827
15.2728
470.582
119.205
27.1822
13.1744
13.2115
37.5916
90.6627
14.8522
124.838
19.3318
22.5958
14.8005
52.1386
49.0766
23.8832
19.1621
10.5996
16.7014
65.2014
9.43338
15.6539
16.4063
2.32703
9.75072
513.174
40.1368
21.4286
11.0284
5.27146
56.8259
111.553
3.97592
42.3042
-4.85164e-15
12.4283
10.9033
14.4943
23.4061
19.7011
17.0879
31.5546
14.3778
64.9252
0
9.97968
35.4593
17.9381
18.9743
613.541
26.5212
22.6233
12.6133
20.6886
112.734
87.1749
10.3927
49.7288
-9.16775e-15
53.9566
18.1177
4.47217
23.0527
11.0236
25.999
52.7813
9.74435
52.4002
1.37441
8.10347
32.6526
100.172
24.5063
827.284
33.7877
42.9609
16.6819
30.4958
74.7103
92.8528
16.8249
56.321
0
12.297
9.85188
4.58669
28.5523
13.0002
21.2405
25.4083
21.9746
66.9163
0
14.8523
78.3411
49.1053
25.5562
826.504
33.6005
64.9662
23.429
33.193
78.5443
109.435
28.1903
69.5189
15.9288
26.7484
4.99872
0
35.3256
9.9356
82.9711
46.4256
23.0817
53.7252
0
4.92799
18.3468
28.2105
46.0998
1231.46
15.9689
41.0273
53.4493
56.7278
136.526
91.8886
28.0801
66.1996
0.353393
30.0995
20.0806
0.600494
24.2395
1.61978
11.5929
21.939
27.3445
50.9221
0
0
71.6682
81.0717
37.1997
1575.73
40.1028
50.9988
74.8747
63.519
140.321
86.4022
44.2281
114.75
0
14.8924
27.8983
0
19.5925
12.3042
24.9399
44.7216
16.631
55.1784
0
0
20.3046
10.0746
47.4307
1835.75
18.4684
17.358
30.8628
73.9198
194.825
74.4568
48.5958
103.557
0
37.2782
26.0828
0
22.101
23.7766
48.8225
8.94917
15.2622
51.0954
0
3.2591
9.74126
36.6135
58.0199
2263.35
12.7694
42.4876
81.3137
81.6511
444.667
65.7771
100.976
103.063
-4.01103e-16
0
17.7085
0
18.3422
4.97282
26.2714
17.1557
50.0453
28.7999
-4.64059e-16
9.71788
39.5305
27.0334
124.496
2359.79
4.4588
38.5953
67.221
86.9716
307.877
33.6599
166.6
326.165
13.4924
13.2812
0
4.77577
18.1876
5.21105
50.477
33.5599
62.2692
37.015
-8.4006e-15
23.2396
23.2493
43.2828
455.542
3008.96
0.422877
26.7578
148.277
368.477
970.74
52.0502
197.056
363.663
11.2881
39.489
19.5277
14.2975
16.0673
17.2091
57.5637
36.3825
77.3644
28.8447
14.4435
8.43725
32.7916
105.977
2284.77
12300.7
13.9393
35.449
577.831
9138.7
2352.89
10.8148
523.427
959.242
35.5592
10.1842
7.73603
15.5272
8.56839
12.5559
16.3683
28.9347
48.2686
44.9089
13.7779
8.83923
10.7893
240.36
5776.33
15667.2
8.87336
20.4314
1759.83
8867.95
4685.7
14.6413
1617.33
1551.68
13.6532
18.5704
5.76188
4.7795
7.3376
19.7175
7.06575
31.3067
18.5881
38.7372
14.2016
0
7.1762
312.352
12252.1
5229.58
20.8701
3.19194
3633.63
12110.4
4012.68
13.9131
8042.24
6526.15
0
12.0142
17.0924
11.8211
9.187
16.816
0.441553
7.95083
17.168
69.338
13.7544
0.510917
0.171927
299.716
13373
31046.3
38.2661
2.36007
1821.31
9390.29
10177.8
21.7547
2373.84
5645.83
13.1262
11.04
24.4773
4.76868
11.8589
2.1535
0.449992
1.65249
8.5641
48.7302
2.00774
-5.50248e-15
0
219.022
15609.6
36831.6
14.1495
4.2602
1184.12
17319
9799.72
21.8911
2115.3
8902.49
17.4983
14.4367
14.8729
9.99238
16.929
17.2541
0.172851
0
5.15876
97.0874
12.3065
8.42612
0.43993
61.4925
3746.24
11885.7
19.4973
4.89393
905.141
21473.9
4160.34
24.7805
1222.47
10753.5
22.1394
15.6452
39.5074
8.05569
18.3415
20.0773
1.23043
0
4.87846
243.714
7.47449
3.12852
0
6.16813
1660.79
14076.9
36.9722
1.26959
563.687
19459.2
2008.34
34.8066
1658.17
20868.4
29.9055
14.0953
35.7151
8.24107
41.1672
30.3409
0.472338
0
2.77166
533.715
5.17396
7.81784
0
13.29
1053.75
4299.86
21.0588
3.51423
571.722
5455.82
3.1089
95.2418
3509.86
222.466
83.2928
37.4062
11.7184
1.14161
57.066
11.7644
0
0
199.693
8746.33
44.4828
2.29206
0
105.509
753.161
184.307
36.9506
146.105
639.54
654.735
0
3356.87
1154.92
9.66317
430.379
509.935
36.2796
4.28076
7758.28
877.248
-4.55252e-15
4.39768
615.034
360.577
478.194
3662.46
68.5486
506.759
258.997
-3.88816e-15
6635.96
984.398
248.295
3.57066
0
1214.09
0
0
1128.66
1011.17
3134.3
1746.7
25.9338
796.229
489.624
398.545
141.477
0
695.722
226.08
680.536
642.587
3.88225
1.75058
35.6739
69.1382
0.425815
0
0
0
0
0
0
0
0
0
0
0
209.219
197.847
0
0
0
0
17.1407
5.84371
1.15533
5.48903
0
0
0
0
0.0268918
0
0
4.96803
0
0
0
0
0
0
0
0
0
0
0
0
0
0.356242
0.734873
2.3153
0
0
0
0
4.7604
0
0
0
0
0
0
0
0
0
0
0
0
0
0
0
0
0
2.86349
1.67451
0
0
0.338338
-2.55301e-16
0
0
0
0
0
0
0
0
0
0
0
0
0
0
0
0
0
0
2.29629
2.68189
0
0
0
2.41658
5.35572
0
0
0
0
0
0
0
0
0
0
0
0
0
0
0
0
0
1.35779
4.17949
0
0
0
0
11.8683
0
0
-4.33232e-16
0
0
0
0
0
0
0
0
0
0
0
0
0
0
0.0575222
0
0
0
0
0.096859
8.16539
0
0
0
0
0
0
0
0
0
0
0
0
0
0
0
0
0
0
0
0
0
0
0
0
0
0
0
0
0
0
0
0
0
0
0
0
0
0
0
0
0
0
0
0
0
0
0
0
0
0
0
0
0
0
0
0
0
0
0
0
0
0
0
0
0
0
0
0
0
0
0
0
0
0
0
0
0
0
0
0
0
0
0
0
0
0
0
0
0
0
0
0
0
0
0
0
0
0
0
0
0
0
0
0
0
0
0
0
0
0
0
0
0
0
0
0
0
0
0
0
0
0
0
0
0
0
0
0
0
0
0
0
0
0
0
0
0
0
0
0
0
0
0
0
0
0
0
0
0
0
0
0
0
0
0
0
0
0
0
0
0
0
0
0
0
0
0
0
0
0
0
0
0
0
0
0
0
0
0
0
0
0
0
0
0
0
0
0
0
0
0
0
0
0
0
0
0
0
0
0
0
0
0
0
0
0
0
0
0
0
0
0
0
0
0
0
0
0
0
0
0
0
0
0
0
0
0
0
0
0
0
0
0
0
0
0
0
0
0
0
0
0
0
0
0
0
0
0
0
0
0
0
0
0
0
0
0
0
0
0
0
0
0
0
0
0
0
0
0
0
0
0
0
0
0
0
0
0
0
0
0
0
0
0
0
0
0
0
0
0
0
0
0
0
0
0
0
0
0
0
0
0
0
0
0
0
0
0
0
0
0
0
0
0
0
0
0
0
0
0
0
0
0
0
0
0
0
0
0
0
0
0
0
0
0
0
0
0
0
0
0
0
0
0
0
0
0
0
0
0
0
0
0
0
0
0
0
0
0
0
0
0
0
0
0
0
0
0
0
0
0
0
0
0
0
0
0
0
0
0
0
0
0
0
0
0
0
0
0
0
0
0
0
0
0
0
0
0
0
0
0
0
0
0
0
0
0
0
0
0
0
0
0
0
0
0
0
0
0
0
0
0
0
0
0
0
0
0
0
0
0
0
0
0
0
0
0
0
0
0
0
0
0
0
0
0
0
0
0
0
0
0
0
0
0
0
0
0
0
0
0
0
0
0
0
0
0
0
0
0
0
0
0
0
0
0
0
0
0
0
0
0
0
0
0
0
0
0
0
0
0
0
0
0
0
0
0
0
0
0
0
0
0
0
0
0
0
0
0
0
0
0
0
0
0
0
5506.78
2866.18
3647.8
2471.75
2344.7
2325.13
3653.14
4179.9
5388.03
7626.93
5297.21
5294.55
3682.84
3516.14
730.86
2002.64
151.906
615.029
2402.87
29.3867
1126.92
4426.9
6806.84
3506.51
5917.16
6753.72
3483.44
2766.36
2312.64
3311.38
1985.07
770.552
127.381
276.034
0
0
0
6.76646
220.151
0
4.52163
2384.53
3285.56
365.965
1477.16
4494.1
3158.19
3336.25
2369.06
2397
3711.32
699.446
73.939
2777.15
1409.84
0
0
232.245
0
0
9.31522
0
319.061
363.774
1367.33
2119.16
3466.86
3152.03
3167.33
4472.47
4765.62
4806.19
3480.28
6999.15
5867.56
2183.18
243.351
3431.38
1169.9
63.2048
1409.19
716.009
2642.21
3450.23
5851.99
4975.46
6871.1
6425.15
6246.83
4171.77
2639.12
2397.14
2315.05
3254.15
2535.95
4355.62
736.53
261.02
509.621
199.918
101.711
188.653
124.859
80.8062
151.62
271.556
286.391
85.7725
191.231
365.688
169.29
595.12
518.259
360.199
278.291
9.68655
11208.5
186.067
148.294
7.31644
1004.13
10.4819
371.506
86.361
463.967
3.55309
186.661
903.422
646.162
178.58
513.787
116.574
118.972
111.821
92.1143
222.85
232.544
190.235
122.315
213.107
127.186
294.933
149.828
98.3628
198.373
497.08
387.654
106.381
125.388
261.309
381.736
114.406
18.0594
1287.08
438.66
101.693
5.05462
880.609
165.267
413.955
178.389
773.835
16.014
210.442
93.9229
328.158
306.443
793.27
562.647
98.6134
342.186
190.038
57.5305
133.579
156.468
423.75
99.846
143.593
436.932
310.991
379.762
262.228
145.786
87.5237
71.3211
235.361
79.1447
71.4867
82.7629
170.437
153.154
94.6142
136.782
101.829
121.285
207.154
138.347
140.123
133.159
5.25578
317.891
109.671
107.81
5.88302
303.239
5.00471
179.422
118.46
255.803
7.03909
147.969
412.115
292.827
134.459
201.127
104.119
112.221
216.925
105.913
110.794
349.186
233.676
131.204
369.281
123.87
150.656
113.274
79.5564
102.637
398.251
279.395
199.137
395.864
226.532
119.783
117.642
7.04479
466.765
194.908
67.5014
10.3742
190.805
119.549
117.366
94.345
384.289
7.31907
154.93
70.0172
293.288
233.956
397.54
297.056
87.0958
278.966
230.205
83.5522
249.318
152.034
86.5874
82.4228
141.279
287.946
208.029
162.727
192.254
224.383
84.5724
265.521
249.086
86.0495
271.88
90.5661
136.681
82.0611
82.8671
151.937
399.996
233.22
162.401
175.09
126.176
114.463
30.8048
204.084
141.496
84.6673
108.403
231.376
15.6199
68.3007
133.079
210.349
7.86845
134.759
252.56
293.407
92.1673
156.018
134.487
161.769
104.147
163.734
217.469
348.941
110.706
135.608
193.112
80.3331
168.035
121.249
52.7552
179.583
204.475
272.479
151.899
200.792
182.228
128.998
112.237
11.9278
239.497
98.8699
122.375
18.1152
269.748
113.445
155.589
125.67
274.846
0
143.546
72.0158
240.681
227.96
330.622
250.36
97.157
467.498
140.324
151.785
392.703
136.12
198.602
67.7871
155.311
260.536
171.191
182.78
192.109
141.648
101.861
111.954
96.5241
87.794
233.459
69.6127
139.836
122.445
79.7355
98.0414
252.25
40.4344
156.333
137.749
167.195
121.799
212.881
147.298
115.68
86.823
144.427
173.824
101.053
210.417
55.0263
106.573
110.481
150.283
262.724
260.49
139.981
112.773
181.711
80.3841
142.001
96.661
136.244
209.432
169.906
174.43
34.6914
45.5486
169.615
158.551
50.4447
143.036
65.2587
205.818
69.8961
73.3221
151.174
151.17
103.379
10.0507
197.166
201.706
81.4411
59.5819
151.059
163.647
176.898
79.3404
306.666
24.8764
95.1266
102.715
248.958
112.623
233.464
182.983
101.683
262.057
112.609
112.219
234.631
193.367
124.547
77.76
143.935
114.351
199.449
100.503
100.021
116.112
32.4342
126.575
105.47
43.3572
27.6851
74.8852
100.326
105.678
52.8732
104.936
316.879
53.6278
116.708
188.373
92.7768
65.8664
70.479
219.531
90.5668
106.276
185.5
84.2379
182.742
83.4195
74.5268
110.547
-6.2569e-16
94.4557
178.257
171.118
88.945
150.508
181.498
51.1379
94.8201
41.1184
255.514
117.075
45.7231
129.272
214.455
51.0577
85.5086
70.2252
60.3338
241.263
46.3317
103.901
115.682
191.696
172.03
38.0411
160.022
35.3613
128.877
131.187
41.5235
40.9293
111.179
98.8381
99.8036
100.247
189.206
102.706
123.753
139.764
162.555
137.49
169.676
189.331
108.207
329.843
64.4618
117.544
261.866
128.09
149.57
64.0928
129.198
99.1815
130.029
94.8317
163.814
54.4684
41.162
88.3687
39.1397
65.0172
172.828
67.8218
45.3009
73.403
71.2776
26.3228
54.2852
80.1132
118.712
85.585
133.13
129.458
57.672
105.182
72.283
99.1666
22.9452
95.8776
116.738
111.962
50.8972
92.1041
70.9876
73.5411
187.239
82.6444
61.142
49.4207
62.8478
60.3268
13.1926
101.393
237.979
93.3992
833.099
84.2786
89.7504
146.614
103.563
1849.79
3678.51
6965.04
126.33
371.435
112.394
346.678
61.2677
57.7508
74.2663
23.3778
45.7739
740.993
87.5474
302.331
45.2143
74.6024
63.5312
138.352
6430.01
850.047
2343.15
129.571
404.439
95.7536
354.905
46.5353
49.3654
9.9753
171.674
159.489
35.3957
35.2934
111.121
62.1769
88.3004
74.8448
134.271
24.7375
58.1054
92.0034
164.214
82.2405
198.652
198.751
86.7453
114.314
149.409
50.5154
200.601
102.872
118.759
35.8217
134.849
121.933
145.739
142.298
137.209
13.0468
26.2686
54.1729
0
45.8157
8.62314
24.6014
65.6395
10.795
23.2702
50.1542
162.287
53.471
69.7631
97.7152
47.6922
72.4405
75.933
102.57
89.4726
75.4934
125.509
87.272
11.2381
46.4124
61.937
72.5392
77.0769
87.1069
146.744
13.9122
94.6466
1.97254
10.0493
15.1279
4.1424
0
31.4311
0
46.1698
52.5745
10.8565
27.7671
57.2129
71.9035
118.835
113.638
17.1533
63.3098
130.637
23.4224
115.554
62.5961
30.943
7.60859
55.812
43.2677
14.7952
74.9155
16.0739
16.8644
90.8372
141.785
205.182
70.9197
106.817
141.659
78.4565
77.5698
88.644
58.3143
38.9794
62.0919
43.8238
23.8326
14.9241
60.3465
55.2643
28.7171
88.1735
103.452
49.6653
0.108947
116.001
117.498
85.2869
150.436
121.837
44.5961
98.7989
66.1254
87.9713
13.7825
114.525
19.9381
18.9573
4.70017
5.48756
133.782
119.529
95.3175
207.09
112.474
116.07
121.048
83.9694
247.572
42.878
115.362
110.989
124.818
84.0375
115.193
35.548
37.421
16.9427
72.6674
30.3157
62.7521
52.1134
17.8357
46.0543
46.8751
40.4223
33.0805
58.0546
50.8802
82.9919
92.1089
74.7106
19.8729
143.795
70.7282
74.4863
24.4846
117.647
115.853
82.0249
47.1006
61.0615
10.5318
52.7873
99.1801
2.10813
85.3239
0
3.73704
10.0235
0
0
52.6665
70.9102
49.5485
26.8937
55.3718
39.5165
49.4867
283.574
76.3572
69.7973
3.44158
86.6373
28.6277
15.718
17.4305
18.3228
4.47912
3.04428
2.26593
0
43.8099
37.5486
86.3388
41.3695
28.3911
64.2177
69.5241
31.2948
79.2197
27.446
158.778
21.2418
9.54242
13.8805
11.0329
2.09476
2.11348
4.50194
0.375621
35.8975
17.5893
19.0755
151.023
98.2963
49.046
4.53262
138.451
54.3798
52.7543
42.3014
92.4483
76.0999
59.7392
147.64
106.704
11.4052
68.3874
1.01264
0
0
0
228.94
99.998
57.9772
12.0618
94.5539
23.528
25.182
100.236
51.24
18.9186
96.1787
27.5024
97.411
49.2974
78.0541
39.1254
49.1064
63.7826
10.447
57.8047
33.2204
40.9518
57.3112
60.995
27.7509
41.9008
46.0835
46.5406
42.6398
59.8512
92.1599
68.1614
10.7721
136.477
43.9541
62.9277
24.9172
84.5986
0.600855
68.7539
83.6556
33.0676
8.83048
58.2089
91.2315
97.1769
35.0268
27.7243
36.0827
12.354
27.9643
44.2987
17.6207
65.2362
23.2081
78.0651
5.199
100.581
52.7443
0
0
0
0
0
0
0
57.5815
48.439
20.5607
28.1754
47.825
28.5617
93.9769
14.3787
54.6194
38.3014
54.8959
2.2103
0
-7.91985e-16
0
0
0
0
0
33.2548
87.4556
9.44889
159.053
77.3577
21.295
5.74566
136.511
49.773
72.1047
57.3188
95.1416
9.28124
64.0868
51.7933
145.402
52.9279
100.088
194.975
30.3221
12.7102
111.948
39.7801
64.0396
15.8484
25.6566
24.0582
19.6252
23.6762
98.5548
119.968
84.8313
76.976
42.6144
29.2871
30.5517
47.8532
27.069
45.5349
71.1166
25.922
15.4576
30.049
12.3383
41.9929
62.9063
41.6795
31.8579
82.3738
31.2598
156.084
46.2889
54.041
11.0564
52.6825
40.5858
33.5466
24.2826
81.7993
20.7718
50.2145
130.913
131.847
57.1536
41.6575
23.1843
21.3957
5.22255
29.5008
81.2782
39.8089
138.033
98.8669
64.9918
15.9373
37.3804
39.9329
28.1467
27.9403
100.949
97.0717
65.4786
137.651
92.0693
57.8386
16.5132
0
93.7225
55.6943
35.3803
0.403288
93.1971
51.4184
68.3597
44.6493
136.098
10.3672
94.1597
48.293
157.34
150.926
151.86
119.563
26.751
171.568
119.663
28.5618
241.43
48.8218
54.3441
18.6985
61.9802
138.942
49.3687
135.825
212.546
37.947
56.7642
26.5532
24.7707
88.129
36.7076
13.0386
35.6216
14.3687
15.6474
29.135
46.8877
83.3639
54.9878
79.821
63.568
63.2854
3.05174
281.23
53.1693
57.1668
0
130.455
35.8345
78.0447
46.4177
96.7464
0
61.1061
149.784
155.78
47.9288
39.6036
18.5313
55.4661
49.2742
39.5593
88.3636
79.7926
104.399
71.2012
60.254
31.1279
38.4839
0
20.5171
24.4229
87.9788
119.466
91.2665
82.7337
123.253
33.7877
82.4432
5.95849
117.014
80.3442
48.0794
0
169.13
55.8785
70.9929
55.5576
77.3099
39.9414
70.0992
59.8184
85.8986
70.0031
134.12
186.123
69.2593
60.5195
45.6012
34.3765
12.2454
88.0636
51.318
60.4303
75.8195
54.0575
66.6248
78.7408
73.3203
36.3783
139.222
81.4576
15.4996
122.233
20.0629
20.1081
52.7276
0
32.3334
55.2335
70.6856
67.3913
101.622
61.5364
72.3018
54.6817
0
239.622
74.3708
39.891
0
179.671
0
70.4489
34.5634
140.677
0
62.6701
168.411
140.288
28.9815
26.1259
74.7291
49.8732
0
34.2054
58.4332
94.9848
71.4746
80.5751
86.6586
68.8302
28.5509
13.119
69.5234
38.407
97.4473
122.194
86.3041
120.269
90.8444
44.6193
54.2071
0
227.913
35.9419
39.1616
0
172.001
52.5749
47.7386
45.8731
160.259
8.97505
57.6311
60.6418
164.293
111.097
283.697
265.481
29.282
37.0255
54.6957
36.0694
20.7002
83.4268
16.8407
24.9729
34.9365
4.69916
52.1798
163.821
198.487
39.5594
77.9898
37.1909
0
94.7595
93.4797
43.9982
26.6643
0
27.6957
32.4344
35.2639
24.2079
148.748
195.068
61.0691
70.3441
4.88401
303.541
114.612
70.4353
4.77587
116.063
5.50216
53.1778
57.604
84.4871
56.1732
49.0755
183.714
141.882
58.8999
13.5652
36.3793
54.8719
13.9256
146.876
70.3554
105.525
118.848
78.8528
113.597
34.793
8.41934
0
58.9458
47.506
99.1713
51.2737
77.1603
118.814
59.3487
24.5072
59.8002
0
112.548
45.3631
33.5808
0
198.781
52.0131
58.58
73.7297
202.458
5.3267
64.3924
77.8529
109.529
133.529
181.379
289.795
31.3571
38.0679
104.397
49.2914
25.4321
49.8696
31.5921
38.3774
48.9269
14.0441
56.8325
170.195
167.565
0
148.268
110.204
29.1337
101.228
71.03
48.0866
106.305
0
60.9063
142.792
52.8183
40.6132
171.264
163.384
84.7727
64.4491
15.1833
314.488
75.1704
52.5209
0
169.105
14.761
39.7811
18.7817
151.9
5.38764
52.6306
161.991
236.106
69.3681
14.1357
123.443
55.1075
0
60.7755
76.3229
127.205
131.549
78.4908
114.559
108.645
106.234
0
96.3872
52.5919
48.5639
52.8906
89.1057
156.155
57.9884
87.0589
84.1773
0
241.005
70.1176
50.1799
5.22515
164.065
55.8803
44.0759
54.6982
111.286
7.06081
38.5049
61.149
148.856
101.991
447.608
414.723
10.8641
26.6914
161.968
69.4412
87.8065
55.5847
12.3493
21.7451
27.6281
57.2286
59.9832
165.512
205.844
0
70.8709
84.811
0
99.4682
102.97
46.6792
80.345
0
44.0312
81.9116
90.4091
59.8501
201.75
139.473
54.3418
41.3356
10.1743
175.358
48.2491
40.5327
30.6375
172.532
8.97054
59.2128
36.1595
151.658
0
36.5319
209.235
191.571
67.8654
0
108.889
68.2452
30.198
120.497
110.896
137.378
81.5018
78.006
159.595
81.9146
43.1573
0
54.1762
62.3222
99.464
109.69
112.472
152.709
77.3088
133.015
84.5638
0
192.638
46.6992
43.5892
5.85141
241.133
29.013
115.34
66.4152
174.954
59.1535
49.1745
40.5246
149.897
156.745
384.464
307.291
87.3955
34.1063
94.8493
62.9902
0
47.6662
58.3378
36.465
70.7301
49.5956
90.8199
130.405
186.899
0
90.1847
98.6431
30.4414
44.0405
73.0402
61.2623
110.525
0
56.0272
70.465
103.269
77.5521
148.689
166.267
30.8821
31.2171
27.1565
223.835
35.1411
34.5517
26.6452
122.314
-1.34086e-15
51.2925
35.8409
119.768
15.1665
23.2559
185.014
66.6515
64.674
0
77.7223
60.1967
0
84.228
53.9987
87.3664
81.6743
68.199
128.142
67.0966
62.7758
0
25.991
54.2134
121.525
41.8683
100.372
150.183
79.7066
82.8935
99.6008
11.7053
156.773
23.8072
33.6976
22.356
98.8623
66.1831
54.8545
78.2463
141.814
16.8037
52.1326
55.5548
180.546
154.684
298.371
244.936
60.5955
41.736
79.5345
44.3624
0
91.7495
0
3.4748
61.8807
0
89.756
240.076
265.178
0
43.8672
85.4896
0
94.1891
99.74
25.1353
76.1251
0
39.4533
101.074
44.1959
40.2432
192.703
174.738
34.5306
42.2997
26.058
203.237
61.3632
57.4203
42.8777
106.257
10.9245
44.7365
25.2035
99.7038
7.11511
62.871
101.89
77.4881
65.7422
0
97.9694
74.4632
15.2599
147.21
62.3391
136.122
78.4107
62.4022
83.162
66.8755
84.4169
0
75.3286
73.5934
133.511
56.0127
113.345
177.913
49.7097
103.289
110.403
35.0642
104.517
42.877
49.6287
34.6227
174.665
71.2546
39.7462
44.7118
165.48
0
41.8868
71.057
118.118
188.362
145.195
170.1
26.7183
28.2488
46.8743
12.7161
0
19.9801
0
10.176
19.8796
0
72.6402
211.498
138.717
0
83.2519
169.697
0
69.6891
112.208
60.4784
120.465
0
71.4859
185.317
49.4247
81.9921
200.369
177.492
44.2993
20.6465
43.7239
113.342
46.4691
25.9007
102.773
90.9789
3.19708
55.8272
43.0707
84.8477
10.9884
40.6995
95.5918
127.534
71.9757
0.50466
184.493
57.4932
0
97.8492
56.6664
64.2907
58.3576
75.9071
68.8077
155.741
152.275
0
86.8408
82.0786
175.278
70.7751
113.324
226.266
38.0112
115.627
97.1573
50.3572
175.908
50.7282
65.6132
17.643
92.9297
55.7758
41.2828
67.4294
55.9699
0
37.764
74.0709
100.125
124.906
262.244
392.727
4.92864
0
66.1564
4.87494
0.525195
16.9547
0
4.40978
16.8527
0
20.1577
137.291
201.136
0
89.6276
69.1624
0
37.8235
12.142
60.2088
129.433
0
18.5015
81.3911
91.9975
89.4195
97.5759
172.492
33.4625
35.6549
173.666
233.438
47.6866
40.839
47.3887
99.6921
0
48.5855
35.7824
86.9898
11.7103
74.7683
116.279
73.8389
66.0199
0
42.03
31.6049
15.6537
42.1621
56.7439
72.2456
76.6354
67.8398
68.6138
78.0603
75.7139
0
65.7709
69.1215
219.044
56.0531
155.564
230.134
48.8351
121.867
96.4504
37.5887
97.2274
106.256
39.7224
112.416
74.8523
86.4327
28.0108
73.0596
63.364
4.15299
45.5383
54.1724
59.2963
75.9756
416.076
182.468
29.0195
14.2429
90.1515
28.8792
29.8659
4.89348
0
20.3428
29.8997
0
45.7256
181.844
127.256
0
54.5306
57.0288
0
58.3988
37.5808
15.536
23.9098
0
8.66368
55.623
41.9192
35.6139
161.198
73.3398
52.1485
34.7114
20.2315
112.007
49.5671
32.1358
18.9731
75.2477
59.059
56.9538
37.4263
89.7481
27.6694
32.5561
75.768
63.7328
40.4168
0
30.1942
44.7208
0
44.7759
80.4943
162.183
100.329
57.2967
86.6824
19.7646
41.5612
0
26.3967
34.117
222.755
51.3223
147.383
224.009
83.7467
67.6538
47.7677
79.4565
86.348
63.3464
35.5174
15.8135
175.006
83.4312
36.5868
59.3326
101.274
5.44178
52.7682
90.6942
112.559
154.732
160.088
110.482
36.2251
44.6359
97.4101
31.5447
29.5092
19.5004
3.5019
27.2343
19.3225
13.1284
60.0478
101.568
90.148
0
60.5802
36.5836
0
52.3344
55.0486
11.6377
47.3965
0
19.0304
37.1688
55.065
25.8205
78.7186
133.146
27.2783
40.1694
8.43943
100.823
25.1764
26.3624
10.1728
120.849
4.92649
37.4446
28.2614
92.6633
26.131
60.3514
107.517
94.6875
30.4959
0
37.6557
60.3635
0
30.3094
60.6969
111.534
94.9148
50.9793
74.3565
23.6426
19.2804
0
18.2676
26.1952
161.318
46.4429
108.104
194.406
55.2914
48.7553
54.3063
10.3116
113.401
86.8009
42.8268
33.4961
88.5709
60.8098
36.9038
112.44
91.3273
-3.7741e-17
22.2131
73.0107
95.7005
150.694
170.566
185.941
31.8373
22.1747
86.2528
10.0325
0
36.7766
19.8669
0
20.7784
-5.081e-16
68.9133
118.19
147.492
0
71.297
35.3059
0
42.8336
46.64
15.7594
27.995
0
8.66495
33.2155
19.59
56.8756
93.1351
137.367
34.6827
26.5968
17.7371
103.592
29.8943
21.7284
34.8234
90.769
36.6463
53.6145
30.5062
99.5094
10.6793
24.2104
76.2153
83.1957
31.6241
0
24.77
31.0432
0
43.0804
70.0563
85.7226
77.4635
56.856
66.0593
24.2762
42.8344
0
9.8082
20.9739
276.314
40.1645
172.558
212.137
49.366
63.7325
52.1611
6.50514
87.2727
45.6091
22.2844
8.55793
58.0047
45.6797
31.0072
81.2492
100.711
14.1274
39.9018
43.1779
109.95
94.3949
143.117
201.314
8.60216
0.75809
93.7628
39.4276
0
23.8011
15.7966
12.7294
22.559
0
57.5425
97.6798
82.2849
0
67.0241
53.7623
0
35.4463
66.3622
21.0625
44.2842
0
35.4146
44.8023
20.6717
64.2106
79.1377
18.8319
29.7351
6.72881
23.8954
59.579
23.3704
20.9176
53.388
81.316
9.97506
56.2516
20.8214
89.8994
26.1263
24.0899
120.73
77.5604
38.2667
0
99.2436
45.4989
0
38.4865
64.5887
69.2333
80.7743
56.9877
77.6816
44.1056
40.5182
0
45.4659
67.1744
257.18
41.3031
223.035
201.752
79.8862
61.878
51.8336
27.0324
107.052
45.8535
39.8522
18.5046
42.8176
62.0965
44.9953
69.0437
108.764
0
67.659
46.4929
67.4876
99.2979
163.714
196.708
37.8189
0
107.409
30.2847
0
15.6657
0
9.57957
13.0097
0
71.2676
37.7386
74.9184
15.9829
25.7687
37.8287
-1.35273e-14
54.8825
23.0717
22.331
46.0581
0
3.70535
24.7354
41.3305
20.977
70.5613
88.3242
24.8838
14.957
10.0343
78.2324
48.235
24.7063
2.00639
74.2569
28.1265
27.7058
29.364
48.8489
73.8807
28.9805
55.6276
66.9294
39.9143
0
45.4994
47.2239
0
6.60796
54.8813
72.6158
45.1736
78.7425
82.4568
29.1818
49.9553
0
27.1569
39.2387
317.423
69.7445
233.673
415.349
56.2634
53.071
19.688
33.9049
28.4144
44.9531
25.3105
16.7612
42.2498
48.6964
61.8606
53.0605
117.052
0.179951
49.7964
74.589
102.15
141.297
121.332
96.3851
44.46
0
102.374
49.3463
9.36453
34.3851
16.3665
8.24107
41.5634
0
53.5093
125.936
167.379
27.9318
39.2295
27.6515
19.0603
63.5535
79.7117
12.6249
16.9606
0
5.4125
33.1583
9.88727
7.54495
152.939
117.79
66.3051
52.2707
12.2723
102.065
93.5181
79.209
41.2049
28.0294
17.7763
21.7767
12.6377
51.0103
1.88777
12.3582
56.0868
17.2289
40.1241
0
44.629
50.2545
0
62.8655
78.4956
72.7606
36.6661
88.2129
73.177
3.68708
22.1201
0
31.5938
40.9607
545.853
81.6109
316.306
487.713
63.7567
21.8548
30.2248
12.3684
23.6936
25.6006
39.3146
4.75347
79.59
20.8324
46.0472
49.1741
152.607
5.70068
54.4487
58.4953
104.165
123.835
67.5303
81.5128
63.974
34.5295
116.759
56.7567
0
28.8496
0
31.1723
49.9906
0
89.5076
153.681
187.723
-1.08888e-15
95.9722
119.908
0.928781
113.891
82.3701
33.6503
97.7427
15.1225
23.8158
134.723
45.5601
72.5331
154.011
116.093
79.0506
71.0243
50.9349
99.5091
96.0791
89.7083
26.0202
112.826
3.12974
17.7445
54.5607
102.736
56.2913
25.0516
16.6855
55.8819
83.9872
15.9802
66.2899
83.3313
0
48.5438
82.0859
144.791
30.4331
80.9938
110.125
66.9854
56.5603
0
64.2618
89.3929
670.397
93.5059
340.912
572.612
98.3469
83.6695
47.6411
55.6578
98.2527
30.4331
92.4192
24.5147
145.491
105.255
66.5185
106.676
114.858
4.92011
20.7469
109.86
44.3115
80.5191
67.4941
89.9113
83.3536
14.0922
111.118
91.5323
32.2151
56.2135
0
23.3859
46.3759
16.681
95.4928
106.149
51.0113
15.6111
89.3433
21.7927
0
35.7767
24.3606
25.5815
88.7146
0
33.2002
38.062
28.2306
39.352
72.5716
40.3072
41.919
28.1566
3.003
27.3444
30.0325
13.6976
5.93951
121.108
41.1693
53.6133
64.8423
129.745
23.2055
36.0289
56.1829
111.927
54.1564
0
26.1128
20.8725
0
30.956
56.5167
101.261
94.0502
46.0015
124.931
22.8372
28.6517
0
32.4126
3.42358
852.08
101.151
408.465
853.709
70.6133
89.5956
54.7334
25.1325
142.07
65.3735
73.4664
8.43823
98.5539
52.3383
37.3223
55.3241
58.1188
20.0713
29.0928
25.4341
38.3207
55.0775
113.511
89.8771
34.1719
26.059
91.5525
11.5099
14.0462
87.7291
0
7.10449
62.4862
12.0182
100.754
51.9837
34.7505
12.4157
51.9371
34.3962
15.5348
37.8537
24.8169
8.6941
24.279
16.2145
5.37068
10.629
53.6376
60.6545
35.7731
27.0504
28.4461
45.1775
17.1326
25.2455
26.8663
21.8021
1.92969
72.2724
26.293
23.9509
48.8282
132.002
-4.04064e-15
26.5224
65.9193
71.7072
40.0614
0
26.9409
19.103
-1.98115e-15
9.08283
77.0019
177.47
35.6735
73.0416
218.79
14.867
11.819
1.32096
6.88494
1.82393
798.435
61.4784
541.747
727.827
89.7249
22.3291
28.0319
6.07337
39.1454
60.1796
30.7654
13.2814
32.7535
40.4957
43.559
43.7181
71.8039
19.7337
74.724
52.7673
58.2505
69.6852
73.619
76.9431
10.4035
0
97.2173
11.8384
0
15.9242
0
4.08246
14.8009
0
37.7444
22.0654
40.2305
0
56.5449
13.2381
0
28.7607
21.5846
24.1382
16.925
15.9412
13.524
14.6907
10.0745
7.60125
43.296
19.9151
31.4171
23.5464
25.8699
22.7449
22.4036
24.128
5.80806
117.172
4.67721
19.4839
23.4912
81.854
11.9266
28.79
45.9231
81.8283
26.5306
16.2248
25.2583
44.6503
0
5.86094
84.7421
253.371
68.2878
117.689
249.8
14.206
1.58821
0
14.8389
-1.79998e-15
860.423
122.485
666.008
927.754
104.98
8.81089
7.41861
-5.8912e-15
57.523
45.6448
25.9375
7.35849
36.962
30.7673
52.218
64.5703
35.0051
6.15817
59.8361
66.6104
55.672
57.7163
45.7051
18.1771
20.9333
0
112.435
14.5668
28.8057
23.4791
0
1.37924
21.8257
0
30.3138
45.4291
13.9493
0
35.0347
10.0069
0
38.9652
33.6024
6.24968
25.5605
15.7299
9.17672
20.0671
21.6801
14.3174
36.5865
14.7062
22.304
14.9142
11.044
28.9797
25.4533
17.6809
7.18474
41.802
0
7.43453
18.8612
10.8537
11.1799
24.4797
48.4419
48.1508
14.7418
-4.9132e-16
20.3138
11.8974
0
9.68065
121.878
354.061
31.6539
116.846
255.741
15.2552
4.23176
0
14.6979
0.283177
830.993
136.348
765.711
610.186
124.921
10.5162
24.9245
0
22.6295
18.3074
20.2144
2.39607
42.4011
29.8336
49.3612
69.7022
36.8195
23.8693
54.1203
81.9563
49.4264
99.6472
55.9831
35.7128
39.8298
0
165.776
51.3775
0
15.2792
0
24.7075
36.6067
0
87.6844
35.8998
27.6748
0
22.8716
8.09683
0
30.0681
25.2567
14.9044
8.76446
-1.31212e-14
7.47452
4.39107
14.8824
9.26595
18.8279
9.66266
17.4508
21.3493
7.51773
14.9855
10.7029
21.3178
5.89684
35.8436
3.08074
21.5213
29.1718
22.3722
8.84847
13.3742
34.6684
32.6838
10.0302
0
14.6596
9.60963
0
2.63554
162.818
270.636
77.7691
130.318
235.588
7.64262
15.5232
2.2984
14.0606
7.85274
1095.83
185.617
933.549
984.518
180.26
7.45501
11.7228
7.26746
19.2081
30.31
20.103
2.08565
22.4801
16.2866
91.9849
103.062
70.3233
36.2562
68.7338
157.005
51.7262
69.7188
19.2777
8.06064
87.2675
0
108.668
104.407
15.083
38.7011
0
13.1351
63.6556
-1.37497e-14
117.356
14.6271
46.28
15.6207
14.5591
11.7344
15.433
25.746
9.45012
7.4919
17.8434
9.90496
14.8792
20.6378
7.93001
17.6125
2.88443
12.7975
18.194
32.4823
2.88215
24.7346
23.5641
18.6252
13.2408
30.6441
0.82009
13.677
21.5122
16.5297
5.62285
20.8389
45.8389
40.1739
18.0812
0
3.83956
8.10912
0
4.60177
141.358
461.448
39.9289
176.409
375.797
0.849042
8.82391
0
0
0
739.217
229.035
1288.57
847.759
317.726
0
0
-3.80455e-15
25.4097
17.301
19.577
12.8971
19.6508
22.685
106.436
194.346
52.2771
47.8136
99.0087
203.858
114.03
144.114
24.389
32.1256
76.2728
0
100.904
123.62
15.5206
55.1629
15.9558
39.1492
62.2945
0
85.9066
36.3765
19.0706
0
14.0073
1.30344
-1.35392e-14
27.2082
13.1087
5.70813
13.5602
0
10.2515
2.96036
10.7855
3.34455
-4.47232e-15
15.8249
15.4905
35.6261
7.28422
21.0284
31.9471
23.1417
14.5564
2.0578
10.4491
14.9499
28.9925
36.7896
2.95888
8.91352
46.1841
18.1084
9.06362
0
13.1358
9.20342
0
16.7961
200.858
222.725
65.8428
190.222
470.065
3.82533
6.58796
0
7.72512
13.4797
857.719
378.766
1777.83
854.311
439.802
30.9183
10.7127
2.78137
14.1878
33.6619
17.6388
0.248154
16.1807
19.6849
108.825
313.508
157.802
76.1821
151.165
286.132
58.3888
89.5442
14.7172
31.9977
91.5403
0
81.1102
94.1402
0
83.396
0
41.9589
24.3856
2.93104
107.669
13.407
22.2108
10.1733
38.2913
9.13844
-2.7981e-15
31.5608
3.66265
0.75148
8.75796
0
3.7387
22.1504
7.50659
17.4288
15.9787
47.5154
36.4516
23.3248
41.9794
14.9843
29.1365
31.2609
15.6642
27.7127
17.7873
27.9255
22.3187
25.2992
4.55645
19.3037
19.4944
9.51028
9.48645
0
3.74297
23.8687
0
3.89567
184.533
654.14
47.8494
225.031
406.76
15.4291
9.6296
0
-3.41822e-15
3.22506
667.151
504.279
1795.96
475.479
638.505
11.3238
1.00257
4.11345
35.3013
9.80458
4.13169
2.64945
9.70455
18.7792
153.938
231.718
146.878
65.2644
307.292
454.78
123.918
347.505
17.7833
21.336
52.0312
0
80.6804
121.395
31.097
71.2212
12.3876
84.6144
95.4555
38.9759
92.467
41.3425
58.845
30.4387
47.5064
10.5491
0
37.0818
5.65013
7.49668
9.8906
0
5.94773
9.35348
5.53713
4.12604
36.6713
31.0743
30.3844
34.6092
0.881404
12.9162
28.2272
24.8844
0.904521
16.706
18.8736
11.5384
18.3313
36.5231
4.55453
21.4105
16.8758
23.1701
56.8637
0
7.79736
44.003
0
12.0095
254.237
434.912
27.3857
268.761
454.675
7.79193
1.68362
0
3.92775
5.09159
481.011
2066.95
2080.15
833.978
2384.18
0.298791
8.21037
-9.71888e-16
7.22337
17.2093
20.7542
1.51585
4.35013
13.0469
424.453
541.047
212.091
106.88
892.117
479.531
175.097
271.654
1.57241
24.8103
210.823
30.3488
69.8218
218.448
11.7928
112.898
35.045
109.981
95.4272
73.6124
84.9023
24.0826
19.6631
9.80972
13.2583
12.436
7.86377
25.0649
22.7525
12.6699
4.544
10.7795
7.6545
18.5671
0
7.98905
33.6249
18.8978
30.6655
27.6767
7.95882
0
14.8977
26.8408
2.59327
30.8962
8.71059
24.2559
17.5508
13.7176
8.65298
3.80335
20.1678
-7.00219e-15
14.4575
15.327
30.6
16.3706
14.6574
7.81342
275.305
410.481
26.624
249.819
360.648
3.85479
26.2222
11.0862
9.20342
2.39372
700.737
2487.22
2413.93
524.616
1691.21
8.34646
16.5416
0.351162
11.0121
8.35584
6.14256
4.12841
30.6775
8.12775
297.39
694.79
202.644
123.774
868.674
947.478
399.727
460.229
29.9432
11.3966
119.114
61.2408
25.2402
149.883
51.6387
137.921
49.4415
189.554
243.697
40.1852
229.654
34.1996
55.0557
20.7936
51.1371
3.63533
24.1886
52.4763
4.2125
15.3251
9.31145
2.90864
9.59773
19.0565
16.3748
16.6352
21.2777
18.5338
45.6173
37.8008
4.38304
23.155
9.51501
22.8226
25.6455
41.0695
1.49046
16.5327
26.5163
73.2826
6.25036
13.9348
30.6251
50.588
51.0704
-1.33383e-14
17.7885
4.99725
9.02328
2.61083
268.271
473.165
27.1558
319.469
549.908
0.982392
15.0092
28.9258
14.0813
3.9844
837.969
2813.75
4101.16
1539.8
4480.51
8.04182
1.77451
-3.54508e-15
21.7854
4.70181
24.0241
2.41358
6.471
7.22531
2864.3
1805.05
922.924
1716.24
3017.13
4151
1315.34
2069.26
17.3693
29.0931
188.228
61.3489
24.8329
169.466
35.9772
327.098
42.4742
345.445
549.479
39.6461
680.91
23.6268
35.6948
57.0029
32.9904
3.94459
0.494843
16.6658
16.0245
1.18732
11.5096
13.065
7.70361
16.5912
41.5212
17.8997
20.7631
9.17794
9.73073
17.6328
4.30343
21.1902
27.202
15.995
4.25254
44.0759
13.4766
22.6854
28.1933
68.8502
4.87941
16.2772
27.032
21.3511
16.5758
32.8565
7.7752
19.399
41.0094
7.8596
386.85
655.322
29.3422
542.546
940.324
2.38166
4.01254
0
0
20.1132
1609.36
3563.87
14652.1
2929.98
7514.95
0
18.429
0
38.0433
5.05458
15.099
0
21.347
9.62548
14619.4
11107.3
2755.15
6566.71
11655
10330.3
5756.92
4966.71
64.5936
14.59
224.945
113.192
14.1019
109.311
89.3066
1379.68
129.093
939.901
2907.92
113.736
1294.92
19.9538
0.378873
-1.18884e-14
13.0699
14.8321
13.8092
9.40173
0.791922
7.84645
8.35164
22.2466
7.66605
4.69546
1.87807
16.7725
23.4987
26.0086
18.1867
25.7559
2.41588
9.39084
9.70924
9.68717
0.092287
36.8435
4.08675
15.0861
13.3589
31.0268
4.11939
18.7126
19.4444
44.7986
19.1637
14.9683
7.81823
28.0381
28.3528
15.5642
717.207
1703.15
63.368
917.47
1561.01
2.63432
9.93721
-4.64744e-16
5.38824
6.76819
5167.85
11407.8
28371.5
4061.58
6995
33.0492
14.0211
-3.58475e-15
28.2483
10.1833
13.8556
4.19113
28.7616
9.83554
6423.57
5754.65
2366.11
13497.9
2326.08
27160.5
3407.22
3018
43.9108
31.5896
118.261
106.223
28.7131
58.6817
69.8639
6770.27
337.846
2551.71
8200.03
338.783
6209.63
13.9037
14.2486
-1.20231e-14
8.12738
21.9769
6.99387
9.78607
7.48516
12.6364
-4.10535e-15
13.3009
10.0982
9.48442
2.88337
20.7327
7.50694
15.5888
16.7172
28.1563
3.28289
38.2246
18.9574
20.4943
13.1307
56.674
16.2776
38.1535
24.6622
45.9627
8.08286
29.3247
8.20986
21.8544
21.3982
27.3726
18.9327
6.5093
0
3.65242
901.119
758.49
28.2345
553.771
855.686
24.0865
13.3373
-9.71091e-15
12.6492
19.247
1487.72
4891.37
14893.1
3571.65
7288.39
8.45881
-2.5361e-16
3.02784
34.6311
17.3202
7.52944
5.72176
13.5592
5.74805
13723.3
14270.8
6169.76
12728.7
12183.8
13430.8
9197.4
9169.71
33.4763
39.9651
15.7434
61.5429
27.2207
20.2095
102.632
8066.36
548.414
2816.94
5497.55
944.45
9137.55
5.98058
4.52521
-1.17152e-14
32.4223
18.1447
6.5072
14.4399
12.324
22.4432
4.4294
27.1048
11.4077
4.62759
10.2567
1.65879
18.7397
17.1152
22.8501
23.7173
18.474
19.7532
16.4449
22.9196
20.4252
17.1453
11.1175
23.9868
23.6778
57.4185
0.422349
39.0163
62.2636
48.7234
12.5278
0
11.0653
17.6928
-2.26732e-14
21.8165
762.604
2256.44
58.8247
556.613
1894.34
10.4911
9.65662
0
-5.41197e-15
0
5411.13
10111.8
121560
3524.64
14274.2
-7.40738e-15
18.8909
4.08923
27.7961
9.88951
6.31396
4.28882
28.3436
37.1087
17012
14785.3
10550.6
6050.99
16381.1
6983.58
13384.9
12499.3
18.8033
29.2935
21.8475
35.8
25.4223
31.9319
43.6417
8072.35
570.196
3894.05
12993.4
479.108
2317.98
9.48051
19.5969
-1.18508e-14
13.7707
14.1535
15.3
18.0464
4.96206
11.5657
-4.18457e-15
21.6783
23.674
9.35634
19.6578
-9.16341e-15
45.7727
11.1381
25.2871
18.7094
29.3284
17.5724
14.7458
20.5498
8.79857
45.584
0
32.4886
31.1073
49.1054
3.48984
35.9293
63.6091
72.2385
5.08865
77.8588
4.63157
47.7579
71.5903
28.1979
541.773
3516.41
99.4774
533.709
1700.76
7.17869
-4.93871e-15
23.2692
12.0443
16.502
11915
11542.1
15807.9
5293.8
10341.9
2.47507
-6.08999e-15
12.604
15.9391
20.2276
10.9118
2.47051
26.2225
39.8888
16403.9
23378.2
9397.12
20691.6
17393.2
15980.9
12025.6
11924.6
11.639
17.6689
33.0342
52.95
33.3629
29.6099
74.8138
3702.93
1195.1
1771.25
37527.1
1185.84
9707.77
0.287278
48.4661
37.434
20.0492
16.7932
5.01838
27.7778
7.02186
11.4169
4.57352
11.9885
21.129
-3.78439e-15
15.7154
6.95924
7.41974
42.4371
21.3976
27.4983
6.06453
16.5519
30.9672
41.375
9.81276
47.9773
13.6419
42.3366
23.1593
32.1668
10.1358
52.3472
70.8465
80.7267
32.6584
22.2768
10.9968
25.9632
-1.44542e-14
27.278
653.317
1872.69
123.354
611.41
1345.63
23.5523
15.1212
3.53085
22.6468
20.6989
3072.93
7861.85
12447.1
3446.97
8378.83
2.29475
6.91794
9.30404
19.4857
13.7845
20.3691
13.5032
15.0809
24.5794
13975.7
26320.9
3516.57
23564.5
25550.9
17528.7
2410.57
9487.56
46.2887
26.7388
46.9748
160.612
57.6381
58.5827
136.429
15315.5
70.8952
1931.08
15590.3
1594.36
9518.14
11.6685
1.27386
8.4525
23.0424
8.93861
13.3124
13.6
30.0795
27.6184
9.08246
64.9766
32.7139
12.4065
24.2102
21.7359
24.4058
9.24764
35.8698
28.4174
13.4843
35.3464
42.6507
36.5617
16.7831
33.7967
9.37335
53.5701
26.1035
46.5802
7.24373
62.3455
75.6005
167.376
29.4346
21.4543
14.0148
23.0574
-7.82207e-15
31.4117
1278.14
5517.04
561.388
3567.15
4446.3
12.0807
35.9106
28.3572
29.0163
20.9284
5686.05
10598.8
11235.4
7925.61
3646.61
-1.93539e-15
24.7467
16.5431
26.3085
26.3234
5.4352
19.2366
38.0132
27.6311
4053.65
8958.24
1010.07
7757.38
909.884
1804.48
40.7689
434.304
69.7444
82.3125
52.2804
232.722
62.4562
109.83
977.123
15068
9140.61
2151.89
10770.1
4033.27
1505.36
23.9056
15.8392
10.2593
25.0596
29.6516
28.0201
15.6142
21.471
28.6048
28.4505
59.99
21.0311
31.8943
29.6677
83.0829
26.9518
12.7378
38.3573
38.8506
18.9489
40.6987
26.716
17.7484
23.6883
83.0787
6.49712
77.8216
35.0061
125.574
4.12697
123.265
459.524
3345.8
34.4731
17.2243
31.9232
31.3755
58.8211
29.5156
5493.06
3864.17
5818.58
8843
5498.98
22.1537
7.2566
36.6093
12.3272
19.4383
3641.51
758.565
966.778
1429.98
64.5943
21.6833
36.1082
12.2692
19.217
34.9568
23.3923
2.57073
36.986
47.9733
270
605.863
-3.82553e-15
2113.32
69.9624
201.774
4.56211
9.93404
125.336
310.826
255.743
2133.64
326.408
1384.41
3711.11
2622.94
5375.13
4072.96
451.842
6166.03
2.66221
21.1511
71.353
55.8772
26.4223
32.0168
98.4148
50.4318
21.0745
42.5938
28.8674
99.9524
35.1421
39.3895
55.2753
544.155
70.82
135.115
38.1907
46.5914
6.46555
132.477
62.427
57.6532
3.0989
1318.3
0.535381
1623.68
1456.07
5297.76
68.5258
7432.86
4862.94
6121.18
60.4713
34.1975
39.2179
48.4583
118.266
47.4419
4628.97
1267.64
3448.51
817.184
182.799
27.8992
24.6322
85.7236
25.5158
320.658
307.251
7.86961
26.3901
4.35321
-1.57392e-15
61.6111
182.115
2.00692
275.874
231.484
497.779
44.1913
958.141
3458.84
9.79009
1.53227
0
191.372
5.85692
0
0
0
1426.61
3004.04
4822.6
4036.02
6231.37
2599.43
996.92
1.90335
1401.41
119.686
0
52.7526
1.32342
129.455
948.155
344.626
237.751
432.95
1991.14
2943.97
6241.51
1098.24
1883.58
1851.27
8620.67
5316.09
2832.82
2266.13
570.163
2414.45
1236.33
2284.53
286.439
2412.84
7166.09
8482.31
5343.12
5289.91
1804.13
4122.79
1175.22
578.616
1768.35
312.297
933.259
15.9546
2265.4
575.46
5442.52
5872.57
1379.72
9068.69
25.6019
6.15445
0
2.52681
0.22805
4535.13
2730.71
1682.14
7152.43
3572.66
6.02828
8.32029
9.36935
4.23214
11.0401
1240.47
1828
4873.84
3455.35
6670.23
2786.97
1951.42
868.499
758.21
5.01195
0
5.00035
0
2.76227
0
0
0
1993.54
113.528
293.397
21.0234
2.51505
0
0
0
0
0
0
0
0
1466.74
3.70104
1043.94
2940.28
2721.48
0
61.2901
24.5455
1431.31
719.72
1.60284
2.09884
0.0317807
157.321
0.0878479
702.162
0
1448.88
1023.06
1910.98
0
2.70563
0
0.486666
0
153.294
0
0
0
0
0
0
0
653.365
497.804
573.003
0
0
0
4.87547
0
0
2.27812
0
679.384
257.516
0
1.82163
0
-8.23927e-15
0.680781
6.11328
10.1367
-5.32717e-15
10.6056
0
1.61729
0.829609
0
0
0
0
0
2.58198
0
0
0
-1.81582e-15
-3.30752e-15
0
-2.91594e-16
0
0
0
0
0
0
0
0
0
0
0
0
0
0
0
0
0
0
0
0
0
0
0
0
0
0
0
0
0
0
0
0
0
0
0
0
0
0
0
0
0
0
0
0
0
0
0
0
0
0
0
0
0.56457
0
0
0
0
0
0
0
0
0
2.07818
6.27601
2.7402
0
0
0
0
0
0
0
0
0
0
0
1.80043
6.06365
0
0
4.74919
0
0.0481457
0
0
0
0
0
0
0
0
0
0
0
0
0
0
0
0
0
0
0
0
0
0
0
0
0
0
0
0
0
0
0
0
0
0
0
0
0
0
0
0
0
0
0
0
0
0
0
0
0
0
0
0
0
0
-4.05987e-16
0
0
0.0449573
0
0
0
0
0
-7.02041e-15
1.00363
4.59512
15.3843
7.83641
0
0
0
0
0
0
0
0
0
4.25482
1.9983
-2.42703e-15
0.0205055
1.91219
4.376
4.20029
0
0
0
0
0
0
0
0
0
0
0
0
0
0
0
0
0
0
0
0
0
0
0
0
0
0
0
0
0
0
0
0
0
0
0
0
0
0
0
0
0
0
0
0
0
0
0
0
0
0
0
0
0
0
0
0
0
0
0
0
0
0
0
1.62634
8.18817
2.83015
1.62267
4.22847
0
0
0
0
0
0
0
0
0
3.77665
2.14992
0.283391
0.43029
3.61702
0.834906
0
-4.41689e-15
0
0
0
0
0
0
0
0
0
0
0
0
0
0
0
0
0
0
0
0
0
0
0
0
0
0
0
0
0
0
0
0
0
0
0
0
0
0
0
0
0
0
0
0
0
0
0
0
0
0
0
0
0
0
0
0
0
0
0
0
0
0
0.519081
9.81344
4.52614
0.00749694
14.7681
0
0
0
0
0
0
0
0
0
10.1542
0.239094
0
0
6.56071
0
4.53345
7.76301
0
0
0
0
0
0
0
0
0
0
0
0
0
0
0
0
0
0
0
0
0
0
0
0
0
0
0
0
0
0
0
0
0
0
0
0
0
0
0
0
0
0
0
0
0
0
0
0
0
0
0
0
0
0
0
0
-2.20486e-16
0
0
0
0
0
0
9.08782
1.07516
0
2.13628
0
0
0
0
0
0
0
0
0
9.51566
-3.41852e-16
4.99925
-2.20704e-17
0.67126
0.213208
0.443338
12.7195
0
0
0
0
0
0
0
0
0
0
0
0
0.971716
0
0
0
0
0
0
0
0
0
0
0
0
0
0
0
0
0
0
0
0
0
0
0
0
0
0
0
0
0
0
0
0
0
0
0
0
0
0
0
0
7.59683
0
0
0
0
0
0
0
0
0.404702
0.479045
0
0
0
0
0
0
0
0
0
0
0
0
-2.12046e-15
0
0
0
0.676087
0
0
0
0
0
0
0
0
0
0
0
0
0
0
0
0
0
0
0
0
0
0
0
0
0
0
0
0
0
0
0
0
0
0
0
0
0
0
0
0
0
0
0
0
0
0
0
0
0
0
0
0
0
0
0
0
0
0
0
0
0
0
0
0
0
0
0
0
0
0
0
0
0
0
0
0
0
0
0
0
0
0
0
0
0
0
0
0
0
0
0
0
0
0
0
0
0
0
0
0
0
0
0
0
0
0
0
0
0
0
0
0
0
0
0
0
0
0
0
0
0
0
0
0
0
0
0
0
0
0
0
0
0
0
0
0
0
0
0
0
0
0
0
0
0
0
0
0
0
0
0
0
0
0
0
0
0
0
0
0
0
0
0
0
0
0
0
0
0
0
0
0
0
0
0
0
0
0
0
0
0
0
0
0
0
0
0
0
0
0
0
0
0
0
0
0
0
0
0
0
0
0
0
0
0
0
0
0
0
0
0
0
0
0
0
0
0
0
0
0
0
0
0
0
0
0
0
0
0
0
0
0
0
0
0
0
0
0
0
0
0
0
0
0
0
0
0
0
0
0
0
0
0
0
0
0
0
0
0
0
0
0
0
0
0
0
0
0
0
0
0
0
0
0
0
0
0
0
0
0
0
0
0
0
0
0
0
0
0
0
0
0
0
0
0
0
0
0
0
0
0
0
0
0
0
0
0
0
0
0
0
0
0
0
0
0
0
0
0
0
0
0
0
0
0
0
0
0
0
0
0
0
0
0
0
0
0
0
0
0
0
0
0
0
0
0
0
0
0
0
0
0
0
0
0
0
0
0
0
0
0
0
0
0
0
0
0
0
0
0
0
0
0
0
0
0
0
0
0
0
0
0
0
0
0
0
0
0
0
0
0
0
0
0
0
0
0
0
0
0
0
0
0
0
0
0
0
0
0
0
0
0
0
0
0
0
0
0
0
0
0
0
0
0
0
0
0
0
0
0
0
0
0
0
0
0
0
0
0
0
0
0
0
0
0
0
0
0
0
0
0
0
0
0
0
0
0
0
0
0
0
0
0
0
0
0
0
0
0
0
0
0
0
0
0
0
0
0
0
0
0
0
0
0
0
0
0
0
0
0
0
0
0
0
0
0
0
0
0
0
0
0
0
0
0
0
0
0
0
0
0
0
0
0
0
0
0
0
0
0
0
0
0
0
0
0
0
0
0
0
0
0
0
0
0
0
0
0
0
0
0
0
0
0
0
0
0
0
0
0
0
0
0
0
0
0
0
0
0
0
0
0
0
0
0
0
0
0
0
0
0
0
0
0
0
0
0
0
0
0
0
0
0
0
0
0
0
0
0
0
0
0
0
0
0
0
0
0
0
0
0
0
0
0
0
0
0
0
0
0
0
0
0
0
0
0
0
0
0
0
0
0
0
0
0
0
0
0
0
0
0
0
0
0
0
0
0
0
0
0
0
0
0
0
0
0
0
0
0
0
0
0
0
0
0
0
0
0
0
0
0
0
0
0
0
0
0
0
0
0
0
0
0
0
0
0
0
0
0
0
0
0
0
0
0
0
0
0
0
0
0
0
0
0
0
0
0
0
0
0
0
0
0
0
0
0
0
0
0
0
0
0
0
0
0
0
0
0
0
0
0
0
0
0
0
0
0
0
0
0
0
0
0
0
0
0
0
0
0
0
0
0
0
0
0
0
0
0
0
0
0
0
0
0
0
0
0
0
0
0
0
0
0
0
0
0
0
0
0
0
0
0
0
0
0
0
0
0
0
0
0
0
0
0
0
0
0
0
0
0
0
0
0
0
0
0
0
0
0
0
0
0
0
0
0
0
0
0
0
0
0
0
0
0
0
0
0
0
0
0
0
0
0
0
0
0
0
0
0
0
0
0
0
0
0
0
0
0
0
0
0
0
0
0
0
0
0
0
0
0
0
0
0
0
0
0
0
0
0
0
0
0
0
0
0
0
0
0
0
0
0
0
0
0
0
0
0
0
0
0
0
0
0
0
0
0
0
0
0
0
0
0
0
0
0
0
0
0
0
0
0
0
0
0
0
0
0
0
0
0
0
0
0
0
0
0
0
0
0
0
0
0
0
0
0
0
0
0
0
0
0
0
0
0
0
0
0
0
0
0
0
0
0
0
0
0
0
0
0
0
0
0
0
0
0
0
0
0
0
0
0
0
0
0
0
0
0
0
0
0
0
0
0
0
0
0
0
0
0
0
0
0
0
0
0
0
0
0
0
0
0
0
0
0
0
0
0
0
0
0
0
0
0
0
0
0
0
0
0
0
0
0
0
0
0
0
0
0
0
0
0
0
0
0
0
0
0
0
0
0
0
0
0
0
0
0
0
0
0
0
0
0
0
0
0
0
0
0
0
0
0
0
0
0
0
0
0
0
0
0
0
0
0
0
0
0
0
0
0
0
0
0
0
0
0
0
0
0
0
0
0
0
0
0
0
0
0
0
0
0
0
0
0
0
0
0
0
0
0
0
0
0
0
0
0
0
0
0
0
0
0
0
0
0
0
0
0
0
0
0
0
0
0
0
0
0
0
0
0
0
0
0
0
0
0
0
0
0
0
0
0
0
0
0
0
0
0
0
0
0
0
0
0
0
0
0
0
0
0
0
0
0
0
0
0
0
0
0
0
0
0
0
0
0
0
0
0
0
0
0
0
0
0
0
0
0
0
0
0
0
0
0
0
0
0
0
0
0
0
0
0
0
0
0
0
0
0
0
0
0
0
0
0
0
0
0
0
0
0
0
0
0
0
0
0
0
0
0
0
0
0
0
0
0
0
0
0
0
0
0
0
0
0
0
0
0
0
0
0
0
0
0
0
0
0
0
0
0
0
0
0
0
0
0
0
0
0
0
0
0
0
0
0
0
0
0
0
0
0
0
0
0
0
0
0
0
0
0
0
0
0
0
0
0
0
0
0
0
0
0
0
0
0
0
0
0
0
0
0
0
0
0
0
0
0
0
0
0
0
0
0
0
0
0
0
0
0
0
0
0
0
0
0
0
0
0
0
0
0
0
0
0
0
0
0
0
0
0
0
0
0
0
0
0
0
0
0
0
0
0
0
0
0
0
0
0
0
0
0
0
0
0
0
0
0
0
0
0
0
0
0
0
0
0
0
0
0
0
0
0
0
0
0
0
0
0
0
0
0
0
0
0
0
0
0
0
0
0
0
0
0
0
0
0
0
0
0
0
0
0
0
0
0
0
0
0
0
0
0
0
0
0
0
0
0
0
0
0
0
0
0
0
0
0
0
0
0
0
0
0
0
0
0
0
0
0
0
0
0
0
0
0
0
0
0
0
0
0
0
0
0
0
0
0
0
0
0
0
0
0
0
0
0
0
0
0
0
0
0
0
0
0
0
0
0
0
0
0
0
0
0
0
0
0
0
0
0
0
0
0
0
0
0
0
0
0
0
0
0
0
0
0
0
0
0
0
0
0
0
0
0
0
0
0
0
0
0
0
0
0
0
0
0
0
0
0
0
0
0
0
0
0
0
0
0
0
0
0
0
0
0
0
0
0
0
0
0
0
0
0
0
0
0
0
0
0
0
0
0
0
0
0
0
0
0
0
0
0
0
0
0
0
0
0
0
0
0
0
0
0
0
0
0
0
0
0
0
0
0
0
0
0
0
0
0
0
0
0
0
0
0
0
0
0
0
0
0
0
0
0
0
0
0
0
0
0
0
0
0
0
0
0
0
0
0
0
0
0
0
0
0
0
0
0
0
0
0
0
0
0
0
0
0
0
0
0
0
0
0
0
0
0
0
0
0
0
0
0
0
0
0
0
0
0
0
0
0
0
0
0
0
0
0
0
0
0
0
0
0
0
0
0
0
0
0
0
0
0
0
0
0
0
0
0
0
0
0
0
0
0
0
0
0
0
0
0
0
0
0
0
0
0
0
0
0
0
0
0
0
0
0
0
0
0
0
0
0
0
0
0
0
0
0
0
0
0
0
0
0
0
0
0
0
0
0
0
0
0
0
0
0
0
0
0
0
0
0
0
0
0
0
0
0
0
0
0
0
0
0
0
0
0
0
0
0
0
0
0
0
0
0
0
0
0
0
0
0
0
0
0
0
0
0
0
0
0
0
0
0
0
0
0
0
0
0
0
0
0
0
0
0
0
0
0
0
0
0
0
0
0
0
0
0
0
0
0
0
0
0
0
0
0
0
0
0
0
0
0
0
0
0
8.65213
0
0
0
10.3337
0
0
0
16.5596
0
0.20012
0
5.97557
0
30.226
0
0
0
0
0
0
0
0
0
0
0
0
0
0
0
0
6.10302
26.6743
5.63453
16.7774
1.69223
20.0912
5.6435
10.6929
5.58187
12.0892
1.85728
9.07513
0
11.9312
3.3907
0
0
0
0
0
0
0
0
0
0
0
0
0
0
5.29435
0
59.9432
0
16.3286
5.20303
19.4994
0
5.97922
16.6773
0
0
1.11507
-1.91976e-15
5.04963
5.66686
18.8584
0
0
-1.09814e-15
14.0761
0.125251
0
0
9.71632
0.479034
0
0
0
0
0
0
0
0
0
0
0
0
5.68611
0
0
0
0
18.9728
0
5.82319
0
0
0
178.992
0
0
27.276
144.339
39.2904
2.12387
71.4954
0
0
15.9349
90.531
0
0
1.19427
204.405
1.59731
101.906
7.50825
137.218
-5.53316e-16
0
138.413
0
0
0
259.873
0
28.5856
56.0443
94.518
8.40607
3.3307
45.5443
139.659
57.4649
30.0942
34.0639
24.516
22.6248
43.771
52.0208
19.2167
86.8453
82.1953
20.9732
43.3347
8.90229
130.291
4.07319
83.1337
0
0
4.8283
74.7049
46.7025
20.0531
0.42237
29.9558
7.6545
9.52992
63.7383
92.1563
24.0022
42.6022
120.571
6.24079
38.2103
18.8061
6.03568
15.6898
70.4576
30.6011
29.0811
19.9932
5.68853
45.8863
1.26595
42.5757
56.7954
4.3473
4.21743
48.2808
196.972
6.18435
5.84336
124.52
13.7713
34.7091
13.7048
20.0852
47.0415
25.2553
56.3677
-5.28821e-17
22.8398
38.1917
90.5976
35.0613
6.82871
80.9214
41.4094
18.2285
74.4737
11.5771
0
42.7722
17.3383
0.0982866
0
25.4382
91.871
49.0809
71.9789
56.9604
9.67265
0
35.0347
55.0638
53.1007
8.43144
0
10.6228
69.789
25.3163
31.1941
10.1885
49.1823
12.003
16.9587
12.1787
11.1361
57.0289
0
26.5882
115.186
0
0
75.9067
5.47889
0
3.55233
28.1174
3.4373
3.78644
12.6938
4.62606
0
35.8637
100.77
19.448
21.7103
14.6312
0
1.2527
5.66745
9.16646
18.7935
4.78074
21.2621
0
0
39.6559
29.7576
6.32554
0
24.228
83.811
106.709
49.3735
3.93771
23.5273
55.8243
70.5898
5.6724
35.9051
6.23125
0
6.52095
55.3123
4.17998
9.49645
6.34197
89.2177
0
56.9253
25.3984
50.0734
35.4934
0
5.13336
5.66797
6.62937
0
35.4361
0
32.3328
43.8006
10.9246
0
0.391487
0
5.68818
49.3381
13.8997
28.1925
29.677
9.97816
22.7089
13.6355
18.6561
6.08136
0
22.1076
0.2001
0
5.93239
0
82.0592
0
13.3318
0
84.6157
7.98029
5.95045
0
0
5.83792
0
0
0
0
18.9153
19.819
0
5.17517
6.14534
5.5314
5.93662
0
0
5.57688
0
10.7398
0
0
18.741
12.2641
7.72192
0
5.12568
0
15.9395
0
0
13.9182
12.1926
0
0
2.00925
0
0
47.6482
19.9526
0
5.69853
0
11.1343
6.12814
26.713
0
25.1005
2.10699
0
3.66355
0
10.1034
0
4.38154
6.01665
140.849
0.764404
6.0047
9.90504
25.746
37.934
72.0297
17.146
6.39624
0
92.983
46.8467
18.7767
75.6203
47.785
32.3761
166.725
18.4961
17.6018
10.5164
0
6.17531
19.3568
0
19.1604
0.232834
7.3129
-1.68892e-15
9.90932
25.4141
16.0992
14.143
16.8503
18.0104
7.39102
21.2739
24.6455
8.04018
45.3607
5.39381
6.09912
0
17.5084
8.35028
11.6047
0
0
8.98731
5.66601
32.6038
75.3623
164.152
19.5648
42.9584
9.498
20.5388
28.3713
0
0
17.6236
2.39438
25.6672
5.75418
3.37693
0.121042
5.50063
29.0666
4.13174
0
0
5.86723
10.4649
0
10.1093
5.79079
21.4522
0
2.26115
0
5.90883
38.5585
4.31636
0
11.6212
3.2561
20.0777
0
16.001
8.5911
6.48164
0
60.0127
0
1.51595
34.1202
18.6254
0
0
17.5824
8.76667
0
11.161
38.3241
8.78791
11.8425
6.98823
0.0586348
12.0522
5.1021
9.23656
3.94564
1.66748
29.9462
54.9264
0
5.99795
5.01403
75.5338
11.3456
13.3609
0
3.58338
49.0974
39.5192
6.12563
12.8453
23.19
37.3349
28.7131
10.0424
16.0281
8.3455
7.64398
0
5.1287
11.5374
12.6249
0
0.285296
4.58161
-9.79058e-16
49.5546
5.76277
19.0213
3.60665
88.9349
5.71385
35.7975
0
0
1.66354
16.0742
6.33135
10.4252
49.8455
3.45057
9.63408
0
10.8729
17.5523
11.3582
25.3444
15.0546
11.7337
6.1892
5.9802
5.32683
17.3693
25.3527
194.957
28.7106
12.2827
10.6532
31.7752
135.852
16.1075
12.502
3.38636
77.5614
48.1691
32.4893
14.839
60.1479
14.177
54.9747
0.130111
99.6401
10.8208
16.6266
8.15631
4.02104
2.57887
48.5799
1.28012
12.7252
10.7374
0
41.3893
33.2291
9.51702
14.5278
28.2066
67.1208
20.8143
20.2605
31.1916
16.6859
9.71679
30.743
7.23562
-1.87215e-15
16.3054
5.58603
5.94006
17.4394
16.0773
5.55218
38.053
5.1582
53.682
19.4398
1.13602
13.1937
12.148
7.77051
37.5625
23.2136
8.43025
10.5946
65.2626
0
39.954
20.3828
11.3368
14.7016
7.5521
27.1238
7.11131
10.6765
0
5.54932
11.3353
0
16.1247
5.50991
0.488884
8.78666
22.9889
6.9189
5.95534
12.1019
12.496
15.7151
47.2429
6.85012
0
20.6286
29.5015
37.2879
19.6333
0
-1.10595e-16
9.50155
14.9366
11.4134
-5.14154e-15
15.5218
0
0
5.71541
5.41021
10.085
0
5.89854
3.58601
0
10.5586
0.183681
11.2238
0
0.555448
58.0945
11.2238
25.8062
22.6342
51.0417
16.9685
3.47651
0
10.3268
16.9851
3.03733
5.60569
14.1735
10.0675
36.8573
0
21.5379
56.292
11.6141
16.4329
0
0
-1.70032e-16
36.7695
0
2.01342
14.5454
8.35633
22.2454
17.6758
10.7503
15.8361
25.3251
4.93028
34.0658
5.59193
16.8472
16.123
32.7209
18.815
7.49855
10.1748
10.3473
10.8316
23.774
-2.85786e-15
-2.98142e-15
5.36642
-5.33616e-15
26.8467
5.53114
24.3326
23.4474
29.2157
15.3189
5.12453
41.3563
6.06995
24.5643
46.0693
77.9105
0.0799664
11.0585
7.94798
7.48333
12.8638
-3.59376e-16
11.0147
4.06251
14.8158
45.7354
0
26.4392
25.5339
51.6122
-3.25896e-15
5.94288
0.593748
10.9058
6.59716
0
21.6917
-4.89987e-16
49.4649
104.043
74.3082
16.6395
126.159
55.8743
24.7286
47.5546
0
9.85069
97.0898
69.8793
5.58708
28.5857
0.363593
196.56
19.6296
48.4183
22.8774
49.3796
10.6654
1.03447
51.227
11.7767
213.104
43.0216
107.549
43.4063
44.9656
25.3277
59.5897
30.3855
18.723
16.1465
7.72453
105.221
16.7347
38.6654
42.0263
58.5871
19.9009
16.444
9.7459
9.49881
10.6506
24.6833
8.02759
22.7939
0
11.6584
23.8305
14.249
33.3718
22.9581
16.485
21.2209
13.7218
15.7634
9.3347
15.9684
8.58546
5.2899
-9.52864e-17
31.4101
0.0894701
8.94706
8.45613
25.2591
0
0
6.50115
0
5.24625
5.24838
7.91747
9.00541
5.17809
0
15.2556
6.1227
0.168038
5.60304
11.5858
5.10967
5.09823
11.5346
0
1.13583
18.6281
20.2845
3.5416
16.1036
0
0
-3.11783e-15
10.2359
0
-8.63151e-16
1.95466
34.6409
0
31.007
16.6184
26.6315
0.177876
0
11.4302
0.225097
9.82499
0
21.2604
5.11409
1.4582
10.874
34.4581
24.9163
17.908
4.12325
8.72338
0.160774
-7.71903e-15
7.75893
7.51283
14.3335
10.4242
3.17705
14.0103
4.58131
15.2432
19.2861
18.4535
30.6431
0
0
30.7991
0
9.77884
0
0
4.91471
32.056
7.60012
-3.10056e-15
15.7572
18.1986
8.8828
4.41518
22.0571
0
3.41076
0
8.98613
0
0.0968072
5.58074
0.100628
0
15.0741
0
4.49311
0
-1.56426e-16
8.53119
4.56541
4.85812
8.95279
1.14234
7.79823
8.31019
11.1844
4.3947
4.91941
0
-7.76094e-16
0
0
-4.5213e-15
0
0
5.54189
3.68757
0
0
-7.2564e-15
5.00783
7.7197
4.54145
17.8699
0.223812
5.13825
4.73772
4.74214
0
0
9.55507
4.71024
4.30523
2.66701
0
8.33928
8.58755
0
0
9.27249
0
0
33.4205
31.6993
0
0
4.5752
3.03838
0
9.48841
0
0
0
0
4.62148
0.930565
4.95613
0
0
2.27062
6.83924
0
4.39794
28.4628
4.48745
8.26429
0
3.78423
0
0
0
0
0
0.158334
0
0
0
26.6293
-8.65165e-16
13.5882
0
0
4.68451
0
0
0
0
0
0
-2.4186e-15
0
16.6803
-8.28995e-16
4.21534
0
0
0
4.57078
0.214389
1.05655
0
0
4.60338
27.5513
0
36.8777
4.76523
93.1518
0
0
1.97403
-3.10985e-15
4.89641
0
0
2.2262
4.39932
0
0
7.27647
4.42206
0
0
2.25149
0
0
-1.26328e-16
3.60228
0
4.49877
8.83807
4.47034
0
7.44644
-1.44828e-15
4.45433
0
0
7.71248
0
-1.70362e-14
0
9.00781
0
7.36372
0
0
4.44252
1.60275
0
0
0.57289
0
0
0.141264
4.55077
0
0
4.62298
29.0015
-8.28443e-15
19.79
-1.1095e-16
15.8591
5.8685
0
12.1406
-1.09814e-16
6.77815
0
13.7827
0
40.8846
0
0
36.9787
42.2552
0.0819806
4.49209
8.6315
0
0
14.0739
5.22371
0
0
4.65954
-2.4243e-16
0
16.637
1.60653
0.479878
0
0.17305
12.893
1.07412
22.3893
4.47745
21.6429
14.6944
38.3352
-3.90218e-15
7.22985
25.6105
6.55307
13.2404
1.86189
4.51784
2.97886
4.51364
9.25407
8.79679
0
0
1.84567
-1.26015e-15
0
14.9339
-4.0213e-15
6.02956
4.56105
0
10.122
-1.31721e-15
23.1304
4.15989
35.1677
13.0579
13.4998
4.34394
0
21.4822
20.0279
2.8013
0
2.68934
0
0
0
-1.76843e-14
4.48052
0
4.61698
8.81334
0.0757027
11.7548
2.58405
8.64856
0
1.55047
14.1624
11.634
3.66057
0.749217
4.59276
7.13732
8.2801
5.74579
0
12.4472
2.88434
0.17459
9.50734
39.4337
0
0
5.97748
-3.7444e-15
0
4.22029
0.114138
12.6696
0
20.469
5.52497
4.94853
0
3.60468
4.25933
-1.23672e-15
0
0.419307
11.3256
5.49622
17.1137
8.39543
7.75387
6.94332
14.6941
4.1186
8.42553
2.14411
4.36777
0
10.7163
0.0879351
4.32361
0
3.98963
11.4152
4.25351
26.4527
11.5458
3.89387
0
0
4.08552
0.135386
8.05876
-3.71204e-15
3.93873
1.86738
10.1619
8.70598
4.14989
19.2864
8.93008
3.99155
0
8.3383
0
0
8.21068
8.8654
0
1.24446
3.93979
7.60148
0
26.8188
2.56009
25.9834
0
2.1341
15.9073
-3.60558e-15
0.627727
-3.62299e-15
2.61326
8.05943
10.9034
9.56858
0
25.8929
10.1791
3.7302
2.38538
23.6745
0
2.61626
18.036
5.16529
0
3.61679
7.24789
9.59994
1.29305
25.7293
0.774343
6.99251
1.0604
1.9641
5.88686
0
3.47931
0
6.43156
0
13.8142
-2.27969e-15
0.592091
27.7191
13.7109
1.04881
0
10.046
0
0
1.34665
19.3794
0
0
-4.49478e-15
8.3908
0
12.0415
8.63021
8.96821
0
0.866771
26.6534
2.4257
1.97197
0.662985
5.84927
2.67053
19.736
0
0
14.9327
2.97143
0
0
15.1255
0
0
0.896971
1.93852
0
0
0
2.24691
0
16.931
0
1.85839
0
0
3.6515
1.43918
7.51808
-8.38435e-16
132.45
7.30024
5.80921
-1.83284e-15
0
2842.12
799.909
91.6077
0.0371289
775.519
-6.48526e-16
7.67181
2142.25
5733.86
9.84647
616.884
-2.23316e-14
689.041
-5.5814e-14
7880.13
318.031
6338.79
273.093
28.6334
7301.84
812.51
5771.61
1154.81
4272.52
3733.86
2825.54
1747.16
200.661
7.88241
79.2977
730.561
1259.97
443.24
418.934
1029.79
1.14803
0
943.5
175.294
2529.88
680.089
1649.19
0
275.997
0.491829
463.626
1221.91
76.5395
383.155
0
154.957
0
0
0
0.457756
27.4191
0
0
0
0
0
13.1555
0
0
0
0
0
0
0
0
0
0
0
0
0
0
0
0
0
0
0
0
0
0
0
0
0
0
0
0
0
0
0
0
0
0
0
0
0
0
0
0
0
0
0
0
0
0
0
0
0
0
0
0
0
0
0
0
0
0
0
0
0
0
0
0
0
0
0
0
0
0
0
0
0
0
0
0
0
0
0
0
0
0
0
0
0
0
0
0
0
0
0
0
0
0
0
0
0
0
0
0
0
0
0
0
0
0
0
0
0
0
0
0
0
0
0
0
0
0
0
0
0
0
0
0
0
0
0
0
0
0
0
0
0
0
0
0
0
0
0
0
0
0
0
0
0
0
0
0
0
0
0
0
0
0
0
0
0
0
0
0
0
0
0
0
0
0
0
0
0
0
0
0
0
0
0
0
0
0
0
0
0
0
0
0
0
0
0
0
0
0
0
0
0
0
0
0
0
0
0
0
0
0
0
0
0
0
0
0
0
0
0
0
0
0
0
0
0
0
0
0
0
0
0
0
0
0
0
0
0
0
0
0
0
0
0
0
0
0
0
0
0
0
0
0
0
0
0
0
0
0
0
0
0
0
0
0
0
0
0
0
0
0
0
0
0
0
0
0
0
0
0
0
0
0
0
0
0
0
0
0
0
0
0
0
0
0
0
0
0
0
0
0
0
0
0
0
0
0
0
0
0
0
0
0
0
0
0
0
0
0
0
0
0
0
0
0
0
0
0
0
0
0
0
0
0
0
0
0
0
0
0
0
0
0
0
0
0
0
0
0
0
0
0
0
0
0
0
0
0
0
0
0
0
0
0
0
0
0
0
0
0
0
0
0
0
0
0
0
0
0
0
0
0
0
0
0
0
0
0
0
0
0
0
0
0
0
0
0
0
0
0
0
0
0
0
0
0
0
0
0
0
0
0
0
0
0
0
0
0
0
0
0
0
0
0
0
0
0
0
0
0
0
0
0
0
0
0
0
0
0
0
0
0
0
0
0
0
0
0
0
0
0
0
0
0
0
0
0
0
0
0
0
0
0
0
0
0
0
0
0
0
0
0
0
0
0
0
0
0
0
0
0
0
0
0
0
0
0
0
0
0
0
0
0
0
0
0
0
0
0
0
0
0
0
0
0
0
0
0
0
0
0
0
0
0
0
0
0
0
0
0
0
0
0
0
0
0
0
0
0
0
0
0
0
0
0
0
0
0
0
0
0
0
0
0
0
0
0
0
0
0
0
0
0
0
0
0
0
0
0
0
0
0
0
0
0
0
0
0
0
0
0
0
0
0
0
0
0
0
0
0
0
0
0
0
0
0
0
0
0
0
0
0
0
0
0
0
0
0
0
0
0
0
0
0
0
0
0
0
0
0
0
0
0
0
0
0
0
0
0
0
0
0
0
0
0
0
0
0
0
0
0
0
0
0
0
0
0
0
0
0
0
0
0
0
0
0
0
0
0
0
0
0
0
0
0
0
0
0
0
0
0
0
0
0
0
0
0
0
0
0
0
0
0
0
0
0
0
0
0
0
0
0
0
0
0
0
0
0
0
0
0
0
0
0
0
0
0
0
0
0
0
0
0
0
0
0
0
0
0
0
0
0
0
0
0
0
0
0
0
0
0
0
0
0
0
0
0
0
0
0
0
0
0
0
0
0
0
0
0
0
0
0
0
0
0
0
0
0
0
0
0
0
0
0
0
0
0
0
0
0
0
0
0
0
0
0
0
0
0
0
0
0
0
0
0
0
0
0
0
0
0
0
0
0
)
;

boundaryField
{
    fbOut
    {
        type            zeroGradient;
    }
    CAD_patch1
    {
        type            zeroGradient;
    }
    fbGasin
    {
        type            zeroGradient;
    }
    CAD_patch3
    {
        type            zeroGradient;
    }
    fbBioin
    {
        type            zeroGradient;
    }
}


// ************************************************************************* //
