/*--------------------------------*- C++ -*----------------------------------*\
| =========                 |                                                 |
| \\      /  F ield         | OpenFOAM: The Open Source CFD Toolbox           |
|  \\    /   O peration     | Version:  5.x                                   |
|   \\  /    A nd           | Web:      www.OpenFOAM.org                      |
|    \\/     M anipulation  |                                                 |
\*---------------------------------------------------------------------------*/
FoamFile
{
    version     2.0;
    format      ascii;
    class       volScalarField;
    location    "5.2";
    object      p;
}
// * * * * * * * * * * * * * * * * * * * * * * * * * * * * * * * * * * * * * //

dimensions      [0 2 -2 0 0 0 0];

internalField   nonuniform List<scalar> 
10571
(
141.099
163.822
154.427
141.988
126.959
169.392
156.147
139.035
126.947
123.975
191.165
190.972
175.817
153.577
133.099
124.517
198.012
188.116
155.295
132.011
126.15
185.203
151.091
135.76
128.378
130.958
134.148
122.582
115.307
141.231
128.465
114.854
115.667
118.862
148.349
146.276
94.3642
55.7634
108.175
117.574
142.447
89.8852
78.0002
121.219
117.477
119.524
111.695
114.882
84.5251
32.0718
55.8901
85.9555
93.3898
61.5306
35.2399
41.1828
17.8368
80.3689
61.0329
61.0776
8.71996
8.15449
8.91857
52.48
49.578
8.54721
7.17836
9.33857
14.3219
37.7748
10.9946
8.30467
12.6054
7.17473
6.77654
49.3256
23.6998
6.78157
7.19057
7.93044
4.3867
5.08981
7.28024
7.4532
6.14118
6.68889
5.78953
5.35796
6.67942
6.45041
6.79051
7.31558
7.37325
7.04839
7.19786
7.55417
7.08062
7.32087
7.08549
7.10842
6.9069
7.25091
7.04385
6.48726
7.95291
7.45937
7.20108
7.15121
7.47622
7.65685
7.81981
7.30957
7.05917
7.27401
7.44186
7.12942
7.20192
7.05965
7.11599
7.18619
7.16227
7.249
7.13331
7.14865
7.1645
7.21419
7.1423
7.08911
7.37932
7.32626
7.26018
7.16728
7.17148
7.1428
7.36092
7.31624
7.34033
7.25623
7.15122
7.12261
7.23638
7.12977
7.1708
7.14313
7.1914
7.19
7.16689
7.22412
7.15288
7.13237
7.20038
7.20187
7.16036
7.1306
7.09475
7.26745
7.23739
7.21045
7.1837
7.16115
7.20911
7.0904
7.22864
7.21644
7.19392
7.18709
7.23407
7.12417
7.1567
7.18647
7.19762
7.2318
7.19845
7.17141
7.20131
7.20135
7.16219
7.17516
7.19594
7.17584
7.10074
7.10619
7.17063
7.20327
7.20882
7.18355
7.17721
7.19874
7.14577
7.1705
7.1801
7.20244
7.21315
7.2359
7.11443
7.18788
7.18139
7.22053
7.24003
7.19989
7.18591
7.19261
7.18284
7.16644
7.16776
7.19097
7.17828
7.10581
7.13812
7.15753
7.18788
7.2204
7.20181
7.15012
7.18538
7.19415
7.15829
7.17639
7.20924
7.21516
7.20354
7.08337
7.1614
7.24119
7.23806
7.1943
7.19512
7.20679
7.17401
7.18168
7.18631
7.19407
7.15467
7.15095
7.18144
7.11144
7.24158
7.22568
7.1527
7.17647
7.22902
7.18695
7.23619
7.21988
7.20349
7.0641
7.17877
7.26847
7.23583
7.20236
7.21824
7.25938
7.19062
7.20078
7.21584
7.23555
7.15228
7.21
7.24541
7.18763
7.27585
7.2567
7.19214
7.22507
7.31001
7.21832
7.28045
7.24622
7.25617
7.16756
7.23007
7.28358
7.2581
7.24747
7.256
7.28938
7.22537
7.2377
7.25622
7.26969
7.18204
7.26195
7.30533
7.24622
7.30229
7.27955
7.23832
7.29933
7.37934
7.29506
7.30165
7.27715
7.31737
7.32394
7.3089
7.28581
7.28434
7.30676
7.29014
7.29842
7.25495
7.2767
7.29534
7.27876
7.22081
7.30656
7.34675
7.26636
7.31944
7.30346
7.27321
7.33396
7.41181
7.32732
7.31194
7.27169
7.3385
7.40307
7.35208
7.33137
7.304
7.33337
7.31383
7.29821
7.26709
7.30196
7.31807
7.28759
7.24847
7.32316
7.35159
7.2733
7.33301
7.31913
7.28949
7.33012
7.39323
7.33031
7.31219
7.25102
7.32994
7.38026
7.34992
7.31591
7.30559
7.33085
7.31303
7.29691
7.27111
7.30805
7.3175
7.28779
7.26331
7.31344
7.31849
7.27295
7.33782
7.32575
7.28076
7.31471
7.3491
7.319
7.31789
7.24547
7.30282
7.3425
7.3399
7.27953
7.28337
7.31486
7.29458
7.30014
7.27492
7.29601
7.30054
7.29053
7.26798
7.29638
7.28151
7.27543
7.3306
7.32589
7.26647
7.29507
7.31051
7.30314
7.32605
7.23439
7.28238
7.31195
7.31601
7.22318
7.26999
7.2984
7.27155
7.31518
7.27744
7.25909
7.27792
7.29933
7.27075
7.27096
7.24591
7.2785
7.3204
7.31619
7.26127
7.27967
7.279
7.28865
7.31931
7.26807
7.27655
7.29459
7.29753
7.13345
7.22857
7.28858
7.25104
7.29424
7.27033
7.22121
7.25704
7.30024
7.27654
7.24935
7.21247
7.27046
7.31062
7.30579
7.2742
7.27128
7.24838
7.26923
7.30397
7.28197
7.28432
7.29014
7.28561
7.18237
7.18828
7.29063
7.28038
7.2731
7.26321
7.25153
7.25352
7.29391
7.27408
7.2477
7.20894
7.24971
7.30273
7.30038
7.27807
7.25738
7.22454
7.24978
7.29657
7.29563
7.28776
7.29162
7.28088
7.37066
7.29041
7.30553
7.261
7.2552
7.24579
7.27606
7.24676
7.28452
7.26206
7.25343
7.21628
7.236
7.29383
7.29184
7.26096
7.24498
7.21217
7.23893
7.29319
7.29426
7.27865
7.28959
7.28229
7.42475
7.32802
7.30661
7.24898
7.24353
7.19275
7.25382
7.25334
7.27699
7.25018
7.25316
7.2223
7.24018
7.28841
7.28393
7.24629
7.23931
7.22003
7.24134
7.29689
7.27667
7.26672
7.28034
7.28732
7.34093
7.30647
7.29689
7.24447
7.25361
7.15111
7.23248
7.28469
7.27849
7.24859
7.24847
7.26547
7.26735
7.28886
7.28099
7.24641
7.24393
7.24797
7.26102
7.29653
7.26462
7.25786
7.27593
7.29428
7.299
7.2856
7.28964
7.30109
7.27138
7.22463
7.25022
7.38274
7.27688
7.24598
7.23139
7.31426
7.30041
7.28984
7.27996
7.2532
7.24646
7.27537
7.28368
7.29256
7.2633
7.25269
7.27953
7.30268
7.29002
7.27727
7.28659
7.39746
7.27085
7.25551
7.29894
7.41766
7.27372
7.25093
7.21795
7.33052
7.31012
7.29365
7.28032
7.26287
7.24737
7.29494
7.29795
7.29665
7.2778
7.25251
7.28862
7.31176
7.30033
7.28288
7.28873
7.37998
7.26954
7.24881
7.2724
7.34247
7.27795
7.28169
7.24407
7.32712
7.31594
7.30452
7.28828
7.28338
7.27249
7.3011
7.30907
7.31247
7.29947
7.27456
7.29999
7.31796
7.32011
7.30445
7.29841
7.29053
7.26464
7.20322
7.21013
7.28936
7.28931
7.31375
7.33783
7.30574
7.31862
7.32007
7.30575
7.30379
7.3073
7.31456
7.323
7.33165
7.31784
7.3107
7.31155
7.32597
7.33909
7.3315
7.31724
7.23186
7.28742
7.21779
7.21806
7.23913
7.30283
7.30879
7.40305
7.30413
7.32731
7.33479
7.3162
7.32031
7.33245
7.32978
7.33645
7.34275
7.32592
7.33335
7.32227
7.33631
7.3515
7.35034
7.33842
7.24214
7.32245
7.28101
7.24999
7.2353
7.31111
7.27535
7.34003
7.30749
7.3348
7.3385
7.31559
7.32861
7.33873
7.33919
7.34273
7.34333
7.32583
7.33989
7.33223
7.34472
7.35261
7.35486
7.35168
7.34938
7.33971
7.34183
7.38837
7.31573
7.30717
7.28419
7.34112
7.31901
7.35788
7.33487
7.30139
7.3172
7.33561
7.34065
7.34674
7.33096
7.32374
7.34216
7.33816
7.34948
7.34381
7.35293
7.35701
7.39679
7.34593
7.35683
7.41773
7.36311
7.30361
7.28753
7.34761
7.33518
7.38139
7.3231
7.28128
7.29588
7.33087
7.33779
7.35404
7.31333
7.31821
7.33967
7.34168
7.35144
7.33599
7.35037
7.35803
7.39458
7.36752
7.3671
7.38237
7.36699
7.33625
7.30136
7.33899
7.33861
7.38908
7.31892
7.28382
7.29051
7.32547
7.33424
7.35846
7.30229
7.3112
7.33134
7.3399
7.34972
7.32859
7.34555
7.35501
7.37494
7.37118
7.36215
7.34285
7.35131
7.35507
7.31271
7.32479
7.32598
7.37775
7.34016
7.31315
7.29329
7.31125
7.32611
7.35234
7.30908
7.3024
7.31878
7.33251
7.34169
7.31908
7.33582
7.34524
7.35126
7.36448
7.34532
7.31646
7.32818
7.3613
7.30425
7.30043
7.28878
7.34913
7.35303
7.33694
7.29032
7.29137
7.30223
7.33584
7.31376
7.29326
7.30556
7.31672
7.3258
7.30968
7.3205
7.32881
7.32732
7.35019
7.32915
7.29668
7.28931
7.34296
7.29048
7.27489
7.23505
7.28554
7.34029
7.32244
7.28205
7.27343
7.27457
7.31299
7.30397
7.28476
7.29558
7.29643
7.30685
7.29976
7.3061
7.31221
7.31051
7.33959
7.31773
7.28002
7.23496
7.32646
7.28501
7.26072
7.21609
7.22943
7.31389
7.29929
7.28025
7.26392
7.25879
7.29476
7.27998
7.27771
7.29647
7.29316
7.29914
7.29527
7.30084
7.30506
7.30582
7.33827
7.31442
7.27743
7.21559
7.32246
7.29226
7.26591
7.23837
7.24156
7.30524
7.29805
7.28773
7.27265
7.27192
7.29579
7.28418
7.28641
7.30154
7.29924
7.30385
7.30369
7.30481
7.30694
7.31619
7.34372
7.31848
7.2975
7.26132
7.32832
7.30764
7.29285
7.27605
7.28831
7.31254
7.30601
7.30389
7.30016
7.29359
7.31536
7.28523
7.30479
7.30954
7.30978
7.31903
7.31745
7.31869
7.31936
7.33671
7.35126
7.32597
7.32526
7.32148
7.33815
7.32486
7.32259
7.31329
7.33316
7.32662
7.32167
7.32046
7.32785
7.32192
7.34607
7.3089
7.33174
7.33725
7.32041
7.33607
7.33471
7.33728
7.33381
7.35727
7.35628
7.33199
7.34867
7.36207
7.34662
7.33575
7.3388
7.33032
7.36396
7.33947
7.3364
7.33179
7.34215
7.34184
7.3627
7.33361
7.35526
7.35815
7.33781
7.36208
7.34508
7.35088
7.34782
7.36778
7.35955
7.33574
7.36148
7.38171
7.35158
7.3396
7.34519
7.31868
7.3672
7.34735
7.34564
7.34013
7.34893
7.34587
7.36239
7.34712
7.36033
7.36175
7.36285
7.37522
7.34891
7.35784
7.35583
7.36805
7.36161
7.34273
7.36543
7.39049
7.35424
7.34258
7.35011
7.31662
7.36093
7.35216
7.35137
7.34773
7.3501
7.35268
7.35194
7.35101
7.35536
7.35632
7.36116
7.36275
7.35247
7.35826
7.35821
7.36414
7.35926
7.34941
7.36239
7.3805
7.35501
7.34696
7.35446
7.33226
7.35156
7.35431
7.35492
7.35177
7.35173
7.3473
7.33734
7.35579
7.35281
7.3533
7.3554
7.3507
7.35844
7.36009
7.36649
7.36204
7.35739
7.3544
7.35915
7.35935
7.35482
7.35038
7.35773
7.35286
7.35356
7.35561
7.35608
7.35233
7.35276
7.34796
7.33915
7.35851
7.34756
7.35112
7.35222
7.34892
7.35611
7.3527
7.36578
7.35957
7.35735
7.35772
7.35939
7.34583
7.3549
7.35362
7.35819
7.35698
7.36094
7.35717
7.35539
7.35123
7.35286
7.35132
7.34997
7.35938
7.34507
7.34149
7.34731
7.35002
7.35743
7.32349
7.34528
7.36411
7.36188
7.36185
7.3638
7.35873
7.35329
7.35709
7.35729
7.35172
7.3668
7.35822
7.35548
7.3511
7.35618
7.35256
7.34723
7.35858
7.34988
7.33654
7.34648
7.36191
7.35756
7.32611
7.34045
7.36667
7.36296
7.36218
7.3661
7.37206
7.3569
7.35804
7.36146
7.35337
7.36359
7.35843
7.3551
7.3522
7.35854
7.35189
7.35684
7.35808
7.35056
7.33887
7.34616
7.36329
7.35773
7.34031
7.34581
7.36442
7.35869
7.35954
7.35802
7.36562
7.35759
7.35869
7.36957
7.35582
7.35945
7.35865
7.35338
7.35495
7.35659
7.3506
7.35953
7.35746
7.34963
7.34537
7.34782
7.35945
7.35695
7.35244
7.35157
7.36385
7.35692
7.35555
7.35171
7.36023
7.35834
7.35984
7.3697
7.35565
7.35616
7.36091
7.35411
7.35759
7.35336
7.34952
7.35927
7.35829
7.34998
7.34794
7.35063
7.35829
7.35898
7.35889
7.35662
7.36482
7.35649
7.35279
7.35327
7.35919
7.35716
7.35968
7.36244
7.35269
7.35359
7.36279
7.35739
7.35535
7.35027
7.34975
7.35827
7.35969
7.3528
7.35035
7.35386
7.35843
7.35934
7.36083
7.36092
7.36627
7.36067
7.35297
7.35709
7.35863
7.35934
7.35687
7.35548
7.34885
7.35185
7.3636
7.35739
7.3524
7.35055
7.35182
7.35375
7.36008
7.35318
7.35369
7.35768
7.35893
7.36314
7.36123
7.36396
7.36991
7.36977
7.35995
7.36072
7.3588
7.36468
7.35319
7.35255
7.34888
7.35077
7.36322
7.35733
7.3508
7.35472
7.35446
7.35422
7.35999
7.35517
7.35754
7.36134
7.36156
7.36469
7.36311
7.36702
7.37577
7.37808
7.3711
7.3704
7.35936
7.36928
7.35121
7.34645
7.35147
7.3534
7.36833
7.36119
7.35004
7.35855
7.35572
7.35572
7.36266
7.35802
7.36135
7.36514
7.36403
7.36683
7.3655
7.36866
7.37623
7.37841
7.37709
7.37393
7.36064
7.37407
7.35712
7.35038
7.35577
7.35556
7.37413
7.36882
7.35506
7.36213
7.3568
7.35662
7.36797
7.36475
7.36502
7.36732
7.36593
7.37123
7.36828
7.36931
7.37603
7.38186
7.37913
7.3745
7.35974
7.3826
7.37145
7.35995
7.3556
7.35676
7.38081
7.37562
7.36386
7.36591
7.3554
7.35493
7.37567
7.37164
7.36674
7.36712
7.36462
7.3732
7.36938
7.36869
7.3714
7.38906
7.3795
7.36902
7.35793
7.38711
7.37089
7.36413
7.35124
7.35335
7.38636
7.3786
7.36485
7.36437
7.34983
7.35037
7.37835
7.37064
7.36612
7.36279
7.35943
7.373
7.36802
7.36579
7.36677
7.38815
7.37662
7.3598
7.3559
7.38486
7.36766
7.36465
7.34431
7.34591
7.38542
7.3779
7.36387
7.35858
7.34092
7.34334
7.37666
7.36765
7.3617
7.356
7.35077
7.37094
7.36501
7.36094
7.36405
7.38473
7.3745
7.35632
7.35277
7.38318
7.37237
7.35657
7.33177
7.33478
7.38213
7.37704
7.36638
7.35375
7.32957
7.33082
7.37578
7.3681
7.35614
7.34785
7.33808
7.37054
7.36156
7.35466
7.36585
7.38564
7.37593
7.36073
7.34754
7.38458
7.37737
7.35292
7.31554
7.31554
7.38362
7.37997
7.37146
7.34715
7.31249
7.30831
7.37887
7.36938
7.35151
7.33357
7.31863
7.37264
7.35907
7.34621
7.37212
7.39187
7.38132
7.36826
7.3401
7.38876
7.38016
7.35549
7.28714
7.27848
7.3909
7.38597
7.37232
7.33993
7.28206
7.26422
7.38503
7.37233
7.34655
7.31443
7.28874
7.37584
7.35708
7.33516
7.38002
7.40069
7.39025
7.37384
7.32853
7.39421
7.38226
7.34535
7.24124
7.20021
7.40143
7.39383
7.36924
7.32784
7.23354
7.16713
7.39551
7.38062
7.34269
7.28699
7.23404
7.38395
7.35702
7.32267
7.39202
7.41394
7.40377
7.38144
7.31653
7.40516
7.38015
7.32624
7.15756
7.04023
7.41553
7.40386
7.37121
7.30427
7.1515
6.94641
7.41639
7.40356
7.34947
7.26143
7.13293
7.40245
7.36522
7.3147
7.4072
7.43567
7.42248
7.39163
7.29815
7.42695
7.39114
7.28801
7.03762
6.63192
7.44262
7.42402
7.37777
7.28127
7.05025
6.4626
7.45783
7.42919
7.37017
7.23212
6.92979
7.43631
7.38966
7.3168
7.42493
7.46176
7.43963
7.40078
7.27983
7.44659
7.39895
7.26836
6.89375
5.53638
7.47046
7.44694
7.40356
7.2554
6.96272
5.78648
-3.58324
7.51742
7.47433
7.409
7.21922
6.46656
7.49239
7.43191
7.34141
7.4451
7.48504
7.45344
7.40634
7.28035
7.45583
7.37524
7.27431
6.8618
4.90357
-0.140914
7.4592
7.44126
7.40915
7.27308
6.91904
5.51047
0.404297
7.59971
7.51467
7.43564
7.23
5.94697
7.58147
7.49365
7.39694
7.47421
7.51825
7.47674
7.42127
7.31818
7.47625
7.37745
7.25103
6.96592
5.75072
1.4832
7.47026
7.43211
7.38728
7.28086
6.97087
5.66095
1.72649
7.57987
7.53362
7.46756
7.32389
6.39994
2.16419
7.66146
7.58377
7.47874
7.5208
7.5749
7.52259
7.46649
7.3931
7.53116
7.42458
7.29307
7.11097
6.02491
1.72937
7.50726
7.46527
7.3996
7.30646
7.12975
5.88752
1.56463
7.56759
7.53507
7.51964
7.37819
6.68143
7.63804
7.61457
7.57898
7.5664
7.57828
7.52933
7.50689
7.45467
7.53677
7.46593
7.38803
7.25208
6.73159
7.55169
7.50205
7.41299
7.35761
7.25307
6.53534
-1.37432
7.5676
7.53404
7.51901
7.4703
7.39832
7.62129
7.59426
7.60785
7.56501
7.56323
7.52489
7.50858
7.4382
7.51891
7.43814
7.36403
7.2813
7.23881
7.55984
7.50046
7.38866
7.32001
7.25378
7.14869
7.55879
7.5097
7.48436
7.45233
7.48335
7.60126
7.56756
7.58546
7.51069
7.54128
7.49443
7.46185
7.38878
7.48155
7.38234
7.31905
7.22325
7.26372
7.5405
7.46764
7.30495
7.24356
7.19626
7.23062
7.5191
7.43654
7.41116
7.39208
7.43157
7.5579
7.51568
7.53577
7.4643
7.49781
7.44589
7.41345
7.35698
7.42312
7.30172
7.25102
7.18298
7.26264
7.48434
7.39066
7.19179
7.13035
7.10439
7.22177
7.42969
7.30853
7.32034
7.31399
7.36202
7.4756
7.44257
7.46558
7.4502
7.44528
7.41239
7.39563
7.3646
7.35569
7.23333
7.23718
7.20514
7.29362
7.38501
7.27641
7.02321
7.03495
7.0842
7.25277
7.28221
7.13969
7.22944
7.2503
7.32633
7.35826
7.36479
7.39716
7.46915
7.42477
7.41405
7.41423
7.4052
7.32696
7.2533
7.27078
7.29031
7.36277
7.25756
7.16886
6.99676
7.07805
7.18215
7.34279
7.09792
7.02454
7.23273
7.26517
7.3656
7.28047
7.34675
7.3912
7.51505
7.45007
7.45192
7.45912
7.46678
7.35195
7.30772
7.33453
7.36701
7.44134
7.19167
7.11206
7.02771
7.14949
7.28022
7.44693
6.95381
7.12019
7.32245
7.35692
7.46227
7.31302
7.42677
7.48117
7.56762
7.50294
7.50599
7.50909
7.52488
7.42829
7.40099
7.40413
7.44664
7.5119
7.21858
7.11824
7.16319
7.24213
7.38198
7.53571
6.89063
7.12121
7.32039
7.481
7.58518
7.49656
7.60982
7.66017
7.5774
7.53933
7.53658
7.53066
7.54353
7.48494
7.4513
7.44188
7.48371
7.54159
7.36515
7.23254
7.24014
7.30533
7.43247
7.57458
7.09992
7.2881
7.44835
7.58204
7.6804
7.72868
7.75196
7.80208
169.937
157.363
163.957
160.119
152.962
156.543
166.965
162.821
186.491
177.413
170.959
180.656
168.332
163.888
158.57
161.434
157.37
157.282
159.097
149.683
132.813
147.904
142.765
129.268
129.54
130.024
196.245
197.533
202.196
182.833
167.449
197.118
191.603
166.722
161.831
179.04
168.248
148.499
139.251
155.693
144.792
133.676
129.721
137.373
131.938
128.563
129.304
129.636
203.507
208.105
210.281
203.071
197.312
204.742
200.473
187.374
173.78
194.288
180.191
159.688
147.746
163.563
149.68
138.344
131.152
138.643
131.857
127.414
127.057
129.156
211.446
210.353
205.107
211.6
209.194
199.325
181.846
201.869
183.879
161.834
149.725
160.232
147.744
139.348
133.535
139.03
135.734
132.366
209.227
207.56
196.077
190.496
161.949
152.555
168.251
143.989
157.8
149.759
146.575
154.136
149.06
139.989
145.122
141.912
143.649
142.685
138.214
139.767
135.685
135.13
126.826
173.162
162.054
160.365
168.254
160.899
154.454
152.256
157.1
154.402
125.572
124.839
124.461
122.178
123.005
124.165
125.044
124.147
124.482
179.571
186.849
188.069
167.594
184.367
180.869
124.392
123.295
123.702
123.052
122.766
194.098
197.081
186.04
186.435
185.312
123.656
125.272
122.598
122.29
123.805
197.468
182.846
195.557
196.19
195.586
182.684
180.702
180.234
178.038
127.214
132.847
129.304
127.881
124.802
128.744
125.376
124.681
191.641
173.657
168.807
163.287
164.546
152.474
148.458
142.828
150.075
146.011
136.17
144.926
130.41
126.656
84.7915
128.725
128.25
130.091
109.577
95.4228
108.971
127.082
118.383
114.332
111.366
104.376
116.066
105.781
136.786
99.9025
131.056
136.388
142.127
89.6268
90.1956
98.9433
112.022
116.071
120.364
121.33
106.853
108.061
113.377
113.411
119.852
111.598
141.138
149.298
146.012
105.17
108.664
106.621
118.731
116.557
111.295
110.567
107.644
146.642
145.249
105.644
104.054
101.76
114.767
114.644
106.851
105.736
94.0601
143.88
99.6862
139.085
138.938
133.864
97.4365
90.1642
93.4984
88.2472
120.117
117.337
117.092
90.747
101.926
85.0929
96.4027
95.1133
128.398
84.4431
113.981
111.709
76.1216
71.9395
71.6423
111.87
111.085
65.2928
63.6379
67.6855
73.6917
16.2422
7.0786
62.8965
27.1961
61.0985
15.5349
8.35054
20.1326
84.98
88.2308
37.3651
52.4122
63.9213
89.6811
57.5202
55.0006
10.7895
22.2208
45.224
52.1783
7.98348
6.98025
8.80644
9.45305
91.0653
97.6339
89.0775
70.0452
46.5225
70.2458
23.9489
80.7001
13.6173
61.4728
62.7752
61.6788
14.7615
17.3305
19.355
74.5374
76.0432
11.102
8.30598
10.5847
59.5505
56.8312
17.8908
20.6319
14.9396
71.9392
22.7624
6.43134
10.7795
4.76924
53.3051
12.2263
39.7825
49.1463
45.4274
9.04444
7.25774
10.0062
8.71609
13.9549
9.32755
11.1852
4.62711
4.92325
5.18179
5.24454
5.05241
44.3155
10.7849
29.0423
27.808
11.9861
7.98463
7.65335
8.28034
13.0373
6.21077
5.79081
6.57293
5.56683
7.56028
7.67205
8.81342
7.10132
9.31447
7.56968
7.31058
6.99485
21.2558
26.5534
7.57953
8.29998
8.32539
13.8222
6.64933
7.01078
7.44512
7.33363
7.01753
6.54314
7.5354
7.59181
7.52858
7.55923
9.08812
23.0655
6.23732
7.06668
6.49689
6.96614
6.79839
5.99362
7.37773
7.07107
7.25471
7.24
7.34989
7.26436
7.22147
4.89171
4.48574
7.43459
7.3019
7.35453
7.38559
6.98943
7.25957
7.15985
7.18188
4.8268
6.72022
7.07951
7.31372
7.22594
6.95872
7.20576
6.6591
6.90569
6.82723
7.17517
7.1596
7.11822
7.06813
7.62195
7.62838
7.77919
6.991
7.27901
7.10485
7.21849
7.20612
7.04627
7.12706
6.94003
7.03849
7.0305
7.01708
7.01884
7.45433
7.18364
6.89183
7.05349
6.9165
7.00179
7.36468
7.26136
7.0303
7.23789
6.82712
7.15758
7.20533
7.0387
6.82777
6.92448
6.97727
6.97335
7.03952
7.27976
7.30406
7.28818
7.28511
7.34565
7.33246
7.34041
7.26893
7.24732
7.26444
7.25929
7.47479
7.04775
7.37856
7.11212
7.31459
7.19563
7.17206
7.4388
7.25927
7.25495
7.23451
7.21826
7.23858
7.18221
7.2011
7.38198
7.54765
7.37167
7.34948
6.93064
7.15409
7.17823
7.14545
7.15769
7.17907
7.54104
7.2156
7.30089
6.7833
7.19886
7.09771
7.16887
7.04859
7.0735
7.03572
7.14693
7.09033
7.17733
7.12457
7.2736
7.20404
7.26021
7.15676
7.30573
7.25986
7.31209
7.22882
7.07541
7.13478
7.09788
7.09987
7.10186
7.1255
7.13702
7.15009
7.14996
7.15091
7.19706
7.17158
7.19489
7.25687
7.24869
7.25157
7.2152
7.13941
7.16689
7.20145
7.122
7.09281
7.05523
7.2094
7.13899
7.10568
7.21932
7.2793
7.24395
7.22708
7.25798
7.22343
7.27459
7.23238
7.26232
7.21951
7.24808
7.18277
7.14
7.14109
7.21478
7.16203
7.13337
7.16342
7.18217
7.15939
7.22607
7.21133
7.21196
7.21676
7.20473
7.21082
7.2448
7.3182
7.54467
7.29708
7.23711
7.22656
7.21564
7.23581
7.26337
7.23097
7.23873
7.23489
7.22055
7.21637
7.17883
7.18087
7.19545
7.19132
7.20125
7.52219
7.20893
7.14805
7.27179
7.18378
7.1708
7.15231
7.21704
7.20526
7.19766
7.21079
7.19825
7.18908
7.19537
7.17534
7.20272
7.11751
7.16882
7.11852
7.18091
7.15728
7.19252
7.15135
7.22063
7.22092
7.22597
7.1236
7.16449
7.20504
7.19647
7.12928
7.13991
7.16923
7.161
7.1699
7.1748
7.18843
7.19408
7.20865
7.21204
7.21854
7.22514
7.23571
7.19352
7.23526
7.21577
7.14896
7.18277
7.13293
7.16132
7.18064
7.14462
7.1486
7.16146
7.16174
7.15442
7.17536
7.2913
7.22127
7.21548
7.20716
7.25038
7.21482
7.20689
7.21606
7.22795
7.20568
7.19226
7.17921
7.16143
7.18402
7.18031
7.18743
7.17042
7.17631
7.26685
7.24394
7.24296
7.25903
7.23809
7.23002
7.21855
7.22179
7.21296
7.20709
7.20696
7.21187
7.20361
7.2012
7.24187
7.19025
7.23953
7.1945
7.19422
7.16383
7.19986
7.2259
7.22505
7.21402
7.20684
7.21591
7.18959
7.20277
7.19786
7.20529
7.20943
7.19912
7.20549
7.24468
7.17139
7.20146
7.19544
7.20932
7.14671
7.20566
7.20808
7.19027
7.19969
7.18407
7.1943
7.17796
7.2018
7.20795
7.20772
7.17132
7.19606
7.17281
7.19758
7.16121
7.19081
7.18007
7.1439
7.19506
7.17984
7.11952
7.14069
7.18899
7.17171
7.22408
7.18454
7.25253
7.20213
7.18251
7.2082
7.18418
7.19461
7.20836
7.21488
7.21304
7.22576
7.23106
7.23872
7.24531
7.23968
7.24448
7.23928
7.20126
7.19436
7.18317
7.17272
7.18571
7.14222
7.1853
7.18463
7.15164
7.16285
7.17456
7.18064
7.17076
7.17394
7.18487
7.17186
7.20427
7.20624
7.20087
7.19927
7.18548
7.19263
7.18583
7.19556
7.18439
7.17708
7.15778
7.16173
7.16806
7.1643
7.13987
7.14705
7.19598
7.22853
7.12446
7.19089
7.21023
7.21656
7.19414
7.2105
7.21278
7.20271
7.19986
7.21464
7.20642
7.20336
7.19014
7.14614
7.18588
7.12898
7.17286
7.13369
7.16878
7.21173
7.18612
7.20266
7.19016
7.20484
7.1746
7.19786
7.20244
7.20936
7.21335
7.20818
7.21513
7.19969
7.1715
7.2203
7.15387
7.18872
7.18035
7.2199
7.19883
7.17979
7.20892
7.17212
7.19731
7.18058
7.21393
7.2098
7.21268
7.15983
7.19121
7.18465
7.20679
7.16297
7.19251
7.18023
7.14676
7.1925
7.17648
7.10444
7.14722
7.19681
7.18386
7.24795
7.14246
7.24439
7.21176
7.1801
7.21193
7.20392
7.2019
7.24191
7.24583
7.22983
7.24996
7.25537
7.2466
7.24042
7.24214
7.24742
7.24353
7.19608
7.18178
7.18701
7.19253
7.18045
7.17136
7.19498
7.17879
7.18337
7.17541
7.17494
7.1895
7.17757
7.17794
7.16926
7.17272
7.2097
7.21445
7.18165
7.19459
7.18283
7.19565
7.18205
7.19315
7.1816
7.16044
7.12509
7.12855
7.17469
7.16354
7.11818
7.1163
7.10336
7.11071
7.21725
7.21247
7.20878
7.22133
7.22061
7.21502
7.19517
7.14275
7.17328
7.13295
7.15323
7.15769
7.17009
7.20802
7.17574
7.20339
7.18231
7.20395
7.17665
7.201
7.21556
7.21931
7.22839
7.22283
7.22376
7.18927
7.21843
7.24843
7.17798
7.18701
7.22194
7.2437
7.20812
7.18683
7.21673
7.1826
7.20806
7.18928
7.21521
7.2186
7.22701
7.17466
7.18671
7.1632
7.21885
7.19845
7.1951
7.15908
7.13999
7.19534
7.18831
7.06608
7.13812
7.1925
7.19344
7.16487
7.19726
7.21215
7.2562
7.25889
7.25581
7.26363
7.2601
7.24039
7.24189
7.23349
7.23127
7.24036
7.19484
7.2004
7.22003
7.1961
7.18371
7.19119
7.20207
7.19667
7.20179
7.18357
7.18414
7.20391
7.19475
7.19332
7.18159
7.19539
7.22303
7.23748
7.18512
7.19647
7.18236
7.23094
7.19221
7.20985
7.18683
7.17502
7.12221
7.12202
7.19946
7.19019
7.14035
7.13918
7.13001
7.16342
7.22816
7.23132
7.22265
7.2388
7.24339
7.23297
7.17402
7.18322
7.1487
7.17531
7.16116
7.23659
7.23175
7.25781
7.25332
7.24642
7.21145
7.22394
7.18635
7.16156
7.23148
7.24169
7.26141
7.22224
7.21348
7.18744
7.26066
7.24892
7.24454
7.22589
7.1468
7.19552
7.2036
7.0951
7.1649
7.20704
7.21897
7.19925
7.24465
7.27031
7.25731
7.26108
7.27977
7.24608
7.26047
7.22762
7.24567
7.24386
7.23112
7.25542
7.21941
7.23782
7.25485
7.21523
7.2164
7.21736
7.23314
7.23753
7.23637
7.20979
7.20737
7.23622
7.22819
7.22785
7.21399
7.23538
7.25152
7.26301
7.20395
7.23017
7.19662
7.27821
7.21838
7.24892
7.20701
7.20964
7.1675
7.16605
7.23497
7.23178
7.20053
7.19792
7.19504
7.22115
7.25077
7.25662
7.24804
7.26338
7.2683
7.26212
7.20421
7.2169
7.21685
7.23306
7.24059
7.26721
7.26208
7.29248
7.28103
7.27803
7.22749
7.25648
7.26209
7.26438
7.28701
7.27807
7.29354
7.27234
7.27581
7.25975
7.29339
7.29038
7.29827
7.28893
7.21237
7.23501
7.25057
7.24786
7.26742
7.27762
7.28593
7.26925
7.28703
7.29986
7.24348
7.26085
7.27645
7.24422
7.2617
7.24672
7.27126
7.27036
7.26205
7.28266
7.27905
7.27077
7.28449
7.25184
7.25674
7.2557
7.26851
7.27153
7.27321
7.24841
7.25152
7.27449
7.26744
7.27426
7.25782
7.27922
7.27107
7.27719
7.23336
7.26207
7.21478
7.29615
7.24886
7.27002
7.22229
7.25647
7.23671
7.23163
7.27643
7.27946
7.26361
7.25512
7.24275
7.26011
7.27297
7.27842
7.27208
7.28056
7.28745
7.28126
7.25843
7.26421
7.25871
7.26992
7.27895
7.29362
7.29341
7.31102
7.30533
7.30807
7.29648
7.31016
7.31453
7.31819
7.32594
7.30749
7.31897
7.31083
7.30982
7.32281
7.30916
7.32354
7.3153
7.35472
7.31997
7.31775
7.32098
7.38593
7.35339
7.34354
7.34421
7.33833
7.3199
7.37936
7.24696
7.26436
7.30516
7.24877
7.26688
7.27988
7.29445
7.29327
7.29543
7.30396
7.32508
7.29464
7.30093
7.2837
7.2816
7.28902
7.2969
7.28789
7.30226
7.28392
7.29375
7.30369
7.29862
7.30963
7.2986
7.31367
7.28142
7.28477
7.26442
7.27364
7.23357
7.29809
7.27643
7.27375
7.24673
7.30035
7.28643
7.27548
7.31002
7.31403
7.29899
7.28739
7.2729
7.28255
7.28606
7.29533
7.29101
7.29036
7.30346
7.29622
7.2791
7.28853
7.27022
7.28115
7.29213
7.31559
7.32187
7.32693
7.32324
7.33293
7.3323
7.33403
7.33163
7.33607
7.33738
7.32681
7.33039
7.32376
7.32059
7.34216
7.31221
7.31535
7.32039
7.32245
7.36731
7.34819
7.35222
7.39748
7.36735
7.34613
7.35449
7.3542
7.3739
7.33862
7.26486
7.27502
7.32801
7.27692
7.27824
7.30972
7.31293
7.31076
7.31855
7.31667
7.33485
7.30472
7.30635
7.30633
7.29167
7.31133
7.30847
7.2926
7.31351
7.30951
7.32198
7.31717
7.3131
7.32883
7.3232
7.32761
7.28767
7.28935
7.2828
7.27371
7.2584
7.29787
7.28487
7.27519
7.26667
7.31915
7.30886
7.29236
7.32053
7.31713
7.3135
7.29242
7.28623
7.28412
7.29484
7.30801
7.30055
7.29518
7.31097
7.30392
7.27915
7.29061
7.27524
7.27589
7.28824
7.32733
7.3401
7.33704
7.33083
7.34268
7.33168
7.33927
7.32573
7.32629
7.33698
7.3316
7.33298
7.30273
7.31428
7.30992
7.31412
7.29998
7.31002
7.30102
7.35823
7.34014
7.34838
7.36005
7.34992
7.33234
7.34107
7.3464
7.32184
7.3153
7.26677
7.26441
7.30259
7.23967
7.23534
7.31534
7.30536
7.29637
7.30825
7.29332
7.32396
7.30976
7.30691
7.30412
7.29253
7.30838
7.29768
7.29407
7.29922
7.30974
7.33
7.3043
7.30082
7.32724
7.32644
7.32068
7.29139
7.29243
7.28423
7.2767
7.27205
7.29962
7.28785
7.28019
7.27547
7.31329
7.3093
7.28581
7.3108
7.30444
7.299
7.27641
7.27781
7.2726
7.29595
7.31362
7.30583
7.29683
7.31395
7.30663
7.27632
7.28535
7.2738
7.28053
7.28485
7.33229
7.34143
7.33471
7.33227
7.33776
7.3182
7.32618
7.31134
7.31221
7.31682
7.33397
7.33389
7.30108
7.30933
7.29292
7.32328
7.30701
7.30975
7.28763
7.34054
7.32405
7.33198
7.32629
7.3295
7.31606
7.32452
7.3288
7.30669
7.29707
7.21641
7.20807
7.25253
7.21094
7.20837
7.29453
7.27725
7.27748
7.28679
7.26964
7.30587
7.29532
7.28512
7.29028
7.28316
7.28882
7.28061
7.26517
7.27674
7.28813
7.32144
7.28416
7.27261
7.31325
7.31244
7.30313
7.29241
7.29527
7.29655
7.28562
7.28105
7.30912
7.30143
7.29314
7.28743
7.29634
7.28932
7.27037
7.28947
7.28916
7.28535
7.27091
7.27189
7.27546
7.29834
7.31289
7.30663
7.29993
7.3113
7.30631
7.28324
7.28412
7.27811
7.28416
7.2819
7.33024
7.33171
7.32606
7.32592
7.32457
7.30328
7.30766
7.29627
7.29605
7.2997
7.332
7.32828
7.31806
7.31471
7.29155
7.32558
7.33566
7.3153
7.29517
7.31622
7.309
7.31652
7.30125
7.3047
7.30342
7.30987
7.30629
7.29063
7.2779
7.2175
7.2167
7.17734
7.21887
7.21775
7.28357
7.25312
7.25422
7.28185
7.23731
7.2926
7.27978
7.27787
7.27363
7.25875
7.27457
7.28023
7.25823
7.27627
7.25637
7.30362
7.25564
7.24439
7.29108
7.29258
7.28029
7.29889
7.29845
7.29766
7.30113
7.29128
7.30637
7.29187
7.30351
7.29335
7.28155
7.28394
7.27202
7.26597
7.27225
7.28494
7.27492
7.28223
7.28752
7.30067
7.31029
7.30672
7.30037
7.30854
7.30632
7.27751
7.27473
7.2777
7.26687
7.26514
7.32
7.31763
7.31505
7.31483
7.31226
7.28745
7.2919
7.27957
7.27824
7.28499
7.32282
7.31684
7.34253
7.3078
7.2884
7.31105
7.33957
7.2958
7.26904
7.29419
7.29975
7.30383
7.2912
7.28592
7.29739
7.29956
7.29096
7.2353
7.18712
7.2196
7.2182
7.12948
7.21164
7.22575
7.28094
7.21984
7.20345
7.28271
7.20829
7.28704
7.27558
7.26935
7.27966
7.26613
7.27106
7.26734
7.27249
7.26473
7.23934
7.27814
7.26303
7.25192
7.26833
7.26849
7.26005
7.30098
7.29944
7.28479
7.30073
7.29337
7.28264
7.27566
7.2966
7.28877
7.26316
7.28227
7.27755
7.2545
7.26342
7.26761
7.28063
7.28358
7.27669
7.29886
7.30593
7.30444
7.29766
7.30271
7.30147
7.25478
7.25655
7.25954
7.24273
7.2469
7.31072
7.30799
7.3068
7.30761
7.30456
7.2681
7.27834
7.25909
7.25861
7.27369
7.31069
7.30576
7.32301
7.29279
7.2621
7.29901
7.30769
7.29448
7.28108
7.28056
7.29729
7.29601
7.29036
7.27592
7.29867
7.294
7.28257
7.20984
7.27913
7.23086
7.26211
7.26372
7.31087
7.32274
7.28656
7.21704
7.23315
7.29656
7.26072
7.29841
7.26212
7.25278
7.26776
7.27751
7.27103
7.26959
7.27685
7.28237
7.26425
7.26672
7.2704
7.26378
7.26751
7.25658
7.25716
7.29304
7.28553
7.26501
7.28958
7.2809
7.26399
7.25162
7.28088
7.27253
7.25949
7.25675
7.26951
7.24884
7.24801
7.25096
7.24482
7.2654
7.25141
7.29412
7.29885
7.29762
7.28932
7.29448
7.29304
7.23545
7.2438
7.24007
7.23025
7.24243
7.30429
7.30121
7.29837
7.29903
7.2962
7.25103
7.27051
7.24298
7.24641
7.26991
7.30157
7.29829
7.29929
7.29891
7.3028
7.29445
7.29501
7.29812
7.30826
7.27344
7.30037
7.29252
7.29214
7.27121
7.30043
7.29126
7.28091
7.34158
7.3583
7.3788
7.36796
7.44452
7.39885
7.3831
7.30775
7.30728
7.32258
7.31267
7.3291
7.30801
7.2375
7.22188
7.27953
7.26392
7.28933
7.28163
7.24837
7.28481
7.26025
7.26117
7.25293
7.25455
7.25805
7.25176
7.24879
7.27879
7.2743
7.23355
7.2733
7.26299
7.24749
7.21213
7.2677
7.25411
7.23796
7.24974
7.21894
7.25162
7.22699
7.24358
7.18616
7.23329
7.21441
7.28475
7.29007
7.28851
7.28231
7.28645
7.28537
7.23076
7.24862
7.23583
7.23365
7.25409
7.29391
7.29238
7.28964
7.28944
7.29087
7.24544
7.27105
7.23762
7.24718
7.2742
7.29742
7.29562
7.29609
7.29573
7.30596
7.29391
7.29592
7.29399
7.30027
7.27041
7.29777
7.29028
7.28586
7.27117
7.29556
7.28943
7.28425
7.34227
7.32616
7.3815
7.37148
7.37791
7.3515
7.34809
7.31096
7.33034
7.31869
7.304
7.3205
7.30181
7.20928
7.21214
7.2798
7.22922
7.27868
7.27276
7.21328
7.27337
7.24573
7.25425
7.23636
7.25231
7.26063
7.25575
7.2682
7.27205
7.2716
7.19689
7.26592
7.24587
7.24461
7.18963
7.26724
7.23892
7.22576
7.2358
7.17155
7.26091
7.24967
7.24013
7.21187
7.20643
7.22291
7.2816
7.2846
7.28325
7.28083
7.28376
7.2814
7.24173
7.26703
7.25171
7.25386
7.27928
7.28911
7.29085
7.28874
7.28971
7.29136
7.25409
7.27825
7.24883
7.26371
7.28141
7.30786
7.31287
7.29658
7.29383
7.29762
7.29938
7.29535
7.29376
7.29469
7.27391
7.29314
7.28962
7.27695
7.27742
7.29224
7.29087
7.2903
7.31308
7.30285
7.32539
7.32447
7.31273
7.30407
7.30524
7.29582
7.30767
7.29441
7.28726
7.29556
7.29251
7.23297
7.25508
7.27013
7.22039
7.27502
7.28076
7.25365
7.28298
7.26348
7.27322
7.27499
7.28766
7.29209
7.29753
7.33467
7.27382
7.27685
7.20163
7.27079
7.23424
7.26713
7.23572
7.27472
7.2442
7.28171
7.25433
7.26288
7.33678
7.32333
7.27733
7.29928
7.25249
7.28135
7.28005
7.2835
7.28154
7.27953
7.28341
7.28263
7.26821
7.29704
7.28609
7.28178
7.30981
7.29027
7.29426
7.28898
7.29043
7.30007
7.27608
7.28662
7.27208
7.28786
7.29163
7.30348
7.2999
7.29171
7.2931
7.29269
7.2931
7.28727
7.29299
7.29164
7.28317
7.29164
7.29278
7.2768
7.2883
7.29216
7.29506
7.29786
7.29609
7.29244
7.29113
7.29248
7.29091
7.28245
7.28514
7.28082
7.28639
7.2797
7.27533
7.28035
7.28721
7.27807
7.28283
7.30268
7.30292
7.3074
7.32712
7.3159
7.36097
7.3204
7.30781
7.34056
7.34351
7.30314
7.3591
7.37504
7.27909
7.27786
7.26143
7.27781
7.25945
7.27275
7.2741
7.27536
7.26971
7.37302
7.30259
7.326
7.40176
7.40711
7.32524
7.36225
7.30643
7.33005
7.27832
7.28262
7.28313
7.27859
7.28195
7.28224
7.29334
7.32317
7.30711
7.30048
7.33045
7.29207
7.2992
7.29114
7.29426
7.29369
7.2992
7.29862
7.29137
7.30794
7.30502
7.29999
7.30125
7.2838
7.29452
7.29236
7.29327
7.28432
7.29832
7.2959
7.29426
7.29251
7.29722
7.28393
7.29962
7.29306
7.29971
7.30755
7.29257
7.29616
7.2801
7.2832
7.29258
7.28206
7.28493
7.27283
7.27794
7.27767
7.27217
7.27888
7.28706
7.29274
7.28293
7.3445
7.31664
7.37311
7.34606
7.30707
7.35086
7.38617
7.35811
7.41511
7.42192
7.41323
7.35166
7.35929
7.27252
7.27117
7.27762
7.27152
7.2675
7.27207
7.27514
7.26618
7.25619
7.41868
7.32825
7.37054
7.39591
7.39763
7.29088
7.34812
7.33703
7.32913
7.27853
7.2827
7.2817
7.27982
7.28614
7.28341
7.30235
7.33781
7.31054
7.3032
7.34
7.29598
7.29288
7.29859
7.29856
7.29616
7.31321
7.31031
7.30247
7.31716
7.31382
7.30466
7.31177
7.28791
7.30448
7.30183
7.30348
7.29593
7.31269
7.30959
7.30435
7.29357
7.30229
7.29501
7.30977
7.29467
7.3058
7.31506
7.3029
7.31142
7.28867
7.29159
7.30919
7.29647
7.29957
7.27546
7.28447
7.29067
7.28149
7.29312
7.29225
7.27274
7.26248
7.32144
7.28674
7.31925
7.28943
7.26291
7.28647
7.41248
7.39335
7.33359
7.35072
7.35001
7.35836
7.33328
7.27397
7.28014
7.26716
7.26239
7.24216
7.26587
7.25695
7.26066
7.23056
7.3542
7.25299
7.3179
7.3021
7.31581
7.24196
7.29759
7.31822
7.31041
7.28481
7.29048
7.28696
7.2931
7.29786
7.29403
7.31101
7.33881
7.31658
7.31549
7.33813
7.30136
7.30454
7.31171
7.30606
7.31575
7.31934
7.31713
7.31543
7.32327
7.32079
7.32128
7.33149
7.30597
7.3215
7.3186
7.32243
7.31541
7.33038
7.32681
7.31469
7.29582
7.30991
7.3058
7.32137
7.29994
7.31357
7.32195
7.32072
7.32982
7.30721
7.30986
7.32986
7.31658
7.31901
7.29416
7.30646
7.31683
7.30564
7.31914
7.30636
7.25275
7.24988
7.26083
7.2397
7.25561
7.2358
7.22662
7.22259
7.29779
7.29907
7.25593
7.25722
7.23415
7.30628
7.28093
7.29082
7.30106
7.24758
7.2678
7.22377
7.27231
7.2472
7.28032
7.23392
7.29343
7.25364
7.29229
7.27182
7.28124
7.26505
7.2924
7.30911
7.30965
7.30104
7.30738
7.30428
7.30906
7.31608
7.31196
7.32178
7.33526
7.32252
7.32674
7.33526
7.31316
7.32771
7.32891
7.32044
7.33778
7.32798
7.3258
7.33009
7.33315
7.3315
7.34073
7.34825
7.32456
7.33893
7.33505
7.33866
7.33101
7.34516
7.34115
7.32747
7.30671
7.31885
7.31703
7.33237
7.31473
7.32506
7.33098
7.3381
7.3444
7.32508
7.32766
7.34643
7.33126
7.33414
7.32157
7.33338
7.34223
7.33387
7.34368
7.32822
7.25749
7.2751
7.21837
7.23286
7.19119
7.22561
7.25368
7.18694
7.22728
7.18119
7.22309
7.20591
7.20576
7.25675
7.25078
7.31591
7.33028
7.25975
7.29714
7.25425
7.30557
7.27995
7.3174
7.2794
7.27497
7.25748
7.29591
7.21619
7.28014
7.25983
7.30526
7.31186
7.31739
7.31588
7.32104
7.31685
7.32217
7.32307
7.31956
7.33128
7.33513
7.33035
7.33366
7.3356
7.32599
7.34443
7.33763
7.32925
7.34738
7.3384
7.33726
7.3405
7.34214
7.34164
7.35333
7.35572
7.33425
7.34886
7.34445
7.34483
7.33598
7.3503
7.34476
7.33709
7.32502
7.33251
7.32772
7.34103
7.33372
7.33915
7.34097
7.34826
7.3495
7.33529
7.33875
7.35391
7.33781
7.34169
7.34459
7.35109
7.3544
7.35145
7.35464
7.34649
7.29677
7.31776
7.26954
7.28389
7.2399
7.32701
7.31947
7.31655
7.21193
7.26667
7.29379
7.27079
7.326
7.28108
7.32123
7.34019
7.34383
7.30043
7.33253
7.30517
7.33374
7.31714
7.33958
7.32475
7.30127
7.28579
7.32084
7.2752
7.32934
7.3146
7.3421
7.32841
7.34453
7.32653
7.3234
7.32069
7.32713
7.32216
7.32001
7.33694
7.33733
7.3447
7.34338
7.34228
7.33023
7.34727
7.33743
7.3288
7.34452
7.34452
7.34434
7.34452
7.34648
7.34565
7.35466
7.35032
7.33661
7.34858
7.34343
7.33854
7.33475
7.34404
7.33984
7.34469
7.34045
7.34468
7.33519
7.34735
7.34496
7.34913
7.3474
7.3483
7.34467
7.33856
7.34312
7.34857
7.33839
7.34338
7.35489
7.35531
7.3542
7.35677
7.35441
7.35518
7.3345
7.3444
7.37069
7.34617
7.36878
7.39021
7.35161
7.38232
7.34233
7.36553
7.38371
7.38124
7.38702
7.35484
7.37905
7.34261
7.33872
7.33274
7.34142
7.32686
7.34238
7.34055
7.34049
7.32117
7.35618
7.33664
7.36114
7.34569
7.37522
7.35185
7.37404
7.3642
7.38134
7.32448
7.31914
7.31641
7.32312
7.31616
7.31213
7.35212
7.34919
7.37136
7.36349
7.35783
7.32366
7.3384
7.33153
7.31499
7.32966
7.34866
7.34631
7.35044
7.35173
7.347
7.34321
7.33328
7.32737
7.33669
7.33232
7.32223
7.31607
7.32853
7.3233
7.34962
7.34781
7.35221
7.34059
7.35134
7.34914
7.35416
7.35076
7.33802
7.3305
7.33761
7.34271
7.33978
7.33614
7.34122
7.35711
7.35321
7.35203
7.35742
7.35212
7.35811
7.35321
7.36334
7.39811
7.35799
7.38356
7.40025
7.36655
7.38324
7.38918
7.39467
7.3986
7.38431
7.39521
7.392
7.39507
7.33845
7.35121
7.34681
7.34146
7.328
7.35733
7.35612
7.35169
7.33862
7.3856
7.35754
7.37956
7.369
7.38828
7.35614
7.37574
7.39335
7.39736
7.32641
7.31605
7.3143
7.33558
7.32206
7.3199
7.37344
7.36632
7.38898
7.38191
7.37294
7.30826
7.31995
7.31612
7.30595
7.31198
7.35457
7.34691
7.35754
7.35685
7.34726
7.32186
7.31242
7.30495
7.31927
7.31654
7.30634
7.2989
7.31175
7.31216
7.35228
7.3493
7.35457
7.34139
7.35174
7.34861
7.35388
7.35117
7.32404
7.32012
7.3343
7.33931
7.33278
7.33233
7.3373
7.35657
7.3506
7.34833
7.35509
7.34858
7.35726
7.37012
7.37493
7.39859
7.37345
7.38003
7.39129
7.37487
7.37362
7.37748
7.39026
7.38625
7.36901
7.38153
7.39129
7.38302
7.36539
7.37099
7.36517
7.36275
7.35041
7.37056
7.36905
7.37026
7.36167
7.38561
7.34991
7.37051
7.36058
7.37864
7.34122
7.3645
7.39252
7.38331
7.35339
7.34084
7.33981
7.36425
7.36452
7.36072
7.3851
7.3755
7.38494
7.38392
7.37385
7.30842
7.30753
7.32605
7.3177
7.31324
7.35743
7.34624
7.35712
7.35589
7.34447
7.30539
7.30751
7.29853
7.30778
7.31012
7.30319
7.30276
7.3078
7.31068
7.34985
7.34677
7.35181
7.3368
7.34628
7.34406
7.34857
7.34658
7.31795
7.31628
7.32985
7.33507
7.32368
7.32686
7.33242
7.3521
7.34586
7.34136
7.34692
7.34218
7.35114
7.37508
7.37047
7.38199
7.37074
7.36433
7.37164
7.36347
7.35381
7.35838
7.37117
7.3634
7.34746
7.36028
7.37315
7.36301
7.37244
7.37103
7.36938
7.3737
7.36754
7.36953
7.3662
7.37165
7.36604
7.36787
7.32927
7.3551
7.34084
7.35565
7.31781
7.34457
7.37269
7.36142
7.36905
7.37546
7.369
7.3704
7.37136
7.36879
7.37862
7.36827
7.36628
7.37114
7.36056
7.33192
7.31906
7.34656
7.34376
7.32468
7.35151
7.34033
7.34523
7.34463
7.33408
7.31425
7.31926
7.30705
7.31026
7.30915
7.31313
7.31036
7.31217
7.30879
7.34113
7.33967
7.3437
7.32487
7.33254
7.33326
7.33678
7.33459
7.31569
7.31622
7.32343
7.32915
7.31443
7.3188
7.32437
7.33974
7.33705
7.32824
7.33044
7.33033
7.33763
7.36293
7.35437
7.36094
7.35485
7.34336
7.34962
7.34557
7.33271
7.33628
7.34905
7.33877
7.32464
7.33713
7.35198
7.33908
7.36619
7.35873
7.36011
7.36592
7.3592
7.35747
7.3525
7.35841
7.35077
7.33904
7.30816
7.33136
7.31153
7.315
7.2947
7.31032
7.34611
7.32565
7.36602
7.36261
7.36343
7.35771
7.35389
7.35444
7.36
7.34855
7.32105
7.33905
7.33025
7.35006
7.32625
7.35256
7.34649
7.31828
7.33501
7.32524
7.32481
7.3235
7.31491
7.32021
7.31613
7.31142
7.31282
7.30704
7.31088
7.30963
7.31001
7.30308
7.32273
7.32482
7.32783
7.30502
7.31045
7.31496
7.3177
7.31562
7.31515
7.31382
7.31419
7.31918
7.30437
7.30986
7.31402
7.32154
7.32273
7.31249
7.31302
7.31533
7.32002
7.34645
7.33988
7.33886
7.33669
7.32245
7.32921
7.32835
7.31353
7.31354
7.32522
7.31776
7.30399
7.3142
7.32423
7.3037
7.35028
7.34245
7.34474
7.35038
7.34258
7.34393
7.33817
7.34308
7.33564
7.2842
7.27145
7.27263
7.26339
7.24384
7.23768
7.21797
7.29235
7.24275
7.34771
7.34398
7.34429
7.3382
7.33432
7.33477
7.31327
7.3082
7.24937
7.28695
7.28626
7.33162
7.3086
7.32457
7.31586
7.30873
7.31202
7.30499
7.30261
7.30159
7.29699
7.30939
7.2971
7.30348
7.30438
7.29862
7.29349
7.29174
7.29864
7.294
7.30093
7.30605
7.30884
7.29407
7.29685
7.30024
7.30263
7.30113
7.31021
7.30345
7.30619
7.30973
7.29628
7.30306
7.3058
7.30656
7.3092
7.30249
7.30377
7.30528
7.30736
7.33536
7.33319
7.32159
7.32163
7.30692
7.31631
7.31709
7.30323
7.29699
7.30479
7.30626
7.29361
7.29915
7.27943
7.25928
7.33648
7.33354
7.33365
7.33779
7.33047
7.33802
7.33131
7.33497
7.32762
7.19646
7.20455
7.16828
7.21579
7.17046
7.18169
7.13143
7.19828
7.17759
7.33097
7.32681
7.32743
7.32683
7.32241
7.32238
7.26861
7.27306
7.22854
7.26177
7.27019
7.3083
7.30636
7.30752
7.30504
7.2955
7.2953
7.29206
7.29168
7.29318
7.29096
7.28422
7.28851
7.27954
7.29256
7.29008
7.27969
7.27389
7.28817
7.2869
7.29537
7.29714
7.3005
7.2962
7.29833
7.29716
7.29914
7.30051
7.29845
7.29646
7.30143
7.30292
7.29898
7.30348
7.302
7.30315
7.30415
7.30253
7.30527
7.30528
7.30503
7.33312
7.33469
7.31381
7.31533
7.30272
7.31433
7.31604
7.30499
7.29518
7.29921
7.30936
7.30187
7.30549
7.25541
7.26867
7.33354
7.33481
7.33111
7.33479
7.32723
7.34019
7.33239
7.33635
7.32878
7.1837
7.19346
7.15282
7.23152
7.21199
7.21837
7.19623
7.192
7.23312
7.32607
7.32064
7.32046
7.32767
7.32171
7.32141
7.2673
7.28032
7.26469
7.28109
7.29513
7.30488
7.2918
7.30794
7.30658
7.29423
7.29894
7.29391
7.30391
7.3083
7.29976
7.29543
7.29616
7.276
7.28612
7.28597
7.28421
7.27714
7.28538
7.28894
7.30108
7.30017
7.30188
7.3035
7.30544
7.30491
7.30802
7.30995
7.29748
7.30111
7.30623
7.30457
7.30995
7.31026
7.3085
7.30716
7.3078
7.31069
7.31382
7.31195
7.31256
7.33784
7.34156
7.31771
7.31921
7.30971
7.32314
7.3241
7.31647
7.31219
7.31766
7.32568
7.32437
7.33239
7.28771
7.31416
7.33759
7.34161
7.33498
7.33926
7.33208
7.34764
7.33815
7.3429
7.33608
7.24991
7.24983
7.23856
7.29245
7.28664
7.28074
7.2754
7.2737
7.30441
7.33094
7.32464
7.32458
7.33548
7.32944
7.32935
7.29691
7.30979
7.31184
7.31657
7.32497
7.31095
7.30008
7.31913
7.31744
7.30831
7.32117
7.31065
7.33038
7.33492
7.32362
7.2945
7.30101
7.27956
7.29719
7.30043
7.29552
7.29072
7.31089
7.31661
7.3123
7.31268
7.31573
7.31522
7.32092
7.32146
7.32407
7.32776
7.31024
7.32367
7.31637
7.31536
7.326
7.32428
7.32326
7.32091
7.3191
7.32772
7.32872
7.32725
7.3264
7.3452
7.3482
7.33022
7.33016
7.32443
7.33744
7.33652
7.33304
7.33709
7.34813
7.34773
7.34931
7.36266
7.34063
7.36159
7.3453
7.34833
7.34153
7.34654
7.34012
7.35414
7.34478
7.34972
7.3435
7.31816
7.30595
7.30704
7.34505
7.34434
7.32526
7.33067
7.32887
7.34744
7.3401
7.33485
7.3347
7.34424
7.33993
7.33971
7.33471
7.3437
7.35279
7.34892
7.36151
7.32503
7.31803
7.33368
7.33252
7.32753
7.34804
7.33959
7.35697
7.35836
7.35733
7.31219
7.32518
7.30664
7.31834
7.33172
7.32131
7.32378
7.32756
7.34063
7.32903
7.332
7.3357
7.32776
7.33824
7.33899
7.34359
7.35265
7.33669
7.34306
7.33297
7.33175
7.3413
7.34066
7.33955
7.33696
7.33674
7.34487
7.34366
7.34515
7.34093
7.3513
7.35429
7.34405
7.34189
7.34158
7.35024
7.3458
7.34927
7.35978
7.37352
7.36411
7.36749
7.37956
7.37652
7.38584
7.35072
7.35253
7.3475
7.35212
7.34611
7.35801
7.34981
7.35384
7.34798
7.36296
7.33854
7.34629
7.37377
7.37347
7.34423
7.35244
7.35866
7.36413
7.34757
7.34412
7.34379
7.35006
7.34713
7.34682
7.35443
7.36865
7.3674
7.35339
7.36938
7.33914
7.33597
7.34387
7.34473
7.34276
7.36433
7.36774
7.36465
7.37063
7.37152
7.33773
7.34713
7.33712
7.33772
7.34625
7.34255
7.34219
7.34628
7.34673
7.35362
7.34251
7.35149
7.35406
7.36898
7.34674
7.36364
7.36967
7.3449
7.34527
7.34661
7.34581
7.34784
7.35075
7.35025
7.34986
7.35131
7.35492
7.35475
7.35562
7.35156
7.35648
7.35763
7.35517
7.34941
7.35601
7.35874
7.35266
7.36116
7.3714
7.38164
7.36858
7.37218
7.38075
7.39073
7.3922
7.35389
7.35495
7.35106
7.35502
7.349
7.36084
7.35132
7.3558
7.34908
7.37872
7.34749
7.35421
7.38774
7.38188
7.34957
7.35394
7.36485
7.36302
7.35188
7.34911
7.34891
7.35327
7.35048
7.35037
7.34991
7.36453
7.36416
7.34625
7.35916
7.34902
7.34762
7.35018
7.35193
7.35071
7.37468
7.37015
7.35651
7.37057
7.36334
7.3529
7.35502
7.34665
7.35144
7.34774
7.3491
7.34878
7.35376
7.34775
7.37356
7.35235
7.36294
7.3649
7.3717
7.35716
7.36861
7.36872
7.34668
7.34909
7.35321
7.35332
7.35019
7.35481
7.35545
7.35737
7.35877
7.35905
7.35626
7.36043
7.35715
7.358
7.35812
7.36165
7.35515
7.36448
7.36279
7.3573
7.36586
7.37113
7.37802
7.36606
7.36937
7.37457
7.38996
7.38408
7.35585
7.35655
7.35087
7.35612
7.34864
7.36113
7.35023
7.35593
7.34837
7.38179
7.35207
7.35077
7.38848
7.37769
7.3541
7.34704
7.36036
7.35736
7.3545
7.3515
7.35136
7.35568
7.35222
7.35206
7.34296
7.35415
7.3546
7.33871
7.34903
7.35373
7.35273
7.35351
7.35472
7.35439
7.36758
7.35738
7.34637
7.36246
7.35038
7.35609
7.35695
7.35017
7.35398
7.34678
7.35338
7.35054
7.35371
7.34473
7.36881
7.36123
7.37573
7.35581
7.36157
7.37179
7.37115
7.35646
7.35027
7.35191
7.35568
7.35659
7.35482
7.35468
7.35538
7.35311
7.35986
7.36002
7.35275
7.35952
7.36217
7.35815
7.35828
7.36313
7.35882
7.36576
7.36283
7.36003
7.36494
7.36588
7.3706
7.36324
7.3633
7.3658
7.37591
7.36769
7.35687
7.3569
7.35062
7.35541
7.34852
7.35759
7.35206
7.35467
7.34896
7.37076
7.35413
7.3412
7.36914
7.36264
7.35309
7.33985
7.35502
7.35374
7.35662
7.35296
7.35262
7.35729
7.35392
7.35338
7.33895
7.34442
7.34996
7.34097
7.34072
7.3552
7.35522
7.35496
7.35557
7.35558
7.35009
7.3453
7.33474
7.34019
7.3446
7.35732
7.35724
7.35158
7.35423
7.34314
7.35747
7.35383
7.35613
7.34372
7.35539
7.375
7.36701
7.35373
7.35026
7.37044
7.3629
7.34765
7.35483
7.35735
7.35349
7.35607
7.35968
7.34904
7.35331
7.35761
7.35963
7.35892
7.36109
7.35839
7.36964
7.35862
7.35922
7.3627
7.3607
7.36349
7.36258
7.3621
7.36308
7.36288
7.36207
7.36047
7.361
7.358
7.36057
7.35119
7.35678
7.35686
7.35393
7.35439
7.35008
7.35618
7.35564
7.35481
7.35166
7.35659
7.35024
7.34188
7.35038
7.35416
7.35044
7.3468
7.35384
7.35523
7.3576
7.35512
7.35443
7.35765
7.35639
7.35564
7.35176
7.35102
7.35387
7.36162
7.36344
7.35599
7.35572
7.35634
7.35661
7.35605
7.34163
7.34712
7.34729
7.35123
7.34726
7.35743
7.35795
7.35509
7.35775
7.34571
7.35925
7.3569
7.35862
7.35074
7.34911
7.36498
7.35946
7.34982
7.34927
7.35799
7.3565
7.34974
7.35791
7.3579
7.34479
7.34866
7.35341
7.3426
7.34584
7.35754
7.35354
7.33711
7.34836
7.34215
7.35498
7.36006
7.36146
7.36368
7.36345
7.36391
7.36534
7.36609
7.3664
7.35774
7.35572
7.36157
7.35984
7.35725
7.34776
7.35155
7.35712
7.35795
7.35686
7.35525
7.35354
7.36037
7.35859
7.35623
7.35543
7.35441
7.35401
7.35196
7.34961
7.35182
7.35822
7.35517
7.3574
7.35661
7.35756
7.35747
7.35679
7.35741
7.35814
7.35758
7.36034
7.36484
7.36946
7.3596
7.36335
7.3574
7.35663
7.35783
7.35793
7.35792
7.35414
7.3455
7.34824
7.35126
7.34366
7.35846
7.3586
7.35847
7.35938
7.35535
7.35888
7.3591
7.35964
7.35916
7.35212
7.35147
7.35575
7.34649
7.35699
7.34783
7.35553
7.3533
7.35631
7.35702
7.34238
7.34229
7.35789
7.34512
7.34789
7.33977
7.32693
7.32019
7.33547
7.32462
7.34038
7.3637
7.36588
7.36713
7.36783
7.36913
7.36907
7.36934
7.36997
7.36297
7.36251
7.36594
7.36462
7.36712
7.35986
7.36663
7.35899
7.36001
7.36024
7.3583
7.35746
7.36282
7.36191
7.35961
7.35915
7.36045
7.36416
7.36198
7.36937
7.37117
7.36963
7.36861
7.36368
7.37329
7.35742
7.35835
7.35796
7.35759
7.35827
7.35802
7.35995
7.36221
7.36401
7.36043
7.36208
7.35823
7.35906
7.35837
7.35833
7.35982
7.3507
7.34957
7.35248
7.35377
7.35899
7.35897
7.35922
7.35881
7.36003
7.36348
7.35836
7.35881
7.35997
7.36349
7.3606
7.347
7.35522
7.3462
7.36069
7.34749
7.35511
7.3644
7.36318
7.36567
7.35094
7.34856
7.35823
7.35415
7.35136
7.33532
7.3294
7.33412
7.33921
7.33744
7.34276
7.36387
7.36033
7.3694
7.37088
7.36973
7.36856
7.3706
7.36804
7.36461
7.3694
7.36597
7.36341
7.36894
7.36917
7.36946
7.36034
7.36124
7.36183
7.36046
7.35993
7.36125
7.35976
7.36072
7.35922
7.37411
7.36858
7.36822
7.36943
7.36971
7.36475
7.36252
7.3745
7.36749
7.35826
7.35812
7.35831
7.35967
7.35811
7.35823
7.36008
7.36193
7.36178
7.35904
7.36134
7.35838
7.36016
7.35858
7.35852
7.36035
7.35696
7.36105
7.35886
7.35853
7.35994
7.35927
7.35927
7.35812
7.35885
7.36144
7.35775
7.35685
7.35823
7.3589
7.35916
7.34886
7.35534
7.3466
7.35761
7.3502
7.35548
7.36106
7.36207
7.35941
7.35504
7.35102
7.35667
7.35357
7.34756
7.34426
7.34098
7.34602
7.34884
7.34606
7.34876
7.35851
7.35862
7.36683
7.36916
7.36551
7.36481
7.36459
7.3626
7.36179
7.36734
7.36342
7.36078
7.36619
7.36633
7.36362
7.36205
7.3622
7.35659
7.36056
7.35752
7.35763
7.35425
7.3603
7.35594
7.36548
7.36229
7.35849
7.36213
7.36132
7.35948
7.35569
7.36159
7.35762
7.36063
7.35824
7.35864
7.36154
7.35858
7.35948
7.35864
7.36058
7.35697
7.35634
7.35839
7.35841
7.36054
7.35897
7.35812
7.36131
7.35881
7.35872
7.35921
7.35856
7.35773
7.35946
7.36014
7.35588
7.35801
7.35757
7.35755
7.3547
7.35824
7.35658
7.35687
7.35152
7.35615
7.34924
7.35641
7.35261
7.35684
7.35863
7.35813
7.3578
7.35362
7.35264
7.35788
7.35711
7.35913
7.35259
7.35921
7.35734
7.35617
7.36543
7.35427
7.35928
7.35957
7.363
7.36408
7.36038
7.36096
7.36506
7.35877
7.36136
7.36542
7.36449
7.36311
7.36479
7.36241
7.36225
7.36149
7.36052
7.35354
7.35971
7.35408
7.35654
7.35301
7.35886
7.35293
7.35876
7.35779
7.35447
7.35952
7.35783
7.35617
7.35377
7.35556
7.35452
7.3622
7.35914
7.3601
7.36235
7.36075
7.36086
7.35386
7.3557
7.35496
7.35169
7.35345
7.35929
7.36243
7.36204
7.36131
7.36281
7.35783
7.35688
7.35993
7.35728
7.35549
7.36118
7.36192
7.35361
7.35878
7.35629
7.35903
7.35253
7.35914
7.35593
7.35625
7.35344
7.35762
7.35222
7.35643
7.35435
7.35843
7.35827
7.35802
7.35828
7.35893
7.36074
7.35914
7.3593
7.35979
7.35828
7.36285
7.36011
7.35977
7.36141
7.35883
7.35837
7.3579
7.36018
7.36231
7.35823
7.35945
7.36037
7.35781
7.36514
7.36522
7.36539
7.36677
7.36641
7.36213
7.36239
7.36008
7.35986
7.35331
7.35834
7.35216
7.35778
7.3544
7.35836
7.35237
7.3573
7.35518
7.35346
7.35834
7.35635
7.35438
7.35265
7.35371
7.3529
7.36261
7.36175
7.36124
7.36236
7.36112
7.35973
7.35103
7.35212
7.35217
7.34976
7.3509
7.36294
7.36324
7.36386
7.36365
7.36401
7.356
7.35359
7.35512
7.35394
7.35344
7.36193
7.36205
7.35187
7.35939
7.35603
7.36006
7.35204
7.3591
7.35631
7.3568
7.3559
7.35958
7.35563
7.35758
7.35736
7.36073
7.35899
7.35899
7.35882
7.35992
7.36055
7.36217
7.36087
7.36252
7.3615
7.36186
7.36093
7.36368
7.36277
7.36247
7.36129
7.36335
7.35954
7.36138
7.35817
7.36131
7.36403
7.36028
7.3676
7.36575
7.36757
7.36863
7.36457
7.36275
7.36201
7.36101
7.36378
7.35654
7.35937
7.35346
7.36502
7.36042
7.36128
7.35571
7.35555
7.35276
7.35161
7.35935
7.35656
7.35305
7.35287
7.3518
7.35123
7.36323
7.36054
7.35851
7.36501
7.36258
7.35947
7.3488
7.34977
7.35089
7.34895
7.35004
7.36337
7.36543
7.36273
7.36168
7.36483
7.35268
7.35419
7.35367
7.3526
7.35361
7.36193
7.36219
7.35176
7.35901
7.3566
7.36006
7.35263
7.35948
7.35802
7.3588
7.35895
7.36199
7.35959
7.36052
7.36053
7.36332
7.35973
7.35779
7.36122
7.36275
7.36468
7.36331
7.36429
7.36641
7.36573
7.36407
7.36205
7.36731
7.36567
7.36551
7.36533
7.36833
7.36412
7.36713
7.36339
7.36745
7.37031
7.36794
7.37048
7.365
7.37362
7.37374
7.36588
7.36212
7.36277
7.36763
7.37219
7.36424
7.36405
7.35824
7.37482
7.36723
7.36785
7.3617
7.35583
7.35269
7.35406
7.35894
7.35726
7.35339
7.35484
7.35292
7.35554
7.36769
7.36701
7.36277
7.37065
7.37209
7.36702
7.35034
7.35183
7.35221
7.35244
7.35459
7.36078
7.36448
7.36538
7.36234
7.36503
7.35376
7.35463
7.35491
7.35557
7.35665
7.36312
7.36472
7.35334
7.3599
7.35878
7.36056
7.35419
7.35974
7.36061
7.36217
7.36244
7.36456
7.36325
7.36399
7.36387
7.36553
7.36255
7.36354
7.36287
7.36527
7.36774
7.36563
7.36611
7.36849
7.36846
7.36727
7.36426
7.36943
7.36804
7.36787
7.36963
7.36989
7.37229
7.37341
7.37262
7.3757
7.3753
7.37569
7.37606
7.37014
7.37722
7.37728
7.37342
7.36528
7.36725
7.3765
7.37979
7.36856
7.37207
7.36604
7.37806
7.36947
7.37523
7.36909
7.36
7.35491
7.35587
7.35963
7.36206
7.35643
7.35783
7.35786
7.35985
7.37323
7.37614
7.37061
7.37556
7.3787
7.37367
7.35425
7.35741
7.35454
7.35558
7.35984
7.36544
7.36697
7.37127
7.3687
7.37054
7.35745
7.35841
7.35644
7.35897
7.36025
7.36734
7.37059
7.35622
7.36245
7.36172
7.3651
7.35967
7.36735
7.36364
7.36575
7.36516
7.36666
7.36624
7.36672
7.36595
7.36744
7.36529
7.36337
7.36569
7.36751
7.37016
7.36846
7.36954
7.37177
7.37037
7.36904
7.36682
7.37085
7.3702
7.36903
7.37195
7.37415
7.3775
7.37532
7.37736
7.37699
7.37646
7.37755
7.37653
7.37359
7.37643
7.37506
7.37233
7.36739
7.36733
7.38217
7.38367
7.37218
7.37693
7.37199
7.38158
7.37082
7.38084
7.37576
7.36375
7.35728
7.35943
7.36095
7.36475
7.35863
7.36119
7.36119
7.36213
7.37884
7.38119
7.37715
7.38132
7.38235
7.38021
7.35639
7.3611
7.35663
7.35679
7.36145
7.37223
7.37503
7.37666
7.37435
7.37812
7.35969
7.36099
7.35619
7.35953
7.36103
7.37417
7.3777
7.3648
7.37192
7.36661
7.37178
7.36964
7.37638
7.37051
7.36707
7.36645
7.36794
7.36747
7.36665
7.36629
7.36778
7.36586
7.36956
7.37367
7.37187
7.37303
7.37249
7.37266
7.37343
7.37107
7.37109
7.36917
7.37093
7.37122
7.36918
7.37689
7.38021
7.37616
7.37789
7.37746
7.37636
7.37904
7.37734
7.37407
7.37088
7.37384
7.37234
7.36883
7.36604
7.36373
7.38607
7.38677
7.37569
7.38439
7.37783
7.38582
7.38089
7.38719
7.38137
7.36455
7.35946
7.36107
7.35896
7.36518
7.35957
7.35989
7.36196
7.36098
7.38583
7.38292
7.38387
7.3911
7.38614
7.38599
7.35638
7.36004
7.35515
7.35457
7.3582
7.37831
7.37982
7.38395
7.38271
7.38222
7.35811
7.35999
7.35309
7.35599
7.35856
7.37983
7.38181
7.37213
7.38002
7.37409
7.37826
7.37302
7.38125
7.37646
7.36561
7.36551
7.36679
7.36543
7.36338
7.3645
7.36528
7.36267
7.37597
7.37717
7.37374
7.37389
7.37301
7.37383
7.37354
7.37041
7.37105
7.36895
7.36934
7.37046
7.36754
7.38233
7.38265
7.37593
7.37962
7.37682
7.37413
7.37916
7.37591
7.37022
7.36685
7.36894
7.36784
7.36485
7.36166
7.35979
7.39141
7.39439
7.38382
7.39017
7.38355
7.38965
7.38407
7.39117
7.38356
7.36405
7.35886
7.35898
7.35685
7.36176
7.35718
7.3574
7.35968
7.3583
7.39174
7.38836
7.38723
7.39095
7.38785
7.38708
7.35204
7.35499
7.34986
7.34821
7.35159
7.3848
7.38367
7.38711
7.3847
7.38307
7.35296
7.35587
7.34737
7.34977
7.35286
7.38256
7.38138
7.37251
7.38067
7.37703
7.37752
7.37186
7.37932
7.37577
7.36023
7.36268
7.36279
7.35975
7.35655
7.36075
7.35992
7.35571
7.37774
7.37617
7.37321
7.37269
7.37231
7.37214
7.37143
7.36802
7.36934
7.36664
7.36627
7.3679
7.36357
7.38204
7.38126
7.37247
7.37823
7.37491
7.37147
7.37718
7.37377
7.36532
7.36273
7.36505
7.36303
7.36114
7.35837
7.35739
7.39161
7.38878
7.38284
7.38941
7.38229
7.38614
7.38143
7.38705
7.38095
7.35844
7.3551
7.35526
7.35463
7.35521
7.35249
7.35209
7.35581
7.35285
7.38903
7.38642
7.38577
7.38716
7.38518
7.38444
7.3437
7.3467
7.34083
7.33866
7.34142
7.38339
7.38185
7.38341
7.38191
7.38051
7.34515
7.34855
7.33785
7.33959
7.34292
7.3796
7.37825
7.37126
7.37732
7.37451
7.37576
7.37072
7.37581
7.37317
7.35195
7.358
7.35603
7.35242
7.34633
7.35492
7.35185
7.3453
7.3745
7.37347
7.37036
7.37015
7.37048
7.36946
7.36921
7.36429
7.36619
7.36332
7.36224
7.36456
7.35797
7.38084
7.38117
7.37105
7.37656
7.37302
7.37152
7.37686
7.3733
7.36254
7.36019
7.36425
7.36318
7.36013
7.35644
7.35569
7.38701
7.38656
7.38045
7.38531
7.37979
7.38449
7.38026
7.38484
7.37935
7.35154
7.34946
7.34761
7.35057
7.34757
7.34529
7.34211
7.34716
7.34016
7.3862
7.38463
7.38376
7.38641
7.38516
7.384
7.33164
7.33353
7.32624
7.32203
7.32423
7.38101
7.37973
7.38215
7.38107
7.38004
7.33175
7.33599
7.32114
7.32204
7.32624
7.37799
7.37899
7.37131
7.37539
7.37313
7.37688
7.37255
7.37582
7.3736
7.33935
7.35081
7.3465
7.34118
7.33076
7.3458
7.34018
7.32946
7.37343
7.37407
7.36887
7.36892
7.3712
7.36872
7.36891
7.3601
7.36291
7.36023
7.35824
7.36157
7.35073
7.38245
7.3849
7.37308
7.37829
7.37488
7.3765
7.38081
7.37784
7.36482
7.3606
7.36908
7.36774
7.36149
7.35473
7.35363
7.38835
7.39157
7.38111
7.38564
7.38023
7.38842
7.38309
7.38793
7.38228
7.34261
7.34034
7.33471
7.34426
7.33638
7.33439
7.32541
7.32992
7.31787
7.38777
7.38687
7.38552
7.39031
7.38954
7.38815
7.3094
7.31065
7.29964
7.29164
7.29377
7.38247
7.38152
7.38663
7.38527
7.38396
7.30827
7.31407
7.28967
7.29075
7.29727
7.38105
7.38401
7.37433
7.37732
7.37539
7.38158
7.37652
7.37987
7.37795
7.32146
7.34005
7.33273
7.32441
7.31056
7.33284
7.3239
7.30627
7.37537
7.37743
7.3691
7.3695
7.37381
7.36939
7.37
7.35641
7.36043
7.35774
7.35405
7.35941
7.34099
7.38832
7.39285
7.38053
7.38483
7.38189
7.38488
7.39007
7.38664
7.37067
7.36276
7.3755
7.37359
7.36455
7.35126
7.3486
7.39412
7.397
7.38603
7.39111
7.38537
7.39574
7.39005
7.39458
7.39005
7.32903
7.32794
7.31339
7.33487
7.31958
7.3209
7.29835
7.30044
7.27985
7.39317
7.39281
7.39172
7.39651
7.39657
7.39571
7.26664
7.26735
7.24446
7.22645
7.22995
7.38903
7.38794
7.39616
7.39387
7.39306
7.26235
7.27513
7.22411
7.22716
7.24454
7.38758
7.39238
7.37929
7.38352
7.38123
7.3896
7.38231
7.38839
7.38586
7.29832
7.32454
7.31285
7.3021
7.28073
7.31577
7.29997
7.2685
7.38015
7.3843
7.3705
7.37155
7.3787
7.37266
7.37378
7.352
7.35897
7.35651
7.34998
7.35896
7.32893
7.39859
7.40524
7.39074
7.39569
7.39234
7.39753
7.40223
7.39877
7.37723
7.3679
7.38544
7.38163
7.37139
7.34557
7.34309
7.402
7.4083
7.39539
7.39884
7.39588
7.4067
7.40203
7.40479
7.40143
7.30935
7.31172
7.27801
7.32255
7.29485
7.30237
7.25271
7.25112
7.21552
7.40125
7.40134
7.40031
7.40713
7.40696
7.40568
7.1723
7.17047
7.13155
7.07974
7.08013
7.39935
7.39924
7.4074
7.40585
7.40742
7.15734
7.19748
7.07533
7.07751
7.13195
7.39901
7.40705
7.38616
7.39499
7.39237
7.40362
7.39253
7.40417
7.40108
7.25879
7.30602
7.28382
7.27481
7.23105
7.29602
7.26549
7.1957
7.39029
7.3985
7.37732
7.37861
7.39206
7.38451
7.38559
7.34891
7.36017
7.35935
7.34921
7.3635
7.31691
7.41343
7.42305
7.4053
7.40999
7.4062
7.41479
7.41874
7.41414
7.3863
7.37415
7.39908
7.3914
7.37747
7.3418
7.34125
7.4156
7.4263
7.41006
7.41292
7.40733
7.42351
7.42003
7.42378
7.41465
7.27523
7.29196
7.21888
7.30893
7.25129
7.27587
7.17906
7.16299
7.09406
7.41505
7.4154
7.41417
7.42534
7.42735
7.42551
6.94942
6.90699
6.87524
6.71944
6.6027
7.41543
7.41795
7.42864
7.42848
7.43477
6.8877
7.03018
6.73584
6.60988
6.87142
7.41862
7.43739
7.4024
7.41729
7.41381
7.43443
7.41682
7.43546
7.42974
7.19688
7.28618
7.24405
7.24618
7.15027
7.27727
7.21943
7.05897
7.41121
7.42615
7.39415
7.39555
7.41731
7.40768
7.40942
7.35358
7.3705
7.37573
7.36214
7.38121
7.31328
7.43369
7.44568
7.42583
7.42837
7.42231
7.43737
7.43911
7.43032
7.39667
7.38188
7.4157
7.40247
7.38702
7.34203
7.34325
7.43979
7.45308
7.43132
7.4362
7.42485
7.44899
7.44313
7.44708
7.43543
7.22727
7.25047
7.12645
7.28891
7.20421
7.22554
7.05382
6.98397
6.82703
7.43885
7.442
7.43738
7.45105
7.45484
7.4469
6.40909
5.60988
6.18914
5.98956
3.66332
7.44159
7.453
7.45552
7.45789
7.47436
5.64932
6.61366
6.06543
3.84387
6.16275
7.46044
7.48515
7.43479
7.45832
7.45036
7.48543
7.45431
7.49038
7.47783
7.09081
7.27097
7.19009
7.22152
7.01504
7.26959
7.16353
6.77123
7.44743
7.47451
7.42472
7.42767
7.46038
7.44794
7.45074
7.37386
7.39588
7.408
7.38948
7.41617
7.3258
7.4575
7.46868
7.44954
7.44948
7.43825
7.46074
7.45882
7.44675
7.40903
7.394
7.43445
7.41623
7.40354
7.3467
7.35315
7.46388
7.47241
7.45401
7.45752
7.4433
7.47318
7.46459
7.46704
7.45345
7.17983
7.19958
6.97256
7.27553
7.16479
7.17013
6.90016
6.5303
6.05988
7.4603
7.46357
7.45181
7.46529
7.45851
7.44957
5.64369
2.41292
4.29015
-1.5809
5.35375
2.46176
-4.06367
-1.50574
-2.06427
-0.531503
-1.29717
-0.707907
7.47071
7.49226
7.46482
7.46427
7.50049
2.67672
5.45622
5.48447
2.53101
4.27392
-1.35497
-1.35374
-1.31684
-0.668371
-1.9638
-0.499634
7.51824
7.54503
7.47898
7.53537
7.51435
7.56557
7.50751
7.58814
7.55515
6.93235
7.27562
7.13851
7.21658
6.87227
7.28543
7.1321
6.01758
7.51218
7.55617
7.47657
7.4795
7.53894
7.51601
7.51755
7.4086
7.44136
7.45784
7.43184
7.47286
7.36655
7.47969
7.49296
7.4706
7.46807
7.45577
7.48221
7.47935
7.46684
7.42363
7.41467
7.45751
7.43361
7.42745
7.36413
7.38225
7.47871
7.48868
7.47565
7.47697
7.46192
7.49987
7.48928
7.49064
7.46959
7.15796
7.17419
6.86346
7.29501
7.16827
7.19488
6.73543
5.97242
5.81843
0.974546
0.746006
1.38036
7.4675
7.44816
7.44186
7.47439
7.44385
7.43927
0.83025
5.62606
3.29985
5.30185
2.4557
5.67661
3.75012
0.0949619
0.381279
-0.133399
0.538575
0.306418
1.0133
0.130356
7.45147
7.484
7.45968
7.45653
7.49761
3.28399
4.93926
1.06358
5.64151
3.83352
5.3441
2.69157
-0.0695296
0.129752
0.350046
1.15091
0.282672
0.903276
0.376422
7.55292
7.55919
7.54365
7.61479
7.59261
7.58552
7.57961
7.62164
7.63547
6.83877
7.30649
7.1475
7.30689
6.81212
7.34065
7.18104
5.75887
1.05031
1.29883
1.68646
7.60235
7.64992
7.55818
7.56124
7.63733
7.61281
7.60438
7.46233
7.51306
7.54103
7.50855
7.56454
7.43569
7.50903
7.53114
7.49551
7.49315
7.48119
7.51285
7.51268
7.49913
7.44937
7.44478
7.49341
7.47024
7.46683
7.40911
7.43765
7.51026
7.54371
7.50761
7.51436
7.48368
7.5447
7.53101
7.54904
7.50645
7.20251
7.21215
6.78637
7.35282
7.26417
7.24218
6.93031
6.2944
2.49549
6.5905
3.00491
1.48901
1.09876
1.92208
2.39973
7.49327
7.45871
7.45402
7.52075
7.48317
7.48217
3.61925
5.616
4.03975
5.92739
3.92378
5.63841
4.16465
0.52886
1.50566
0.368545
1.81653
1.04889
1.56555
0.4799
7.46979
7.50985
7.48285
7.47614
7.52168
4.16455
5.75104
3.73222
5.62245
4.23836
5.61465
3.42389
0.530353
1.8681
0.845149
1.68471
0.508506
1.67334
1.04384
7.55976
7.56196
7.57335
7.61907
7.63957
7.57208
7.56326
7.61106
7.62185
6.88649
7.37858
7.24789
7.32154
7.00217
7.41721
7.32421
3.04428
6.35699
2.15182
2.55915
1.80141
2.00899
7.66055
7.64931
7.64339
7.63336
7.63782
7.64032
7.63817
7.55799
7.61942
7.614
7.60536
7.64103
7.51897
7.55294
7.56681
7.53182
7.53309
7.51898
7.55304
7.55062
7.53961
7.49814
7.49899
7.55029
7.53213
7.53851
7.47068
7.51095
7.57686
7.58115
7.55755
7.56871
7.52903
7.58729
7.56701
7.57388
7.53406
7.31452
7.27875
7.03252
7.43374
7.38655
7.33175
7.25016
6.66231
2.90613
6.91799
1.47375
2.15806
7.54808
7.51654
7.51627
7.56615
7.54277
7.53597
3.62735
5.98544
4.31965
5.97742
2.50093
6.18598
4.2304
1.19004
1.43879
0.281207
0.882558
1.59776
0.944681
0.614742
7.49142
7.53515
7.53541
7.51557
7.54863
4.27311
5.87808
2.99785
6.05806
3.90338
5.9262
2.31476
0.287093
1.44187
1.06466
0.781959
0.668807
0.632828
1.47355
7.56848
7.57817
7.55298
7.60479
7.60277
7.56783
7.55169
7.60379
7.59881
7.2717
7.50348
7.44412
7.40542
7.35847
7.55327
7.49693
6.9868
7.62983
7.62772
7.6351
7.64066
7.61571
7.6169
7.63304
7.63029
7.63584
7.59189
7.61125
7.61974
7.59913
7.57222
7.56868
7.56686
7.55858
7.55402
7.57068
7.56488
7.56248
7.55788
7.56318
7.57114
7.57104
7.56194
7.5279
7.516
7.57334
7.56876
7.56382
7.56237
7.52341
7.57053
7.55456
7.55249
7.51431
7.40991
7.36684
7.31373
7.45836
7.41556
7.40315
7.35351
7.25334
7.32446
7.57033
7.55394
7.54336
7.56578
7.56378
7.54601
6.62974
4.61885
7.15591
7.10944
6.19037
-1.47171
-0.256487
7.52903
7.55718
7.55766
7.52883
7.56077
4.59276
6.88202
6.92311
6.23327
7.22249
-0.182301
7.58503
7.58808
7.54882
7.60496
7.59434
7.5666
7.54472
7.60446
7.59378
7.49512
7.57537
7.55512
7.46559
7.49684
7.56789
7.56021
7.5129
7.62298
7.62553
7.61862
7.6425
7.6115
7.60861
7.64585
7.62071
7.62089
7.58207
7.61394
7.61079
7.60566
7.56237
7.55274
7.56511
7.55921
7.55572
7.54735
7.54649
7.53789
7.56143
7.53604
7.54026
7.5328
7.50705
7.48965
7.45803
7.56716
7.56159
7.54539
7.54674
7.51077
7.55462
7.53408
7.5369
7.50056
7.39512
7.39724
7.35228
7.4153
7.37737
7.37607
7.33962
7.34825
7.32728
7.55875
7.57013
7.54482
7.54839
7.5648
7.53833
7.21806
7.0543
7.27332
7.24807
7.25866
7.52436
7.56037
7.55409
7.5154
7.55167
7.09055
7.28739
7.24457
7.31264
7.34179
7.58706
7.57879
7.53214
7.59704
7.58428
7.54692
7.51587
7.58698
7.57243
7.4881
7.54835
7.54366
7.42507
7.47302
7.52064
7.52728
7.47884
7.61695
7.60379
7.59538
7.62678
7.5846
7.57623
7.62107
7.59884
7.59208
7.54797
7.582
7.57969
7.57283
7.53825
7.51944
7.5233
7.52902
7.51492
7.49942
7.50759
7.4909
7.50329
7.47857
7.48493
7.47646
7.45308
7.42938
7.40788
7.54935
7.52937
7.51686
7.52007
7.48133
7.52275
7.49534
7.4959
7.45546
7.34971
7.3558
7.31675
7.36947
7.33326
7.33441
7.29759
7.31313
7.30392
7.53344
7.55133
7.52307
7.51219
7.53005
7.49955
7.22109
7.2542
7.27358
7.2239
7.26073
7.49803
7.53348
7.51771
7.47152
7.50134
7.29435
7.31918
7.23251
7.31991
7.30097
7.55944
7.52729
7.48445
7.56031
7.54046
7.48226
7.44386
7.52735
7.50753
7.43222
7.48718
7.48794
7.35367
7.39689
7.44854
7.45248
7.39871
7.57973
7.54668
7.54998
7.58132
7.52059
7.51444
7.55837
7.54903
7.543
7.4822
7.51602
7.51568
7.50317
7.49719
7.47565
7.47791
7.48649
7.46803
7.46217
7.46757
7.45009
7.45511
7.43389
7.45292
7.4405
7.42284
7.39573
7.39343
7.50341
7.47535
7.47012
7.46596
7.42504
7.46916
7.4461
7.43674
7.39601
7.32305
7.32453
7.28828
7.35594
7.32676
7.32035
7.28676
7.29409
7.29992
7.48367
7.50166
7.46724
7.45072
7.46435
7.42943
7.21105
7.24951
7.27224
7.22253
7.26062
7.4348
7.45467
7.4396
7.38766
7.39108
7.28524
7.2713
7.22879
7.28479
7.25654
7.47916
7.41007
7.38138
7.47388
7.44991
7.36474
7.30969
7.41055
7.38812
7.35548
7.40797
7.41263
7.27944
7.32686
7.37433
7.37988
7.33642
7.4999
7.44136
7.47284
7.50425
7.41768
7.4236
7.46118
7.47759
7.47263
7.40316
7.44089
7.43507
7.42841
7.46155
7.45667
7.45473
7.4561
7.44075
7.45632
7.45388
7.44109
7.43577
7.42174
7.45604
7.44056
7.42938
7.40042
7.41519
7.44492
7.41795
7.4265
7.41152
7.37373
7.4285
7.41696
7.39192
7.36526
7.34237
7.3298
7.3006
7.38138
7.36632
7.34333
7.32445
7.31916
7.34272
7.41735
7.4141
7.3919
7.38682
7.36792
7.35786
7.24878
7.28541
7.32225
7.28417
7.31666
7.33096
7.31304
7.3189
7.26957
7.23387
7.29971
7.25216
7.29669
7.31987
7.28039
7.32184
7.21923
7.21614
7.32842
7.30927
7.18674
7.10434
7.24026
7.22067
7.30901
7.34758
7.35849
7.24889
7.31262
7.33955
7.3513
7.3367
7.37647
7.30383
7.37451
7.40717
7.31341
7.34071
7.36203
7.40403
7.39769
7.34498
7.38734
7.37139
7.38433
7.46169
7.47557
7.46571
7.46227
7.45141
7.48431
7.47864
7.46957
7.45413
7.44499
7.49107
7.47405
7.46754
7.43719
7.46298
7.40165
7.39862
7.41861
7.38245
7.36666
7.43246
7.43088
7.3867
7.37682
7.39823
7.3657
7.35691
7.43402
7.43052
7.39394
7.39066
7.37992
7.41483
7.3658
7.33143
7.33404
7.36014
7.31203
7.31963
7.327
7.35911
7.39854
7.37139
7.40138
7.21899
7.169
7.21425
7.18608
7.10721
7.36014
7.32276
7.3951
7.40098
7.38271
7.1409
7.0671
6.99255
7.15931
7.14622
7.01486
6.90626
7.0822
7.08969
7.33302
7.35367
7.36524
7.30628
7.37113
7.39495
7.40116
7.40752
7.24099
7.19837
7.32427
7.33404
7.27976
7.33397
7.3277
7.39189
7.37176
7.37363
7.41655
7.39566
7.42161
7.4974
7.5215
7.50643
7.49929
7.493
7.5289
7.52222
7.51642
7.49793
7.49479
7.53825
7.52117
7.51805
7.4951
7.52035
7.40836
7.42798
7.45224
7.40361
7.39614
7.47313
7.47738
7.43065
7.42388
7.47123
7.42664
7.43013
7.49748
7.50362
7.45722
7.46439
7.45686
7.49206
7.36945
7.31162
7.31935
7.39101
7.32844
7.3338
7.41691
7.4472
7.47906
7.45922
7.4915
7.1673
7.07436
7.18511
7.16115
7.06431
7.45213
7.44452
7.49566
7.4949
7.51059
7.02028
6.99425
6.87364
7.03101
7.07584
6.9321
6.899
7.01424
7.1037
7.42688
7.45704
7.45994
7.42679
7.4929
7.54274
7.52893
7.5209
7.18957
7.23275
7.37279
7.36889
7.39804
7.45075
7.4554
7.46256
7.44855
7.5137
7.54781
7.53093
7.56719
7.5477
7.57817
7.55444
7.54829
7.54196
7.57373
7.5683
7.56073
7.54589
7.54368
7.58158
7.56259
7.56189
7.54714
7.57139
7.45663
7.50485
7.50776
7.46183
7.45629
7.55228
7.54419
7.50079
7.48833
7.52738
7.48415
7.49444
7.54689
7.55686
7.50641
7.53316
7.52491
7.55884
7.42593
7.37119
7.36794
7.4791
7.43851
7.42441
7.49533
7.53502
7.54642
7.54391
7.57686
7.17849
7.0276
7.34915
7.26949
7.10835
7.52538
7.5706
7.57855
7.55339
7.62135
6.93892
7.01922
6.98144
7.03896
7.17857
7.03443
7.14027
7.15615
7.34128
7.55386
7.62585
7.60735
7.55865
7.63881
7.70039
7.69524
7.66325
7.33725
7.52254
7.54347
7.56567
7.63542
7.6536
7.67218
7.64173
7.6274
7.71253
7.74266
7.72731
7.76807
7.57057
7.57558
7.56202
7.5542
7.55685
7.56007
7.56201
7.50166
7.54138
7.50412
7.50056
7.53637
7.49806
7.49284
7.53274
7.49332
7.50224
7.54215
7.51097
7.52277
7.55269
7.48183
7.44806
7.43024
7.45662
7.38718
7.36159
7.44173
7.36321
7.36326
7.45674
7.37879
7.40464
7.49109
7.4534
7.47288
7.54073
7.58725
7.31075
7.1847
7.23098
7.11595
7.1388
7.2581
7.19392
7.22956
7.3486
7.31659
7.36592
7.46231
7.45633
7.4884
7.57381
7.61461
7.08701
7.19862
7.26366
7.39479
7.34394
7.42157
7.49254
7.51058
7.56884
7.62376
7.64225
7.71412
7.71145
7.59705
7.70012
7.70978
7.77555
7.76781
146.702
152.336
146.729
147.482
143.15
150.473
146.31
133.149
137.045
126.231
138.388
122.886
132.171
123.213
159.589
182.244
171.625
160.119
157.903
176.019
162.697
149.46
164.226
157.136
154.816
145.671
157.45
147.898
131.746
147.435
138.493
134.992
128.369
138.444
129.712
124.841
131.185
125.361
125.795
125.354
125.029
123.757
185.276
196.4
192.511
184.228
176.903
186.487
182.501
165.496
184.649
171.015
161.999
151.368
168.304
152.299
142.655
155.876
142.285
139.898
130.402
139.314
128.925
125.274
132.079
125.848
125.823
123.606
126.896
124.798
171
189.109
168.414
169.361
150.342
169.013
149.53
142.094
151.736
139.904
140.564
128.944
139.107
131.934
132.685
143.187
134.031
108.878
115.143
125.339
116.494
108.734
120.166
115.729
104.33
98.2739
107.633
105.543
150.272
144.892
142.557
111.191
129.547
109.588
112.584
141.658
145.927
141.869
105.01
99.729
98.7569
92.3316
84.9227
86.2689
90.8533
14.1883
50.0758
32.6084
61.1157
90.087
88.5942
89.6131
69.0499
80.4649
70.0326
76.9479
77.7034
65.299
65.0996
11.5431
14.2587
22.4855
18.4413
51.9973
51.3531
42.9687
24.3733
13.9363
12.0689
8.15425
18.9462
8.03845
30.095
7.01633
6.93773
6.64795
8.06851
62.4149
48.4581
64.6832
23.039
22.3605
18.2492
26.8385
6.85877
7.28282
7.27768
7.35814
7.31181
7.04606
7.04015
6.9074
6.65841
6.52746
6.95265
7.02126
7.06381
7.14283
6.86847
7.20794
7.15704
7.11256
7.01099
7.12412
7.15266
7.17736
7.707
7.78539
6.95225
6.93336
6.93854
6.9772
7.23947
7.19431
7.18104
7.21984
7.19337
7.17921
7.16563
7.13397
7.09572
7.08259
7.1788
7.14416
7.15762
7.12604
7.07322
7.09058
7.09718
7.14504
7.10316
7.12299
7.09738
7.11654
7.03977
7.1295
7.13132
7.12349
7.05804
7.12401
7.20389
7.18067
7.16353
7.20683
7.1987
7.1824
7.17102
7.1502
7.15886
7.13341
7.18065
7.16722
7.17325
7.16074
7.13759
7.15507
7.14669
7.18162
7.16598
7.17163
7.16805
7.14086
7.09176
7.13396
7.14897
7.15134
7.1159
7.14435
7.18929
7.18601
7.17605
7.19887
7.18243
7.18873
7.18044
7.17695
7.18139
7.16692
7.17619
7.1664
7.18187
7.16018
7.17662
7.17126
7.17095
7.19166
7.18038
7.16835
7.17277
7.15526
7.12392
7.14598
7.16601
7.15709
7.12474
7.14235
7.17314
7.19212
7.17728
7.19458
7.17052
7.19243
7.16854
7.16272
7.18507
7.16315
7.19186
7.16015
7.19562
7.16725
7.17739
7.16578
7.17133
7.17756
7.1701
7.16252
7.16246
7.15958
7.11959
7.13492
7.17453
7.16218
7.10949
7.1271
7.17686
7.19093
7.16817
7.18615
7.17295
7.19743
7.16219
7.15921
7.2038
7.17195
7.21326
7.16495
7.21005
7.17984
7.16809
7.1628
7.16125
7.17784
7.17443
7.16849
7.17102
7.16717
7.10649
7.12597
7.18905
7.17646
7.11615
7.13758
7.17589
7.21377
7.16718
7.21217
7.18835
7.23725
7.17844
7.17747
7.22112
7.19424
7.24075
7.1954
7.23521
7.21261
7.19122
7.17879
7.18544
7.20727
7.21043
7.19283
7.20344
7.19539
7.14231
7.1593
7.21717
7.21765
7.17418
7.1912
7.21028
7.25515
7.1904
7.25723
7.22658
7.25981
7.20687
7.21433
7.2498
7.23117
7.26807
7.23007
7.26393
7.25013
7.23128
7.2061
7.22379
7.24164
7.25084
7.22038
7.24291
7.24422
7.21097
7.22505
7.25813
7.26998
7.24306
7.25258
7.23747
7.26595
7.22604
7.27404
7.24651
7.27639
7.24211
7.24659
7.28002
7.27441
7.29188
7.26004
7.29544
7.29464
7.26869
7.2333
7.26085
7.26294
7.28096
7.24386
7.27597
7.29377
7.27102
7.27621
7.29153
7.31416
7.29283
7.29432
7.25916
7.28676
7.25496
7.28318
7.27022
7.29553
7.26417
7.27115
7.31005
7.31177
7.31274
7.27777
7.32075
7.32202
7.28888
7.25089
7.28616
7.26929
7.29338
7.25546
7.29252
7.3269
7.30644
7.3086
7.30742
7.3321
7.31423
7.3204
7.27924
7.30211
7.269
7.28966
7.2848
7.30389
7.27162
7.28206
7.32684
7.32827
7.32306
7.28507
7.32918
7.32844
7.29535
7.25703
7.29465
7.2718
7.29537
7.25779
7.29563
7.3331
7.3139
7.32533
7.3044
7.32927
7.30876
7.32487
7.28979
7.30317
7.27497
7.28809
7.29537
7.30199
7.27914
7.28744
7.32843
7.32522
7.3276
7.29338
7.32722
7.32186
7.29015
7.25977
7.29394
7.27831
7.27752
7.26326
7.29069
7.3201
7.30067
7.31943
7.28044
7.30472
7.29149
7.31094
7.30008
7.30319
7.28405
7.29513
7.30417
7.30431
7.29077
7.29983
7.32493
7.31953
7.322
7.30631
7.31921
7.31727
7.26283
7.26825
7.28809
7.27343
7.26424
7.27249
7.28697
7.28529
7.28197
7.30285
7.23515
7.26446
7.27268
7.29597
7.30522
7.30523
7.29444
7.30092
7.30593
7.30489
7.29648
7.30855
7.31013
7.31044
7.31017
7.3087
7.30386
7.3064
7.27473
7.27508
7.28597
7.26785
7.28557
7.27218
7.28371
7.24942
7.26341
7.28729
7.22813
7.24594
7.25492
7.27297
7.30542
7.3035
7.29689
7.29766
7.30361
7.30109
7.29736
7.30417
7.30051
7.30256
7.30295
7.30194
7.29862
7.30108
7.29509
7.26525
7.27973
7.25786
7.30006
7.25736
7.27288
7.2483
7.2531
7.26412
7.26972
7.25174
7.25385
7.25789
7.29862
7.29734
7.29429
7.2895
7.29261
7.29261
7.29035
7.29964
7.29674
7.30059
7.29653
7.29757
7.29344
7.29969
7.29173
7.24723
7.26368
7.22219
7.27598
7.23525
7.25471
7.25643
7.25433
7.25076
7.2711
7.25756
7.25094
7.23733
7.2852
7.2875
7.28524
7.27992
7.27821
7.28317
7.28012
7.29542
7.28914
7.29772
7.28749
7.29266
7.2854
7.29566
7.2524
7.22166
7.24244
7.15909
7.22922
7.2059
7.22636
7.25174
7.24462
7.23758
7.23658
7.25114
7.23619
7.23855
7.27299
7.28047
7.27524
7.27698
7.27176
7.2789
7.2733
7.28956
7.28371
7.29158
7.2812
7.28583
7.2837
7.28561
7.2162
7.19571
7.21103
7.18745
7.20967
7.20859
7.19089
7.25854
7.23486
7.24865
7.23798
7.26006
7.23665
7.2663
7.27171
7.27767
7.27068
7.27845
7.2685
7.27778
7.27143
7.28104
7.28468
7.27712
7.28059
7.27948
7.28538
7.27191
7.2173
7.22866
7.1825
7.23615
7.24159
7.24698
7.19368
7.27072
7.24405
7.27577
7.27427
7.29148
7.24849
7.27684
7.26635
7.27658
7.2683
7.27507
7.26611
7.27596
7.26769
7.27833
7.28283
7.26618
7.27986
7.2789
7.27877
7.26294
7.2598
7.25276
7.21917
7.25963
7.26475
7.23994
7.24403
7.32683
7.24466
7.26809
7.30566
7.3603
7.23959
7.23974
7.26233
7.27634
7.26588
7.27447
7.25784
7.27867
7.26303
7.27883
7.27766
7.26686
7.2823
7.28031
7.28251
7.27561
7.24911
7.21905
7.2493
7.22714
7.22302
7.19353
7.24919
7.31192
7.24823
7.22198
7.22432
7.25005
7.25664
7.22145
7.26329
7.28321
7.26649
7.28337
7.2695
7.29041
7.27123
7.28337
7.29352
7.28854
7.29631
7.28806
7.30685
7.30106
7.20091
7.1813
7.24886
7.19798
7.17448
7.19063
7.24723
7.23027
7.26701
7.23597
7.22221
7.18541
7.27281
7.22796
7.28198
7.29799
7.28086
7.29507
7.28882
7.30542
7.29006
7.2953
7.31971
7.31395
7.31181
7.30075
7.32843
7.32238
7.15211
7.22267
7.26388
7.24649
7.17965
7.26863
7.29973
7.13092
7.27716
7.22121
7.21504
7.16508
7.30731
7.2592
7.29224
7.31061
7.29983
7.30836
7.29096
7.31218
7.30252
7.30783
7.33284
7.32803
7.31782
7.31202
7.33396
7.32945
7.26172
7.31408
7.31549
7.3144
7.35385
7.33943
7.38918
7.23398
7.32624
7.31614
7.3259
7.28724
7.36616
7.34251
7.29188
7.31043
7.29791
7.31087
7.29558
7.30785
7.29239
7.3126
7.33129
7.32794
7.30989
7.30729
7.32574
7.32234
7.38987
7.33498
7.4393
7.35323
7.39932
7.33153
7.41583
7.33104
7.42468
7.36103
7.41691
7.36223
7.43523
7.36825
7.293
7.30299
7.283
7.30228
7.28667
7.2954
7.27273
7.29539
7.31823
7.31094
7.29124
7.27694
7.30806
7.29599
7.39647
7.33357
7.38833
7.3623
7.38512
7.34735
7.37048
7.37346
7.4121
7.36322
7.40362
7.37288
7.38334
7.35511
7.28939
7.28849
7.26827
7.31973
7.30554
7.29605
7.27652
7.26221
7.29496
7.28079
7.27684
7.25626
7.28564
7.2706
7.37397
7.3602
7.35958
7.3671
7.36217
7.36264
7.35029
7.36476
7.35989
7.34693
7.36104
7.35309
7.34086
7.3385
7.32051
7.31423
7.29194
7.34378
7.33913
7.33734
7.31726
7.2645
7.28359
7.27023
7.29855
7.28303
7.2924
7.27992
7.34961
7.35934
7.34297
7.35408
7.3381
7.35213
7.33414
7.34127
7.3282
7.3309
7.32845
7.33153
7.31889
7.32274
7.35301
7.35325
7.3382
7.36475
7.35559
7.3571
7.34407
7.29905
7.30312
7.28741
7.32757
7.31025
7.30982
7.29182
7.32699
7.34419
7.32596
7.33676
7.31676
7.33579
7.31707
7.32229
7.31129
7.31388
7.3063
7.31179
7.30365
7.30176
7.34797
7.35272
7.3382
7.35302
7.33823
7.34503
7.33005
7.31133
7.31188
7.29245
7.33512
7.30568
7.30881
7.2906
7.3076
7.32956
7.30909
7.32264
7.30001
7.32223
7.30313
7.29874
7.29566
7.28692
7.28759
7.28413
7.28677
7.26751
7.32877
7.33561
7.32159
7.33351
7.32076
7.32636
7.31405
7.29608
7.30081
7.29166
7.30666
7.28933
7.29663
7.29411
7.29434
7.3176
7.29919
7.31499
7.29029
7.31475
7.2973
7.27161
7.27975
7.24977
7.27645
7.26597
7.27491
7.23859
7.31505
7.3195
7.30868
7.32275
7.31194
7.31507
7.30586
7.28513
7.29372
7.29016
7.29708
7.28282
7.28561
7.28184
7.28978
7.31514
7.29914
7.31553
7.29185
7.31712
7.30271
7.27033
7.27682
7.24586
7.2853
7.27918
7.2835
7.26197
7.31263
7.31398
7.3056
7.32439
7.31493
7.31547
7.30782
7.28417
7.28156
7.27904
7.301
7.28766
7.28388
7.28069
7.29626
7.32157
7.3088
7.32206
7.30189
7.32658
7.31558
7.29367
7.29543
7.28234
7.31127
7.31082
7.30993
7.30187
7.31997
7.31947
7.31355
7.33303
7.32514
7.32486
7.31997
7.29685
7.29075
7.28914
7.3132
7.30769
7.30115
7.30101
7.30822
7.33205
7.32344
7.32934
7.31454
7.33667
7.33153
7.32861
7.32497
7.31865
7.33824
7.34641
7.33725
7.33107
7.33105
7.33084
7.32747
7.3427
7.33599
7.3366
7.3344
7.31902
7.31296
7.31407
7.32961
7.32882
7.32341
7.32426
7.3219
7.34044
7.33946
7.33365
7.33012
7.34312
7.34661
7.36272
7.34655
7.34076
7.35633
7.37345
7.35259
7.34923
7.34056
7.34157
7.34065
7.34955
7.34407
7.34567
7.34524
7.33699
7.33181
7.33156
7.3416
7.34328
7.33852
7.33679
7.33883
7.34461
7.35142
7.33881
7.34721
7.3461
7.35481
7.37946
7.3553
7.35307
7.36476
7.38078
7.35814
7.35639
7.34653
7.34847
7.34823
7.3532
7.34816
7.35048
7.35043
7.34748
7.34398
7.34174
7.34884
7.35015
7.34723
7.34473
7.35382
7.34684
7.3574
7.34597
7.35762
7.34798
7.35903
7.37915
7.35877
7.3578
7.36428
7.3755
7.35938
7.35945
7.34941
7.35155
7.35137
7.35479
7.35033
7.35216
7.35197
7.35185
7.34935
7.34719
7.35344
7.35347
7.35133
7.3493
7.35901
7.34853
7.35977
7.35219
7.35932
7.35006
7.35989
7.37012
7.35876
7.35939
7.36045
7.36421
7.3579
7.35776
7.35097
7.35234
7.35238
7.35495
7.35164
7.35254
7.3529
7.35444
7.35329
7.35162
7.35595
7.35491
7.35491
7.35413
7.35968
7.35211
7.3599
7.3561
7.36022
7.35423
7.3607
7.35896
7.35733
7.35532
7.35873
7.35497
7.35784
7.35293
7.35243
7.35307
7.35395
7.35466
7.3529
7.3537
7.35461
7.3557
7.35518
7.35586
7.35556
7.35612
7.35517
7.35677
7.36107
7.3562
7.36226
7.35971
7.36219
7.35827
7.36461
7.35322
7.35997
7.35337
7.36114
7.35495
7.36319
7.35569
7.35409
7.35438
7.35537
7.3549
7.35562
7.35507
7.35579
7.35643
7.3553
7.35752
7.35547
7.35669
7.35558
7.3587
7.36309
7.36043
7.36722
7.36286
7.3643
7.36223
7.36885
7.35973
7.36701
7.36015
7.36574
7.36419
7.37081
7.36669
7.3566
7.35578
7.35629
7.35484
7.3569
7.35544
7.3571
7.35686
7.35617
7.35869
7.35535
7.35694
7.35674
7.35868
7.36468
7.36215
7.36817
7.36096
7.36354
7.3611
7.36615
7.36653
7.37323
7.36729
7.36324
7.3671
7.37137
7.36451
7.35748
7.35453
7.35687
7.35692
7.35742
7.35501
7.35612
7.35656
7.3571
7.35818
7.35493
7.35582
7.35744
7.3577
7.36073
7.35917
7.36268
7.35733
7.35614
7.35771
7.35947
7.36468
7.36823
7.36356
7.35365
7.36236
7.36359
7.36203
7.35722
7.35517
7.35586
7.35808
7.35705
7.3554
7.3565
7.35481
7.35764
7.35722
7.3527
7.35403
7.35784
7.35673
7.35075
7.35561
7.35487
7.35471
7.34652
7.35381
7.35062
7.36099
7.36001
7.36037
7.35192
7.36067
7.35625
7.35787
7.35533
7.3555
7.35593
7.35811
7.35418
7.35606
7.35506
7.35312
7.35874
7.35675
7.35597
7.35223
7.35907
7.35625
7.34482
7.35303
7.34909
7.35206
7.34582
7.35143
7.34865
7.36076
7.35408
7.35603
7.35466
7.36173
7.35227
7.35458
7.3545
7.35694
7.35496
7.35788
7.35566
7.35624
7.35538
7.35311
7.35846
7.35484
7.35786
7.35388
7.35919
7.35432
7.34861
7.35214
7.35029
7.35559
7.3521
7.35352
7.35205
7.36236
7.35166
7.35557
7.35941
7.36124
7.3523
7.35501
7.35725
7.35524
7.35619
7.36185
7.35857
7.35658
7.35691
7.35416
7.35905
7.35383
7.35712
7.35432
7.35823
7.35378
7.35701
7.3554
7.35384
7.36556
7.36187
7.35778
7.35471
7.35905
7.3534
7.35529
7.36527
7.35916
7.35603
7.35626
7.35901
7.35953
7.35857
7.36715
7.35912
7.36289
7.36071
7.35456
7.35716
7.35485
7.35868
7.35509
7.35671
7.35719
7.36766
7.36218
7.35724
7.37414
7.37281
7.36872
7.36291
7.36269
7.35956
7.35658
7.37324
7.36616
7.36209
7.35779
7.36221
7.36599
7.3633
7.37159
7.36546
7.36819
7.36588
7.3559
7.35779
7.35805
7.36456
7.3601
7.36168
7.35998
7.3769
7.3714
7.36722
7.3792
7.38179
7.37248
7.37041
7.36849
7.36395
7.36013
7.37518
7.36862
7.36743
7.36246
7.36767
7.37321
7.36877
7.37835
7.37377
7.3769
7.37368
7.36343
7.36609
7.36429
7.37314
7.3683
7.37037
7.36846
7.38139
7.37542
7.37312
7.37973
7.37865
7.37767
7.37464
7.36726
7.36917
7.36348
7.37248
7.36519
7.36983
7.36375
7.37843
7.37923
7.37638
7.38589
7.38211
7.38115
7.37788
7.37196
7.37363
7.37045
7.37752
7.37459
7.37592
7.37212
7.37562
7.37815
7.37373
7.37817
7.37237
7.37704
7.37079
7.36281
7.36917
7.36298
7.36435
7.36067
7.36613
7.36104
7.383
7.38209
7.37715
7.38645
7.38232
7.38174
7.37616
7.37468
7.3771
7.3723
7.37861
7.37358
7.3766
7.37193
7.36963
7.37479
7.3674
7.37521
7.36706
7.3725
7.36467
7.35866
7.36231
7.35912
7.35707
7.35727
7.35852
7.35656
7.37996
7.38086
7.37459
7.38356
7.37851
7.38037
7.37393
7.37192
7.37554
7.37113
7.37712
7.37065
7.375
7.37051
7.36629
7.37133
7.36394
7.37468
7.36729
7.3707
7.36424
7.3569
7.35624
7.35472
7.35774
7.35703
7.35564
7.35336
7.37765
7.38041
7.37401
7.38341
7.37714
7.38118
7.37414
7.3702
7.37532
7.37058
7.37778
7.37113
7.37621
7.37155
7.36963
7.3719
7.36588
7.37818
7.37269
7.3747
7.36824
7.35685
7.35577
7.35219
7.36452
7.35631
7.35802
7.34914
7.37879
7.38308
7.37592
7.3865
7.38089
7.38574
7.37846
7.37287
7.37789
7.37323
7.38266
7.3754
7.38056
7.37543
7.37639
7.37924
7.37333
7.38553
7.38142
7.38558
7.38051
7.3563
7.36229
7.34371
7.3709
7.35688
7.36534
7.34304
7.38395
7.3887
7.38168
7.39122
7.38698
7.39171
7.38473
7.37892
7.38412
7.37774
7.38964
7.3825
7.38851
7.38056
7.38758
7.3915
7.38857
7.39622
7.39425
7.39785
7.39632
7.35918
7.36823
7.34582
7.37725
7.36156
7.37375
7.34896
7.39024
7.39466
7.38748
7.39841
7.39413
7.39751
7.39036
7.38545
7.39366
7.3836
7.39803
7.38872
7.39986
7.38665
7.40139
7.40486
7.40189
7.41295
7.40753
7.41294
7.40613
7.36144
7.37781
7.34721
7.38659
7.36
7.37968
7.34291
7.39851
7.40278
7.39329
7.41523
7.4049
7.41156
7.39763
7.39252
7.40815
7.3907
7.41289
7.39762
7.421
7.39709
7.41448
7.42126
7.41011
7.43128
7.42166
7.43008
7.4148
7.35933
7.378
7.33498
7.39643
7.35869
7.37551
7.32714
7.41297
7.42176
7.40323
7.43811
7.42166
7.43139
7.40928
7.40294
7.43876
7.40752
7.43405
7.40926
7.45501
7.42242
7.42814
7.43838
7.42154
7.44696
7.43345
7.43647
7.41945
7.35779
7.37714
7.32475
7.40402
7.35868
7.37402
7.32024
7.42758
7.44055
7.41549
7.45489
7.43842
7.4425
7.42263
7.41703
7.47489
7.43734
7.4555
7.4261
7.49835
7.46278
7.43847
7.43621
7.4172
7.46306
7.44488
7.43899
7.41473
7.36163
7.37411
7.32046
7.41121
7.36865
7.37206
7.30328
7.44018
7.42569
7.41263
7.45992
7.43841
7.4154
7.3976
7.42847
7.50255
7.48167
7.43008
7.42
7.49631
7.49399
7.45497
7.44866
7.41617
7.49668
7.47163
7.47008
7.43174
7.38412
7.37431
7.29229
7.43755
7.40688
7.38407
7.30686
7.44659
7.42579
7.4018
7.50349
7.46808
7.45667
7.42175
7.41544
7.50031
7.49556
7.44622
7.42169
7.50418
7.48368
7.4991
7.48566
7.45002
7.5316
7.51414
7.50473
7.48091
7.43844
7.40124
7.3408
7.49194
7.47036
7.43759
7.39889
7.49568
7.49082
7.45762
7.54276
7.50644
7.50967
7.47745
7.43892
7.50812
7.48383
7.49038
7.45589
7.51443
7.49132
7.51812
7.50179
7.4883
7.52993
7.52614
7.49844
7.49156
7.49147
7.45594
7.42471
7.51686
7.49328
7.46836
7.43964
7.51211
7.51184
7.48632
7.52959
7.49519
7.51125
7.48443
7.46243
7.51997
7.49829
7.50381
7.45778
7.52353
7.49368
7.52048
7.49428
7.49007
7.51462
7.50634
7.48565
7.47847
7.47682
7.47247
7.44087
7.48916
7.45866
7.45676
7.42455
7.49175
7.50744
7.48027
7.50315
7.47906
7.49566
7.46424
7.45235
7.51701
7.48606
7.49112
7.43831
7.50538
7.46878
7.48268
7.46617
7.45038
7.47161
7.45837
7.44099
7.4226
7.43464
7.43111
7.39645
7.43696
7.41166
7.40443
7.37146
7.45719
7.47314
7.43996
7.45521
7.42809
7.44439
7.40799
7.41519
7.47737
7.43889
7.43572
7.37894
7.44206
7.39736
7.43364
7.41104
7.39414
7.42617
7.41563
7.38552
7.37055
7.39142
7.37776
7.35073
7.40032
7.38044
7.35627
7.33752
7.39352
7.40745
7.37046
7.38909
7.35492
7.3656
7.3287
7.32893
7.38684
7.3386
7.33669
7.2689
7.32494
7.26553
7.40551
7.36806
7.35348
7.40865
7.40648
7.36154
7.34538
7.37945
7.34866
7.33861
7.40092
7.38938
7.34807
7.34609
7.32815
7.31905
7.28597
7.33377
7.31281
7.28931
7.25242
7.19796
7.24581
7.17811
7.22359
7.12195
7.16901
7.07063
7.41602
7.37005
7.35524
7.42872
7.43342
7.38482
7.37144
7.40744
7.36146
7.36384
7.43388
7.43195
7.38071
7.38749
7.31307
7.26892
7.23913
7.33417
7.32377
7.25879
7.23687
7.09683
7.10262
7.00978
7.12345
7.0958
7.04076
6.98059
7.45761
7.40992
7.39816
7.47767
7.48442
7.43521
7.42604
7.46151
7.40952
7.41907
7.48581
7.4892
7.43725
7.44966
7.34367
7.26212
7.2451
7.38051
7.36982
7.27145
7.25118
7.11141
7.01736
6.97762
7.09757
7.12053
7.00995
6.9508
7.51015
7.45964
7.45589
7.53118
7.53034
7.48777
7.48217
7.51381
7.4608
7.4723
7.52819
7.53419
7.48597
7.49698
7.40535
7.31141
7.28762
7.4732
7.44171
7.36986
7.33741
7.39591
7.29846
7.30592
7.43147
7.42355
7.34129
7.34419
7.42371
7.32497
7.358
7.42897
7.44838
7.36576
7.39472
7.45354
7.40297
7.42137
7.47281
7.49069
7.4419
7.47106
7.14557
6.98036
6.99435
7.19793
7.20166
7.08415
7.10545
7.19354
7.03219
7.07183
7.20948
7.23128
7.17664
7.21269
7.29695
7.17841
7.24972
7.2792
7.3238
7.30037
7.35537
7.41358
7.36776
7.40705
7.41136
7.45145
7.44408
7.49923
7.20682
7.3027
7.40227
7.26126
7.31502
7.40386
7.4795
7.40083
7.49114
7.56685
7.42847
7.48966
7.56573
7.63002
)
;

boundaryField
{
    fbOut
    {
        type            fixedValue;
        value           uniform 0;
    }
    CAD_patch1
    {
        type            zeroGradient;
    }
    fbGasin
    {
        type            zeroGradient;
    }
    CAD_patch3
    {
        type            zeroGradient;
    }
    fbBioin
    {
        type            zeroGradient;
    }
}


// ************************************************************************* //
