/*--------------------------------*- C++ -*----------------------------------*\
| =========                 |                                                 |
| \\      /  F ield         | OpenFOAM: The Open Source CFD Toolbox           |
|  \\    /   O peration     | Version:  5.x                                   |
|   \\  /    A nd           | Web:      www.OpenFOAM.org                      |
|    \\/     M anipulation  |                                                 |
\*---------------------------------------------------------------------------*/
FoamFile
{
    version     2.0;
    format      ascii;
    class       volScalarField;
    location    "9.6";
    object      voidfraction;
}
// * * * * * * * * * * * * * * * * * * * * * * * * * * * * * * * * * * * * * //

dimensions      [0 0 0 0 0 0 0];

internalField   nonuniform List<scalar> 
10571
(
0.569525
0.616076
0.856937
0.837164
0.537099
0.715385
0.92306
0.889441
0.892993
0.778627
0.481632
0.669581
0.820797
0.882516
0.85473
0.865739
0.497378
0.803368
0.789125
0.579354
0.538262
0.485388
0.529096
0.468695
0.439044
0.443361
0.760924
0.91271
0.685204
0.740055
0.659421
0.484443
0.636535
0.720456
0.876084
0.864416
0.823855
0.827462
0.786461
0.60982
0.865531
0.883368
0.954505
0.905716
0.556636
0.822257
0.832973
0.702693
0.492379
0.568625
0.861588
0.885654
0.483625
0.778824
0.501518
0.545243
0.721653
0.545943
0.779441
0.935207
0.649674
0.795792
0.854495
0.513444
0.777796
0.932806
0.985532
0.937384
0.831891
0.819294
0.870626
0.755751
0.416738
0.742757
0.624282
0.726041
0.549493
0.951555
0.59194
0.816758
0.881874
0.842891
0.799986
0.947051
0.692934
0.932854
0.96349
0.906898
0.483796
0.764815
0.970734
0.961212
0.940161
0.950867
0.878092
0.852387
0.408349
0.82836
0.736743
0.864785
0.831468
0.991122
0.971047
0.957028
0.920652
0.93665
0.903131
0.974563
0.914949
0.850932
0.879007
0.853982
0.662721
0.956563
0.788616
0.958969
0.97028
0.997909
0.936868
0.864734
0.713596
0.877508
0.936903
0.97816
0.824553
0.996148
0.997396
0.999662
0.991119
0.930134
0.394665
0.905872
0.955868
0.998075
0.980834
0.909651
0.954602
0.401527
0.944338
0.999688
0.995096
0.970283
0.978146
1
0.997674
0.963115
0.900623
0.957262
0.970433
0.986318
0.930487
0.964988
0.998944
0.999615
0.998783
0.999113
0.897598
0.795022
0.939514
0.999667
0.999216
0.994961
0.9981
0.999497
0.999128
0.999923
0.99799
0.995307
0.988274
0.995484
1
0.999124
0.96699
0.993624
0.996191
0.995916
0.997055
0.974371
0.965832
0.999555
0.999234
0.999696
0.998894
1
0.995711
0.999256
0.999888
0.999725
0.996372
1
0.999193
0.998857
0.999765
0.99819
0.992837
0.984054
1
1
1
0.963484
1
0.991878
0.999663
0.997156
0.998613
0.995978
0.999666
0.999514
0.999877
1
1
1
0.997869
1
0.999894
0.999562
1
1
0.999128
1
0.999768
0.980666
0.994472
1
1
0.991391
1
0.989694
0.998381
0.999019
1
0.997027
0.999441
0.999775
0.99988
1
0.997471
0.992085
0.999664
1
1
1
0.999308
1
1
1
1
1
1
1
0.993623
0.995464
0.996695
0.998952
1
0.997061
0.998678
1
1
1
0.996811
0.999019
1
1
1
1
0.999188
1
1
1
1
1
1
1
1
0.995184
0.999056
0.99902
1
0.997805
0.999523
1
0.999883
1
0.997911
0.999797
1
1
1
1
1
1
1
1
1
1
1
1
1
0.997816
0.998247
1
1
0.998683
0.999298
1
1
1
1
0.997397
1
1
1
1
1
1
1
1
1
1
1
1
1
1
1
1
1
0.998683
0.999473
1
1
1
1
0.998682
1
1
1
1
1
1
1
1
1
1
1
1
1
1
1
1
1
0.999831
1
1
1
1
1
1
1
1
1
1
1
1
1
1
1
1
1
1
1
1
1
1
1
1
1
1
1
1
1
1
1
1
1
1
1
1
1
1
1
1
1
1
1
1
1
1
1
1
1
1
1
1
1
1
1
1
1
1
1
1
1
1
1
1
1
1
1
1
1
1
1
1
1
1
1
1
1
1
1
1
1
1
1
1
1
1
1
1
1
1
1
1
1
1
1
1
1
1
1
1
1
1
1
1
1
1
1
1
1
1
1
1
1
1
1
1
1
1
1
1
1
1
1
1
1
1
1
1
1
1
1
1
1
1
1
1
1
1
1
1
1
1
1
1
1
1
1
1
1
1
1
1
1
1
1
1
1
1
1
1
1
1
1
1
1
1
1
1
1
1
1
1
1
1
1
1
1
1
1
1
1
1
1
1
1
1
1
1
1
1
1
1
1
1
1
1
1
1
1
1
1
1
1
1
1
1
1
1
1
1
1
1
1
1
1
1
1
1
1
1
1
1
1
1
1
1
1
1
1
1
1
1
1
1
1
1
1
1
1
1
1
1
1
1
1
1
1
1
1
1
1
1
1
1
1
1
1
1
1
1
1
1
1
1
1
1
1
1
1
1
1
1
1
1
1
1
1
1
1
1
1
1
1
1
1
1
1
1
1
1
1
1
1
1
1
1
1
1
1
1
1
1
1
1
1
1
1
1
1
1
1
1
1
1
1
1
1
1
1
1
1
1
1
1
1
1
1
1
1
1
1
1
1
1
1
1
1
1
1
1
1
1
1
1
1
1
1
1
1
1
1
1
1
1
1
1
1
1
1
1
1
1
1
1
1
1
1
1
1
1
1
1
1
1
1
1
1
1
1
1
1
1
1
1
1
1
1
1
1
1
1
1
1
1
1
1
1
1
1
1
1
1
1
1
1
1
1
1
1
1
1
1
1
1
1
1
1
1
1
1
1
1
1
1
1
1
1
1
1
1
1
1
1
1
1
1
1
1
1
1
1
1
1
1
1
1
1
1
1
1
1
1
1
1
1
1
1
1
1
1
1
1
1
1
1
1
1
1
1
1
1
1
1
1
1
1
1
1
1
1
1
1
1
1
1
1
1
1
1
1
1
1
1
1
1
1
1
1
1
1
1
1
1
1
1
1
1
1
1
1
1
1
1
1
1
1
1
1
1
1
1
1
1
1
1
1
1
1
1
1
1
1
1
1
1
1
1
1
1
1
1
1
1
1
1
1
1
1
1
1
1
1
1
1
1
1
1
1
1
1
1
1
1
1
1
1
1
1
1
1
1
1
1
1
1
1
1
1
1
1
1
1
1
1
1
1
1
1
1
1
1
1
1
1
1
1
1
1
1
1
1
1
1
1
1
1
1
1
1
1
1
1
1
1
1
1
1
1
1
1
1
1
1
1
1
1
1
1
1
1
1
1
1
1
1
1
1
1
1
1
1
1
1
1
1
1
1
1
1
1
1
1
1
1
1
1
1
1
1
1
1
1
1
1
1
1
1
1
1
1
1
1
1
1
1
1
1
1
1
1
1
1
1
1
1
1
1
1
1
1
1
1
1
1
1
1
1
1
1
1
1
1
1
1
1
1
1
1
1
1
1
1
1
1
1
1
1
1
1
1
1
1
1
1
1
1
1
1
1
1
1
1
1
1
1
1
1
1
1
1
1
1
1
1
1
1
1
1
1
1
1
1
1
1
1
1
1
1
1
1
1
1
1
1
1
1
1
1
1
1
1
1
1
1
1
1
1
1
1
1
1
1
1
1
1
1
1
1
1
1
1
1
1
1
1
1
1
1
1
1
1
1
1
1
1
1
1
1
1
1
1
1
1
1
1
1
1
1
1
1
1
1
1
1
1
1
1
1
1
1
1
1
1
1
1
1
1
1
1
1
1
1
1
1
1
1
1
1
1
1
1
1
1
1
1
1
1
1
1
1
1
1
1
1
1
1
1
1
1
1
1
1
1
1
1
1
1
1
1
1
1
1
1
1
1
1
1
1
1
1
1
1
1
1
1
1
1
1
1
1
1
1
1
1
1
1
1
1
1
1
1
1
1
1
1
1
1
1
1
1
1
1
1
1
1
1
1
1
1
1
1
1
1
1
1
1
1
1
1
1
1
1
1
1
1
1
1
1
1
1
1
1
1
1
1
1
1
1
1
1
1
1
1
1
1
1
1
1
1
1
1
1
1
1
1
1
1
1
1
1
1
1
1
1
1
1
1
1
1
1
1
1
1
1
1
1
1
1
1
1
1
1
1
1
1
1
1
1
1
1
1
1
1
1
1
1
1
1
1
1
1
1
1
1
1
1
1
1
1
1
1
1
1
1
1
1
1
1
1
1
1
1
1
1
1
1
1
1
1
1
1
1
1
1
1
1
1
1
1
1
1
1
1
1
1
1
1
1
1
1
1
1
1
1
1
1
1
1
1
1
1
1
1
1
1
1
1
1
1
1
1
1
1
1
1
1
1
1
1
1
1
1
1
1
1
1
1
1
1
1
1
1
1
1
1
1
1
1
1
1
1
1
1
1
1
1
1
1
1
1
1
1
1
1
1
1
1
1
1
1
1
1
1
1
1
1
1
1
1
1
1
1
1
1
1
1
1
1
1
1
1
1
1
1
1
1
1
1
1
1
1
1
1
1
1
1
1
1
1
1
1
1
1
1
1
1
1
1
1
1
1
1
1
1
1
1
1
1
1
1
1
1
1
1
1
1
1
1
1
1
1
1
1
1
1
1
1
1
1
1
1
1
1
1
1
1
1
1
1
1
1
1
1
1
1
1
1
1
1
1
1
1
1
1
1
1
1
1
1
1
1
1
1
1
1
1
1
1
1
1
1
1
1
1
1
1
1
1
1
1
1
1
1
1
1
1
1
1
1
1
1
1
1
1
1
1
1
1
1
1
1
1
1
1
1
1
1
1
1
1
1
1
1
1
1
1
1
1
1
1
1
1
1
1
1
1
1
1
1
1
1
1
1
1
1
1
1
1
1
1
1
1
1
1
1
1
1
1
1
1
1
1
1
1
1
1
1
1
1
1
1
1
1
1
1
1
1
1
1
1
1
1
1
1
1
1
1
1
1
1
1
1
1
1
1
1
1
1
1
1
1
1
1
1
1
1
1
1
1
1
1
1
1
1
1
1
1
1
1
1
1
1
1
1
1
1
1
1
1
1
1
1
1
1
1
1
1
1
1
1
1
1
1
1
1
1
1
1
1
1
1
1
1
1
1
1
1
1
1
1
1
1
1
1
1
1
1
1
1
1
1
1
1
1
1
1
1
1
1
1
1
1
1
1
1
1
1
0.677363
0.729925
0.706662
0.672911
0.675738
0.832287
0.826413
0.626418
0.671494
0.687696
0.774246
0.744382
0.926193
0.774609
0.507798
0.673407
0.486365
0.637697
0.719684
0.494194
0.742913
0.648178
0.549535
0.919614
0.654183
0.596659
0.702713
0.591022
0.613001
0.778984
0.92517
0.810749
0.939418
0.695219
0.539831
0.802887
0.627369
0.568032
0.644431
0.666153
0.720089
0.627205
0.736719
0.601634
0.512164
0.661288
0.51486
0.5835
0.620698
0.64878
0.656349
0.865866
0.964216
0.801157
0.936285
0.910583
0.91354
0.982335
1
0.883228
0.744289
0.946976
0.923639
0.647185
0.551092
0.948661
0.786238
0.464406
0.509748
0.667913
0.570467
0.673734
0.796326
0.534894
0.597618
0.92851
0.975912
0.678336
0.768533
0.884011
0.875179
0.710405
0.682954
0.818658
0.647156
0.598333
0.513794
0.567955
0.522118
0.525703
0.544442
0.550172
0.529196
0.531362
0.525242
0.529783
0.695529
0.511725
0.870621
0.653806
0.765003
0.672252
0.530438
0.597536
0.578562
0.675637
0.463307
0.489061
0.553911
0.534339
0.463035
0.563755
0.463913
0.739049
0.724241
0.880914
0.478784
0.531619
0.693388
0.755682
0.478361
0.810679
0.59115
0.601888
0.4645
0.894202
0.824133
0.564158
0.849946
0.51948
0.458255
0.515607
0.483987
0.579974
0.676289
0.800006
0.742843
0.829123
0.828218
0.52865
0.498926
0.503795
0.653056
0.779754
0.743708
0.857402
0.810066
0.688109
0.539709
0.614875
0.469205
0.562542
0.554111
0.459423
0.514
0.72512
0.608349
0.534846
0.701539
0.521067
0.479932
0.443098
0.683958
0.636194
0.773873
0.684241
0.480728
0.457001
0.641562
0.473443
0.459929
0.72698
0.727703
0.637748
0.537003
0.500966
0.829296
0.721893
0.697225
0.691659
0.443741
0.494548
0.54067
0.574324
0.705047
0.488778
0.676209
0.637421
0.65254
0.723166
0.475745
0.773586
0.837778
0.5138
0.596374
0.481444
0.637845
0.578403
0.618992
0.692938
0.516543
0.76119
0.703459
0.594773
0.465689
0.773479
0.592905
0.666758
0.464194
0.611043
0.59877
0.76461
0.659715
0.702013
0.793002
0.852831
0.883827
0.854355
0.914149
0.727061
0.604858
0.697929
0.557029
0.667983
0.962545
0.898777
0.855878
0.915812
0.894363
0.594815
0.5185
0.562635
0.675428
0.517234
0.689201
0.638692
0.73252
0.638113
0.865239
0.826674
0.960144
0.660122
0.873003
0.863037
0.889198
0.854077
0.926082
0.897034
0.884436
0.83063
0.713865
0.83236
0.845452
0.839344
0.672948
0.81194
0.874642
0.62208
0.729016
0.691582
0.8516
0.714361
0.655615
0.695124
0.579811
0.55355
0.459862
0.68551
0.539553
0.420451
0.59165
0.493725
0.783441
0.751183
0.437936
0.700268
0.562927
0.496974
0.433283
0.768906
0.813564
0.838345
0.827218
0.518739
0.5997
0.833066
0.834826
0.491364
0.447082
0.477594
0.558691
0.425895
0.520474
0.42151
0.486996
0.540215
0.48293
0.909878
0.894206
0.916467
0.923195
0.902419
0.919692
0.473709
0.57031
0.534378
0.527029
0.543246
0.90119
0.910142
0.740956
0.874855
0.85183
0.604516
0.734497
0.781582
0.658301
0.94669
0.621189
0.527291
0.947442
0.736165
0.853909
0.654435
0.650044
0.773743
0.730393
0.880151
0.928205
0.860235
0.945427
0.926026
0.935893
0.919402
0.90668
0.88244
0.888077
0.875158
0.635641
0.812195
0.882027
0.881086
0.768468
0.607687
0.898011
0.823246
0.676592
0.828377
0.467514
0.464784
0.399867
0.487797
0.461023
0.391834
0.459086
0.442143
0.506094
0.452737
0.401475
0.447423
0.451272
0.418413
0.463895
0.855245
0.851811
0.711366
0.863937
0.490905
0.834109
0.6336
0.937423
0.637808
0.875026
0.598657
0.780236
0.848972
0.771903
0.907034
0.82254
0.72967
0.905402
0.931779
0.878782
0.935733
0.924215
0.87302
0.923462
0.871274
0.903652
0.93029
0.884198
0.971993
0.9117
0.787382
0.881596
0.921768
0.784442
0.960392
0.956939
0.881505
0.980103
0.96679
0.462662
0.470886
0.493337
0.766672
0.82397
0.467081
0.522269
0.693455
0.948053
0.965465
0.941685
0.961351
0.972359
0.981714
0.935999
0.965318
0.968202
0.951616
0.960475
0.913114
0.977292
0.995277
0.977168
1
0.843669
0.85718
0.831099
0.806568
0.981346
0.826989
0.676127
0.816824
0.385167
0.541776
0.454026
0.427795
0.657332
0.565451
0.473863
0.47162
0.443263
0.657843
0.610838
0.478348
0.52366
0.821899
0.870018
0.835124
0.941349
0.935013
0.83831
0.901703
0.957481
0.956936
0.828998
0.939283
0.954302
0.862831
0.862075
0.954828
0.977832
0.988149
0.999574
0.913973
0.858709
0.934447
0.880947
0.840777
0.945365
0.862434
0.944349
0.936861
0.86827
0.886418
0.925518
0.871338
0.889051
0.93347
0.920151
0.935439
0.978141
0.858165
0.877752
0.965049
0.786416
0.935752
0.700869
0.744307
0.936654
0.921639
0.966249
0.91146
0.958798
0.982287
0.886874
0.971633
0.906827
0.985116
0.884698
0.978622
0.985181
0.970965
0.995102
0.998943
1
1
1
1
0.859186
1
0.999124
0.981418
1
0.929526
0.835774
0.962915
0.799767
0.826092
0.863127
0.910276
0.968026
0.940692
0.859057
0.723316
0.764944
0.859474
0.828666
0.644785
0.879455
0.87468
0.921489
0.911635
0.948475
0.959427
0.885735
0.921216
0.930945
0.94134
0.863593
0.964864
0.981666
0.849831
0.956077
0.969779
0.993814
0.99705
0.99994
0.887829
0.841322
0.945328
0.877487
0.767201
0.948504
0.617993
0.936326
0.556912
0.98502
0.651026
0.99571
0.863882
0.412027
0.416347
0.397827
0.412066
0.386949
0.475797
0.397964
0.959641
0.912169
0.848687
0.941365
0.849383
0.586688
0.962922
0.644801
0.992578
0.912518
0.991978
0.820309
0.395411
0.407447
0.38015
0.538797
0.401478
0.476911
0.383605
0.935192
0.962187
0.993435
0.99325
0.996912
0.978436
0.997095
0.998369
1
0.989908
0.961613
0.979842
0.981946
0.989812
0.982002
0.980922
0.980425
0.99993
1
1
1
0.998877
1
1
0.986882
1
0.999124
0.9908
1
0.970015
0.985849
0.997281
0.963387
0.986761
0.969621
0.995822
0.995742
0.988733
0.954812
0.951463
0.976696
0.992273
0.984242
0.971582
0.969183
0.880525
0.880383
0.976834
0.883373
0.958369
0.993838
0.994126
0.954248
0.990064
0.985935
0.989822
0.995061
0.974539
0.98653
0.995417
0.994306
0.99723
0.993545
0.999235
1
0.950946
0.961888
1
1
0.820195
0.651952
0.819427
0.837417
0.819761
0.837629
0.988628
1
1
0.998902
1
1
1
0.876049
0.988979
0.9578
1
1
1
1
0.897061
0.91313
0.926321
0.865118
0.982223
0.997855
0.994722
0.99745
1
0.999403
0.998073
1
0.981395
0.977396
0.933629
1
1
1
1
0.996023
1
1
1
0.999122
1
0.99967
1
1
0.995575
0.978037
0.98642
0.996027
0.990333
0.981683
0.991293
0.993613
0.985789
0.99485
0.985734
1
1
1
1
1
1
1
1
1
0.992549
1
1
0.994453
1
0.957119
0.996863
0.99045
0.993623
0.990593
0.992004
0.993733
0.994542
0.994548
0.99194
0.987109
0.99989
0.99803
0.995121
0.966828
0.991022
0.987878
0.99993
0.996014
0.995112
0.996938
0.996415
0.992268
0.996841
0.995504
0.991438
0.993196
0.991799
0.986285
0.993953
0.996061
0.998466
0.998691
1
1
1
1
1
1
1
0.981922
0.992962
0.98867
0.990864
1
0.999
1
1
1
1
1
1
1
1
1
1
1
1
1
1
0.983515
0.996553
0.99989
0.996061
0.998916
1
0.998136
0.998994
1
1
0.9964
1
1
1
1
1
1
1
1
1
0.997977
0.999868
1
1
0.99988
0.999934
1
1
0.991861
0.984308
0.978112
0.97167
0.981279
0.977306
0.977178
0.996612
0.982115
0.996435
1
1
1
1
1
1
1
1
1
1
0.998875
1
1
0.9955
1
0.98085
0.993169
0.993936
1
0.996284
0.994912
0.996811
0.997639
0.996244
0.999303
0.996669
1
0.999818
1
0.99993
1
0.99798
0.992616
0.994216
0.997169
0.993485
0.993839
0.994576
0.996245
0.997427
1
0.998049
1
1
1
0.999033
1
0.998283
1
0.994387
0.996811
0.996789
0.994387
0.993622
0.99794
1
1
1
1
1
1
1
1
1
1
1
1
1
1
0.99603
0.99787
0.996811
0.996758
0.994229
1
0.998987
1
1
1
1
1
1
1
1
1
1
1
1
0.997279
0.997977
0.999967
1
1
0.998947
1
1
0.999122
0.963054
0.976998
0.972104
0.999021
0.996667
0.998106
1
1
1
1
1
1
1
1
1
1
1
1
1
1
1
0.997979
0.993309
0.996811
0.999613
0.998546
1
0.997717
0.993852
0.999
0.998877
1
0.998546
1
1
1
0.99582
0.992059
0.994727
0.995381
0.998209
0.997088
0.995087
0.992997
0.999056
1
1
1
1
1
1
1
1
1
0.99462
0.99934
0.99473
0.998452
0.996811
0.997668
1
1
1
1
1
0.995667
0.995508
1
0.99294
0.99605
1
1
1
1
1
0.997977
1
1
1
1
1
1
1
1
1
0.999817
1
1
1
1
1
1
1
1
1
1
1
1
1
1
1
1
1
1
1
0.995818
0.997979
1
0.998259
0.997941
1
0.998143
0.999425
1
1
1
1
1
1
1
0.994288
0.99798
0.994668
0.995828
1
0.996416
0.994728
0.99556
0.998438
1
1
1
1
1
1
1
1
1
0.997755
0.996811
0.995578
0.995278
1
0.993882
1
1
1
1
1
0.997516
0.998567
0.995712
0.997909
1
1
1
1
1
1
0.99986
1
1
1
1
1
1
1
1
1
1
1
1
1
1
1
1
1
1
1
1
1
1
1
1
1
1
1
1
1
1
1
0.997911
1
0.999273
0.9989
1
0.999001
0.999122
1
1
1
1
1
1
0.990318
0.990597
0.994458
0.996335
0.998438
0.992944
0.998622
0.994101
0.997787
1
1
1
1
1
1
1
1
1
0.993962
0.993622
0.998243
0.993188
0.993622
0.994094
1
1
1
1
1
0.996667
0.998877
0.99989
0.998273
1
1
1
1
1
1
1
1
1
1
1
1
1
1
1
1
1
1
1
1
1
1
1
1
1
1
1
1
1
1
1
1
1
1
1
1
1
1
1
1
1
1
1
1
1
1
1
1
1
1
1
0.985303
0.99199
0.998083
0.993803
0.997169
1
0.999131
0.998779
0.995315
1
1
1
1
1
1
1
1
1
0.996865
1
0.997365
0.992569
0.996811
0.995609
1
1
1
1
1
0.998243
1
1
1
1
1
1
1
1
1
1
1
1
1
1
1
1
1
1
1
1
1
1
1
1
1
1
1
1
1
1
1
1
1
1
1
1
1
1
1
1
1
1
1
1
1
1
1
1
1
1
1
1
1
1
0.991154
0.99798
1
0.995978
0.999056
1
1
0.999106
0.999056
1
1
1
1
1
1
1
1
1
0.997987
1
0.996487
0.993266
1
0.996517
1
1
1
1
1
1
1
1
1
1
1
1
1
1
1
1
1
1
1
1
1
1
1
1
1
1
1
1
1
1
1
1
1
1
1
1
1
1
1
1
1
1
1
1
1
1
1
1
1
1
1
1
1
1
1
1
1
1
1
1
1
1
1
1
1
1
1
1
1
1
1
1
1
1
1
1
1
1
0.997755
1
0.998546
0.999613
1
1
1
1
1
1
1
1
1
1
1
1
1
1
1
1
1
1
1
1
1
1
1
1
1
1
1
1
1
1
1
1
1
1
1
1
1
1
1
1
1
1
1
1
1
1
1
1
1
1
1
1
1
1
1
1
1
1
1
1
1
1
1
1
1
0.999315
1
1
1
0.999821
1
1
1
1
1
1
1
1
1
1
1
1
1
1
1
0.999122
1
1
1
1
1
1
1
1
1
1
1
1
1
1
1
1
1
1
1
1
1
1
1
1
1
1
1
1
1
1
1
1
1
1
1
1
1
1
1
1
1
1
1
1
1
1
1
1
1
1
1
1
1
1
1
1
1
1
1
1
1
1
1
1
1
1
1
1
1
1
1
1
1
1
1
1
1
1
1
1
1
1
1
1
1
1
1
1
1
1
1
1
1
1
1
1
1
1
1
1
1
1
1
1
1
1
1
1
1
1
1
1
1
1
1
1
1
1
1
1
1
1
1
1
1
1
1
1
1
1
1
1
1
1
1
1
1
1
1
1
1
1
1
1
1
1
1
1
1
1
1
1
1
1
1
1
1
1
1
1
1
1
1
1
1
1
1
1
1
1
1
1
1
1
1
1
1
1
1
1
1
1
1
1
1
1
1
1
1
1
1
1
1
1
1
1
1
1
1
1
1
1
1
1
1
1
1
1
1
1
1
1
1
1
1
1
1
1
1
1
1
1
1
1
1
1
1
1
1
1
1
1
1
1
1
1
1
1
1
1
1
1
1
1
1
1
1
1
1
1
1
1
1
1
1
1
1
1
1
1
1
1
1
1
1
1
1
1
1
1
1
1
1
1
1
1
1
1
1
1
1
1
1
1
1
1
1
1
1
1
1
1
1
1
1
1
1
1
1
1
1
1
1
1
1
1
1
1
1
1
1
1
1
1
1
1
1
1
1
1
1
1
1
1
1
1
1
1
1
1
1
1
1
1
1
1
1
1
1
1
1
1
1
1
1
1
1
1
1
1
1
1
1
1
1
1
1
1
1
1
1
1
1
1
1
1
1
1
1
1
1
1
1
1
1
1
1
1
1
1
1
1
1
1
1
1
1
1
1
1
1
1
1
1
1
1
1
1
1
1
1
1
1
1
1
1
1
1
1
1
1
1
1
1
1
1
1
1
1
1
1
1
1
1
1
1
1
1
1
1
1
1
1
1
1
1
1
1
1
1
1
1
1
1
1
1
1
1
1
1
1
1
1
1
1
1
1
1
1
1
1
1
1
1
1
1
1
1
1
1
1
1
1
1
1
1
1
1
1
1
1
1
1
1
1
1
1
1
1
1
1
1
1
1
1
1
1
1
1
1
1
1
1
1
1
1
1
1
1
1
1
1
1
1
1
1
1
1
1
1
1
1
1
1
1
1
1
1
1
1
1
1
1
1
1
1
1
1
1
1
1
1
1
1
1
1
1
1
1
1
1
1
1
1
1
1
1
1
1
1
1
1
1
1
1
1
1
1
1
1
1
1
1
1
1
1
1
1
1
1
1
1
1
1
1
1
1
1
1
1
1
1
1
1
1
1
1
1
1
1
1
1
1
1
1
1
1
1
1
1
1
1
1
1
1
1
1
1
1
1
1
1
1
1
1
1
1
1
1
1
1
1
1
1
1
1
1
1
1
1
1
1
1
1
1
1
1
1
1
1
1
1
1
1
1
1
1
1
1
1
1
1
1
1
1
1
1
1
1
1
1
1
1
1
1
1
1
1
1
1
1
1
1
1
1
1
1
1
1
1
1
1
1
1
1
1
1
1
1
1
1
1
1
1
1
1
1
1
1
1
1
1
1
1
1
1
1
1
1
1
1
1
1
1
1
1
1
1
1
1
1
1
1
1
1
1
1
1
1
1
1
1
1
1
1
1
1
1
1
1
1
1
1
1
1
1
1
1
1
1
1
1
1
1
1
1
1
1
1
1
1
1
1
1
1
1
1
1
1
1
1
1
1
1
1
1
1
1
1
1
1
1
1
1
1
1
1
1
1
1
1
1
1
1
1
1
1
1
1
1
1
1
1
1
1
1
1
1
1
1
1
1
1
1
1
1
1
1
1
1
1
1
1
1
1
1
1
1
1
1
1
1
1
1
1
1
1
1
1
1
1
1
1
1
1
1
1
1
1
1
1
1
1
1
1
1
1
1
1
1
1
1
1
1
1
1
1
1
1
1
1
1
1
1
1
1
1
1
1
1
1
1
1
1
1
1
1
1
1
1
1
1
1
1
1
1
1
1
1
1
1
1
1
1
1
1
1
1
1
1
1
1
1
1
1
1
1
1
1
1
1
1
1
1
1
1
1
1
1
1
1
1
1
1
1
1
1
1
1
1
1
1
1
1
1
1
1
1
1
1
1
1
1
1
1
1
1
1
1
1
1
1
1
1
1
1
1
1
1
1
1
1
1
1
1
1
1
1
1
1
1
1
1
1
1
1
1
1
1
1
1
1
1
1
1
1
1
1
1
1
1
1
1
1
1
1
1
1
1
1
1
1
1
1
1
1
1
1
1
1
1
1
1
1
1
1
1
1
1
1
1
1
1
1
1
1
1
1
1
1
1
1
1
1
1
1
1
1
1
1
1
1
1
1
1
1
1
1
1
1
1
1
1
1
1
1
1
1
1
1
1
1
1
1
1
1
1
1
1
1
1
1
1
1
1
1
1
1
1
1
1
1
1
1
1
1
1
1
1
1
1
1
1
1
1
1
1
1
1
1
1
1
1
1
1
1
1
1
1
1
1
1
1
1
1
1
1
1
1
1
1
1
1
1
1
1
1
1
1
1
1
1
1
1
1
1
1
1
1
1
1
1
1
1
1
1
1
1
1
1
1
1
1
1
1
1
1
1
1
1
1
1
1
1
1
1
1
1
1
1
1
1
1
1
1
1
1
1
1
1
1
1
1
1
1
1
1
1
1
1
1
1
1
1
1
1
1
1
1
1
1
1
1
1
1
1
1
1
1
1
1
1
1
1
1
1
1
1
1
1
1
1
1
1
1
1
1
1
1
1
1
1
1
1
1
1
1
1
1
1
1
1
1
1
1
1
1
1
1
1
1
1
1
1
1
1
1
1
1
1
1
1
1
1
1
1
1
1
1
1
1
1
1
1
1
1
1
1
1
1
1
1
1
1
1
1
1
1
1
1
1
1
1
1
1
1
1
1
1
1
1
1
1
1
1
1
1
1
1
1
1
1
1
1
1
1
1
1
1
1
1
1
1
1
1
1
1
1
1
1
1
1
1
1
1
1
1
1
1
1
1
1
1
1
1
1
1
1
1
1
1
1
1
1
1
1
1
1
1
1
1
1
1
1
1
1
1
1
1
1
1
1
1
1
1
1
1
1
1
1
1
1
1
1
1
1
1
1
1
1
1
1
1
1
1
1
1
1
1
1
1
1
1
1
1
1
1
1
1
1
1
1
1
1
1
1
1
1
1
1
1
1
1
1
1
1
1
1
1
1
1
1
1
1
1
1
1
1
1
1
1
1
1
1
1
1
1
1
1
1
1
1
1
1
1
1
1
1
1
1
1
1
1
1
1
1
1
1
1
1
1
1
1
1
1
1
1
1
1
1
1
1
1
1
1
1
1
1
1
1
1
1
1
1
1
1
1
1
1
1
1
1
1
1
1
1
1
1
1
1
1
1
1
1
1
1
1
1
1
1
1
1
1
1
1
1
1
1
1
1
1
1
1
1
1
1
1
1
1
1
1
1
1
1
1
1
1
1
1
1
1
1
1
1
1
1
1
1
1
1
1
1
1
1
1
1
1
1
1
1
1
1
1
1
1
1
1
1
1
1
1
1
1
1
1
1
1
1
1
1
1
1
1
1
1
1
1
1
1
1
1
1
1
1
1
1
1
1
1
1
1
1
1
1
1
1
1
1
1
1
1
1
1
1
1
1
1
1
1
1
1
1
1
1
1
1
1
1
1
1
1
1
1
1
1
1
1
1
1
1
1
1
1
1
1
1
1
1
1
1
1
1
1
1
1
1
1
1
1
1
1
1
1
1
1
1
1
1
1
1
1
1
1
1
1
1
1
1
1
1
1
1
1
1
1
1
1
1
1
1
1
1
1
1
1
1
1
1
1
1
1
1
1
1
1
1
1
1
1
1
1
1
1
1
1
1
1
1
1
1
1
1
1
1
1
1
1
1
1
1
1
1
1
1
1
1
1
1
1
1
1
1
1
1
1
1
1
1
1
1
1
1
1
1
1
1
1
1
1
1
1
1
1
1
1
1
1
1
1
1
1
1
1
1
1
1
1
1
1
1
1
1
1
1
1
1
1
1
1
1
1
1
1
1
1
1
1
1
1
1
1
1
1
1
1
1
1
1
1
1
1
1
1
1
1
1
1
1
1
1
1
1
1
1
1
1
1
1
1
1
1
1
1
1
1
1
1
1
1
1
1
1
1
1
1
1
1
1
1
1
1
1
1
1
1
1
1
1
1
1
1
1
1
1
1
1
1
1
1
1
1
1
1
1
1
1
1
1
1
1
1
1
1
1
1
1
1
1
1
1
1
1
1
1
1
1
1
1
1
1
1
1
1
1
1
1
1
1
1
1
1
1
1
1
1
1
1
1
1
1
1
1
1
1
1
1
1
1
1
1
1
1
1
1
1
1
1
1
1
1
1
1
1
1
1
1
1
1
1
1
1
1
1
1
1
1
1
1
1
1
1
1
1
1
1
1
1
1
1
1
1
1
1
1
1
1
1
1
1
1
1
1
1
1
1
1
1
1
1
1
1
1
1
1
1
1
1
1
1
1
1
1
1
1
1
1
1
1
1
1
1
1
1
1
1
1
1
1
1
1
1
1
1
1
1
1
1
1
1
1
1
1
1
1
1
1
1
1
1
1
1
1
1
1
1
1
1
1
1
1
1
1
1
1
1
1
1
1
1
1
1
1
1
1
1
1
1
1
1
1
1
1
1
1
1
1
1
1
1
1
1
1
1
1
1
1
1
1
1
1
1
1
1
1
1
1
1
1
1
1
1
1
1
1
1
1
1
1
1
1
1
1
1
1
1
1
1
1
1
1
1
1
1
1
1
1
1
1
1
1
1
1
1
1
1
1
1
1
1
1
1
1
1
1
1
1
1
1
1
1
1
1
1
1
1
1
1
1
1
1
1
1
1
1
1
1
1
1
1
1
1
1
1
1
1
1
1
1
1
1
1
1
1
1
1
1
1
1
1
1
1
1
1
1
1
1
1
1
1
1
1
1
1
1
1
1
1
1
1
1
1
1
1
1
1
1
1
1
1
1
1
1
1
1
1
1
1
1
1
1
1
1
1
1
1
1
1
1
1
1
1
1
1
1
1
1
1
1
1
1
1
1
1
1
1
1
1
1
1
1
1
1
1
1
1
1
1
1
1
1
1
1
1
1
1
1
1
1
1
1
1
1
1
1
1
1
1
1
1
1
1
1
1
1
1
1
1
1
1
1
1
1
1
1
1
1
1
1
1
1
1
1
1
1
1
1
1
1
1
1
1
1
1
1
1
1
1
1
1
1
1
1
1
1
1
1
1
1
1
1
1
1
1
1
1
1
1
1
1
1
1
1
1
1
1
1
1
1
1
1
1
1
1
1
1
1
1
1
1
1
1
1
1
1
1
1
1
1
1
1
1
1
1
1
1
1
1
1
1
1
1
1
1
1
1
1
1
1
1
1
1
1
1
1
1
1
1
1
1
1
1
1
1
1
1
1
1
1
1
1
1
1
1
1
1
1
1
1
1
1
1
1
1
1
1
1
1
1
1
1
1
1
1
1
1
1
1
1
1
1
1
1
1
1
1
1
1
1
1
1
1
1
1
1
1
1
1
1
1
1
1
1
1
1
1
1
1
1
1
1
1
1
1
1
1
1
1
1
1
1
1
1
1
1
1
1
1
1
1
1
1
1
1
1
1
1
1
1
1
1
1
1
1
1
1
1
1
1
1
1
1
1
1
1
1
1
1
1
1
1
1
1
1
1
1
1
1
1
1
1
1
1
1
1
1
1
1
1
1
1
1
1
1
1
1
1
1
1
1
1
1
1
1
1
1
1
1
1
1
1
1
1
1
1
1
1
1
1
1
1
1
1
1
1
1
1
1
1
1
1
1
1
1
1
1
1
1
1
1
1
1
1
1
1
1
1
1
1
1
1
1
1
1
1
1
1
1
1
1
1
1
1
1
1
1
1
1
1
1
1
1
1
1
1
1
1
1
1
1
1
1
1
1
1
1
1
1
1
1
1
1
1
1
1
1
1
1
1
1
1
1
1
1
1
1
1
1
1
1
1
1
1
1
1
1
1
1
1
1
1
1
1
1
1
1
1
1
1
1
1
1
1
1
1
1
1
1
1
1
1
1
1
1
1
1
1
1
1
1
1
1
1
1
1
1
1
1
1
1
1
1
1
1
1
1
1
1
1
1
1
1
1
1
1
1
1
1
1
1
1
1
1
1
1
1
1
1
1
1
1
1
1
1
1
1
1
1
1
1
1
1
1
1
1
1
1
1
1
1
1
1
1
1
1
1
1
1
1
1
1
1
1
1
1
1
1
1
1
1
1
1
1
1
1
1
1
1
1
1
1
1
1
1
1
1
1
1
1
1
1
1
1
1
1
1
1
1
1
1
1
1
1
1
1
1
1
1
1
1
1
1
1
1
1
1
1
1
1
1
1
1
1
1
1
1
1
1
1
1
1
1
1
1
1
1
1
1
1
1
1
1
1
1
1
1
1
1
1
1
1
1
1
1
1
1
1
1
1
1
1
1
1
1
1
1
1
1
1
1
1
1
1
1
1
1
1
1
1
1
1
1
1
1
1
1
1
1
1
1
1
1
1
1
1
1
1
1
1
1
1
1
1
1
1
1
1
1
1
1
1
1
1
1
1
1
1
1
1
1
1
1
1
1
1
1
1
1
1
1
1
1
1
1
1
1
1
1
1
1
1
1
1
1
1
1
1
1
1
1
1
1
1
1
1
1
1
1
1
1
1
1
1
1
1
1
1
1
1
1
1
1
1
1
1
1
1
1
1
1
1
1
1
1
1
1
1
1
1
1
1
1
1
1
1
1
1
1
1
1
1
1
1
1
1
1
1
1
1
1
1
1
1
1
1
1
1
1
1
1
1
1
1
1
1
1
1
1
1
1
1
1
1
1
1
1
1
1
1
1
1
1
1
1
1
1
1
1
1
1
1
1
1
1
1
1
1
1
1
1
1
1
1
1
1
1
1
1
1
1
1
1
1
1
1
1
1
1
1
1
1
1
1
1
1
1
1
1
1
1
1
1
1
1
1
1
1
1
1
1
1
1
1
1
1
1
1
1
1
1
1
1
1
1
1
1
1
1
1
1
1
1
1
1
1
1
1
1
1
1
1
1
1
1
1
1
1
1
1
1
1
1
1
1
1
1
1
1
1
1
1
1
1
1
1
1
1
1
1
1
1
1
1
1
1
1
1
1
1
1
1
1
1
1
1
1
1
1
1
1
1
1
1
1
1
1
1
1
1
1
1
1
1
1
1
1
1
1
1
1
1
1
1
1
1
1
1
1
1
1
1
1
1
1
1
1
1
1
1
1
1
1
1
1
1
1
1
1
1
1
1
1
1
1
1
1
1
1
1
1
1
1
1
1
1
1
1
1
1
1
1
1
1
1
1
1
1
1
1
1
1
1
1
1
1
1
1
1
1
1
1
1
1
1
1
1
1
1
1
1
1
1
1
1
1
1
1
1
1
1
1
1
1
1
1
1
1
1
1
1
1
1
1
1
1
1
1
1
1
1
1
1
1
1
1
1
1
1
1
1
1
1
1
1
1
1
1
1
1
1
1
1
1
1
1
1
1
1
1
1
1
1
1
1
1
1
1
1
1
1
1
1
1
1
1
1
1
1
1
1
1
1
1
1
1
1
1
1
1
1
1
1
1
1
1
1
1
1
1
1
1
1
1
1
1
1
1
1
1
1
1
1
1
1
1
1
1
1
1
1
1
1
1
1
1
1
1
1
1
1
1
1
1
1
1
1
1
1
1
1
1
1
1
1
1
1
1
1
1
1
1
1
1
1
1
1
1
1
1
1
1
1
1
1
1
1
1
1
1
1
1
1
1
1
1
1
1
1
1
1
1
1
1
1
1
1
1
1
1
1
1
1
1
1
1
1
1
1
1
1
1
1
1
1
1
1
1
1
1
1
1
1
1
1
1
1
1
1
1
1
1
1
1
1
1
1
1
1
1
1
1
1
1
1
1
1
1
1
1
1
1
1
1
1
1
1
1
1
1
1
1
1
1
1
1
1
1
1
1
1
1
1
1
1
1
1
1
1
1
1
1
1
1
1
1
1
1
1
1
1
1
1
1
1
1
1
1
1
1
1
1
1
1
1
1
1
1
1
1
1
1
1
1
1
1
1
1
1
1
1
1
1
1
1
1
1
1
1
1
1
1
1
1
1
1
1
1
1
1
1
1
1
1
1
1
1
1
1
1
1
1
1
1
1
1
1
1
1
1
1
1
1
1
1
1
1
1
1
1
1
1
1
1
1
1
1
1
1
1
1
1
1
1
1
1
1
1
1
1
1
1
1
1
1
1
1
1
1
1
1
1
1
1
1
1
1
1
1
1
1
1
1
1
1
1
1
1
1
1
1
1
1
1
1
1
1
1
1
1
1
1
1
1
1
1
1
1
1
1
1
1
1
1
1
1
1
1
1
1
1
1
1
1
1
1
1
1
1
1
1
1
1
1
1
1
1
1
1
1
1
1
1
1
1
1
1
1
1
1
1
1
1
1
1
1
1
1
1
1
1
1
1
1
1
1
1
1
1
1
1
1
1
1
1
1
1
1
1
1
1
1
1
1
1
1
1
1
1
1
1
1
1
1
1
1
1
1
1
1
1
1
1
1
1
1
1
1
1
1
1
1
1
1
1
1
1
1
1
1
1
1
1
1
1
1
1
1
1
1
1
1
1
1
1
1
1
1
1
1
1
1
1
1
1
1
1
1
1
1
1
1
1
1
1
1
1
1
1
1
1
1
1
1
1
1
1
1
1
1
1
1
1
1
1
1
1
1
1
1
1
1
1
1
1
1
1
1
1
1
1
1
1
1
1
1
1
1
1
1
1
1
1
1
1
1
1
1
1
1
1
1
1
1
1
1
1
1
1
1
1
1
1
1
1
1
1
1
1
1
1
1
1
1
1
1
1
1
1
1
1
1
1
1
1
1
1
1
1
1
1
1
1
1
1
1
1
1
1
1
1
1
1
1
1
1
1
1
1
1
1
1
1
1
1
1
1
1
1
1
1
1
1
1
1
1
1
1
1
1
1
1
1
1
1
1
1
1
1
1
1
1
1
1
1
1
1
1
1
1
1
1
1
1
1
1
1
1
1
1
1
1
1
1
1
1
1
1
1
1
1
1
1
1
1
1
1
1
1
1
1
1
1
1
1
1
1
1
1
1
1
1
1
1
1
1
1
1
1
1
1
1
1
1
1
1
1
1
1
1
1
1
1
1
1
1
1
1
1
1
1
1
1
1
1
1
1
1
1
1
1
1
1
1
1
1
1
1
1
1
1
1
1
1
1
1
1
1
1
1
1
1
1
1
1
1
1
1
1
1
1
1
1
1
1
1
1
1
1
1
1
1
1
1
1
1
1
1
1
1
1
1
1
1
1
1
1
1
1
1
1
1
1
1
1
1
1
1
1
1
1
1
1
1
1
1
1
1
1
1
1
1
1
1
1
1
1
1
1
1
1
1
1
1
1
1
1
1
1
1
1
1
1
1
1
1
1
1
1
1
1
1
1
1
1
1
1
1
1
1
1
1
1
1
1
1
1
1
1
1
1
1
1
1
1
1
1
1
1
1
1
1
1
1
1
1
1
1
1
1
1
1
1
1
1
1
1
1
1
1
1
1
1
1
1
1
1
1
1
1
1
1
1
1
1
1
1
1
1
1
1
1
1
1
1
1
1
1
1
1
1
1
1
1
1
1
1
1
1
1
1
1
1
1
1
1
1
1
1
1
1
1
1
1
1
1
1
1
1
1
1
1
1
1
1
1
1
1
1
1
1
1
1
1
1
1
1
1
1
1
1
1
1
1
1
1
1
1
1
1
1
1
1
1
1
1
1
1
1
1
1
1
1
1
1
1
1
1
1
1
1
1
1
1
1
1
1
1
1
1
1
1
1
1
1
1
1
1
1
1
1
1
1
1
1
1
1
1
1
1
1
1
1
1
1
1
1
1
1
1
1
1
1
1
1
1
1
1
1
1
1
1
1
1
1
1
1
1
1
1
1
1
1
1
1
1
1
1
1
1
1
1
1
1
1
1
1
1
1
1
1
1
1
1
1
1
1
1
1
1
1
1
1
1
1
1
1
1
1
1
1
1
1
1
1
1
1
1
1
1
1
1
1
1
1
1
1
1
1
1
1
1
1
1
1
1
1
1
1
1
1
1
1
1
1
1
1
1
1
1
1
1
1
1
1
1
1
1
1
1
1
1
1
1
1
1
1
1
1
1
1
1
1
1
1
1
1
1
1
1
1
1
1
1
1
1
1
1
1
1
1
1
1
1
1
1
1
1
1
1
1
1
1
1
1
1
1
1
1
1
1
1
1
1
1
1
1
1
1
1
1
1
1
1
1
1
1
1
1
1
1
1
1
1
1
1
1
1
1
1
1
1
1
1
1
1
1
1
1
1
1
1
1
1
1
1
1
1
1
1
1
1
1
1
1
1
1
1
1
1
1
1
1
1
1
1
1
1
1
1
1
1
1
1
1
1
1
1
1
1
1
1
1
1
1
1
1
1
1
1
1
1
1
1
1
1
1
1
1
1
1
1
1
1
1
1
1
1
1
1
1
1
1
1
1
1
1
1
1
1
1
1
1
1
1
1
1
1
1
1
1
1
1
1
1
1
1
1
1
1
1
1
1
1
1
1
1
1
1
1
1
1
1
1
1
1
1
1
1
1
1
1
1
1
1
1
1
1
1
1
1
1
1
1
1
1
1
1
1
1
1
1
1
1
1
1
1
1
1
1
1
1
1
1
1
1
1
1
1
1
1
1
1
1
1
1
1
1
1
1
1
1
1
1
1
1
1
1
1
1
1
1
1
1
1
1
1
1
1
1
1
1
1
1
1
1
1
1
1
1
1
1
1
1
1
1
1
1
1
1
1
1
1
1
1
1
1
1
1
1
1
1
1
1
1
1
1
1
1
1
1
1
1
1
1
1
1
1
1
1
1
1
1
1
1
1
1
1
1
1
1
1
1
1
1
1
1
1
1
1
1
1
1
1
1
1
1
1
1
1
1
1
1
1
1
1
1
1
1
1
1
1
1
1
1
1
1
1
1
1
1
1
1
1
1
1
1
1
1
1
1
1
1
1
1
1
1
1
1
1
1
1
1
1
1
1
1
1
1
1
1
1
1
1
1
1
1
1
1
1
1
1
1
1
1
1
1
1
1
1
1
1
1
1
1
1
1
1
1
1
1
1
1
1
1
1
1
1
1
1
1
1
1
1
1
1
1
1
1
1
1
1
1
1
1
1
1
1
1
1
1
1
1
1
1
1
1
1
1
1
1
1
1
1
1
1
1
1
1
1
1
1
1
1
1
1
1
1
1
1
1
1
1
1
1
1
1
1
1
1
1
1
1
1
1
1
1
1
1
1
1
0.854059
0.859063
0.844035
0.784072
0.759667
0.723923
0.755358
0.687917
0.802166
0.896859
0.772902
0.698606
0.694152
0.80314
0.924241
0.783892
0.931579
0.685835
0.867303
0.779149
0.854267
0.901585
0.812057
0.824835
0.835295
0.582158
0.743168
0.831721
0.826228
0.845281
0.885226
0.493476
0.497939
0.863802
0.845998
0.879324
0.925856
0.869736
0.713398
0.929696
0.831985
0.875443
0.707863
0.508805
0.593734
0.77936
0.589716
0.802566
0.559987
0.952215
0.894617
0.9211
0.830908
0.884383
0.806314
0.812573
0.883209
0.845356
0.858771
0.928408
0.935229
0.854135
0.8288
0.849954
0.779695
0.702922
0.852367
0.776793
0.788006
0.676865
0.741264
0.638104
0.568599
0.71707
0.657461
0.914002
0.856532
0.754932
0.658519
0.679736
0.764006
0.664667
0.921149
0.882013
0.846556
0.50684
0.545877
0.795269
0.869604
0.474658
0.494251
0.885043
0.563049
0.670413
0.902649
0.908286
0.52103
0.513914
0.732873
0.845343
0.596377
0.791006
0.481027
0.738263
0.495637
0.498832
0.967639
0.571855
0.856255
0.564292
0.979456
0.763102
0.760663
0.499154
0.506439
0.80973
0.72606
0.54712
0.656942
0.738719
0.511762
0.449968
0.897761
0.54106
0.525803
0.431549
0.440479
0.773194
0.697792
0.846043
0.482678
0.870371
0.816631
0.780605
0.971903
0.855673
0.925618
0.624148
0.843088
0.551418
0.678463
0.509685
0.750319
0.538835
0.629834
0.548217
0.771116
0.59472
0.774252
0.734186
0.727227
0.818586
0.947377
0.955417
0.605195
0.958175
0.906598
0.981622
0.782049
0.96806
0.841911
0.668711
0.815542
0.503054
0.970682
0.853766
0.804516
0.610316
0.822055
0.848396
0.952598
0.864846
0.953821
0.963855
0.987925
0.860331
0.970055
0.953468
0.950733
0.939161
0.984061
0.976271
0.925869
0.961304
0.915768
0.989833
0.969085
0.940104
0.940971
0.945764
0.903158
0.816759
0.955981
0.976783
0.960963
0.958627
0.972385
0.983768
0.995028
0.957914
0.983364
0.989927
0.994
0.964538
0.9962
0.993164
0.964298
0.924448
0.999007
0.996954
0.97035
0.941944
0.964647
0.993241
0.958636
0.958548
0.983738
0.982909
0.946971
0.960545
0.932717
0.981146
0.872917
0.969428
0.987184
0.99429
0.998582
0.981267
0.994961
0.998425
0.999934
0.952694
0.997716
0.992439
0.994752
0.993145
0.9952
0.992405
0.963679
0.933073
0.991048
0.909389
0.987247
0.9331
0.993942
0.980822
0.953664
0.995629
0.936768
0.99644
0.99126
0.998112
1
0.997801
1
0.99676
0.996078
0.999212
1
0.991654
0.999338
0.99709
0.999357
0.994231
1
0.996254
0.999148
0.990877
1
0.992497
0.995246
0.99804
0.999045
0.998088
0.998103
0.999934
0.998038
0.998088
0.999695
0.999934
0.999797
0.998852
0.999077
0.998414
0.997059
1
1
1
0.999007
1
0.997394
0.998812
0.99924
0.999667
0.994493
0.99902
0.995227
0.995607
0.996264
0.995102
1
0.996407
0.999932
0.998874
0.996516
0.999045
0.998916
1
1
1
1
1
0.997298
0.99905
0.998849
0.999559
0.999043
0.999801
0.995097
1
1
1
0.99846
0.998987
0.996479
0.998041
0.99905
0.995778
0.995823
0.998089
0.997629
0.99904
0.997024
0.996937
0.998984
0.99904
0.997974
0.999672
0.999934
0.998213
0.997063
0.997806
0.997472
0.999086
1
1
0.99902
1
1
1
0.9981
0.997028
0.996185
0.996014
0.998035
0.995442
0.996811
0.998683
0.999323
1
0.997261
0.999045
0.998036
0.99904
0.998042
0.99905
0.996258
0.998989
0.998009
0.999804
0.997243
1
0.999046
1
0.99902
1
1
1
0.996824
0.999021
0.999047
0.996859
0.994958
0.99919
0.997174
1
1
1
0.997668
0.997927
1
1
1
0.998101
0.999015
1
1
0.996235
0.999081
1
1
1
1
1
1
1
0.998723
1
0.998094
0.997298
0.999018
0.998987
0.997174
1
1
1
0.999358
1
1
1
1
0.999051
0.999048
1
1
1
1
1
1
1
1
1
1
1
0.996955
0.998818
0.997141
0.999189
0.996792
0.997198
0.996254
1
0.999052
0.999967
1
1
1
1
1
1
1
1
1
1
1
1
1
1
1
1
1
1
0.999378
1
0.998094
0.999932
0.999116
1
0.999047
1
1
1
1
1
1
1
1
1
1
1
1
1
1
1
1
1
1
1
1
1
1
1
1
1
1
1
1
1
1
1
1
1
1
1
1
1
1
1
1
1
1
1
1
1
1
1
1
1
1
1
1
1
1
1
1
1
1
1
1
1
1
1
1
1
1
1
1
1
1
1
1
1
1
1
1
1
1
1
1
1
1
1
1
1
1
1
1
1
1
1
1
1
1
1
1
1
1
1
1
1
1
1
1
1
1
1
1
1
1
1
1
1
1
1
1
1
1
1
1
1
1
1
1
1
1
1
1
1
1
1
1
1
1
1
1
1
1
1
1
1
1
1
1
1
1
1
1
1
1
1
1
1
1
1
1
1
1
1
1
1
1
1
1
1
1
1
1
1
1
1
1
1
1
1
1
1
1
1
1
1
1
1
1
1
1
1
1
1
1
1
1
1
1
1
1
1
1
1
1
1
1
1
1
1
1
1
1
1
1
1
1
1
1
1
1
1
1
1
1
1
1
1
1
1
1
1
1
1
1
1
1
1
1
1
1
1
1
1
1
1
1
1
1
1
1
1
1
1
1
1
1
1
1
1
1
1
1
1
1
1
1
1
1
1
1
1
1
1
1
1
1
1
1
1
1
1
1
1
1
1
1
1
1
1
1
1
1
1
1
1
1
1
1
1
1
1
1
1
1
1
1
1
1
1
1
1
1
1
1
1
1
1
1
1
1
1
1
1
1
1
1
1
1
1
1
1
1
1
1
1
1
1
1
1
1
1
1
1
1
1
1
1
1
1
1
1
1
1
1
1
1
1
1
1
1
1
1
1
1
1
1
1
1
1
1
1
1
1
1
1
1
1
1
1
1
1
1
1
1
1
1
1
1
1
1
1
1
1
1
1
1
1
1
1
1
1
1
1
1
1
1
1
1
1
1
1
1
1
1
1
1
1
1
1
1
1
1
1
1
1
1
1
1
1
1
1
1
1
1
1
1
1
1
1
1
1
1
1
1
1
1
1
1
1
1
1
1
1
1
1
1
1
1
1
1
1
1
1
1
1
1
1
1
1
1
1
1
1
1
1
1
1
1
1
1
1
1
1
1
1
1
1
1
1
1
1
1
1
1
1
1
1
1
1
1
1
1
1
1
1
1
1
1
1
1
1
1
1
1
1
1
1
1
1
1
1
1
1
1
1
1
1
1
1
1
1
1
1
1
1
1
1
1
1
1
1
1
1
1
1
1
1
1
1
1
1
1
1
1
1
1
1
1
1
1
1
1
1
1
1
1
1
1
1
1
1
1
1
1
1
1
1
1
1
1
1
1
1
1
1
1
1
1
1
1
1
1
1
1
1
1
1
1
1
1
1
1
1
1
1
1
1
1
1
1
1
1
1
1
1
1
1
1
1
1
1
1
1
1
1
1
1
1
1
1
1
1
1
1
1
1
1
1
1
1
1
1
1
1
1
1
1
1
1
1
1
1
1
1
1
1
1
1
1
1
1
1
1
1
1
1
1
1
1
1
1
1
1
1
1
1
1
1
1
1
1
1
1
1
1
1
1
1
1
1
1
1
1
1
1
1
1
1
1
1
1
1
1
1
1
1
1
1
1
1
1
1
1
1
1
1
1
1
1
1
1
1
1
1
1
1
1
1
1
1
1
1
1
1
1
1
1
1
1
1
1
1
1
1
1
1
1
1
1
1
1
1
1
1
1
1
1
1
1
1
1
1
1
1
1
1
1
1
1
1
1
1
1
1
1
1
1
1
1
1
1
1
1
1
1
1
1
1
1
1
1
1
1
1
1
1
1
1
1
1
1
1
1
1
1
1
1
1
1
1
1
1
1
1
1
1
1
1
1
1
1
1
1
1
1
1
1
1
1
1
1
1
1
1
1
1
1
1
1
1
1
1
1
1
1
1
1
1
1
1
1
1
1
1
1
1
1
1
1
1
1
1
1
1
1
1
1
1
1
1
1
1
1
1
1
1
1
1
1
1
1
1
1
1
1
1
1
1
1
1
1
1
1
1
1
1
1
1
1
1
1
1
1
1
1
1
1
1
1
1
1
1
1
1
1
1
1
1
1
1
1
1
1
1
1
1
1
1
1
1
1
1
1
1
1
1
1
1
1
1
1
1
1
1
1
1
1
1
1
1
1
1
1
1
1
1
1
1
1
1
1
1
1
1
1
1
1
1
1
1
1
1
1
1
1
1
1
1
1
1
1
1
1
1
1
1
1
1
1
1
1
1
1
1
1
1
1
1
1
1
1
1
1
1
1
1
1
1
1
1
1
1
1
1
1
1
1
1
1
1
1
1
1
1
1
1
1
1
1
1
1
1
1
1
1
1
1
1
1
1
1
1
1
1
1
1
1
1
1
1
1
1
1
1
1
1
1
1
1
1
1
1
1
1
1
1
1
1
1
1
1
1
1
1
1
1
1
1
1
1
1
1
1
1
1
1
1
1
1
1
1
1
1
1
1
1
1
1
1
1
1
1
1
1
1
1
1
1
1
1
1
1
1
1
1
1
1
1
1
1
1
1
1
1
1
1
1
1
1
1
1
1
1
1
1
1
1
1
1
1
1
1
1
1
1
1
1
1
1
1
1
1
1
1
1
1
1
1
1
1
1
1
1
1
1
1
1
1
1
1
1
1
1
1
1
1
1
1
1
1
1
1
1
1
1
1
1
1
1
1
1
1
1
1
1
1
1
1
1
1
1
1
1
1
1
1
1
1
1
1
1
1
1
1
1
1
1
1
1
1
1
1
1
1
1
1
1
1
1
1
1
1
1
1
1
1
1
1
1
1
1
1
1
1
1
1
1
1
1
1
1
1
1
1
1
1
1
1
1
1
1
1
1
1
1
1
1
1
1
1
1
1
1
1
1
1
1
1
1
1
1
1
1
1
1
1
1
1
1
1
1
1
1
1
1
1
1
1
1
1
1
1
1
1
1
1
1
1
1
1
1
1
1
1
1
1
1
1
1
1
1
1
1
1
1
1
1
1
1
1
1
1
1
1
1
1
1
1
1
1
1
1
1
1
1
1
1
1
1
1
1
1
1
1
1
1
1
1
1
1
1
1
1
1
1
1
1
1
1
1
1
1
1
1
1
1
1
1
1
1
1
1
1
1
1
1
1
1
1
1
1
1
1
1
1
1
1
1
1
1
1
1
1
1
1
1
1
1
1
1
1
1
1
1
1
1
1
1
1
1
1
1
1
1
1
1
1
1
1
1
1
1
1
1
1
1
1
1
1
1
1
1
1
1
1
1
1
1
1
1
1
1
1
1
1
1
1
1
1
1
1
1
1
1
1
1
1
1
1
1
1
1
1
1
1
1
1
1
1
1
1
1
1
1
1
1
1
1
1
1
1
1
1
1
1
1
1
1
1
1
1
1
1
1
1
1
1
1
1
1
1
1
1
1
1
1
1
1
1
1
1
1
1
1
1
1
1
1
1
1
1
1
1
1
1
1
1
1
1
1
1
1
1
1
1
1
1
1
1
1
1
1
1
1
1
1
1
1
1
1
1
1
1
1
1
1
1
1
1
1
1
1
1
1
1
1
1
1
1
1
1
1
1
1
1
1
1
1
1
1
1
1
1
1
1
1
1
1
1
1
1
1
1
1
1
1
1
1
1
1
1
1
1
1
1
1
1
1
1
1
1
1
1
1
1
1
1
1
1
1
1
1
1
1
1
1
1
1
1
1
1
1
1
1
1
1
1
1
1
1
1
1
1
1
1
1
1
1
1
1
1
1
1
1
1
1
1
1
1
1
1
1
1
1
1
1
1
1
1
1
1
1
1
1
1
1
1
1
1
1
1
1
1
1
1
1
1
1
1
1
1
1
1
1
1
1
1
1
1
1
1
1
1
1
1
1
1
1
1
)
;

boundaryField
{
    fbOut
    {
        type            fixedValue;
        value           uniform 1;
    }
    CAD_patch1
    {
        type            zeroGradient;
    }
    fbGasin
    {
        type            fixedValue;
        value           uniform 1;
    }
    CAD_patch3
    {
        type            zeroGradient;
    }
    fbBioin
    {
        type            zeroGradient;
    }
}


// ************************************************************************* //
