/*--------------------------------*- C++ -*----------------------------------*\
| =========                 |                                                 |
| \\      /  F ield         | OpenFOAM: The Open Source CFD Toolbox           |
|  \\    /   O peration     | Version:  5.x                                   |
|   \\  /    A nd           | Web:      www.OpenFOAM.org                      |
|    \\/     M anipulation  |                                                 |
\*---------------------------------------------------------------------------*/
FoamFile
{
    version     2.0;
    format      ascii;
    class       volScalarField;
    location    "3.85";
    object      p;
}
// * * * * * * * * * * * * * * * * * * * * * * * * * * * * * * * * * * * * * //

dimensions      [0 2 -2 0 0 0 0];

internalField   nonuniform List<scalar> 
10571
(
139.059
227.403
240.482
182.283
158.985
204.773
181.582
207.974
182.74
170.074
220.612
180.442
120.689
157.178
170.908
123.244
98.0441
134.055
155.133
173.361
136.984
91.0502
86.7995
102.651
54.3635
66.1361
54.2477
53.3186
52.3025
55.4493
54.6256
55.454
78.8228
94.85
70.9019
60.2938
62.2206
62.3151
60.0365
107.709
70.6089
65.4457
59.3626
63.5116
70.0037
71.7448
70.6148
65.5407
51.7769
54.8676
49.4345
50.5369
51.3544
57.042
56.6019
47.7778
56.0766
61.7306
59.0594
60.0941
64.7922
61.103
54.705
64.3338
63.1597
65.6747
60.6568
59.1501
59.8247
65.8518
65.1705
65.481
46.4947
51.4848
47.6991
45.7988
44.6682
55.0108
53.5221
46.7886
43.4097
47.5684
46.345
55.1097
55.4524
49.7115
47.944
44.942
50.4214
54.7584
51.9831
49.4195
41.8214
48.2045
37.2371
43.7184
39.6883
42.1948
41.9942
39.59
38.5686
54.2296
42.8735
40.6515
36.6142
38.7421
34.2066
50.5534
26.4415
30.4847
39.4314
39.3845
24.5453
23.9375
32.4819
33.3842
33.4244
24.0506
25.9274
28.7744
34.6334
23.2534
29.9049
33.8927
32.7114
23.0731
22.9326
28.8359
29.7685
30.5649
23.7347
22.9258
23.0901
22.3869
22.8557
26.3349
29.8661
23.836
22.9067
22.9087
22.7525
25.1347
25.9148
23.4043
23.7197
26.2441
24.5346
23.376
22.9091
26.8979
29.2844
23.5682
23.6743
23.1746
23.4581
22.9867
23.5149
23.4353
23.4747
23.6929
23.3683
22.4979
23.098
23.5579
23.2597
23.5144
23.3579
22.8538
23.3867
23.5587
23.5029
23.5739
24.0831
22.9466
23.4038
23.5955
22.0137
24.3124
23.4703
23.7469
22.8859
23.1879
23.2227
23.3696
23.4003
23.4565
23.4381
23.3483
23.8065
23.4708
23.4456
23.5209
23.2361
23.2824
23.3143
23.6231
23.5122
23.4346
23.4652
23.613
23.1863
23.4203
23.3371
23.1762
22.2663
23.4144
23.5178
23.2035
23.4852
23.3361
23.5093
23.2827
23.3588
23.4168
23.264
23.5012
23.3613
23.2853
23.3669
23.2381
23.1036
23.159
23.1987
23.3564
23.3169
23.4386
23.2949
23.3629
23.3122
23.2984
23.1643
23.3064
23.3638
23.1683
23.3116
23.0303
23.2652
23.2797
23.367
23.2196
23.3039
23.2007
23.3413
23.2404
23.0003
23.0825
23.0493
23.3802
23.2809
23.2812
23.3027
23.3073
23.2325
23.159
23.1704
23.24
23.2265
23.1219
23.0686
23.0226
23.2381
23.2487
23.3005
23.2061
23.2166
23.0899
23.3232
23.3397
22.9954
23.0822
23.1685
23.4883
23.3818
23.233
23.3138
23.2979
23.1744
23.1116
23.2819
23.2072
23.1426
23.119
22.9591
23.051
23.2315
23.2253
23.2584
23.2243
23.2106
23.1861
23.2806
23.3521
23.0742
23.1151
23.1913
23.4743
23.4379
23.2656
23.3721
23.3116
23.1752
23.1999
23.3609
23.2143
23.1163
23.2126
22.984
23.1133
22.9502
23.1237
23.2457
23.2698
23.2515
23.1557
23.2371
23.2535
23.1715
23.1323
23.1848
23.3002
23.3075
23.236
23.49
23.3637
23.2541
23.565
23.4926
23.3057
23.1792
23.3021
23.0687
23.1653
23.2811
23.1442
23.2627
23.3024
23.2837
23.1636
23.2327
23.1466
23.2382
23.1841
23.2457
23.1278
23.1678
23.2164
23.6389
23.4268
23.4778
23.6778
23.5006
23.3223
23.251
23.2845
23.0932
23.1917
23.3463
23.1637
23.2855
23.3511
23.3579
23.3541
23.2572
23.1268
23.2796
23.2455
23.3296
23.1116
23.1668
23.2557
23.713
23.4424
23.5994
23.5692
23.3144
23.2003
23.2246
23.2365
23.1019
23.1567
23.122
23.0367
23.296
23.4132
23.4062
23.4955
23.2968
23.204
23.3806
23.3389
23.393
23.258
23.3027
23.3443
23.6988
23.3765
23.5428
23.5464
23.1768
22.95
23.129
23.2376
23.176
23.1227
23.0845
22.9314
23.3109
23.4768
23.445
23.5702
23.3714
23.3436
23.4918
23.456
23.4743
23.4603
23.5087
23.4911
23.5612
23.1885
23.2539
23.3753
22.9617
22.7763
23.0765
23.2911
23.3175
23.3145
23.2034
22.9817
23.3427
23.5322
23.5228
23.5926
23.499
23.4932
23.572
23.5636
23.5559
23.6322
23.6754
23.621
23.2537
23.076
22.9328
23.078
22.7745
22.8595
23.1219
23.2977
23.4518
23.6098
23.3735
23.186
23.426
23.5785
23.5856
23.6488
23.6603
23.6238
23.6385
23.6393
23.6068
23.7498
23.7654
23.7074
23.0946
23.2535
22.7705
22.8685
22.9616
23.2789
23.2335
23.3009
23.523
23.8693
23.6253
23.472
23.5585
23.6267
23.6409
23.7649
23.8191
23.723
23.7071
23.6995
23.6707
23.8389
23.8333
23.7757
23.1038
23.5849
22.4986
22.9986
23.2305
23.6741
23.3575
23.3005
23.5075
24.0203
23.8855
23.762
23.6987
23.6846
23.6808
23.7714
23.9223
23.8
23.7888
23.7733
23.7772
23.8966
23.8931
23.8469
23.3252
24.0339
22.7758
23.2988
23.3893
23.9066
23.4796
23.3899
23.4617
23.7509
23.9864
23.8917
23.7976
23.7418
23.7194
23.7567
23.9413
23.8518
23.8699
23.8472
23.8427
23.9334
23.9366
23.9161
23.3905
24.0005
23.4215
23.5762
23.5105
23.753
23.4406
23.4516
23.5367
23.5609
23.9402
23.8697
23.8328
23.8014
23.7929
23.751
23.9131
23.8758
23.9256
23.9206
23.9085
23.9547
23.9589
23.9713
23.5605
23.7912
23.1574
23.5023
23.3171
23.5991
23.3887
23.3178
23.3691
23.4304
23.8543
23.8023
23.7995
23.8424
23.8691
23.802
23.8766
23.8771
23.9388
23.974
23.9978
23.9638
23.9635
24.0049
23.7981
23.663
23.0904
23.5126
23.0139
23.6344
23.5491
23.4798
23.3744
23.4133
23.7941
23.751
23.7675
23.8498
23.8877
23.8792
23.8448
23.8656
23.9339
23.9784
24.0499
23.9582
23.9674
24.0162
24.1387
23.9001
24.0911
23.9656
23.3318
23.7179
23.7505
23.7197
23.5814
23.6311
23.7834
23.7277
23.7463
23.8299
23.8651
23.8972
23.8216
23.8403
23.9117
23.9581
24.0337
23.9405
23.9496
23.9998
24.4299
24.0556
24.4768
24.2052
24.1295
23.7737
23.8141
23.8205
23.8132
23.8927
23.7842
23.708
23.7216
23.791
23.8119
23.8556
23.7965
23.8056
23.8707
23.9044
23.962
23.9134
23.9165
23.9514
24.4064
24.0316
24.277
24.2322
24.4065
23.7844
23.8016
23.8539
23.8647
23.9029
23.7808
23.6886
23.7017
23.7647
23.7579
23.8043
23.7691
23.7714
23.8314
23.8442
23.8767
23.8809
23.8757
23.8936
24.2247
23.9774
24.0978
24.125
24.202
23.7869
23.7587
23.8621
23.8481
23.8571
23.7689
23.6636
23.6802
23.7324
23.7441
23.7839
23.7352
23.7429
23.7947
23.8025
23.8226
23.8488
23.837
23.8449
24.0695
23.9211
23.9729
24.0076
24.0375
23.7869
23.7291
23.8363
23.8271
23.8532
23.7489
23.6228
23.6479
23.7099
23.7562
23.7905
23.696
23.7176
23.7628
23.7795
23.8011
23.8217
23.8071
23.8122
23.9603
23.8611
23.8877
23.9168
23.9368
23.754
23.7073
23.7926
23.8199
23.8531
23.7332
23.592
23.635
23.6998
23.7702
23.8104
23.664
23.6929
23.7363
23.7715
23.8004
23.8006
23.7846
23.7928
23.8892
23.8072
23.827
23.8524
23.8788
23.7065
23.6774
23.7523
23.8063
23.8527
23.6669
23.5779
23.6231
23.6914
23.7777
23.8375
23.6476
23.6724
23.716
23.7646
23.8138
23.781
23.7659
23.782
23.849
23.7808
23.793
23.8135
23.8449
23.685
23.6505
23.7196
23.7869
23.8393
23.6306
23.5761
23.6043
23.6779
23.7729
23.8423
23.6473
23.6553
23.707
23.7644
23.8205
23.7632
23.7529
23.7765
23.8344
23.7891
23.7877
23.7992
23.8272
23.7035
23.6433
23.6957
23.7702
23.8201
23.6941
23.6031
23.5889
23.6613
23.7516
23.8098
23.6724
23.6358
23.7051
23.7584
23.8089
23.7534
23.7456
23.7705
23.8393
23.8239
23.8085
23.8052
23.8222
23.7572
23.6642
23.6837
23.7576
23.8021
23.8201
23.6648
23.5889
23.6498
23.7231
23.7657
23.7184
23.6263
23.6971
23.7421
23.7792
23.7574
23.7425
23.7573
23.8573
23.8722
23.8491
23.8274
23.828
23.8281
23.7145
23.6871
23.7517
23.7879
23.9378
23.771
23.6157
23.648
23.6954
23.7312
23.7884
23.6283
23.6832
23.7192
23.7464
23.7769
23.7431
23.7403
23.8823
23.918
23.8923
23.8563
23.842
23.8929
23.7806
23.7045
23.7541
23.781
24.0024
23.9146
23.6942
23.6595
23.6827
23.7014
23.878
23.6538
23.6746
23.7056
23.7176
23.8074
23.7516
23.7358
23.9084
23.9527
23.9292
23.8882
23.8635
23.9439
23.8425
23.7458
23.7676
23.7931
24.0395
23.9718
23.7898
23.6975
23.6989
23.7032
24.0049
23.7766
23.6749
23.715
23.7176
23.8711
23.7791
23.755
23.9322
23.975
23.9546
23.9188
23.89
23.9799
23.8968
23.8171
23.8053
23.8241
24.0497
24.0059
23.8739
23.7431
23.7505
23.7421
24.1128
23.9102
23.7399
23.7461
23.7498
23.9721
23.8765
23.7992
23.9501
23.9856
23.9693
23.9406
23.9174
23.998
23.9442
23.8813
23.8609
23.8655
24.0435
24.0222
23.9331
23.8264
23.7958
23.7948
24.1164
24.008
23.8214
23.7811
23.7846
24.1531
23.9783
23.8314
23.9622
23.9857
23.9745
23.9539
23.9402
23.9983
23.9696
23.9204
23.9151
23.9061
24.0265
24.0148
23.9552
23.9006
23.8519
23.8472
24.0758
24.0166
23.9119
23.814
23.829
24.1937
24.0649
23.8415
23.9702
23.9807
23.9732
23.9637
23.9544
23.987
23.9586
23.9444
23.9502
23.9384
24.0044
23.9963
23.9435
23.9338
23.9107
23.9058
24.0303
23.9711
23.9181
23.889
23.9028
24.0631
23.9524
23.8906
23.9751
23.975
23.9703
23.9705
23.9596
23.9737
23.9471
23.9523
23.9733
23.9704
23.9848
23.9763
23.9373
23.9382
23.9487
23.9426
23.9962
23.9399
23.9154
23.9368
23.9568
23.9888
23.874
23.9784
23.9779
23.9723
23.9694
23.9743
23.9603
23.9639
23.9462
23.9594
23.9809
23.9866
23.9706
23.9627
23.9318
23.9456
23.9552
23.9617
23.9752
23.9449
23.9618
23.9704
23.9872
23.9761
23.9634
24.0094
23.9797
23.9771
23.9728
23.9759
23.9591
23.9636
23.956
23.9616
23.9787
23.988
23.9641
23.9554
23.9356
23.9529
23.9594
23.9712
23.9672
23.9545
23.9782
23.984
23.9802
23.9732
23.9953
24.0331
23.9825
23.9869
23.9824
23.9758
23.9602
23.9732
23.9686
23.9611
23.9767
23.9818
23.9709
23.9552
23.9491
23.9585
23.9643
23.9716
23.968
23.9662
23.978
23.99
23.9887
23.9754
23.9884
24.0103
23.9882
24.002
23.9952
23.9748
23.9634
23.9906
23.9794
23.9566
23.9701
23.9781
23.9877
23.971
23.9592
23.956
23.9692
23.9699
23.9783
23.9765
23.9836
23.9846
23.9873
23.9813
23.9825
23.9895
23.9982
24.0154
24.0104
23.9828
23.9706
24.0083
24.0096
23.9657
23.9549
23.9757
24.0092
23.994
23.9934
23.9618
23.9637
23.9685
23.9915
23.9862
23.9856
23.9776
23.9807
23.9896
23.9829
23.9829
24.0087
24.0238
24.0201
23.9979
23.9808
24.0183
24.0251
23.9901
23.9568
23.9772
24.0197
24.0111
24.0308
23.9773
23.9592
23.9705
24.002
23.9924
23.9779
23.9764
23.9759
23.9975
23.9829
23.9805
24.0137
24.0254
24.0197
24.007
23.9886
24.0178
24.0151
23.9917
23.9708
23.9827
24.0174
24.0135
24.0246
23.9845
23.9711
23.9765
24.0071
23.9937
23.9599
23.9735
23.9753
24.0046
23.9792
23.9758
24.0122
24.019
24.0138
24.0054
23.9905
24.013
24.001
23.9848
23.9721
23.9879
24.0141
24.0114
24.0066
23.9762
23.9743
23.9826
24.0093
23.9873
23.9456
23.959
23.9762
24.005
23.9723
23.9472
24.0075
24.0137
24.0074
23.9976
23.9861
24.0119
23.9883
23.9795
23.9631
23.9852
24.0153
24.0144
23.9902
23.972
23.9719
23.987
24.0106
23.9869
23.9514
23.944
23.9817
24.0062
23.9762
23.9275
24.0015
24.0114
24.0025
23.9897
23.979
24.0136
23.9791
23.9756
23.9632
23.9814
24.0178
24.0209
23.9832
23.9837
23.9723
23.9931
24.0098
23.9889
23.9565
23.9516
23.9968
24.005
23.9788
23.9637
23.9941
24.0081
23.9976
23.9804
23.9675
24.0115
23.9774
23.9706
23.9547
23.977
24.0193
24.0179
23.9859
23.9932
24.0091
24.0107
24.0075
23.9777
23.9735
24.0374
24.0543
23.9939
23.9667
24.0124
23.9865
24.0044
23.993
23.9726
23.9533
24.007
23.9762
23.9562
23.9482
23.9659
24.0136
24.0059
23.9845
23.9897
24.0193
24.019
24.001
23.9687
23.9584
24.0486
24.0523
23.9778
23.952
24.0074
23.98
24.0051
23.9898
23.9657
23.9344
24.0019
23.9759
23.9336
23.9227
23.9501
24.0043
23.9862
23.9709
23.9724
23.9848
23.9927
23.9915
23.9579
23.9331
23.9959
24.0071
23.9659
23.9442
23.9773
23.9739
24.0056
23.9891
23.9582
23.9104
23.9992
23.9773
23.9149
23.8729
23.9127
24.0013
23.9701
23.9607
23.9389
23.9237
23.9289
23.9936
23.968
23.9208
23.941
23.9445
23.9666
23.9356
23.9476
23.9692
24.0157
23.9958
23.9517
23.8791
24.0139
23.9902
23.8975
23.8112
23.8446
24.0203
23.9932
23.9628
23.9013
23.8531
23.8271
24.0195
23.9955
23.9272
23.9036
23.882
23.9888
23.9363
23.9337
23.9683
24.0374
24.0099
23.9486
23.8404
24.0459
24.0093
23.8814
23.7247
23.728
24.0623
24.0386
23.9796
23.8774
23.7875
23.7039
24.0672
24.0432
23.9485
23.8802
23.8266
24.0381
23.9534
23.9371
23.975
24.0668
24.0318
23.95
23.7932
24.0854
24.0283
23.8627
23.5774
23.4819
24.1164
24.0978
24.026
23.868
23.6954
23.5561
24.1365
24.1171
23.9974
23.8731
23.7684
24.1192
24.0243
23.9746
23.9952
24.1041
24.0643
23.9594
23.735
24.1219
24.0477
23.8454
23.3404
23.0143
24.1723
24.1631
24.0778
23.8599
23.5733
23.1298
24.218
24.2275
24.0793
23.8803
23.678
24.2425
24.1451
24.0566
24.0376
24.1479
24.1108
23.9865
23.6807
24.1627
24.0858
23.8477
23.0106
21.7276
24.2285
24.215
24.132
23.8505
23.322
21.8717
24.3096
24.3818
24.2157
23.8922
23.4304
24.4108
24.3322
24.2043
24.1087
24.2012
24.1705
24.042
23.6593
24.2036
24.1278
23.8727
22.6275
18.2166
24.2927
24.2692
24.1979
23.8584
23.0735
19.0996
-13.5522
24.4263
24.5846
24.4141
23.9102
22.6521
24.6533
24.6052
24.4633
24.2099
24.2692
24.244
24.1396
23.7234
24.2565
24.1951
24.0384
22.469
16.1756
0.580221
24.3596
24.3377
24.3555
23.9499
22.7167
18.4423
3.07127
24.5528
24.9134
24.7007
23.9559
20.8343
24.9322
24.9202
24.7405
24.3396
24.3468
24.3288
24.2662
23.9529
24.3492
24.2565
23.9707
22.5474
18.4105
5.10603
24.4134
24.3794
24.2581
23.731
22.2805
17.6317
4.68126
24.6421
24.9397
24.6235
23.9084
19.5984
6.10756
25.1133
25.0688
24.5937
24.4651
24.4363
24.4078
24.3862
24.2461
24.4399
24.2395
23.7902
22.7241
19.4012
5.4933
24.4363
24.3417
23.9876
23.4519
22.475
17.4264
1.4024
24.5507
24.547
24.162
23.552
19.4191
24.946
24.7186
24.3453
24.5722
24.527
24.4841
24.4961
24.4444
24.5069
24.3163
23.9613
23.3948
21.8772
24.4957
24.3722
24.0181
23.7267
23.2511
19.3491
-10.3544
24.0853
24.2555
24.0244
23.7859
21.985
24.6172
24.5157
24.3186
24.6992
24.624
24.5903
24.6146
24.6478
24.5833
24.443
24.3327
24.214
23.954
24.5775
24.4447
24.2513
24.1896
24.0649
23.0162
23.8005
24.2997
24.2847
24.1395
23.6852
24.5139
24.5516
24.4552
24.893
24.7296
24.7606
24.7963
24.9477
24.694
24.6601
24.7146
24.6935
24.939
24.7387
24.644
24.512
24.5355
24.5376
24.351
24.4376
24.5403
24.5808
24.4161
24.3433
24.6055
24.6937
24.6274
25.1486
24.821
24.9417
25.0304
25.1622
24.7865
24.7982
24.8401
24.9011
25.0433
24.8189
24.7535
24.7241
24.7563
24.6817
24.7474
24.7362
24.7264
24.8037
24.5987
24.6462
24.7513
24.8231
24.7993
25.1865
24.8885
24.9621
25.0295
25.1245
24.8631
24.8894
24.8347
24.9211
25.0281
24.859
24.8173
24.8335
24.8591
24.7763
24.8667
24.8407
24.8562
24.8988
24.7475
24.8057
24.8771
24.9062
24.9069
25.0586
24.9305
24.8129
24.9462
25.0423
24.9405
24.9166
24.8444
24.9249
25.0022
24.9195
24.9019
24.9324
24.8897
24.8516
24.9198
24.9166
24.9402
24.9343
24.852
24.9103
24.9657
24.9641
24.9817
24.9836
24.9735
24.7987
24.8944
24.9841
25.0323
24.9608
24.8815
24.9221
24.9953
24.9954
24.9822
24.9962
24.9249
24.8878
24.9637
24.9887
24.9807
24.9763
24.9277
24.9967
25.0257
25.0195
25.0491
25.0047
25.0518
24.8825
24.916
24.9681
25.1387
25.0522
24.9317
24.9257
24.9974
25.0797
25.0687
25.0558
24.9591
24.9123
24.9959
25.059
25.0262
24.9863
24.9948
25.0734
25.0792
25.0678
25.101
25.0997
25.1328
24.9687
24.9755
25.0008
25.2259
25.1275
25.0201
24.9706
25.0456
25.1272
25.1285
25.1031
25.0138
24.9723
25.0707
25.0842
25.0657
25.0297
25.0443
25.1198
25.0982
25.0857
25.1171
278.637
280.926
293.192
306.826
257.734
286.552
253.022
238.055
279.795
278.023
287.029
283.427
272.656
285.091
299.238
265.981
294.974
299.985
278.59
301.146
286.36
262.462
259.195
270.557
284.072
263.258
288.541
274.941
291.905
278.538
272.376
277.49
282.129
282.674
304.204
287.496
269.804
291.988
278.505
256.302
248.007
263.77
265.465
228.356
201.865
245.231
190.786
169.003
265.68
277.643
252.013
266.941
269.3
234.452
222.575
265.9
250.534
219.792
238.757
231.145
228.757
226.748
203.766
216.38
210.16
197.414
208.221
151.364
136.952
212.295
214.217
199.103
190.75
178.443
176.981
192.327
210.564
171.565
178.888
197.576
188.179
173.643
177.359
188.313
191.435
181.38
170.973
200.728
165.32
163.88
158.978
159.119
160.093
161.199
157.359
163.222
239.711
141.231
183.319
238.01
201.701
75.4329
127.417
75.975
151.122
134.622
65.7303
65.5455
60.526
126.25
61.5907
219.822
114.911
236.074
216.628
201.894
124.395
113.646
88.2232
66.8843
194.702
201.499
212.567
65.1787
97.3428
91.0214
122.074
199.751
132.035
228.838
226.853
230.046
119.158
127.614
113.143
137.641
124.197
124.822
117.665
114.631
214.637
182.53
121.224
100.591
89.6494
116.584
136.285
118.643
117.709
106.924
139.521
77.3451
114.639
104.921
93.0821
70.2391
69.3827
72.621
70.8588
118.131
135.782
108.511
88.9888
73.0135
70.9552
72.2309
87.2573
95.4338
72.5853
86.9861
93.9153
72.5779
72.2955
72.1668
97.1638
90.217
69.2326
67.9849
70.0171
66.9868
73.9649
57.0355
55.0304
63.6043
54.0724
53.9096
54.1249
53.6285
53.7228
53.2468
53.6401
53.5443
53.9621
54.0607
54.1913
62.675
56.8503
61.3307
56.6822
52.0839
56.6495
54.0195
56.3721
56.5348
57.0483
58.1254
73.5495
53.5814
52.5619
52.7223
57.0289
89.8387
67.6331
62.5973
72.6036
65.6353
56.874
61.2247
59.2955
100.014
102.565
73.1089
77.8657
83.0438
66.6785
67.2336
63.3734
62.6909
64.028
113.313
84.5325
85.7924
97.1545
68.8341
69.2933
66.1705
67.5351
69.9736
70.5157
67.951
65.936
67.0807
67.5046
66.9821
64.5452
66.5082
60.9256
66.8395
64.876
66.069
65.4988
71.518
67.7863
73.0579
71.9627
68.6113
70.2341
69.3718
67.1715
70.3018
68.8544
66.3027
68.0516
65.5587
53.9297
51.9748
52.0519
52.3314
52.0502
50.0751
50.9396
50.1435
51.7542
52.3501
49.3819
49.322
49.8977
51.8061
48.8402
55.9299
54.8217
52.5163
55.9235
55.6305
53.3371
51.2526
55.1351
54.0497
49.4962
49.6527
51.2321
47.8862
46.4875
47.2505
47.2835
56.7197
50.3854
55.6085
57.0404
56.3613
55.0534
54.3252
54.4278
62.4709
64.5644
54.007
54.0255
54.6972
58.9961
60.3841
54.5823
55.3318
56.3004
69.5042
59.0446
50.4648
53.2966
49.0381
61.7379
56.315
63.8
63.6685
64.2534
59.0965
61.7008
58.8045
60.3651
61.8245
64.4529
62.8688
55.1068
52.0595
58.1938
53.3593
50.9053
64.5391
59.883
66.8132
66.2832
60.0244
58.9057
58.1788
64.6973
65.2149
54.8106
59.7583
55.962
63.7769
50.0087
47.1759
47.4783
48.1611
47.4529
44.5756
45.1574
44.303
46.3516
46.7068
42.9672
42.9372
42.6041
45.5691
41.6479
53.5273
51.5815
49.8413
53.9682
52.8625
48.5972
47.9669
52.562
51.8811
42.639
44.6506
43.3561
41.644
38.9482
41.7351
39.2915
45.2245
41.0309
54.4276
52.0412
53.2142
53.664
48.8732
51.7868
47.7199
47.9447
42.2759
42.6866
42.8072
50.2438
45.2614
42.877
44.6032
33.176
45.9713
43.1586
42.1146
42.6984
38.9607
43.5834
28.2883
58.4785
48.623
53.6721
34.3979
51.41
27.7794
38.9632
41.5767
39.0152
37.6611
40.1588
33.8506
31.5298
32.7241
35.5898
50.1992
30.243
42.6849
42.1135
31.3526
30.2505
28.0284
43.1052
38.1167
29.6949
29.7371
28.5446
29.8936
41.4245
33.3926
41.7438
42.1843
41.2739
39.1762
39.2851
38.5657
39.6685
38.8937
37.0956
36.834
36.2215
38.15
35.528
44.7815
24.9368
43.4862
48.2145
50.088
26.6288
32.1519
27.7724
39.3705
36.8247
38.4887
35.7202
35.5546
34.6832
34.581
33.1118
37.7059
34.3562
49.5016
38.3777
46.0009
25.7902
24.4333
24.8784
38.3538
36.5243
35.4653
33.7536
29.3529
34.5357
26.395
25.5259
23.913
23.5565
37.6879
36.0837
36.1897
30.6024
33.7973
25.7438
24.2693
34.8372
23.5603
24.5482
22.8334
23.5506
23.3194
23.1007
31.4008
29.3097
30.7016
30.4221
29.497
27.7018
29.3452
31.0805
23.5122
23.3342
24.2111
24.1857
23.3878
23.3472
23.82
26.167
26.0411
24.3667
25.2504
25.7064
27.8393
23.8528
22.9188
36.0253
30.5486
35.8844
27.3081
23.0701
27.888
34.3048
34.0733
30.6404
30.9335
31.7909
33.1982
31.0811
23.0282
23.3533
23.2822
22.7671
23.5938
23.1173
22.7441
23.312
22.7204
32.343
31.194
30.8055
30.8381
30.7129
29.4208
29.1695
30.204
27.3234
22.8019
22.9296
22.8166
23.4027
23.5044
23.4565
24.5938
28.1216
24.4415
25.3341
23.4222
23.7929
23.1499
23.6201
23.7211
23.6256
23.52
23.5556
23.542
23.5814
22.4586
23.1065
23.3602
23.186
23.2571
24.7344
27.7091
24.0564
23.3542
23.3092
23.3885
23.3727
23.6682
23.8195
23.6578
23.5844
23.6074
23.5911
23.5998
23.429
23.3426
23.2791
23.1831
23.1376
23.0836
23.366
23.2269
23.2266
25.691
25.3835
26.6629
22.5156
23.4034
24.1898
24.7657
23.2448
23.3462
23.3658
23.284
23.6444
23.4278
23.3493
23.5214
24.1376
24.7747
23.5246
23.5014
23.9928
24.8479
23.6906
23.7022
22.5788
22.9306
22.4809
22.9863
23.599
22.8575
26.2925
28.4621
22.9704
23.239
24.8004
29.1432
26.8083
23.3754
23.4283
23.5063
23.3982
23.5623
23.399
23.513
23.4038
23.5602
29.2679
28.2339
27.1568
27.6272
27.2492
25.1579
24.636
24.292
23.3783
23.3507
23.564
23.5796
23.5383
23.5961
23.5154
23.3763
23.4291
23.329
23.4212
23.4386
23.4068
23.3742
23.1045
23.5319
23.0749
23.4469
23.2344
23.5632
23.5099
23.5213
23.5616
23.4487
23.5049
23.5381
23.5803
23.3104
23.439
23.4136
23.3523
23.5785
23.6625
22.965
23.6519
23.5073
23.6008
23.361
23.5336
23.5791
23.5766
23.6094
23.5012
23.5703
23.5336
23.589
23.4658
23.694
23.3964
23.322
23.3654
23.4548
23.421
23.3648
23.3658
23.2259
23.8877
24.0196
23.1933
23.4895
23.683
23.7791
23.6258
23.6194
23.6362
23.5862
23.5206
23.5576
23.4295
23.4285
23.4662
23.5413
23.4925
23.4511
23.5444
23.4152
23.754
23.5494
23.4193
23.6728
23.7629
23.5618
23.506
23.3241
23.7656
23.3568
23.3912
23.6222
23.4456
22.4437
22.3393
23.0931
22.7828
21.9672
23.3661
21.7424
23.4535
23.4407
23.3795
23.4099
23.4648
23.4208
23.3405
23.4078
23.4372
23.7048
22.5212
22.9372
21.637
21.7919
22.0818
22.3715
23.297
23.6362
23.2424
23.6805
23.5229
23.4584
23.5153
23.4685
23.4399
23.4429
23.4292
23.4131
23.4209
23.4007
23.5056
23.3273
23.5531
23.3216
23.5928
23.3573
23.5224
23.4142
23.514
23.5555
23.3899
23.4767
23.4312
23.5212
23.3371
23.6255
23.3452
23.2499
23.5312
23.5594
23.4353
23.5402
23.4069
23.5246
23.3895
23.5058
23.551
23.4933
23.582
23.4117
23.5598
23.5177
23.6155
23.76
23.5686
23.4155
23.3514
23.3246
23.4091
23.358
23.3099
23.2857
23.5713
23.5464
23.6612
23.2619
23.462
23.4596
23.5637
23.651
23.4324
23.6029
23.5769
23.5202
23.59
23.3786
23.3311
23.3576
23.459
23.3877
23.2931
23.3745
23.3768
23.5699
23.3823
23.3207
23.4749
23.5186
23.495
23.4808
23.3671
23.4857
23.3517
23.3311
23.424
23.2878
23.1106
22.62
23.2503
23.2463
23.0826
22.4307
23.0069
23.4082
23.3698
23.3558
23.3857
23.4382
23.4009
23.3626
23.3487
23.4048
22.5232
22.89
22.7938
23.0008
23.0849
23.3447
23.1761
23.2348
23.2187
23.3662
23.3511
23.3516
23.3241
23.2975
23.311
23.7308
23.3089
23.4726
23.197
23.8268
23.2195
23.4498
23.5292
23.3272
23.5306
23.6802
23.6203
23.5387
23.6948
23.25
23.4494
23.274
23.2848
23.371
23.4036
23.3348
23.5313
23.3117
23.1728
23.2081
23.3371
23.5609
23.5051
23.63
23.4979
23.6131
23.5989
23.6645
23.4383
23.3767
23.3303
23.2983
23.2875
23.3467
23.3171
23.3068
23.3034
23.2856
23.3844
23.452
23.0983
23.1834
23.3087
23.346
23.0211
23.3224
23.3442
23.2689
23.3367
23.3563
23.2965
23.3462
23.2623
23.3963
23.2775
23.2136
23.3567
23.3561
23.4607
23.4241
23.3207
23.4161
23.2926
23.3163
23.4091
23.3136
23.2689
23.2538
23.3089
23.2587
23.2799
23.1898
23.2522
23.3345
23.3025
23.3415
23.3054
23.3322
23.3242
23.2969
23.2644
23.2338
23.1958
23.3523
23.2509
23.1565
23.2205
23.2299
23.2412
23.2486
23.3279
23.297
23.2769
23.2942
23.2901
23.2623
23.2942
23.1364
23.6133
23.0016
23.0164
22.3319
23.3032
23.3105
23.2381
23.3203
23.2646
23.3108
23.0481
23.057
22.6482
23.0533
23.3501
23.3311
23.314
23.3213
23.3164
23.334
23.3007
23.3273
23.3164
23.148
23.2476
23.2668
23.0814
23.161
23.2209
23.2353
23.1287
23.3698
23.3891
23.3547
23.4017
23.4283
23.4259
23.4635
23.1894
23.3615
23.3291
23.1966
23.3844
23.2382
23.3723
23.3295
23.3152
23.3809
23.3126
23.3069
23.3452
23.2963
23.2542
23.2876
23.3034
23.2711
23.3149
23.2923
23.3302
23.2871
23.2823
23.248
23.2377
23.1385
23.3032
23.2123
23.2326
23.0944
23.2594
23.1558
23.2488
23.2279
23.3078
23.1491
23.2743
23.368
23.3654
23.2975
23.261
23.3018
23.3018
23.2649
23.2829
22.988
22.8117
23.0406
23.04
23.0732
23.3715
23.225
23.2467
23.3783
23.1938
23.0014
23.1135
23.1487
23.1675
23.1654
23.3122
23.2891
23.2893
23.3283
23.3099
23.3065
23.2681
23.3199
23.2925
23.1745
23.2159
23.2338
23.0985
23.1844
23.2208
23.2386
23.1823
23.4022
23.3904
23.5015
23.5086
23.5081
23.5257
23.5061
23.2231
23.4115
23.4376
23.2738
23.4589
23.2499
23.3086
23.3101
23.2977
23.3185
23.2828
23.2975
23.3051
23.2811
23.29
23.3631
23.3327
23.3174
23.3953
23.3696
23.3984
23.2714
23.2599
23.2063
23.2358
23.1149
23.2974
23.228
23.2352
23.1654
23.3473
23.1599
23.2847
23.3177
23.3809
23.1749
23.2977
23.3394
23.3278
23.2919
23.237
23.2174
23.2709
23.1331
23.1125
23.1111
23.1705
23.0787
23.1973
23.2917
23.2878
23.1512
23.1315
23.1396
23.1115
23.2065
23.1968
23.1952
23.2584
23.2048
23.2485
23.2079
23.2463
23.305
23.2704
23.2573
23.2216
23.2879
23.2402
23.1857
23.229
23.2388
23.119
23.18
23.2293
23.2368
23.1864
23.3582
23.3107
23.4763
23.476
23.3946
23.3958
23.4016
23.3108
23.4652
23.3904
23.3247
23.4083
23.2566
23.3341
23.3639
23.3111
23.3094
23.287
23.3354
23.3275
23.3033
23.3594
23.3936
23.4332
23.4067
23.3894
23.4136
23.4351
23.2474
23.2564
23.2679
23.2386
23.2199
23.3366
23.3132
23.2564
23.2675
23.4248
23.2191
23.3134
23.4257
23.4543
23.3133
23.3291
23.3286
23.3359
23.2626
23.0346
23.0552
23.264
23.0043
23.0806
23.2642
23.3618
23.1441
23.2876
23.3392
22.9953
23.0835
22.9191
22.937
23.0912
23.2758
23.224
23.1181
23.2288
23.2627
23.18
23.1834
23.2008
23.2658
23.2074
23.229
23.1839
23.2492
23.1732
23.1799
23.228
23.2381
23.1542
23.2008
23.2241
23.246
23.2033
23.2583
23.2013
23.3105
23.3075
23.2041
23.2189
23.2137
23.3148
23.2934
23.2239
23.2941
23.1758
23.2184
23.3956
23.4418
23.3693
23.3618
23.335
23.4231
23.4158
23.389
23.4343
23.4177
23.5554
23.4797
23.4666
23.4676
23.4949
23.2904
23.3316
23.3553
23.2837
23.2955
23.3945
23.401
23.3057
23.3192
23.4653
23.4023
23.3474
23.5276
23.4724
23.4171
23.3626
23.3544
23.3753
23.2852
23.1914
23.183
23.3128
23.3325
23.2889
23.306
23.3408
23.1842
23.3548
23.3866
23.0748
23.1404
23.473
23.2544
23.1981
23.244
23.3073
23.2512
23.3025
23.3467
23.2087
23.237
23.1748
23.2373
23.1449
23.2443
23.1745
23.2334
23.1314
23.2253
23.2335
23.2603
23.2165
23.2516
23.2565
23.2794
23.2854
23.1579
23.1393
23.1234
23.1164
23.0919
23.0603
23.0624
23.2858
23.0647
23.1408
23.2541
23.0566
23.2296
23.4843
23.5113
23.484
23.4691
23.4502
23.5258
23.5029
23.4923
23.5775
23.5285
23.6993
23.6713
23.5911
23.5062
23.4982
23.3676
23.3813
23.4346
23.3195
23.342
23.4488
23.4516
23.3184
23.3488
23.461
23.3545
23.3441
23.4166
23.4149
23.2503
23.3104
23.3687
23.3342
23.3112
23.314
23.287
23.2928
23.2574
23.2433
23.4144
23.4412
23.1815
23.4588
23.4801
23.2413
23.2141
23.2031
23.1627
23.2002
23.3785
23.3941
23.445
23.4441
23.4317
23.2523
23.2557
23.1801
23.2445
23.1366
23.2722
23.1974
23.2608
23.1684
23.2766
23.2823
23.303
23.2848
23.3056
23.3068
23.3242
23.3646
23.1588
23.1996
23.0505
23.0778
23.1715
23.0952
23.1373
23.2555
23.1558
23.2229
23.3
23.2684
23.2936
23.5369
23.5529
23.5562
23.542
23.5318
23.588
23.5826
23.5755
23.7073
23.637
23.7103
23.7118
23.6783
23.4747
23.4491
23.3638
23.3196
23.4623
23.2962
23.336
23.4195
23.4589
23.2652
23.3098
23.3515
23.1459
23.2517
23.23
23.2824
23.0737
23.1389
23.2845
23.2045
23.2624
23.2076
23.1851
23.2171
23.1633
23.1273
23.4586
23.4755
23.1268
23.4035
23.4159
23.0976
23.1773
23.0834
23.0481
23.1657
23.4819
23.4545
23.5306
23.4952
23.471
23.2609
23.28
23.2237
23.2998
23.2125
23.3202
23.2615
23.3392
23.2806
23.3396
23.3337
23.3506
23.4013
23.3913
23.3759
23.3892
23.4313
23.2693
23.3465
23.1789
23.236
23.3573
23.2918
23.3514
23.3678
23.3784
23.4038
23.4479
23.4797
23.413
23.528
23.4362
23.6029
23.5858
23.6031
23.567
23.5173
23.5702
23.6894
23.687
23.6538
23.619
23.6258
23.4192
23.3573
23.28
23.2384
23.408
23.2072
23.2285
23.2928
23.2794
23.1147
23.0551
23.2015
23.0323
23.0379
23.0982
23.1122
22.9969
22.9813
23.1398
23.1313
23.1553
23.129
23.0886
23.1036
23.1134
23.0836
23.3547
23.3766
23.1833
23.4065
23.4517
23.0363
23.1798
23.1329
23.0779
23.2277
23.5086
23.4932
23.5998
23.5371
23.5326
23.3209
23.3791
23.3113
23.4025
23.3485
23.423
23.3748
23.4607
23.4275
23.442
23.4426
23.4388
23.5089
23.4878
23.5159
23.4929
23.5177
23.4327
23.513
23.4126
23.4692
23.5548
23.5231
23.5748
23.529
23.5862
23.6057
23.6084
23.6705
23.5623
23.2816
23.1316
23.4709
23.3625
23.4732
23.3186
23.1906
23.3174
23.4936
23.5069
23.4169
23.3315
23.3477
23.2414
23.0987
23.1913
23.1542
23.0955
23.0084
22.8241
23.1027
22.9416
22.9219
22.5605
23.0287
22.9457
22.9698
22.8271
22.9864
22.8782
22.9793
23.1655
23.2405
23.0883
23.1198
23.1153
23.1129
23.1473
23.1584
23.5407
23.6152
23.4705
23.8569
23.8418
23.1657
23.3052
23.2889
23.2859
23.4092
23.5955
23.5728
23.5797
23.6555
23.6132
23.4578
23.5469
23.4453
23.536
23.499
23.5753
23.5242
23.605
23.5706
23.5311
23.5829
23.5443
23.6052
23.5647
23.6375
23.5915
23.5831
23.5888
23.6551
23.6131
23.6607
23.6944
23.6849
23.7233
23.6702
23.7297
23.7269
23.7149
23.7729
23.6678
23.0392
23.0041
23.1585
23.0744
23.1483
23.0584
23.045
23.0364
23.1901
23.1865
23.1505
23.1229
23.0418
22.9794
22.9335
23.1432
23.2306
22.8587
22.9191
22.384
23.1356
22.8478
23.0216
22.3667
23.0188
22.8783
23.0575
22.8299
23.0979
22.936
23.1944
23.3287
23.4501
23.1663
23.2618
23.2491
23.274
23.4068
23.3404
24.1633
24.0134
23.7094
24.1229
23.9916
23.4171
23.527
23.4775
23.504
23.6397
23.711
23.6528
23.7365
23.7171
23.6694
23.6419
23.7342
23.6057
23.679
23.633
23.7425
23.69
23.7445
23.6936
23.5941
23.6827
23.636
23.6701
23.6326
23.7195
23.6793
23.6292
23.7159
23.7675
23.7402
23.7694
23.7975
23.7801
23.8044
23.7471
23.805
23.801
23.7784
23.8314
23.7425
23.0172
23.061
23.0326
23.0727
23.0191
23.0573
23.0869
23.0983
23.107
22.911
23.1239
23.0893
22.7774
22.9522
23.0137
23.3497
23.5485
22.8944
23.1842
22.48
23.3828
22.9904
23.4031
22.7115
23.2034
23.0493
23.347
23.0941
23.3014
23.16
23.5535
23.5524
23.6842
23.4986
23.5861
23.5429
23.739
23.7707
23.7588
23.9086
23.8809
24.03
23.7639
23.7794
23.5701
23.7425
23.7754
23.6961
23.8411
23.7495
23.6848
23.7726
23.7529
23.697
23.8172
23.8863
23.7665
23.8054
23.745
23.8797
23.8298
23.8554
23.7925
23.6867
23.7538
23.7225
23.7334
23.7393
23.7861
23.7607
23.7157
23.8121
23.8514
23.8148
23.8356
23.8701
23.8435
23.8631
23.8119
23.858
23.8623
23.8496
23.8819
23.8094
23.1644
23.3729
23.0704
23.0546
23.1294
23.0932
23.0507
23.0716
23.0823
22.7338
23.2118
23.1173
22.8137
23.0895
23.1254
23.7554
23.9395
23.1318
23.6133
23.0965
23.8381
23.3504
23.8759
23.5116
23.4146
23.2553
23.63
23.3122
23.3713
23.2901
23.4965
23.8082
23.7991
23.8595
23.8987
23.8689
23.9352
23.986
23.9249
23.7276
23.723
23.8873
23.6579
23.6601
23.8164
23.9249
23.9632
23.8943
23.9741
23.7524
23.7161
23.7669
23.7507
23.731
23.938
23.9659
23.87
23.8932
23.8306
23.9422
23.8912
23.9144
23.86
23.7825
23.8208
23.7973
23.8116
23.8162
23.8574
23.8332
23.8229
23.8859
23.9146
23.8707
23.8894
23.9166
23.8916
23.9148
23.8902
23.9079
23.9201
23.9312
23.931
23.8834
23.5894
23.7178
23.1624
23.1642
23.0682
23.2258
23.3427
23.1374
23.1742
22.9455
23.3457
23.2265
23.0772
23.1793
23.27
24.0612
24.0325
23.6362
24.1013
23.7789
24.0768
23.8078
24.0795
23.8659
23.3466
23.2973
23.3376
23.482
23.4382
23.304
23.3303
23.5853
23.4734
23.9519
24.0074
23.9481
23.9005
23.976
23.9304
23.5845
23.6049
23.6355
23.5407
23.5761
23.944
23.9964
23.9746
23.9541
23.9891
23.7502
23.758
23.746
23.7464
23.797
23.9758
23.9679
23.8995
23.9213
23.8806
23.93
23.8982
23.9198
23.8895
23.8385
23.8945
23.8719
23.8836
23.8637
23.926
23.908
23.8667
23.9351
23.9497
23.9102
23.935
23.9447
23.924
23.9482
23.9677
23.951
23.9461
23.9884
23.9723
23.9442
24.0889
24.371
23.3049
23.4189
23.2612
23.3925
23.4314
23.3911
23.2812
23.2288
23.4683
23.3722
23.327
23.3528
23.3681
23.8751
23.7261
24.3048
23.9278
23.9089
23.9481
24.4981
23.7658
23.9105
23.5226
23.3205
23.3393
23.4355
23.463
23.2571
23.316
23.4198
23.3856
23.8162
23.9027
23.8812
23.7335
23.8208
23.8119
23.556
23.5911
23.4947
23.5756
23.6054
23.9309
23.9624
23.8977
23.8972
23.9259
23.7621
23.8443
23.7684
23.7901
23.8971
23.9507
23.9239
23.8928
23.9135
23.8937
23.8951
23.8829
23.9058
23.8903
23.8917
23.9566
23.9397
23.9487
23.9217
23.9819
23.9696
23.9554
23.9558
23.9584
23.9328
23.9554
23.9605
23.9375
23.9625
24.0147
23.9879
23.9574
24.0109
23.999
23.9938
24.1452
23.5616
23.4636
23.206
23.4833
23.5604
22.9504
23.586
23.4787
23.382
23.6727
23.6112
23.4898
23.3396
23.334
23.6467
23.6493
24.0222
23.656
23.7921
23.6717
23.588
23.6414
23.6968
23.4023
23.1844
23.3152
23.1565
23.3325
23.1988
23.3322
23.3671
23.4089
23.6755
23.7696
23.7615
23.6539
23.7427
23.7316
23.6031
23.6316
23.3912
23.6292
23.6639
23.8614
23.8854
23.8182
23.8266
23.8497
23.8434
23.9495
23.8424
23.8933
23.9878
23.8947
23.8695
23.8695
23.8962
23.882
23.8601
23.8553
23.8867
23.8696
23.9576
23.9988
23.9936
23.9757
23.9742
24.0085
24.0099
24.0321
23.9543
23.95
23.9388
23.9651
23.9625
23.9339
23.9647
24.0087
24.0057
23.9666
24.0093
24.0128
24.0123
23.1603
23.3162
23.6595
22.9787
23.7479
23.788
23.4655
23.8077
23.775
23.6646
23.9646
24.0018
23.9795
23.3495
23.5245
23.6885
23.7478
23.4203
23.6935
23.6724
23.7609
23.5884
23.7735
23.7241
23.2411
23.2637
23.3452
23.0126
23.1465
23.2882
23.33
23.4606
23.5259
23.6692
23.7354
23.7189
23.7026
23.7344
23.7199
23.667
23.7402
23.4922
23.7203
23.8121
23.7975
23.8192
23.785
23.7723
23.7969
23.9432
24.0151
23.8988
23.9733
24.0249
23.851
23.8372
23.8418
23.8757
23.8561
23.8329
23.8296
23.8657
23.8416
23.9873
24.0091
24.0184
23.9728
23.9863
24.0055
24.0198
24.0521
23.9417
23.9335
23.9274
23.9597
23.9504
23.9175
23.9515
24.0083
24.0143
23.9611
23.9968
24.011
24.0127
23.8438
24.2357
23.9898
24.1362
23.969
24.4778
24.7119
24.4757
24.2107
24.3894
24.2629
24.3307
24.6051
23.8286
24.1262
23.807
23.851
23.8812
23.8423
23.8201
24.009
24.0925
23.8894
23.9035
23.2853
23.3338
23.3401
23.7236
23.6956
23.5583
23.6326
23.6393
23.8404
23.7406
23.7423
23.7267
23.7731
23.7533
23.7349
23.7979
23.9045
23.7943
23.8637
23.9578
23.7567
23.7834
23.7837
23.7478
23.7747
23.9846
24.0145
23.8775
23.9674
23.99
23.8261
23.817
23.8177
23.8544
23.8275
23.8098
23.807
23.8431
23.8128
23.9766
23.9904
24.0056
23.9299
23.9541
23.9672
23.9823
24.0029
23.9222
23.9106
23.9043
23.9387
23.9279
23.8895
23.9238
23.9788
23.9989
23.9353
23.9576
23.9844
23.9788
24.375
24.3506
24.8218
24.8439
24.8168
24.7387
24.6915
24.7366
24.3782
24.5766
24.4639
24.3973
24.5055
24.3874
24.5381
23.8774
23.8936
24.1613
23.917
23.9452
24.052
24.1506
23.926
23.9554
24.0712
23.8428
23.9564
24.3713
24.3136
24.0719
24.161
23.9973
24.05
23.7955
23.762
23.7417
23.81
23.7682
23.7471
23.8944
23.9652
23.9224
23.8684
23.9261
23.7426
23.769
23.7832
23.7394
23.7634
23.9307
23.9492
23.8305
23.8896
23.9026
23.8097
23.8038
23.7947
23.8302
23.7985
23.7833
23.7838
23.8176
23.7846
23.928
23.9387
23.9513
23.8729
23.8985
23.9078
23.9177
23.9179
23.8959
23.8817
23.8719
23.9058
23.8981
23.8543
23.8872
23.9335
23.9639
23.8971
23.9115
23.9431
23.9225
24.2648
24.1812
24.5652
24.5017
24.5641
24.4005
24.3378
24.3981
24.3569
24.4146
24.3171
24.282
24.3114
24.5099
24.3737
23.8999
23.8998
24.1123
23.9248
23.9495
24.0052
24.0672
23.9177
23.9362
24.373
24.1376
24.1901
24.3118
24.2841
24.1084
24.1203
24.0575
24.0125
23.8197
23.7724
23.7494
23.8286
23.7741
23.75
23.8308
23.8735
23.8702
23.8054
23.8323
23.7368
23.7567
23.7766
23.734
23.7477
23.8468
23.8557
23.7896
23.8179
23.8206
23.7969
23.7892
23.772
23.8045
23.7718
23.7535
23.7597
23.7906
23.7594
23.8696
23.877
23.8837
23.8224
23.8483
23.8498
23.8546
23.8448
23.8659
23.8516
23.8362
23.868
23.8648
23.82
23.8503
23.8896
23.92
23.8557
23.8694
23.8991
23.8678
24.1093
24.0474
24.264
24.2121
24.2606
24.1566
24.1162
24.1527
24.2002
24.2142
24.1411
24.1236
24.1308
24.2426
24.1416
23.8939
23.8846
24.0242
23.907
23.9158
23.9496
23.9828
23.8931
23.8911
24.181
24.0579
24.0562
24.1106
24.0922
24.0003
24.0017
23.9681
23.9397
23.8337
23.7752
23.7534
23.8342
23.783
23.7606
23.7971
23.8137
23.8558
23.8046
23.8127
23.7309
23.7379
23.7611
23.7277
23.7283
23.8046
23.7989
23.7853
23.8008
23.7887
23.7813
23.7718
23.7453
23.7749
23.7468
23.7159
23.7247
23.7589
23.7332
23.8292
23.8271
23.8311
23.7887
23.8178
23.809
23.8137
23.8086
23.8365
23.8228
23.805
23.834
23.835
23.7928
23.8199
23.8502
23.8785
23.8217
23.8346
23.861
23.8265
23.9937
23.9463
24.0726
24.0431
24.0687
24.0064
23.9819
24.0024
24.0565
24.0619
24.0096
23.9989
24.005
24.0639
24.0037
23.8719
23.8551
23.9435
23.8752
23.8643
23.8915
23.9062
23.8524
23.8359
24.0213
23.9562
23.9591
23.9803
23.9685
23.9195
23.924
23.9182
23.9018
23.8321
23.7895
23.7711
23.8254
23.7894
23.7776
23.8158
23.8163
23.8541
23.8281
23.8228
23.7259
23.72
23.7363
23.7182
23.7114
23.8025
23.7869
23.7984
23.808
23.7873
23.7613
23.7508
23.7036
23.7426
23.7199
23.6784
23.6798
23.7276
23.7075
23.8091
23.7957
23.8018
23.7756
23.8062
23.7862
23.7942
23.7985
23.8091
23.7968
23.7818
23.8077
23.8111
23.7732
23.7976
23.8205
23.8443
23.7954
23.8096
23.8303
23.8016
23.9055
23.8716
23.9539
23.9329
23.9495
23.9128
23.8937
23.9077
23.951
23.9589
23.9205
23.9119
23.9219
23.9575
23.922
23.8336
23.8084
23.8717
23.8259
23.8072
23.8321
23.8411
23.7985
23.7806
23.93
23.893
23.8989
23.9039
23.9018
23.8697
23.8789
23.8894
23.8799
23.8104
23.7784
23.7718
23.787
23.7536
23.7502
23.8342
23.829
23.8535
23.837
23.8328
23.7044
23.7016
23.7132
23.6852
23.6889
23.8172
23.7933
23.8248
23.8298
23.8027
23.7413
23.7324
23.6572
23.7153
23.6962
23.6541
23.6384
23.7071
23.6884
23.804
23.779
23.7894
23.7666
23.8041
23.774
23.7863
23.8061
23.7854
23.7755
23.7647
23.7885
23.7905
23.7564
23.78
23.7991
23.8173
23.7746
23.7897
23.806
23.7864
23.8455
23.8266
23.8814
23.863
23.8753
23.8586
23.8407
23.8521
23.8807
23.8928
23.8656
23.8569
23.8707
23.8951
23.8747
23.7835
23.7641
23.8166
23.7744
23.7594
23.7895
23.7988
23.7574
23.7434
23.8805
23.8518
23.8638
23.8596
23.8643
23.8364
23.8517
23.87
23.8614
23.7607
23.7235
23.7213
23.7394
23.6992
23.6945
23.8394
23.8482
23.8487
23.8429
23.8587
23.6592
23.6758
23.6358
23.64
23.6689
23.8418
23.8124
23.8454
23.8489
23.8198
23.7247
23.7201
23.622
23.7019
23.6828
23.6454
23.6105
23.6997
23.6786
23.8059
23.7712
23.7849
23.7647
23.8064
23.7713
23.7866
23.819
23.7669
23.7592
23.7487
23.7722
23.771
23.7404
23.7651
23.7811
23.7957
23.7583
23.7731
23.7873
23.7792
23.8156
23.8125
23.8428
23.826
23.8357
23.834
23.8184
23.8265
23.84
23.8547
23.8388
23.8293
23.8442
23.8598
23.8495
23.7541
23.7553
23.7889
23.7491
23.7341
23.7812
23.7869
23.7498
23.7339
23.8518
23.8242
23.8413
23.8343
23.8427
23.8148
23.833
23.8528
23.8455
23.7289
23.6886
23.6787
23.7321
23.6967
23.6803
23.8396
23.8503
23.8291
23.832
23.8383
23.6371
23.6734
23.6526
23.6511
23.6869
23.8491
23.8202
23.831
23.8448
23.8167
23.7204
23.7281
23.6042
23.7013
23.6763
23.6558
23.5995
23.7057
23.6731
23.8027
23.7707
23.7862
23.764
23.7953
23.7704
23.7824
23.8172
23.7533
23.7494
23.7337
23.7591
23.7568
23.7276
23.754
23.767
23.7807
23.7485
23.762
23.7757
23.774
23.8161
23.826
23.8318
23.8177
23.8237
23.8353
23.8232
23.8268
23.8242
23.8387
23.8348
23.824
23.8375
23.8433
23.8406
23.7687
23.7898
23.7928
23.7595
23.7423
23.8037
23.8053
23.7766
23.7589
23.8361
23.8081
23.8257
23.8232
23.8319
23.8043
23.8201
23.8381
23.8307
23.7481
23.7225
23.6982
23.7753
23.7616
23.7298
23.8215
23.8269
23.8097
23.8089
23.8151
23.6803
23.7105
23.7537
23.7312
23.7425
23.8308
23.8095
23.7864
23.8114
23.7997
23.7444
23.768
23.6045
23.7151
23.6742
23.6932
23.6155
23.7297
23.6802
23.7839
23.7668
23.7755
23.7502
23.7704
23.76
23.7669
23.7952
23.7478
23.7504
23.7236
23.7504
23.7543
23.7221
23.749
23.7568
23.7723
23.7438
23.7512
23.7704
23.7649
23.8411
23.8593
23.8437
23.8341
23.8349
23.8557
23.8488
23.8468
23.8282
23.84
23.8471
23.836
23.8455
23.841
23.844
23.816
23.8458
23.8232
23.7998
23.7817
23.8475
23.8443
23.8272
23.8089
23.8299
23.8025
23.8156
23.8239
23.8295
23.8037
23.8132
23.8249
23.8212
23.808
23.8074
23.7708
23.8434
23.8539
23.8174
23.7972
23.8031
23.7944
23.7856
23.7905
23.8042
23.7801
23.8827
23.8827
23.8237
23.7916
23.7869
23.748
23.7734
23.7706
23.7977
23.8303
23.6337
23.7505
23.6922
23.7523
23.6611
23.7776
23.7089
23.7562
23.7495
23.7571
23.73
23.7415
23.7353
23.7461
23.7623
23.7558
23.7661
23.7222
23.7495
23.7651
23.7261
23.7519
23.7461
23.7689
23.7426
23.7429
23.7681
23.7485
23.8788
23.8982
23.8699
23.8661
23.8613
23.8852
23.884
23.8768
23.8462
23.8535
23.8694
23.8584
23.8631
23.8493
23.8563
23.8756
23.9032
23.8671
23.8563
23.8393
23.8962
23.8893
23.8847
23.8706
23.8306
23.8082
23.8126
23.8344
23.8341
23.8156
23.8145
23.8191
23.817
23.8792
23.8985
23.8632
23.9096
23.9336
23.9026
23.7751
23.7788
23.782
23.7662
23.7688
23.9404
23.8732
23.9745
23.9729
23.9489
23.7567
23.7516
23.715
23.7409
23.7302
23.8671
23.9098
23.695
23.8117
23.736
23.8314
23.7301
23.8621
23.7784
23.7285
23.7223
23.7357
23.7101
23.717
23.7157
23.727
23.7306
23.7839
23.8065
23.7342
23.757
23.7893
23.7446
23.766
23.7409
23.768
23.7442
23.7398
23.7697
23.7357
23.9162
23.9322
23.9003
23.9014
23.8925
23.9148
23.9176
23.9075
23.8717
23.874
23.8954
23.8854
23.8859
23.8648
23.8751
23.9279
23.9493
23.9101
23.9106
23.9007
23.9369
23.9282
23.9329
23.9267
23.8388
23.824
23.8189
23.8523
23.846
23.8359
23.826
23.8169
23.8188
23.9362
23.961
23.9346
23.9595
23.9822
23.9601
23.7619
23.7666
23.7844
23.7625
23.7675
23.9951
24.0177
24.0244
24.0181
24.0555
23.7273
23.7117
23.6967
23.7206
23.7035
23.939
24.004
23.7638
23.9081
23.8279
23.9378
23.8074
23.9449
23.8758
23.7099
23.714
23.7204
23.706
23.709
23.7181
23.7204
23.7111
23.8337
23.8669
23.7594
23.7777
23.8337
23.7804
23.801
23.7426
23.7743
23.7621
23.7486
23.7869
23.7416
23.9459
23.9571
23.9281
23.9319
23.9214
23.94
23.9443
23.9339
23.8994
23.8983
23.9209
23.9128
23.9106
23.8863
23.8983
23.9671
23.9811
23.9439
23.9516
23.9479
23.9654
23.9571
23.9665
23.9626
23.8553
23.8495
23.8361
23.8762
23.8659
23.8664
23.848
23.8252
23.8364
23.9791
23.9981
23.9798
23.9946
24.0098
23.9949
23.7683
23.7742
23.8072
23.7784
23.7846
24.0363
24.0792
24.0473
24.0466
24.0877
23.725
23.7076
23.7201
23.7378
23.7223
24.0713
24.1126
23.8748
24.0119
23.927
24.0666
23.9294
24.0721
23.9907
23.7194
23.7326
23.7285
23.7323
23.7327
23.756
23.7402
23.7267
23.9203
23.9858
23.8221
23.8396
23.9219
23.8739
23.8947
23.7602
23.7978
23.8193
23.7782
23.8331
23.7767
23.9659
23.9725
23.9502
23.9544
23.9448
23.9587
23.9624
23.954
23.9253
23.9226
23.942
23.9361
23.934
23.9106
23.923
23.9911
23.997
23.9676
23.9772
23.9721
23.9817
23.9752
23.9841
23.9778
23.8788
23.8837
23.863
23.9039
23.8925
23.9027
23.8796
23.8504
23.8676
24.0053
24.0178
24.0063
24.0109
24.0223
24.0137
23.7952
23.8028
23.8433
23.8149
23.8241
24.051
24.089
24.0482
24.0509
24.0857
23.7568
23.7415
23.7668
23.7782
23.7669
24.1176
24.1168
23.9823
24.1162
24.0264
24.1191
24.0482
24.1501
24.1076
23.7511
23.7698
23.754
23.7637
23.7686
23.7831
23.7684
23.7723
24.0429
24.1238
23.9254
23.9441
24.05
24.0045
24.0414
23.8152
23.8838
23.9219
23.8486
23.9461
23.8153
23.9767
23.9789
23.9652
23.9682
23.9612
23.9698
23.9721
23.9664
23.9449
23.9436
23.9568
23.9524
23.9523
23.9345
23.9452
23.9993
23.9989
23.9801
23.9877
23.9817
23.9866
23.9824
23.9891
23.9831
23.9077
23.9223
23.8979
23.9296
23.9218
23.9406
23.9151
23.8863
23.904
24.0121
24.0229
24.0168
24.01
24.0204
24.0156
23.8375
23.8489
23.886
23.8559
23.8743
24.0469
24.0771
24.0361
24.0394
24.0636
23.8028
23.7952
23.8205
23.8267
23.8253
24.1094
24.0932
24.0794
24.1601
24.1993
24.0994
24.0794
24.1405
24.2088
23.775
23.795
23.7817
23.7897
23.7798
23.7894
23.7868
23.798
24.2205
24.2589
24.0777
24.1221
24.2242
24.1306
24.1407
23.8829
24.0157
24.0522
23.9112
24.0983
23.84
23.9793
23.9785
23.9726
23.9741
23.9696
23.9742
23.9748
23.9715
23.9587
23.9597
23.9667
23.964
23.9657
23.9541
23.9613
23.9961
23.9919
23.9825
23.9882
23.9828
23.9836
23.9811
23.9856
23.9806
23.9356
23.9557
23.9319
23.9484
23.947
23.9692
23.9457
23.9206
23.9349
24.0054
24.0152
24.0116
23.9992
24.0083
24.0057
23.8734
23.8992
23.9218
23.8922
23.9164
24.0292
24.047
24.0155
24.0174
24.0299
23.8517
23.8534
23.8749
23.8768
23.8756
24.0712
24.0482
24.0609
24.1091
24.1623
24.052
24.0367
24.0761
24.107
23.797
23.7911
23.7889
23.8481
23.8356
23.814
23.8218
23.8628
24.2097
24.1404
24.1274
24.1265
24.126
24.0868
24.087
23.9384
24.1055
24.0206
23.9462
24.0411
23.8621
23.977
23.9752
23.9747
23.9746
23.9723
23.9748
23.9742
23.9723
23.9682
23.9701
23.973
23.9716
23.9729
23.9664
23.9695
23.987
23.9818
23.9787
23.982
23.9771
23.9777
23.976
23.9781
23.9731
23.9563
23.9788
23.9561
23.9578
23.9635
23.9792
23.9661
23.948
23.9603
23.992
24
23.9985
23.9848
23.9913
23.9903
23.9143
23.929
23.9554
23.9382
23.9416
24.0053
24.0138
23.9941
23.994
23.9995
23.9012
23.9062
23.9279
23.9217
23.9252
24.0272
24.0093
24.014
24.0449
24.061
24.0115
23.9973
24.0197
24.0257
23.8833
23.8686
23.8717
23.919
23.9306
23.9191
23.9137
23.9311
24.08
24.0358
24.0346
24.0355
24.014
23.9941
24.0005
23.9085
23.9603
23.8833
23.885
23.8959
23.9384
23.9736
23.9725
23.9747
23.9737
23.9721
23.9747
23.9735
23.9721
23.9741
23.9744
23.9767
23.9757
23.9751
23.9711
23.9718
23.9769
23.9731
23.9734
23.9745
23.9691
23.9731
23.9715
23.9718
23.9655
23.9686
23.9789
23.9735
23.9601
23.9714
23.9741
23.9767
23.97
23.976
23.9781
23.9828
23.9821
23.9725
23.9756
23.9748
23.9589
23.956
23.9823
23.9757
23.968
23.9843
23.9873
23.9769
23.976
23.9773
23.9365
23.9391
23.9522
23.9484
23.9528
23.9945
23.983
23.9848
24.0005
24.0018
23.9842
23.9751
23.987
23.9851
23.9852
23.9409
23.9646
23.9648
24.0235
23.9796
24.0155
23.9701
24.0068
23.9896
23.9737
23.9703
23.9782
23.9709
23.967
23.9573
23.8955
23.9235
24.0163
23.9293
23.9876
23.9725
23.9738
23.9751
23.974
23.9723
23.9761
23.9756
23.973
23.9767
23.9753
23.9788
23.9773
23.9754
23.9718
23.9716
23.9708
23.9705
23.9708
23.9704
23.9632
23.9737
23.9716
23.9706
23.9628
23.9726
23.9685
23.9783
23.9595
23.9725
23.9616
23.9772
23.9785
23.9783
23.9688
23.9702
23.9697
23.9675
23.9671
23.9662
23.9849
23.9766
23.9896
23.9876
23.9817
23.9697
23.9696
23.9662
23.9653
23.9641
23.9584
23.9523
23.9699
23.968
23.9586
23.9748
23.9689
23.968
23.9778
23.9757
23.969
23.9617
23.9722
23.9692
24.0139
24.0016
24.0191
23.9799
23.9966
23.9955
24.0021
23.9822
23.9804
23.9748
23.9747
23.9729
23.9739
23.977
23.9769
24.0289
23.9603
23.9859
24.0291
23.9796
24.0177
23.9766
23.981
23.978
23.9785
23.9746
23.981
23.9826
23.9772
23.9779
23.9754
23.981
23.9786
23.9756
23.9713
23.9716
23.9726
23.977
23.9741
23.9731
23.9643
23.9812
23.9782
23.9773
23.968
23.9716
23.9515
23.9732
23.9592
23.9709
23.9477
23.9705
23.9761
23.9738
23.9688
23.9676
23.9662
23.9731
23.97
23.9693
23.9863
23.9876
23.986
23.9846
23.9886
23.9635
23.9613
23.9656
23.9638
23.9613
23.9753
23.966
23.9726
23.9791
23.9741
23.9667
23.9663
23.9586
23.9698
23.967
23.9668
23.9564
23.969
23.9664
23.9817
23.9987
23.9896
23.992
23.9798
24.0091
23.9924
23.9852
23.9714
23.9706
23.9774
23.9791
23.9733
23.977
23.9805
24.0247
23.9898
23.9932
24.0126
23.9927
24.0274
23.9867
23.9934
23.9851
23.9879
23.9808
23.9905
23.9939
23.9858
23.9798
23.9764
23.9849
23.9818
23.9784
23.9725
23.9743
23.9835
23.9915
23.9837
23.9832
23.9737
23.9943
23.9904
23.9905
23.981
23.971
23.9419
23.9687
23.9616
23.9717
23.9383
23.9685
23.9717
23.9708
23.9799
23.9753
23.975
23.9885
23.9837
23.9834
23.9802
23.9865
23.9793
23.9774
23.9849
23.9678
23.9647
23.978
23.9751
23.9719
23.9777
23.9778
23.9713
23.9769
23.9807
23.9683
23.9732
23.9567
23.9709
23.9691
23.9723
23.9606
23.9756
23.9733
23.9876
24.0024
23.9944
23.9845
23.9862
23.9961
23.9932
23.9893
23.9723
23.9753
23.9769
23.9794
23.977
23.9763
23.9787
23.9994
23.9897
23.9838
23.9889
23.9859
23.9973
24.0006
24.0078
23.9969
24.0006
23.9919
24.0041
24.0075
23.999
23.9849
23.9818
23.9927
23.9894
23.9868
23.9771
23.9813
24.0001
24.0083
23.9977
23.9985
23.9894
24.0092
24.005
24.0063
23.9981
23.9726
23.9335
23.9676
23.9665
23.9745
23.9347
23.9682
23.9711
23.9717
23.9979
23.9934
23.9932
24.0069
24.0032
24.003
23.976
23.9824
23.976
23.9737
23.9793
23.9847
23.9819
23.9992
23.9953
23.9929
23.9757
23.9805
23.9691
23.9747
23.9792
23.9807
23.9886
23.9671
23.9815
23.9796
23.9848
23.9739
23.9875
23.9851
23.9825
23.9914
23.9904
23.9797
23.9798
23.986
23.9871
23.9845
23.9796
23.9849
23.979
23.981
23.9844
23.9824
23.9845
23.9848
23.9837
23.9815
23.983
23.9832
23.9851
24.0143
24.0195
24.0111
24.0136
24.006
24.0169
24.0183
24.0119
23.995
23.9929
24.0039
24.0009
23.9995
23.9867
23.9926
24.0151
24.0199
24.0115
24.0128
24.0056
24.0203
24.0164
24.0175
24.0109
23.9771
23.9396
23.9695
23.9756
23.9809
23.9473
23.9726
23.9731
23.9758
24.0144
24.0113
24.0111
24.0197
24.0169
24.0166
23.9728
23.9769
23.9759
23.9732
23.9767
24.005
24.0028
24.0164
24.0123
24.0097
23.9739
23.9767
23.9694
23.974
23.9756
23.9963
24.0024
23.9815
23.9934
23.9905
23.9976
23.9885
23.9979
23.9957
23.9766
23.9833
23.983
23.9752
23.9739
23.9806
23.98
23.9777
23.9904
23.995
23.9887
23.9894
23.9928
23.9931
23.9912
23.9838
23.984
23.9828
23.9837
23.9828
23.9811
24.0227
24.0232
24.0207
24.0211
24.0158
24.0226
24.022
24.0176
24.006
24.0055
24.0121
24.0095
24.0099
23.9981
24.0024
24.0223
24.0225
24.0193
24.0199
24.0143
24.0257
24.02
24.0204
24.0153
23.9853
23.9556
23.9767
23.9853
23.9897
23.9627
23.9806
23.9791
23.9825
24.0224
24.0195
24.0193
24.0226
24.0195
24.0195
23.9765
23.9801
23.9794
23.9778
23.9821
24.0166
24.0133
24.0194
24.0173
24.014
23.975
23.9736
23.9724
23.9768
23.9736
24.0063
24.0084
23.9932
24.0015
23.9999
24.0049
23.9991
24.0043
24.004
23.9734
23.9784
23.9778
23.9763
23.9725
23.9725
23.9743
23.9747
23.9992
24.0024
23.9948
23.9912
24.0026
23.9958
23.9955
23.9824
23.9838
23.9816
23.9795
23.9841
23.9797
24.0215
24.0189
24.0226
24.0212
24.0178
24.0215
24.0193
24.0167
24.0111
24.0122
24.0136
24.011
24.0122
24.005
24.0058
24.0212
24.0195
24.0185
24.0194
24.015
24.0228
24.016
24.0176
24.0141
23.9933
23.9671
23.9845
23.9906
23.9958
23.9701
23.9867
23.9859
23.9884
24.0212
24.018
24.0181
24.0194
24.0162
24.0163
23.9797
23.9834
23.9853
23.9823
23.9873
24.0162
24.0132
24.0153
24.015
24.0127
23.9796
23.9773
23.9792
23.9825
23.9799
24.0097
24.0107
24.0024
24.0062
24.0061
24.0084
24.0059
24.0075
24.0081
23.9705
23.9612
23.9671
23.9678
23.9679
23.9427
23.9573
23.9762
24.005
24.007
23.9975
23.9968
24.0053
23.9977
23.9969
23.9792
23.9784
23.9751
23.9771
23.9782
23.9614
24.016
24.0129
24.0196
24.0166
24.0146
24.0172
24.0137
24.012
24.0093
24.0105
24.0101
24.0069
24.0076
24.005
24.0031
24.0178
24.0165
24.0134
24.0158
24.0123
24.0157
24.0115
24.0148
24.0115
23.9966
23.9711
23.9886
23.989
23.9958
23.9692
23.988
23.9903
23.9904
24.0178
24.0147
24.0149
24.0168
24.014
24.0141
23.9861
23.9897
23.9875
23.9879
23.991
24.0142
24.0127
24.0139
24.0142
24.0132
23.9851
23.9839
23.9849
23.9871
23.9866
24.0116
24.0123
24.0068
24.0082
24.0085
24.01
24.0077
24.0089
24.0101
23.9649
23.925
23.9478
23.9479
23.9645
23.9065
23.9391
23.9767
24.0086
24.0107
23.9967
23.9973
24.0061
23.9962
23.9984
23.9696
23.9787
23.9732
23.9706
23.9818
23.9396
24.0095
24.008
24.0143
24.0105
24.009
24.011
24.0075
24.0057
24.0042
24.0042
24.0047
24.0012
24.0004
24.0002
23.9971
24.0155
24.0147
24.0103
24.0139
24.0103
24.0122
24.0094
24.0132
24.0087
23.9934
23.9656
23.9848
23.9829
23.9904
23.9631
23.9824
23.9888
23.9866
24.0162
24.0139
24.0139
24.0161
24.0143
24.0139
23.9881
23.9905
23.9834
23.9891
23.9907
24.0158
24.0143
24.0167
24.0178
24.0161
23.9886
23.9904
23.9894
23.991
23.997
24.013
24.013
24.0124
24.0092
24.0111
24.0099
24.0077
24.0107
24.0073
23.9673
23.9122
23.9474
23.9455
23.9772
23.9382
23.9648
23.9918
24.0117
24.011
23.9945
24.0002
24.006
23.9926
24.0001
23.9729
23.9862
23.978
23.976
23.9882
23.9391
24.0069
24.0046
24.0075
24.0053
24.0025
24.004
24.0029
23.9993
23.9977
23.9961
23.998
23.9937
23.9912
23.9929
23.9882
24.014
24.0129
24.008
24.0127
24.0065
24.0104
24.0056
24.0116
24.0046
23.9868
23.9609
23.9796
23.9737
23.982
23.9587
23.9762
23.9841
23.9804
24.0158
24.0147
24.014
24.015
24.0148
24.0141
23.9888
23.99
23.9799
23.9871
23.9887
24.0184
24.0179
24.0193
24.0195
24.0184
23.9945
24.0059
24.0001
24.0002
24.0122
24.0127
24.0123
24.0072
24.0104
24.0064
24.0089
24.003
24.0079
24.0047
23.9945
23.9735
23.9785
23.9917
24.0213
24.0105
24.008
24.022
24.0096
24.007
23.9902
23.9966
24.0006
23.9853
23.9892
23.9783
23.984
23.9761
23.9763
23.9744
23.9913
24.0044
24.004
24.0005
24.0007
23.9961
23.9972
23.9986
23.993
23.9894
23.9858
23.9902
23.9852
23.9805
23.9827
23.9768
24.0113
24.0095
24.0034
24.0098
24.0017
24.0061
24.0019
24.008
23.9989
23.9759
23.9547
23.9697
23.9607
23.9693
23.9522
23.9648
23.9737
23.9683
24.0136
24.014
24.0134
24.0119
24.0118
24.0117
23.987
23.9868
23.9721
23.9849
23.9844
24.0192
24.0195
24.0172
24.0169
24.0181
24.0089
24.027
24.0196
24.0153
24.0459
24.0112
24.0096
24.002
24.0059
24.0026
24.0051
23.9978
24.0022
23.9979
24.047
24.0334
24.0505
24.0617
24.0618
24.0424
24.0679
24.067
24.0026
23.9965
23.9795
23.9797
23.9855
23.9711
23.9699
23.9746
23.9642
23.9558
23.9704
23.9547
24.016
24.0028
24.0018
23.9943
23.9961
23.9905
23.9917
23.9936
23.9885
23.9814
23.9751
23.9832
23.9778
23.9701
23.9704
23.9632
24.0078
24.006
24.0005
24.0062
23.9965
24.0046
23.9994
24.0047
23.9949
23.9619
23.9481
23.9594
23.9447
23.9534
23.9399
23.9502
23.9615
23.9538
24.0108
24.009
24.0091
24.0091
24.0063
24.007
23.9797
23.974
23.9603
23.9746
23.9764
24.013
24.0147
24.0092
24.008
24.011
24.0164
24.0568
24.0089
24.0065
24.0485
24.0066
24.0031
23.9936
23.9983
23.994
23.9961
23.9888
23.9943
23.9894
24.0513
24.0293
24.0512
24.0249
24.031
24.0109
24.028
24.0327
23.9901
23.9842
23.9651
23.9647
23.9704
23.9607
23.9589
23.968
23.954
23.9494
23.962
23.9513
23.9924
24.0013
24.0009
23.9895
23.9915
23.9872
23.9877
23.9904
23.9862
23.9744
23.9646
23.977
23.9711
23.9583
23.9553
23.9463
24.0051
24.0059
23.9994
24.0041
23.9943
24.0044
23.9995
24.0044
23.9949
23.9428
23.9317
23.9393
23.9233
23.9303
23.9199
23.9241
23.9417
23.9273
24.0085
24.0043
24.0051
24.0078
24.0049
24.0055
23.9626
23.9663
23.9347
23.9422
23.9476
24.0023
24.0068
24.0002
23.9979
24.0031
23.9924
24.0164
23.9665
23.9694
23.9761
23.9999
23.9986
23.9848
23.9913
23.9852
23.99
23.9835
23.9908
23.9834
24.0014
23.9906
24.0016
23.9685
23.9729
23.9703
23.9774
23.9763
23.9799
23.9791
23.9581
23.9574
23.9639
23.957
23.9553
23.9521
23.9423
23.9394
23.9448
23.9361
23.9607
24.0021
24.004
23.9866
23.9907
23.9857
23.9868
23.9929
23.9862
23.9676
23.9515
23.9713
23.9641
23.9443
23.9363
23.9255
24.0089
24.0148
24.0007
24.0071
23.9969
24.0096
24.0039
24.012
24.0021
23.9149
23.9057
23.9062
23.8958
23.8969
23.8863
23.8821
23.9064
23.8807
24.01
24.0088
24.0082
24.0167
24.0137
24.0148
23.9119
23.916
23.8829
23.8745
23.8783
23.9978
24.0017
24.0065
24.005
24.0059
23.9326
23.9345
23.8828
23.888
23.8905
24.0006
24.0077
23.9854
23.9939
23.9849
24.0036
23.9936
24.0016
23.9921
23.9444
23.9517
23.9546
23.9186
23.9181
23.9368
23.9346
23.9132
23.9821
23.9905
23.959
23.9596
23.9753
23.9637
23.9643
23.9392
23.9347
23.9344
23.9375
23.9351
23.938
24.0077
24.0142
23.9881
23.9964
23.9878
23.9912
24.0017
23.9905
23.9611
23.9368
23.9684
23.9595
23.9303
23.9129
23.9009
24.0234
24.0348
24.0089
24.0196
24.009
24.025
24.0158
24.0305
24.018
23.8749
23.8659
23.8536
23.8611
23.8501
23.84
23.8192
23.8471
23.8067
24.0261
24.0267
24.0259
24.039
24.0447
24.041
23.8312
23.8331
23.7965
23.7805
23.7792
24.0182
24.018
24.0407
24.0378
24.0374
23.8346
23.842
23.7656
23.7718
23.7922
24.0216
24.042
24.0053
24.0165
24.0058
24.0408
24.0221
24.0386
24.0266
23.8949
23.9266
23.9182
23.89
23.8742
23.9192
23.9053
23.852
24.0053
24.0264
23.9726
23.9753
24.009
23.9896
23.9907
23.9397
23.9396
23.9407
23.9449
23.9475
23.9317
24.023
24.0341
23.9958
24.0096
23.9946
24.0025
24.02
24.001
23.9586
23.9248
23.9704
23.9589
23.9202
23.8868
23.8734
24.0487
24.0648
24.0259
24.0436
24.0294
24.0512
24.0386
24.0589
24.0421
23.8189
23.8069
23.7727
23.819
23.7823
23.7738
23.7207
23.7496
23.6837
24.0564
24.0639
24.0596
24.0749
24.0849
24.08
23.7081
23.7002
23.62
23.5994
23.5902
24.0613
24.0626
24.0877
24.0876
24.0925
23.7032
23.745
23.6424
23.6248
23.6953
24.0686
24.1013
24.0439
24.0663
24.054
24.0989
24.0726
24.1007
24.0912
23.8566
23.9177
23.8988
23.8741
23.8427
23.9226
23.8954
23.8015
24.0551
24.0911
24.0171
24.0195
24.0738
24.0539
24.0551
23.9567
23.9646
23.9816
23.978
23.9967
23.949
24.0479
24.064
24.0127
24.0328
24.0101
24.0266
24.0473
24.0217
23.9607
23.9184
23.9831
23.9656
23.9184
23.86
23.8467
24.083
24.1026
24.0539
24.0747
24.0562
24.0847
24.071
24.0917
24.072
23.7388
23.7364
23.6532
23.7662
23.6855
23.6885
23.5664
23.5862
23.464
24.0953
24.1088
24.104
24.1172
24.1333
24.1306
23.4487
23.4234
23.2853
23.2121
23.1792
24.1159
24.1258
24.1448
24.1445
24.1582
23.5114
23.6391
23.3965
23.3149
23.5405
24.1382
24.1764
24.1101
24.1397
24.1354
24.1752
24.1569
24.1819
24.1845
23.8256
23.9357
23.8981
23.8755
23.8126
23.9567
23.9039
23.7378
24.1367
24.1899
24.1016
24.1095
24.1751
24.1605
24.1661
24.0114
24.0461
24.0788
24.0561
24.1041
24.0075
24.083
24.1049
24.0458
24.0652
24.0382
24.0686
24.0865
24.0595
23.9751
23.9229
24.013
23.9903
23.935
23.836
23.8291
24.1228
24.1437
24.0899
24.1105
24.0903
24.1251
24.1109
24.1308
24.1111
23.6223
23.6336
23.4495
23.7057
23.549
23.575
23.3069
23.2789
23.0361
24.139
24.1557
24.1539
24.1614
24.1782
24.1752
22.8247
22.6861
22.5126
22.166
21.7342
24.1732
24.1877
24.2
24.202
24.2178
22.9499
23.381
22.6403
22.1667
23.0336
24.2146
24.253
24.2047
24.2305
24.2391
24.2618
24.257
24.2818
24.2969
23.7942
23.9855
23.9171
23.888
23.7668
24.0266
23.9318
23.5988
24.2502
24.317
24.2309
24.24
24.3198
24.3123
24.3208
24.1176
24.176
24.2282
24.1974
24.2621
24.1211
24.1297
24.159
24.0965
24.1116
24.0877
24.1307
24.1432
24.1217
24.0115
23.9561
24.0699
24.0404
23.9873
23.8315
23.8465
24.1667
24.1923
24.1351
24.1537
24.1351
24.173
24.1629
24.1775
24.1622
23.4645
23.5136
23.119
23.664
23.3846
23.4366
22.87
22.6569
22.144
24.1839
24.2012
24.1973
24.2085
24.2256
24.2229
21.2711
18.6683
20.3248
20.044
12.9944
24.2315
24.2521
24.2594
24.2632
24.2901
19.5801
22.4928
20.4922
13.88
21.4329
24.295
24.3419
24.3164
24.3384
24.364
24.3647
24.3811
24.4075
24.444
23.7212
24.0788
23.9524
23.8953
23.657
24.1301
23.9884
23.1901
24.3957
24.4893
24.4134
24.4304
24.5242
24.5411
24.5478
24.2943
24.3734
24.4576
24.4237
24.5005
24.3131
24.1916
24.2273
24.17
24.1795
24.1601
24.2148
24.2189
24.2026
24.0763
24.0254
24.1558
24.1216
24.0734
23.8745
23.9236
24.2186
24.2463
24.1939
24.2009
24.1898
24.2339
24.2285
24.2304
24.2171
23.3104
23.3622
22.6047
23.677
23.2856
23.3317
22.4088
21.2143
19.7484
24.2343
24.2547
24.2502
24.2634
24.2852
24.2796
19.0708
9.07268
14.517
-3.06259
18.1736
8.76926
-11.7779
-3.39735
-5.61411
-0.449153
-3.91827
-1.12913
24.2972
24.3308
24.3255
24.3313
24.3727
9.42768
19.9198
17.8738
9.75456
16.4142
1.15617
-4.73497
-1.5101
0.000607011
-3.25832
0.944027
24.3932
24.4479
24.4612
24.4773
24.5402
24.4893
24.5468
24.5563
24.6495
23.5637
24.2123
24.0292
23.9435
23.3703
24.3616
24.077
21.4802
24.6017
24.7224
24.6847
24.6977
24.786
24.8557
24.8501
24.5852
24.6596
24.7627
24.748
24.8243
24.6093
24.2634
24.3013
24.2667
24.2642
24.2518
24.3249
24.3115
24.3063
24.1778
24.1327
24.2708
24.2422
24.1987
23.9924
24.0849
24.2844
24.3253
24.261
24.2692
24.2489
24.3066
24.2944
24.3108
24.2835
23.302
23.3642
22.3164
23.8123
23.3983
23.4943
22.0159
19.3209
18.755
4.97401
3.31108
4.53664
24.3025
24.3156
24.314
24.3373
24.3544
24.3506
4.35623
18.5627
11.6281
17.2621
9.57511
18.4955
12.7851
1.07693
2.0311
-0.168606
3.1533
1.42938
3.86843
0.581642
24.3699
24.4138
24.3895
24.3989
24.4436
11.9841
17.0845
6.83828
18.2113
12.5821
17.3796
10.2453
0.0335292
2.12565
1.74685
4.14968
0.524845
4.16388
1.47401
24.4982
24.5428
24.6394
24.6384
24.76
24.6126
24.7065
24.7198
24.8521
23.1817
24.4091
24.0106
24.0088
22.5248
24.3973
23.714
20.223
8.04024
5.75161
4.9255
24.8508
24.9694
25.0221
25.0279
25.0726
25.1462
25.1584
24.8914
24.9874
25.0892
25.0018
25.187
24.7447
24.3422
24.3848
24.3904
24.3577
24.3654
24.4562
24.4004
24.4251
24.3138
24.2826
24.4071
24.3851
24.3685
24.2023
24.3122
24.3685
24.411
24.3308
24.3533
24.3157
24.3891
24.3721
24.3974
24.3515
23.6197
23.6728
22.3062
24.1095
23.8872
23.8164
22.7953
20.2611
9.50346
21.4008
10.7191
4.97394
3.41762
6.36988
7.63066
24.3799
24.3902
24.3858
24.425
24.4201
24.4165
12.2997
17.8501
12.5244
19.0433
12.9087
17.3227
11.8387
1.8133
4.40615
0.755882
5.93916
3.11369
4.01309
0.743596
24.4178
24.4583
24.421
24.421
24.44
12.4151
17.4486
10.9293
17.936
12.0056
16.9375
9.044
0.7008
4.56787
1.77544
3.75903
0.285212
3.55496
2.37214
24.5643
24.57
24.7617
24.7617
24.9455
24.6325
24.835
24.7689
25.0129
22.0827
24.2241
23.4785
23.6664
22.0216
24.1146
23.3944
9.50423
18.0027
5.19743
7.32972
4.55445
6.91524
25.0461
25.0846
25.0965
25.1707
25.0825
24.9814
25.0581
24.9196
25.173
24.8929
24.7305
24.9684
24.4446
24.4322
24.4839
24.5109
24.4424
24.4782
24.5627
24.4845
24.5286
24.446
24.4403
24.5177
24.4988
24.5031
24.4
24.4746
24.4566
24.4977
24.4209
24.4425
24.3966
24.4832
24.4725
24.4835
24.4404
24.1107
23.9154
23.2503
24.3615
24.3415
24.015
23.9412
22.0474
10.757
23.0456
4.9123
6.8659
24.4665
24.4519
24.4464
24.5017
24.4877
24.4748
11.9078
17.3674
11.5232
19.487
8.7348
17.8088
11.4286
3.37487
3.31811
0.586506
3.28536
5.17014
2.639
0.246398
24.4206
24.3969
24.4688
24.4425
24.3826
10.7238
16.8034
5.91029
17.5031
9.3148
15.9045
1.24379
-0.540081
1.82096
2.34116
-2.36456
0.678264
-2.34562
3.18177
24.5308
24.4102
24.7083
24.7161
24.9069
24.3693
24.3658
24.5761
24.6323
22.3718
24.0875
23.3866
23.6357
22.6726
24.0932
23.5346
20.3115
25.0244
24.7821
24.8279
24.8698
24.7604
24.6859
24.7014
24.585
24.7619
24.5891
24.4835
24.6083
24.3103
24.534
24.5869
24.6095
24.5262
24.5754
24.6555
24.5799
24.624
24.5539
24.5669
24.6331
24.6145
24.6308
24.5516
24.6299
24.5355
24.5763
24.5253
24.5216
24.4809
24.5726
24.5765
24.5638
24.5314
24.4513
24.1202
24.1022
24.5282
24.5671
24.2658
24.3257
24.0495
24.4876
24.5352
24.5223
24.5027
24.5696
24.5595
24.5388
19.4437
12.3683
23.2456
21.7854
18.7015
-8.33388
-0.835076
24.4678
24.3818
24.5257
24.5006
24.3998
10.7445
19.5708
21.463
16.221
21.9861
-0.16582
24.2565
24.144
24.0028
24.2719
24.3118
23.8296
23.8146
23.9603
24.1029
23.1529
24.1406
23.7511
23.9518
23.5941
24.2087
23.967
23.0635
24.502
24.3234
24.563
24.5693
24.5393
24.5014
24.5167
24.4369
24.5199
24.5004
24.4476
24.5129
24.3702
24.6475
24.711
24.7064
24.6483
24.6839
24.7693
24.7274
24.7519
24.6821
24.7057
24.7833
24.7674
24.7952
24.7263
24.8274
24.6164
24.66
24.6312
24.6103
24.5858
24.6766
24.6914
24.6554
24.6416
24.7204
24.3981
24.5177
24.7847
24.8678
24.546
24.7317
24.651
24.8448
24.6063
24.606
24.5855
24.6524
24.659
24.6407
23.466
22.6059
24.6544
24.3743
24.2169
24.5551
24.4731
24.6494
24.6304
24.6093
21.3585
23.2512
23.8146
23.6327
23.9148
24.1429
24.3644
23.8402
23.9245
24.0961
24.107
24.1333
24.0883
24.239
23.9617
24.3185
24.1734
24.3086
24.2278
24.4066
24.3347
24.0919
24.2952
24.3864
24.5022
24.5247
24.539
24.5464
24.5743
24.5246
24.5609
24.6182
24.6084
24.623
24.5398
24.7831
24.8646
24.8535
24.8209
24.8449
24.9509
24.9249
24.9418
24.8689
24.9051
25.0194
24.9928
25.032
24.9578
25.0976
24.7113
24.761
24.7542
24.6991
24.7048
24.7814
24.8161
24.7548
24.7645
25.0381
24.7503
24.9442
25.0876
25.1455
24.895
25.0734
25.0354
25.1274
24.7058
24.7182
24.7024
24.7572
24.7638
24.7497
24.7084
24.6327
25.0221
24.8721
24.8181
24.7194
24.7256
24.7954
24.7848
24.7944
24.3267
24.2859
24.6009
24.6013
24.5253
24.6294
24.7476
24.3947
24.3664
24.4257
24.6323
24.5793
24.5743
24.5748
24.4058
24.4929
24.4664
24.5111
24.5355
24.5708
24.5637
24.5252
24.5107
24.625
24.6292
24.6551
24.6778
24.7023
24.7227
24.6918
24.6978
24.7632
24.7756
24.7653
24.7068
24.9343
24.9952
25.0708
25.0215
25.0539
25.145
25.0906
25.1264
25.1268
25.1334
25.2168
25.1952
25.1995
25.1952
25.2349
24.805
24.839
24.8733
24.7999
24.8059
24.8549
24.9173
24.8296
24.8471
25.1789
25.0115
25.1153
25.1545
25.1503
25.0209
25.1068
25.1234
25.1056
24.8015
24.7962
24.7837
24.8375
24.8196
24.8129
24.9355
24.905
25.0398
24.9666
24.9405
24.823
24.829
24.8396
24.8471
24.8525
24.7456
24.6528
24.8174
24.813
24.7437
24.7956
24.8345
24.6974
24.7018
24.6917
24.7963
24.7688
24.7799
24.7709
24.637
24.6632
24.6643
24.6795
24.7188
24.7397
24.7373
24.7395
24.7178
24.7914
24.7695
24.8035
24.8174
24.8306
24.8556
24.852
24.831
24.8724
24.9084
24.8743
24.8516
24.9978
24.9183
25.1482
25.0751
25.1247
25.096
25.0036
25.0573
25.1798
25.2011
25.1186
25.1111
25.1263
25.1869
25.1277
24.8761
24.9129
24.9287
24.8716
24.8813
24.9162
24.9022
24.9089
24.8949
25.1155
25.0189
25.0887
25.0818
25.0804
24.9963
25.0618
25.0844
25.0568
24.873
24.8455
24.8455
24.9078
24.8811
24.8817
24.9692
24.9568
25.0144
24.9664
24.9607
24.8608
24.8729
24.8857
24.8827
24.8958
24.8678
24.7993
24.8967
24.8996
24.8441
24.8651
24.8937
24.8254
24.8386
24.8388
24.8794
24.8678
24.8838
24.8886
24.7861
24.8054
24.8145
24.8056
24.8415
24.8589
24.8666
24.8613
24.8548
24.905
24.8832
24.9197
24.925
24.9279
24.9515
24.9435
24.919
24.9358
24.9708
24.9486
24.9395
24.8288
24.8665
25.0209
24.9147
24.9889
24.9668
24.804
24.9457
25.0465
25.0615
25.0099
24.9956
25.015
25.0733
25.0311
24.9468
24.985
24.8593
24.939
24.9024
24.947
24.8461
24.9724
24.9218
25.0484
24.9752
25.0362
25.0074
25.0207
24.9537
25.0125
25.0324
25.0135
24.9457
24.9256
24.9238
24.9906
24.9706
24.9672
24.9648
24.9646
24.9945
24.9657
24.9705
24.9146
24.9234
24.9557
24.9489
24.9561
24.9337
24.8804
24.9409
24.9551
24.9151
24.9245
24.9593
24.905
24.9264
24.9277
24.9508
24.9358
24.965
24.9624
24.888
24.9069
24.922
24.8964
24.93
24.9501
24.9625
24.9544
24.9445
24.9837
24.9646
24.9973
24.9973
24.9966
25.0212
24.9976
24.9836
24.9911
25.0234
25.0088
25.01
24.9034
24.9148
24.9516
24.8245
24.9234
24.9682
24.8917
24.932
24.9684
24.9908
24.9796
24.9632
24.9867
25.0051
24.9954
25.0283
25.0827
24.8719
25.0125
24.9621
25.0123
24.9197
25.0615
25.0089
25.0026
24.9458
24.9953
24.9705
24.9929
24.9442
24.9844
25.0029
24.9989
25.043
25.0164
25.0124
25.1006
25.0645
25.0607
24.9722
24.9816
24.9974
24.9781
24.9909
24.9845
24.9931
25.0375
25.0231
25.0317
24.9847
24.9485
24.9811
25.0066
24.9804
24.9971
25.0341
24.9687
25.0057
24.9988
25.0267
25.0091
25.0415
25.0334
24.9682
24.9903
25.0092
24.9552
25.0025
25.0272
25.0391
25.032
25.0246
25.0621
25.0272
25.0561
25.0548
25.0546
25.0797
25.052
25.0399
25.0439
25.0726
25.0641
25.071
24.9557
25.0484
25.0142
24.9474
24.9694
25.1043
25.0242
25.0372
24.9851
25.0032
25.0726
25.0346
25.0479
25.0072
25.0656
25.146
25.2059
24.9795
25.1172
25.0552
25.09
25.0287
25.1812
25.1202
24.9942
24.9519
24.9828
24.9976
25.0388
24.9615
25.0011
25.0013
25.0522
25.1519
25.114
25.1083
25.1946
25.1525
25.1483
24.989
25.0127
25.0396
25.0393
25.0703
25.0665
25.0683
25.1086
25.1004
25.093
25.0477
25.0277
25.0624
25.1108
25.0982
25.0681
25.0924
25.046
25.0741
25.0681
25.0821
25.0767
25.0945
25.0887
25.0412
25.0576
25.0815
25.0329
25.0901
25.0901
25.1257
25.1392
25.0963
25.1125
25.0726
25.1074
25.1031
25.0986
25.1245
25.0902
25.0886
25.0981
25.1174
25.1175
25.129
25.0699
25.1137
25.0542
25.0603
25.0487
25.0524
25.0488
25.239
25.0375
25.243
25.1675
24.9609
25.0696
24.9977
24.9841
24.9779
24.9758
25.0235
24.9844
25.0065
25.0423
25.2104
25.1704
25.1644
25.207
25.1815
25.1746
25.0808
25.1333
25.0922
24.9856
25.0313
24.9915
24.9867
24.9788
24.9962
25.0473
25.0837
25.1149
25.1021
25.1344
25.0944
25.1024
25.0726
25.0886
25.0718
24.9836
25.0234
25.0031
24.9996
25.0012
25.0501
25.1044
25.1022
25.0977
25.0832
25.0911
25.0861
25.0553
25.0686
25.0645
25.0267
25.0631
25.0639
25.0887
25.0786
25.1043
25.1041
25.0911
25.1219
25.1018
25.1186
203.225
224.719
208.418
102.616
71.7087
67.6773
75.3914
141.594
198.624
163.385
72.1245
63.2369
97.0842
76.0551
175.785
200.776
178.883
71.8067
69.3474
75.1046
72.1091
173.965
148.742
117.421
72.376
73.6841
71.6808
67.8684
201.087
182.188
199.259
105.953
107.587
93.7874
114.085
170.246
166.274
118.565
113.8
104.995
121.246
99.1574
162.319
139.154
138.342
72.2018
68.0382
69.4097
68.0122
104.31
111.077
130.692
71.3493
68.3916
67.0607
72.3408
179.52
161.913
171.913
91.7146
105.409
89.6635
109.033
122.796
179.246
143.431
106.349
95.3421
104.476
85.3092
147.373
91.3916
104.284
72.0125
76.7126
68.3368
71.3924
166.633
134.732
143.984
78.6758
91.4184
70.2191
70.71
54.0762
50.5508
53.7654
49.8562
54.7869
55.285
53.2982
52.8566
57.6052
54.5867
53.4733
53.7949
52.5667
54.2958
57.8957
58.1446
59.0211
58.014
58.9759
60.0511
59.8673
60.1704
63.8317
63.2131
62.1891
61.9459
64.1599
63.5609
50.9537
54.9099
52.3737
49.0302
48.8155
52.5394
50.5773
51.1443
50.7089
52.4193
47.9988
47.9821
48.7292
48.9998
57.1499
58.0459
57.7364
55.7947
55.4079
55.8928
55.8314
60.2705
62.3657
62.273
57.1263
58.3826
59.2374
60.8291
46.7179
50.6162
48.6354
45.3351
44.3471
48.8837
46.5701
45.3166
46.6921
45.9752
43.1129
42.7514
43.7411
42.5804
54.7437
54.5286
54.9514
54.6943
54.4998
53.3886
54.4018
57.0003
54.0668
58.3376
54.1146
56.636
47.1839
54.5338
40.9862
46.4585
42.8049
38.1946
37.2891
38.1811
35.4254
40.0154
39.6135
38.6422
36.5908
36.9366
34.8051
34.9373
53.435
52.3964
53.3801
42.1586
42.6842
42.702
45.3477
53.26
35.1991
46.7932
34.4468
36.0674
23.6053
27.1298
33.4458
24.9268
25.2308
22.5214
26.4684
22.3248
21.9067
33.2677
29.7787
31.6055
30.4255
30.5635
27.3474
29.7432
23.88
23.3676
24.2374
23.1442
22.7771
23.1886
22.8904
23.4413
22.9283
23.2041
23.4102
23.2542
22.994
23.4924
22.3899
23.5967
22.8519
23.541
22.5543
23.7704
23.2144
28.6257
25.4363
29.0704
23.5949
26.6893
22.6152
25.0459
23.6915
23.5467
23.6581
23.5007
23.563
23.4971
23.5566
23.4352
23.0823
23.3612
23.4298
23.4372
23.2643
23.4567
23.1156
23.6181
23.3353
23.4454
23.4063
23.5077
23.4382
23.5148
22.1297
21.8533
22.6365
21.6644
22.9517
22.4059
23.4545
23.474
23.4834
23.4561
23.4501
23.4493
23.4921
23.451
23.4075
23.4183
23.4016
23.438
23.4087
23.3959
23.3627
23.4578
23.451
23.3158
23.3054
23.4282
23.4166
22.4712
23.3633
23.3128
23.3451
23.1445
23.3663
23.5511
23.4261
23.3948
23.453
23.3611
23.3844
23.3413
23.4077
23.4123
23.381
23.3788
23.3172
23.3796
23.3459
23.347
23.2719
23.3855
23.3587
23.2843
23.2376
23.3103
23.2828
23.3056
23.2863
23.3897
23.2108
23.2221
23.2175
23.2369
23.3333
23.3
23.3562
23.2651
23.2739
23.2788
23.3001
23.3472
23.3147
23.3176
23.2548
23.3119
23.2907
23.2892
23.1934
23.2395
23.2129
23.1917
23.1543
23.1859
23.1664
23.1482
23.1965
23.1888
23.1469
23.1578
23.1688
23.1722
23.2261
23.2613
23.2458
23.2247
23.2072
23.2449
23.2025
23.2817
23.2685
23.2669
23.2589
23.2484
23.2465
23.2462
23.1271
23.1661
23.1515
23.1718
23.1354
23.1689
23.1582
23.2065
23.1504
23.1625
23.0856
23.2797
23.1626
23.1453
23.2266
23.2128
23.1781
23.1956
23.2721
23.1662
23.1627
23.2238
23.2067
23.23
23.1711
23.1968
23.1687
23.2111
23.1749
23.1791
23.1784
23.1968
23.2483
23.1927
23.2007
23.396
23.1994
23.151
23.3827
23.4871
23.2275
23.2021
23.318
23.1457
23.1586
23.2637
23.3349
23.1531
23.164
23.1788
23.139
23.1987
23.1097
23.1683
23.1318
23.1897
23.3304
23.2189
23.229
23.3569
23.4246
23.2741
23.287
23.5422
23.2592
23.2972
23.68
23.5791
23.3372
23.3662
23.3378
23.1968
23.1808
23.326
23.3265
23.2307
23.1876
23.1658
23.1422
23.1898
23.1781
23.1591
23.1599
23.1908
23.5356
23.3326
23.3538
23.5613
23.6087
23.3831
23.3906
23.5934
23.4067
23.3765
23.6153
23.5566
23.4393
23.3616
23.3146
23.2223
23.1787
23.2811
23.2733
23.1648
23.1386
23.1394
23.1617
23.189
23.1036
23.1006
23.148
23.1815
23.639
23.4117
23.4043
23.5984
23.6507
23.397
23.3963
23.4971
23.4331
23.317
23.5547
23.4233
23.4009
23.2478
23.2029
23.074
23.0695
23.0862
23.0794
22.9523
22.9534
23.0512
23.1309
23.1754
22.9718
22.9823
23.1195
23.1655
23.6305
23.3306
23.3507
23.4151
23.5369
23.2016
23.2529
23.3415
23.3462
23.1759
23.4886
23.2382
23.2426
23.1053
22.9004
22.8272
22.8093
22.8384
22.6917
22.7504
22.6666
22.9104
23.1249
23.1736
22.9347
22.8698
23.1563
23.2054
23.3815
23.0104
23.1329
23.082
23.1885
22.7536
23.0123
23.1033
23.148
23.0389
23.2275
22.9608
23.0774
22.9457
22.5087
22.729
22.5684
22.7751
22.3848
22.7755
22.569
22.9009
23.2155
23.2444
23.0663
22.989
23.3013
23.3176
22.9949
22.5229
22.9098
22.8239
22.84
22.3987
22.8773
22.8079
23.0387
22.877
22.9284
22.6691
23.0455
22.8768
22.3203
22.9179
22.6872
23.0179
22.4966
23.125
22.9047
23.117
23.4164
23.4152
23.3266
23.2783
23.5438
23.5255
22.7762
22.3963
22.9414
22.6719
22.7841
22.533
23.0559
22.6172
23.0853
22.9365
22.8983
22.6574
23.142
23.0248
22.8141
23.4119
23.1678
23.4882
23.1755
23.6537
23.4273
23.444
23.675
23.6359
23.63
23.598
23.7859
23.7342
22.8285
22.8186
23.2079
22.4709
22.8645
23.1767
23.3381
22.8045
23.2537
23.0878
23.1254
23.0435
23.4158
23.1599
23.4832
23.7637
23.5989
23.8605
23.6641
23.833
23.697
23.7183
23.8705
23.8117
23.8494
23.7869
23.9235
23.8573
22.9094
23.4272
23.4353
23.1959
23.061
23.5076
23.4582
23.2773
23.5022
23.2327
23.4855
23.4552
23.521
23.2749
23.7492
23.8495
23.756
23.8509
23.794
23.8067
23.7718
23.8253
23.9464
23.8795
23.8943
23.8408
23.9379
23.8819
23.238
23.5284
23.4271
23.3583
23.2679
23.5097
23.3501
23.5358
23.51
23.2859
23.5678
23.4523
23.4781
23.2364
23.8003
23.7416
23.7605
23.6559
23.7649
23.6852
23.7072
23.8458
23.9144
23.8803
23.8342
23.8345
23.884
23.8686
23.1547
23.4007
23.302
22.9819
23.0045
23.2744
23.32
23.326
23.382
23.192
23.5198
23.2074
23.4607
23.2469
23.713
23.6506
23.6676
23.5948
23.6594
23.652
23.6498
23.8123
23.8533
23.8538
23.7741
23.7856
23.8278
23.8356
23.0348
23.3287
23.3723
23.5156
23.3725
23.5715
23.4942
23.1485
23.5851
23.3061
23.6994
23.4717
23.6541
23.39
23.6558
23.6721
23.6554
23.6776
23.6863
23.6881
23.6638
23.7663
23.8075
23.8208
23.7384
23.749
23.7924
23.8057
23.865
23.8378
23.7231
24.4374
24.3369
24.0233
23.9751
23.9865
23.7793
23.6222
24.1163
24.2355
23.9124
23.8686
23.7337
23.6995
23.6811
23.7521
23.7678
23.7043
23.6869
23.7349
23.7792
23.7917
23.7173
23.7207
23.7669
23.7783
24.5317
24.0839
24.129
24.3883
24.49
24.0778
24.1552
24.2788
24.016
24.0069
24.2485
24.2832
24.0669
24.075
23.7889
23.7072
23.6877
23.7828
23.7975
23.7077
23.6837
23.7085
23.7544
23.7624
23.6983
23.6976
23.7414
23.7487
24.3715
24.0494
24.1263
24.1795
24.251
24.011
24.0736
24.2499
24.0776
24.092
24.1851
24.1944
24.0576
24.0684
23.7992
23.7032
23.6764
23.7848
23.7975
23.6956
23.6653
23.6864
23.7264
23.7321
23.6778
23.669
23.7095
23.7113
24.1477
23.9734
24.0228
24.0306
24.0651
23.9354
23.9727
24.1319
24.027
24.033
24.0636
24.0691
23.9842
23.9885
23.7935
23.6904
23.6576
23.7893
23.789
23.6872
23.6563
23.6496
23.6889
23.6876
23.6443
23.6228
23.6658
23.6603
23.9988
23.8996
23.9294
23.9273
23.9452
23.8645
23.8891
24.0113
23.9429
23.9507
23.9589
23.9626
23.902
23.915
23.7803
23.6778
23.6482
23.7745
23.7621
23.6661
23.6399
23.5956
23.641
23.6296
23.606
23.5686
23.6174
23.5901
23.9012
23.8331
23.8544
23.8543
23.8656
23.8039
23.8226
23.9214
23.8682
23.885
23.8815
23.8876
23.8388
23.8575
23.7406
23.6514
23.6308
23.729
23.7177
23.6348
23.6172
23.5506
23.5992
23.5595
23.5844
23.5465
23.5849
23.5351
23.837
23.7806
23.7963
23.8065
23.8148
23.761
23.7772
23.8598
23.815
23.8348
23.8298
23.8388
23.795
23.8155
23.6944
23.6182
23.602
23.6914
23.6727
23.6058
23.5878
23.5471
23.5744
23.5191
23.5736
23.5512
23.5692
23.511
23.7991
23.7477
23.7637
23.7869
23.7912
23.741
23.7558
23.8229
23.7804
23.8017
23.8035
23.8122
23.7701
23.7917
23.6609
23.6037
23.5832
23.6889
23.6589
23.6144
23.5869
23.5551
23.5708
23.5074
23.5852
23.5623
23.5821
23.5097
23.79
23.742
23.7549
23.7947
23.7946
23.7471
23.7598
23.8057
23.765
23.7859
23.7999
23.8035
23.7645
23.7839
23.6676
23.6383
23.6008
23.7268
23.6853
23.6725
23.6231
23.5732
23.6026
23.5175
23.63
23.5881
23.6292
23.5284
23.8052
23.7611
23.772
23.8268
23.8195
23.7819
23.7886
23.8048
23.7691
23.7861
23.8144
23.8096
23.7795
23.7919
23.7114
23.7151
23.6551
23.7918
23.7457
23.763
23.6938
23.6135
23.6606
23.5483
23.7107
23.653
23.701
23.5697
23.8371
23.8096
23.8107
23.8709
23.8555
23.8378
23.833
23.8174
23.7939
23.8012
23.8413
23.8269
23.8112
23.8144
23.7826
23.8095
23.7328
23.8625
23.8227
23.851
23.7691
23.7097
23.7582
23.599
23.8484
23.7671
23.8091
23.6606
23.8744
23.8656
23.8563
23.912
23.8921
23.8909
23.8771
23.8376
23.83
23.8297
23.8717
23.851
23.848
23.8477
23.8595
23.8923
23.8067
23.9202
23.8953
23.9236
23.8476
23.8054
23.8684
23.7347
23.9498
23.8385
23.9482
23.8046
23.9089
23.9145
23.8971
23.9436
23.9237
23.9334
23.9145
23.8656
23.8682
23.8658
23.9043
23.8805
23.8886
23.8862
23.9318
23.9472
23.8856
23.9635
23.9672
23.9659
23.9211
23.8757
24.0032
23.8623
23.9899
23.9147
24.0231
23.9112
23.9372
23.9503
23.931
23.9632
23.9486
23.9613
23.9436
23.8952
23.9087
23.9067
23.9314
23.9093
23.9238
23.9229
23.9936
23.9821
23.9527
23.9911
24.0033
23.9949
23.981
23.949
24.0408
23.9558
24.0173
23.9786
24.0527
23.9961
23.9576
23.9715
23.956
23.973
23.9643
23.9753
23.9618
23.9223
23.9362
23.9385
23.948
23.9339
23.9442
23.9509
24.0046
24.0031
23.9958
24.0002
24.0011
24.0063
23.9979
23.9949
24.0555
24.0177
24.0203
24.0007
24.0496
24.0217
23.9676
23.9756
23.9647
23.9745
23.9691
23.9743
23.9651
23.9432
23.9518
23.9614
23.9593
23.9508
23.9567
23.9687
23.9958
24.0047
23.9956
23.9935
23.9883
23.9996
23.9908
23.9995
24.0366
24.013
24.0064
23.9932
24.0212
24.0008
23.969
23.969
23.9624
23.9717
23.9683
23.9656
23.9611
23.9562
23.9613
23.9737
23.9675
23.9592
23.9646
23.9756
23.9796
23.992
23.9841
23.9802
23.9703
23.9834
23.976
23.9847
24.0061
23.9896
23.986
23.9765
23.9922
23.9791
23.9667
23.9618
23.9584
23.9695
23.9655
23.9596
23.957
23.9606
23.9659
23.9732
23.9728
23.9616
23.9667
23.9694
23.9615
23.9746
23.9679
23.968
23.9535
23.9664
23.9598
23.9681
23.9805
23.9689
23.9687
23.9608
23.9711
23.9602
23.9644
23.958
23.9557
23.9703
23.9636
23.9587
23.956
23.9625
23.9664
23.9645
23.9753
23.9633
23.9666
23.9611
23.9477
23.9601
23.9538
23.9627
23.9447
23.9574
23.9496
23.9557
23.9642
23.9532
23.9584
23.9522
23.9594
23.9471
23.9632
23.9611
23.9568
23.9767
23.9648
23.9657
23.9585
23.9638
23.9668
23.9578
23.9757
23.9641
23.9673
23.9534
23.9477
23.957
23.9491
23.9671
23.9524
23.9592
23.9503
23.9498
23.9565
23.9427
23.9536
23.9473
23.9537
23.9377
23.9668
23.9719
23.9617
23.9882
23.9709
23.9792
23.9661
23.9651
23.9663
23.948
23.9752
23.9656
23.9675
23.9471
23.9605
23.9643
23.9551
23.9812
23.9694
23.972
23.9623
23.9473
23.9546
23.9371
23.9614
23.9522
23.9604
23.9422
23.9775
23.988
23.9729
24.003
23.9863
23.9983
23.9858
23.9663
23.9682
23.9488
23.9771
23.9691
23.9731
23.9545
23.9796
23.9818
23.9721
23.9999
23.9901
23.9926
23.9847
23.9623
23.97
23.9527
23.9824
23.9756
23.9818
23.9661
23.9959
24.007
23.9969
24.0163
24.0042
24.0129
24.0048
23.9746
23.9791
23.9608
23.9904
23.9815
23.9879
23.9701
24.0005
24.0027
23.9977
24.0144
24.0075
24.0103
24.005
23.9923
23.9937
23.9816
24.0046
24.0055
24.0027
23.9924
24.01
24.018
24.0098
24.0211
24.0133
24.0194
24.0106
23.9882
23.9965
23.9796
24.0031
23.9931
23.998
23.9841
24.0121
24.0144
24.0082
24.0193
24.0146
24.0151
24.0101
24.012
24.0087
23.9993
24.0135
24.0129
24.0113
24.0036
24.014
24.019
24.0111
24.0172
24.013
24.0172
24.0099
23.9974
23.9987
23.9862
24.0086
24
23.9986
23.9871
24.0145
24.0138
24.0095
24.0153
24.0141
24.0121
24.0097
24.0114
24.0107
24.0054
24.0121
24.0113
24.0099
24.0077
24.0105
24.0152
24.0068
24.0104
24.0072
24.0118
24.0028
23.9972
23.9948
23.9836
24.0016
23.9932
23.9913
23.9813
24.0123
24.0109
24.0085
24.0119
24.0114
24.0108
24.0081
24.0096
24.0102
24.0078
24.0127
24.0096
24.0123
24.0093
24.0035
24.0082
23.9983
24.0049
23.9998
24.0054
23.9938
23.9884
23.9865
23.9776
23.9935
23.9839
23.9824
23.9747
24.0097
24.0114
24.0067
24.0128
24.0093
24.0121
24.0054
24.009
24.0153
24.0095
24.017
24.0097
24.0188
24.0113
23.9966
24.0026
23.9898
24
23.9932
23.9991
23.985
23.9797
23.9781
23.9723
23.9855
23.9745
23.9731
23.9692
24.0091
24.0127
24.0027
24.0128
24.0052
24.0131
23.9988
24.012
24.0231
24.0145
24.0209
24.0104
24.0237
24.0129
23.9895
23.9964
23.981
23.9953
23.9865
23.9938
23.9784
23.9678
23.9687
23.9646
23.976
23.9626
23.9659
23.9581
24.002
24.0105
23.9953
24.0094
23.999
24.005
23.9898
24.0079
24.0217
24.0103
24.013
24.0023
24.0168
24.0046
23.9841
23.9918
23.9768
23.9913
23.9823
23.9902
23.9761
23.9581
23.9658
23.9534
23.9694
23.9529
23.965
23.9476
23.9968
23.9992
23.9848
24.0044
23.9939
23.9942
23.9799
23.9968
24.0097
23.9999
23.997
23.9874
24.0022
23.9929
23.9812
23.9899
23.9777
23.9888
23.9805
23.9897
23.9784
23.9468
23.9637
23.9404
23.962
23.9395
23.9617
23.9321
23.9927
23.9894
23.9776
23.9993
23.9917
23.986
23.9804
23.9764
23.9943
23.9863
23.9757
23.9635
23.9861
23.9794
23.9805
23.9898
23.979
23.9914
23.9812
23.9927
23.9817
23.9316
23.9592
23.922
23.9551
23.9232
23.9551
23.9093
23.9913
23.9876
23.9839
24.0048
23.9978
23.9945
23.9911
23.9601
23.9796
23.975
23.9756
23.9654
23.9785
23.9743
23.9825
23.9967
23.9838
24.0017
23.9855
24.003
23.9868
23.9146
23.9501
23.8962
23.9495
23.9059
23.9456
23.8813
24.0049
24.0078
23.9988
24.0264
24.014
24.0239
24.0107
23.9744
23.9905
23.9796
24.0151
23.989
24.0134
23.9947
23.9901
24.0105
23.99
24.0196
23.9962
24.0195
23.9927
23.8973
23.9407
23.8662
23.9483
23.887
23.9346
23.8505
24.025
24.0429
24.0232
24.0667
24.0413
24.0687
24.0413
24.0078
24.0417
24.0167
24.0657
24.0365
24.073
24.0452
24.0047
24.0307
23.9957
24.0464
24.0153
24.044
24
23.8775
23.9272
23.8319
23.9528
23.8688
23.9248
23.8128
24.0591
24.0971
24.0639
24.1042
24.077
24.1191
24.0858
24.0703
24.1059
24.0775
24.1321
24.1032
24.1377
24.1147
24.0305
24.0582
24.0085
24.0855
24.0488
24.0745
24.0223
23.8622
23.9272
23.7945
23.9693
23.8611
23.934
23.7802
24.0921
24.1383
24.1042
24.1418
24.1107
24.1591
24.1259
24.1304
24.1693
24.1514
24.1907
24.1558
24.2017
24.189
24.0726
24.1
24.0424
24.1402
24.1019
24.1281
24.0735
23.868
23.944
23.7707
24.0097
23.8822
23.9567
23.7675
24.134
24.1821
24.1526
24.1835
24.1586
24.2049
24.1771
24.1811
24.2391
24.2326
24.2397
24.2093
24.2834
24.2797
24.1338
24.1554
24.1087
24.2041
24.1698
24.1918
24.1454
23.9018
23.9784
23.7703
24.0844
23.9304
24.0177
23.8097
24.1828
24.2278
24.2003
24.2288
24.2142
24.2514
24.232
24.2428
24.3347
24.3331
24.3033
24.2868
24.3847
24.3978
24.2107
24.2277
24.1826
24.2852
24.2579
24.2699
24.2209
23.9814
24.0658
23.8956
24.1996
24.0574
24.1214
23.9511
24.2429
24.2812
24.2572
24.3
24.2744
24.3209
24.2816
24.3231
24.4332
24.4689
24.3699
24.342
24.4709
24.5102
24.3148
24.3178
24.268
24.3675
24.368
24.3502
24.2991
24.1572
24.2015
24.0016
24.3306
24.2532
24.224
24.0262
24.3081
24.3581
24.2985
24.396
24.3379
24.3782
24.2924
24.3432
24.484
24.5304
24.3502
24.3262
24.4581
24.5616
24.4177
24.38
24.3388
24.4452
24.4683
24.4116
24.3839
24.3266
24.2408
24.0751
24.4375
24.3886
24.2835
24.1698
24.3812
24.4085
24.312
24.4736
24.4201
24.4426
24.3448
24.2761
24.3985
24.4136
24.355
24.2091
24.3025
24.1842
24.5193
24.4433
24.4404
24.5315
24.5654
24.4807
24.5027
24.4508
24.3383
24.2694
24.556
24.5146
24.424
24.362
24.4482
24.4745
24.3632
24.5424
24.4846
24.5091
24.3768
24.1093
24.2077
23.9366
24.3865
24.0139
24.1282
23.7256
24.6172
24.5316
24.5605
24.6689
24.6807
24.6168
24.6373
24.585
24.5167
24.4509
24.6892
24.6759
24.6214
24.5767
24.5216
24.5543
24.4366
24.6367
24.5862
24.6099
24.5436
24.1446
24.1978
23.8211
24.5446
24.3757
24.4012
24.1897
24.7718
24.6925
24.7125
24.8506
24.8773
24.7778
24.8124
24.8086
24.7241
24.7351
24.931
24.9445
24.8509
24.8429
24.6646
24.6739
24.6352
24.7414
24.7279
24.7282
24.7036
24.5487
24.5817
24.4541
24.7112
24.6535
24.6998
24.6059
24.9874
24.8449
24.8838
24.9852
25.0454
24.8953
24.9265
25.0475
24.9248
24.9152
25.0617
25.0948
24.9511
24.9568
24.7931
24.7765
24.7689
24.8246
24.8327
24.8123
24.8066
24.7311
24.7721
24.7062
24.782
24.7729
24.8055
24.7637
25.0186
24.8931
24.9179
24.8929
24.9501
24.863
24.8728
25.0788
24.9426
24.963
24.9936
25.0335
24.8966
24.9405
24.8695
24.8449
24.8491
24.9021
24.8958
24.8798
24.8863
24.8186
24.8389
24.8166
24.8574
24.8603
24.8704
24.8558
24.8497
24.8328
24.8188
24.7707
24.8141
24.8048
24.7664
24.9885
24.8821
24.9261
24.9104
24.948
24.8632
24.8988
24.9243
24.9197
24.9226
24.9813
24.9581
24.9634
24.9597
24.9033
24.9061
24.8981
24.9435
24.9429
24.9373
24.9288
24.8283
24.8209
24.7677
24.8285
24.843
24.8692
24.8121
24.927
24.8655
24.8966
24.8932
24.9175
24.867
24.9071
24.9983
25.0124
25.0009
25.0862
25.0533
25.0563
25.0547
24.9812
24.9711
24.9622
25.0212
25.022
25.0089
25.0025
24.8833
24.9564
24.8946
24.937
24.9259
25.0255
24.9548
24.9366
24.9096
24.9294
24.952
24.9637
24.9466
24.9512
25.1102
25.1042
25.1054
25.1949
25.173
25.1521
25.1516
24.9943
25.0613
25.0149
25.104
25.0483
25.1084
25.0655
24.9349
24.9543
24.9475
24.9892
24.9645
25.0067
24.9742
24.948
24.9298
24.9571
24.9509
24.9602
24.9625
24.9731
25.0676
25.0513
25.0501
25.108
25.1119
25.0801
25.0887
25.0126
25.0465
25.0191
25.0896
25.0545
25.0776
25.0539
24.9469
24.9753
24.9645
24.9995
24.9725
25.0085
24.9876
24.9502
24.9396
24.9918
24.962
24.9744
24.9879
25.0299
25.0038
25.0553
25.0372
25.0609
25.0483
25.0655
25.0556
24.9859
25.0345
25.0399
25.0216
25.0138
25.0541
25.0565
)
;

boundaryField
{
    fbOut
    {
        type            fixedValue;
        value           uniform 0;
    }
    CAD_patch1
    {
        type            zeroGradient;
    }
    fbGasin
    {
        type            zeroGradient;
    }
    CAD_patch3
    {
        type            zeroGradient;
    }
    fbBioin
    {
        type            zeroGradient;
    }
}


// ************************************************************************* //
