/*--------------------------------*- C++ -*----------------------------------*\
| =========                 |                                                 |
| \\      /  F ield         | OpenFOAM: The Open Source CFD Toolbox           |
|  \\    /   O peration     | Version:  5.x                                   |
|   \\  /    A nd           | Web:      www.OpenFOAM.org                      |
|    \\/     M anipulation  |                                                 |
\*---------------------------------------------------------------------------*/
FoamFile
{
    version     2.0;
    format      ascii;
    class       volScalarField;
    location    "0.2";
    object      Ksl;
}
// * * * * * * * * * * * * * * * * * * * * * * * * * * * * * * * * * * * * * //

dimensions      [1 -3 -1 0 0 0 0];

internalField   nonuniform List<scalar> 
10571
(
29.3661
513.449
222.809
46.6927
294.08
210.589
92.0948
75.5058
341.794
448.042
4.83601
29.771
58.6835
164.522
233.102
406.196
155.196
67.7569
54.5717
453.182
628.719
339.65
184.131
291.045
43.3199
223.955
22.3765
0.132595
38.372
22.9292
-1.16079e-16
21.5901
42.0721
93.6182
47.8584
-5.83327e-16
22.0453
14.9993
57.3772
56.9475
38.1722
38.0627
15.2106
77.9244
58.7687
193.03
33.2798
163.553
29.3458
303.547
3.88818
10.9255
81.9033
34.439
59.0123
21.0087
87.5033
83.2507
16.213
0.741748
26.9012
11.3911
73.1674
65.406
57.1241
6.19755
24.242
18.982
64.5678
193.688
46.8247
117.953
26.5317
254.384
12.0135
17.8723
25.4432
27.6532
6.47321
30.5729
69.5103
182.992
24.1796
16.2061
5.70836
26.1998
104.522
229.235
41.6409
32.4394
12.6855
45.7946
208.919
112.872
35.8184
63.1846
15.0887
271.201
5.74231
47.0597
37.6073
22.3236
2.61677
47.975
44.7541
196.104
0
45.0137
40.1232
9.53047
29.8694
307.056
48.2771
23.0498
9.78858
15.5315
103.091
125.703
12.2529
58.3045
2.92031
276.078
4.12785
33.6404
20.9626
2.06103
4.64041
22.593
42.0154
131.975
2492.99
0
15.7031
12.6962
28.8008
53.2549
129.229
6908.96
40.2971
18.1383
46.9832
16.337
154.94
98.762
34.3682
101.673
0
300.621
0
31.407
10.3573
4.04212
2.01018
6.35652
24.4528
78.8821
0
2.12081
24.9663
8.37877
59.0815
35.2649
74.6343
0
57.9975
20.3725
39.9807
62.4595
87.7766
0
118.331
52.4329
91.8836
0
245.319
5.96988
25.8293
51.485
7.45856
17.6372
5.22824
20.7319
62.8905
0
0
11.6583
2.91735
11.8231
26.3133
84.2051
0
31.4515
10.6172
22.9649
5.90353
86.8152
0
88.5798
6.85335
81.1312
0
168.644
7.838
27.5044
46.5125
19.1592
35.5951
32.6353
22.5947
75.3033
0
0.320392
9.94582
6.81298
7.5273
18.353
115.664
0
31.6133
26.2088
20.178
5.52242
129.017
122.951
9.71534
29.2668
14.5639
219.569
0
29.7096
39.6837
21.201
13.104
45.381
58.2167
119.508
11.7056
10.0188
14.2303
10.7987
38.0172
122.295
49.7153
31.2569
34.4106
0.710029
189.87
70.9529
12.5555
60.5932
0
134.068
7.77935
26.6119
42.2574
0
42.0364
44.7712
61.1926
82.2511
0
28.4226
48.8548
26.6508
36.9759
94.6
41.3986
39.5519
47.5061
11.1505
122.792
50.7946
36.5589
123.182
0
114.437
5.90265
28.322
22.8574
12.118
35.6335
40.3214
43.6761
75.5586
0
25.607
34.556
24.1482
37.7848
89.5902
44.4228
35.5652
31.0893
76.6135
70.7632
84.278
12.6256
61.0815
0
215.977
10.6458
39.343
8.68519
11.9066
14.095
36.3907
41.1885
74.9478
0
12.1818
33.7984
11.9668
26.1502
169.5
56.9042
24.8622
39.6774
5.7084
177.613
69.0997
25.8939
25.0576
0
143.341
1.15654
20.5315
51.474
16.7043
10.3963
18.8247
36.4675
71.6955
0
11.7957
14.6699
10.5787
29.6013
142.694
68.0751
27.5069
42.5186
-1.96372e-16
130.808
86.6055
31.7923
40.4336
0
61.4701
4.26089
13.2917
17.2433
12.308
9.70142
15.1971
25.7457
61.2805
0
14.0007
4.80152
16.7751
36.7703
113.021
18.5865
21.5876
24.2692
15.7657
69.8385
126.164
7.99932
65.1157
0
65.5408
6.05282
22.4114
43.7186
10.6468
67.2814
17.5673
26.0346
75.056
0
30.39
6.99636
10.976
38.7647
154.607
25.2281
26.0969
22.7284
5.47635
97.2547
106.931
12.9081
102.321
0
75.166
0
22.0992
28.5116
4.10564
27.7983
42.591
29.8573
91.9633
0
15.798
31.2661
5.76312
32.5967
174.995
54.9624
36.3419
36.2511
11.3318
220.496
104.781
23.1016
64.3082
17.4316
93.0058
11.7433
9.08455
35.1724
5.52155
28.6658
19.0175
20.6778
56.4376
0
17.2565
33.3221
5.61294
30.7972
180.4
36.5893
43.0406
44.1623
0
106.251
88.0828
9.38787
82.7118
-5.44844e-16
77.7694
0.943188
17.7421
16.0407
0
25.3162
21.9706
26.5981
26.1778
0
1.34373
21.0356
4.83785
28.1353
208.138
36.5824
30.2154
35.5556
0
186.397
91.5739
13.7816
51.0751
0
68.6101
0.426807
11.0135
18.7504
13.5641
18.6773
10.0892
23.9494
65.3632
0
11.9654
19.1858
2.67619
25.9497
268.089
51.284
22.9064
25.7033
0.237332
92.3392
53.4554
9.05494
84.444
0
109.055
23.7485
15.5994
30.7342
11.5681
25.3603
7.58685
16.8576
24.5478
16.1499
5.84898
30.7696
7.38064
27.0646
303.962
16.6163
10.8044
19.1279
6.35797
83.5258
72.4488
6.3846
57.6294
0
108.973
5.90488
5.63129
42.3185
17.4733
70.5231
15.0166
19.1674
20.699
0
16.2978
22.1516
10.6039
18.8379
302.66
45.8408
27.4699
16.0413
0
55.3071
81.5736
6.11003
28.0343
0
59.9735
6.56581
39.7203
17.707
36.503
55.6051
55.3808
19.0671
27.5843
0
65.5613
74.1144
13.8022
18.4003
393.885
47.2844
27.9405
15.0553
0
96.3124
191.309
1.20227
96.9221
0
71.5452
4.07517
68.1729
30.8239
9.04292
36.7901
74.0766
15.0265
46.4104
0
17.6658
89.2268
103.535
37.093
591.943
24.1612
59.5477
18.8248
10.5657
102.839
180.608
7.51297
77.3544
0
24.286
15.4471
39.3033
19.2838
20.7757
28.3572
55.9399
15.408
85.6756
0
84.7322
13.3778
108.288
27.3166
665.111
34.3353
95.7546
47.4566
8.44486
102.791
156.27
34.7056
95.812
0
55.6629
-1.75441e-16
30.9016
39.6015
15.6451
57.2265
32.3053
10.318
61.2823
0
10.9825
44.0318
31.8343
21.3731
696.702
35.5727
28.4695
65.8902
19.0845
94.3451
89.2351
12.0079
67.7273
18.1972
62.5752
0.558667
26.3085
30.0169
53.629
39.1156
40.5509
11.5293
37.1526
13.7594
83.2442
37.7495
13.1207
33.8317
1080.08
46.2438
54.7366
61.1661
39.8621
101.032
138.485
34.0316
89.0524
0
20.0271
24.1297
17.7993
50.7507
25.5662
96.9386
31.4627
15.8543
50.785
0
5.53586
41.8598
57.414
37.1179
1103.18
22.9745
60.8402
27.6765
20.9199
169.429
136.581
19.2238
107.544
17.6245
18.3753
26.883
19.4651
17.1309
21.9077
96.2303
23.1661
28.5344
31.9858
4.35587
20.4446
111.142
26.455
61.344
1151.26
16.787
58.8861
47.0931
60.4574
133.86
127.27
27.2305
131.577
18.2122
7.27682
35.9887
25.6793
28.2926
13.5636
74.5505
73.9731
38.9709
42.48
0
11.1886
73.023
33.52
74.5962
1560.98
40.4539
77.6875
81.0283
112.805
238.098
126.354
47.6134
57.0018
18.9479
17.666
31.5053
1.52075
15.5012
9.6771
64.7546
63.4876
65.5219
42.8163
0
0
88.5673
59.5913
127.739
1779.62
45.8971
86.6695
88.252
87.9131
346.387
92.749
56.4455
58.9787
21.1767
3.33201
5.44616
5.39365
26.453
25.4761
56.1395
42.0737
79.8052
45.8355
10.6871
7.53611
44.0855
100.281
184.105
1894.44
19.623
94.5031
127.793
135.024
707.446
99.8436
100.013
124.188
34.8643
22.8947
13.4473
15.7111
39.8374
16.3266
14.3976
47.1483
116.723
29.8251
17.215
0
56.4455
113.449
460.032
4430.55
25.5695
81.9883
245.051
253.462
4109.06
52.2382
109.362
216.562
2.17739
7.67857
18.2054
10.6742
17.7492
10.9925
14.7445
67.8659
58.1772
43.7537
0
0
34.6048
142.046
1399.05
17195.9
10.9708
66.7291
419.335
2037.28
5618.92
16.025
191.834
1663.69
11.2436
26.3918
16.4322
5.42506
8.4569
188.017
13.8645
42.2169
39.5113
77.9274
0.709276
-2.77262e-16
17.6453
106.005
4884.88
15803.3
12.9002
38.9534
662.57
11390.7
8932.38
14.0621
212.269
7671.29
0
27.7925
60.7629
5.44918
8.8318
38.662
4.7835
9.58468
9.37491
28.9867
0
16.7838
0.59506
114.65
6564.2
27211.9
3.5799
7.31689
719.039
1828.4
11769.6
9.60419
260.054
4319.04
0.70507
7.69091
74.4999
10.7189
8.79004
67.1475
5.53609
9.69609
5.20022
28.4161
0
12.0104
1.3611
93.6533
4319.15
6712.7
0
3.77264
701.792
18811.7
9818.76
4.22032
194.093
6505.23
23.2806
20.8509
58.7302
16.2539
11.7665
52.2662
5.05628
1.43333
3.1225
41.3234
4.15399
9.98184
2.20512
43.0796
3997.55
12718.6
2.82703
2.66933
727.818
36120.8
13425.7
13.7703
167.484
8903.2
32.897
33.2202
32.6595
32.674
11.4159
22.1417
3.80481
0.463621
2.90231
27.5407
16.3553
5.07734
2.45347
6.69924
1540.63
6335.93
13.1671
2.45754
475.657
13770.6
8385.53
18.0981
175.379
6073.69
60.489
28.3003
51.0737
7.21275
-4.64612e-15
29.8074
2.702
1.12585
4.71947
36.1267
16.6682
26.7963
4.11533
0.744608
693.997
3472.01
4.50843
3.66496
259.592
7848.2
7286.4
27.3845
68.6465
4124.82
26.9978
6.488
36.5718
11.4473
14.6832
36.1211
3.24581
1.27616
3.92441
43.8242
49.7117
29.16
2.08681
0
343.609
1575.51
3.40932
4.1649
123.23
3994.48
11245.8
58.6471
42.8192
3945.05
16.8479
14.2542
22.4641
15.2954
19.1955
44.0373
1.0992
2.10507
3.26887
92.3702
51.2451
23.6409
0.540545
1.29322
161.848
756.9
4.39073
8.1625
34.0978
1043.1
6636.04
51.6916
99.1903
11634.4
29.7532
14.3614
40.5209
15.6109
4.60023
13.544
2.06947
1.44219
4.31461
147.772
33.6957
29.0163
1.08547
0.00753379
58.2471
552.422
15.5569
5.32729
2.14976
176.411
2076.82
68.1787
257.864
9719.66
36.3111
43.1451
17.1633
12.6584
59.3505
50.8194
0.514912
2.18071
4.29146
363.366
54.9022
26.4709
1.07835
0
12.9295
640.162
27.9594
2.80341
0
2.25517
14981.2
121.245
512.52
4698.88
90.881
89.9314
16.3832
15.8022
64.3381
40.8749
0
0
0.51278
1116.27
31.6645
12.2995
0
0
0.0361567
478.813
45.5879
0.539333
0.498348
0
6231.79
559.782
605.244
700.832
255.506
1201.04
173.627
23.8592
1378.19
375.533
0
0
12.7902
3149.38
263.327
165.655
0
0
1.95139
161.436
595.897
39.2589
0
0
6727.1
2878.04
324.509
461.047
1600.77
692.056
1007.13
1537.11
619.783
912.487
0.560596
0
66.3833
381.584
1099.75
1591.03
0.596916
0
45.6273
152.033
2357.14
163.944
18.2903
2.59238
515.558
276.159
196.124
410.806
0
0
64.521
6.81222
0.00728186
13.1464
72.8866
7.6873
195.071
2.51649
0
6.15034
22.9149
2.95007
216.705
188.85
0
159.942
190.655
402.492
8.17736
0
84.7445
0
0
0
0
2.25362
0
0
290.701
309.791
69.2257
0
0
0.58825
239.414
413.179
149.345
1.93218
0
83.4675
83.7972
97.7195
8.93698
0
2.83518
-1.34464e-14
0
0
0
0
0
0
0.470563
14.5611
0
0
0
0
28.8545
43.7566
1.79087
12.4322
0
0
0
0.257808
-7.93407e-15
0
0
6.46685
0
0
0
0
0
0
0
0
0
0
0
0
0
0
2.77807
3.49728
0
0
-2.951e-16
3.81391
50.126
0
0
0
0
0
0
0
0
0
0
0
0
0
0
0
0
0
0
0
0
0
0.421413
0
14.7202
0
0
0
0
0
0
0
0
0
0
0
0
0
0
0
0
0
0
0
0
0
0
0
2.34389
0
0
0
0
0
0
0
0
0
0
0
0
0
0
0
0
0
0
0
0
0
0
0
0
0
0
0
0
0
0
0
0
0
0
0
0
0
0
0
0
0
0
0
0
0
0
0
0
0
0
0
0
0
0
0
0
0
0
0
0
0
0
0
0
0
0
0
0
0
0
0
0
0
0
0
0
0
0
0
0
0
0
0
0
0
0
0
0
0
0
0
0
0
0
0
0
0
0
0
0
0
0
0
0
0
0
0
0
0
0
0
0
0
0
0
0
0
0
0
0
0
0
0
0
0
0
0
0
0
0
0
0
0
0
0
0
0
0
0
0
0
0
0
0
0
0
0
0
0
0
0
0
0
0
0
0
0
0
0
0
0
0
0
0
0
0
0
0
0
0
0
0
0
0
0
0
0
0
0
0
0
0
0
0
0
0
0
0
0
0
0
0
0
0
0
0
0
0
0
0
0
0
0
0
0
0
0
0
0
0
0
0
0
0
0
0
0
0
0
0
0
0
0
0
0
0
0
0
0
0
0
0
0
0
0
0
0
0
0
0
0
0
0
0
0
0
0
0
0
0
0
0
0
0
0
0
0
0
0
0
0
0
0
0
0
0
0
0
0
0
0
0
0
0
0
0
0
0
0
0
0
0
0
0
0
0
0
0
0
0
0
0
0
0
0
0
0
0
0
0
0
0
0
0
0
0
0
0
0
0
0
0
0
0
0
0
0
0
0
0
0
0
0
0
0
0
0
0
0
0
0
0
0
0
0
0
0
0
0
0
0
0
0
0
0
0
0
0
0
0
0
0
0
0
0
0
0
0
0
0
0
0
0
0
0
0
0
0
0
0
0
0
0
0
0
0
0
0
0
0
0
0
0
0
0
0
0
0
0
0
0
0
0
0
0
0
0
0
0
0
0
0
0
0
0
0
0
0
0
0
0
0
0
0
0
0
0
0
0
0
0
0
0
0
0
0
0
0
0
0
0
0
0
0
0
0
0
0
0
0
0
0
0
0
0
0
0
0
0
0
0
0
0
0
0
0
0
0
0
0
0
0
0
0
0
0
0
0
0
0
0
0
0
0
0
0
0
0
0
0
0
0
0
0
0
0
0
0
0
0
0
0
0
0
0
0
0
0
0
0
0
0
0
0
0
0
0
0
0
0
0
0
0
0
0
0
0
0
0
0
0
0
0
0
0
0
0
0
0
0
0
0
0
0
0
0
0
0
0
0
5950.97
4973.79
6879.68
6558.16
4123.52
5869.13
6249.95
8677.55
6345.69
6760.54
7302.4
6726.35
7015.18
7748.17
6945.82
5777.88
6609.52
6809.38
7415.8
6298.52
5964.87
8012.36
6999.5
8687.22
8248.04
7838.87
7222.73
3797.18
6163.94
8039.68
6878.58
6135.24
6064.28
4941.56
5892.92
4430.61
4884.04
5709.66
5519.44
5188.79
5891.53
8515.08
8920.52
8733.06
9422.04
7875.93
8731.58
7237.01
3402.41
5291.72
6200.54
6653.3
5519.61
6758.79
6788.78
4373.61
4670.4
4704.16
5415.19
6065.76
6386.35
6876.11
6148.09
8331.78
8951.49
8515.97
8886.51
8460.99
6541.81
8063.41
7379.84
6733.68
7423.09
7279.71
7784.29
6193.45
6271.84
8569.19
8645.07
6532.23
7108.27
7839.58
8568.69
9191.55
8564.18
8723.61
7892.96
7312.03
6941.21
7811.93
7754.36
5231.12
6764.36
6798.4
4465.15
7232.81
234.701
60.9262
78.7017
97.321
102.562
0
30.7644
19.8801
105.146
144.854
45.1473
26.0434
51.021
287.708
24.4631
330.145
18.0339
250.151
214.472
263.618
206.439
51.8237
60.7242
45.081
329.695
320.009
436.948
35.9007
38.737
30.7288
62.2597
610.279
164.294
159.799
54.5697
95.6219
48.5224
92.9891
43.2726
408.447
240.174
63.774
67.8344
50.0927
72.4809
242.493
47.9339
27.5822
64.8107
206.209
392.703
48.2514
6.55842
78.2091
293.755
28.5245
238.863
397.646
321.67
59.5346
0.379928
111.905
142.031
509.581
457.929
415.529
40.2211
72.3541
157.505
14.6472
79.0602
643.856
204.707
192.437
315.178
89.9324
32.4664
140.623
205.394
139.7
61.7209
83.703
50.4319
113.309
145.647
47.6454
52.0993
106.521
35.1442
17.0744
58.7828
51.2246
56.6121
41.9208
16.2842
53.993
36.2258
21.7443
18.1823
132.603
79.3172
91.7989
83.8464
13.919
239.245
46.5006
65.488
10.1948
107.42
137.059
106.857
49.491
97.6181
46.262
77.7045
241.784
133.043
52.5819
11.9238
50.0185
17.0254
42.5648
30.1988
76.9679
76.2045
25.0128
96.4107
44.7372
27.5241
31.7736
0.880174
38.7905
36.5222
59.3707
90.1303
39.3983
14.7013
98.4765
51.7385
44.9142
4.96235
108.616
76.5949
33.4791
4.29163
107.944
88.4513
78.1898
52.8622
171.335
8.0316
81.3054
87.6934
141.851
101.193
264.077
259.776
68.0081
121.226
197.394
81.7839
75.3696
78.8216
9.14878
48.5005
69.1456
31.2838
162.889
148.476
134.848
51.0605
107.399
42.0635
51.9018
86.7268
32.324
43.3423
23.318
48.3743
38.4032
28.032
30.7224
77.0942
58.0051
59.4363
73.7742
57.8521
15.5013
249.621
69.9419
73.6895
0.58424
115.161
5.41331
71.8992
55.597
143.847
10.4759
55.0878
222.849
206.208
46.654
56.587
25.7641
47.4908
69.5593
38.0781
56.7417
15.3388
128.479
76.8991
23.6575
60.9926
36.746
32.3736
30.6246
33.099
45.876
141.192
66.9292
16.3498
111.26
31.305
50.1082
12.5078
84.4792
74.2595
48.2298
3.94509
168.896
60.5185
49.8581
111.75
207.598
53.9565
113.417
96.998
205.014
105.363
212.526
242.817
88.8389
33.3356
154.153
25.531
147.065
64.6423
78.204
18.8949
35.0154
43.0478
25.2754
154.137
149.37
14.9425
173.011
42.0911
51.5872
163.561
116.236
22.9051
29.0516
62.0268
33.5223
95.5196
73.3069
132.895
97.4137
100.055
71.1156
63.0238
4.16924
237.448
58.2674
71.5332
5.37477
184.662
13.0396
61.1082
45.2059
144.458
12.7403
80.7277
160.072
170.872
41.896
49.7455
66.1435
67.6036
41.3999
239.149
180.474
-8.70081e-15
168.161
394.871
36.9292
74.0792
63.9067
16.9707
72.8001
115.088
29.2902
109.707
280.243
63.8466
113.111
83.6724
78.3901
0
238.485
49.8989
27.5038
0
222.172
30.6191
106.986
43.4126
205.215
5.33085
82.2739
47.0489
214.459
110.761
247.821
217.526
19.1292
150.351
168.066
50.577
90.2213
43.5976
70.5867
32.857
37.6538
19.8455
70.5213
223.975
136.12
55.8428
124.9
126.733
28.4517
106.975
60.901
50.4379
129.443
22.1292
78.5449
54.7667
116.994
53.0993
166.973
125.606
81.064
50.0502
14.0864
252.167
55.0584
80.3558
-7.44721e-16
132.079
52.6268
42.4542
30.8854
134.516
5.49561
49.344
180.826
185.198
102.794
19.4848
110.646
81.3633
16.7082
25.9662
329.551
215.84
85.9373
171.59
443.316
99.428
62.2502
0
61.2685
63.7762
325.112
122.076
197.493
435.752
130.341
74.8467
144.422
5.60668
170.682
50.1852
48.6798
0
125.69
38.5118
70.0979
54.1549
143.415
-3.99894e-15
67.8831
72.9881
140.748
133.67
260.528
187.154
57.5608
116.676
75.1415
93.8739
46.4807
91.0584
105.209
33.7312
72.9538
25.6963
161.505
173.712
251.399
18.2908
78.9409
29.2636
20.089
27.984
52.8953
52.7061
91.4114
-1.46916e-15
36.6546
20.9525
72.5343
41.4514
153.813
199.417
47.9543
60.3268
0
330.242
78.2185
70.3076
0
135.947
5.56309
33.163
34.5275
151.847
0
39.1528
176.071
124.251
65.1419
0
11.6426
60.9477
27.2396
99.4848
324.391
93.7964
1609.16
66.174
38.3208
96.0937
64.8626
47682.7
5915.46
25747.6
0.952355
114.468
22.516
240.399
30.0939
48.2734
0
34.4012
74.8745
1549.54
126.811
354.79
114.016
28.9477
93.7046
20.6835
78260.8
2910.83
49291.9
41.5327
257.749
14.0568
133.93
55.7999
94.9879
0.16272
150.835
35.3825
45.9614
0
184.588
36.603
74.5885
101.555
121.418
63.3271
65.9661
66.2094
93.3884
147.829
196.15
183.245
86.8931
31.9506
54.1051
62.425
0
93.6237
13.8711
55.243
86.7913
15.3518
97.1567
266.823
270.748
16.7169
92.7173
162.437
0
110.135
159.621
18.4847
46.964
0
42.0948
123.093
45.0934
67.5765
208.092
208.131
87.6929
62.842
0
168.316
86.456
88.9538
0
147.696
0
36.3333
40.1329
83.4509
0
26.8113
108.685
-1.35673e-16
161.128
2.32947
0
0
0
0
10.5549
38.6662
242.015
73.2712
16.322
212.284
12.5148
62.2489
24.8415
50.4978
18.7534
65.0526
36.5363
0
0
0
0
0
0
0
94.8428
86.7682
-6.70202e-16
139.507
104.372
21.6262
40.3549
-1.89847e-15
73.2207
37.2205
49.1606
8.39948
0
0
0
0
0
0
0
68.7727
78.5499
0
295.521
48.9978
48.0448
0
235.712
51.1575
52.736
131.618
112.218
29.6236
44.856
67.6755
113.808
0
123.565
4.71796
0
0
0
243.266
368.012
50.3822
45.3242
133.938
44.8535
0
30.8391
1.60962
19.2427
28.0146
15.5107
79.3441
228.91
213.771
0
101.627
137.92
0
102.514
139.053
74.819
152.725
0
84.0417
126.503
137.617
90.2589
196.4
120.028
48.5725
41.6146
16.29
182.268
46.249
23.352
39.1258
179.72
80.14
52.0975
71.8605
95.9493
37.4247
34.9716
96.4215
4.13493
113.368
0.88168
0
0
0
0
104.669
0
111.743
33.0928
16.7095
93.7998
38.3828
55.8906
40.0109
85.3989
20.738
123.581
34.0686
0
0
0
0
0
0
0
98.983
75.8694
0
66.1178
50.5965
23.4413
58.1285
12.9655
78.4654
34.1321
70.0113
15.7087
0
0
0
0
0
0
0
155.553
144.881
0
215.695
47.8566
52.4401
0
177.701
23.213
49.2032
66.7489
149.887
5.8086
45.5058
55.9198
143.993
3.40472
58.0551
0
0
0
0
288.022
317.952
29.2866
0
208.985
24.4021
57.7351
38.6386
0
1.62594
36.9397
5.2838
74.954
225.888
126.681
0
70.1705
96.4941
0
73.0191
70.8179
55.0616
84.9809
0
63.0854
60.2594
61.1078
105.981
111.782
139.96
53.9158
62.3772
25.2126
154.597
39.8065
58.8184
0.248373
146.87
16.7442
49.5826
30.8521
96.5022
5.85546
22.5488
106.66
88.0956
75.3464
15.7806
74.1967
38.0082
-2.92102e-15
42.2151
36.9575
54.6017
58.0717
103.96
22.6252
114.173
84.8755
0
0
0
0
0
0
0
63.9926
46.7611
0.288665
54.2673
86.5975
78.996
80.6178
25.8393
112.194
122.776
42.5642
22.3165
0
0
0
0
0
0
0
112.564
113.168
0
82.7045
36.5615
49.5915
5.98502
70.1907
43.4053
72.9774
46.4018
123.494
5.44035
64.4964
52.236
101.011
188.445
235.964
250.078
46.6643
119.508
84.1156
71.6374
49.344
29.5076
46.7457
27.2165
18.8031
57.1374
43.4361
260.385
137.141
0
35.59
82.9921
0
64.6861
91.1822
30.2222
81.4518
0
17.0019
63.923
42.2913
66.6402
143.483
174.962
57.2747
58.6015
0
150.446
45.2211
39.6964
13.5405
117.264
0
34.2404
54.5069
113.799
5.62851
70.1094
167.322
57.3581
84.6798
8.44813
95.4049
70.5045
0
118.071
162.845
135.931
118.369
108.756
185.733
46.9635
79.5431
18.6019
65.265
74.3542
93.1279
29.1722
85.1426
214.646
52.5628
74.3416
76.9961
0
144.186
36.4466
44.4896
12.2448
135.204
62.1575
29.7015
43.5618
121.066
9.22203
61.9246
71.009
90.7457
165.602
167.653
271.934
61.3274
14.1957
80.5526
32.6993
6.59096
33.6186
-6.88378e-15
30.4832
27.1002
41.8795
31.7095
145.157
122.316
0
58.0561
94.4509
0
62.2323
65.5629
30.0909
153.707
0
53.719
70.0449
103.131
69.5334
154.566
99.1568
48.0726
45.9213
103.612
133.39
45.5813
34.4854
123.436
105.756
6.12165
63.3519
49.842
114.758
11.6707
67.4334
105.057
98.5539
34.3864
0
50.3637
26.3246
0
25.871
122.504
127.285
85.1314
88.3962
105.172
72.9435
83.7667
0
50.2663
57.3261
238.253
41.0111
79.1163
185.522
78.0851
107.302
70.1151
5.97596
150.289
61.2784
36.9071
11.3249
117.892
98.5041
69.9784
88.5794
62.5718
45.3866
50.9016
78.6673
97.7692
114.091
250.021
259.925
24.3075
0
92.9725
46.2091
14.8976
48.1748
0
17.6043
26.0358
2.62947
65.3608
99.323
234.255
0
57.226
7.30941
0
58.4479
19.3609
22.6906
61.4906
0
13.999
41.1785
51.1063
38.1945
135.479
167.818
63.3992
35.5193
59.5311
191.383
55.1218
24.8642
52.6206
83.8096
10.4446
42.5204
41.1404
108.07
5.71208
33.0619
71.5693
75.1242
60.6414
0
38.7888
56.1547
16.2747
66.4242
74.1397
56.5627
66.0938
101.26
49.1041
27.0548
50.5471
0
19.4929
30.8903
230.305
54.2279
134.925
219.926
15.6505
101.64
40.0063
68.7593
69.5218
43.0202
32.0299
119.936
79.6819
32.6971
40.8042
72.7993
78.429
13.0948
37.2321
90.6886
146.093
134.781
183.402
131.503
31.3705
0
115.975
20.0832
15.0152
14.2212
0
14.4425
28.7788
0
64.4041
181.932
161.938
0
59.7693
102.47
0
70.5975
143.562
18.6328
61.5731
0
17.9665
50.2532
52.6464
72.1014
121.474
130.434
56.8804
50.7703
26.7849
200.227
45.3371
49.2812
6.97688
117.661
4.46469
64.6005
15.0958
93.7356
12.5347
28.6961
57.0405
49.9075
91.4118
0.584019
124.945
81.1507
0
194.308
57.5392
44.1785
69.984
48.0999
80.8744
36.3903
49.77
0
63.1803
72.1459
121.36
70.6407
153.448
176.611
54.2319
71.1762
117.231
65.0237
73.5902
41.2132
33.8366
31.8947
155.935
36.3412
55.2147
39.8427
119.541
11.971
42.0879
63.4899
68.9978
161.56
124.953
140.676
26.0065
0
86.3991
20.0026
0
20.3938
0
11.2243
16.2541
0
14.2083
197.582
120.896
22.9221
88.9737
140.753
11.1742
66.9869
104.937
60.6386
86.0222
0
58.7528
101.792
58.8192
94.3195
79.4572
142.553
65.3498
48.7853
13.1199
77.3881
46.8449
38.1957
30.1458
95.4374
0
38.7941
42.6759
129.625
0
45.88
69.1237
46.0019
69.1723
0
111.729
67.6039
0
55.3952
61.2118
94.0881
82.4024
70.0106
99.5118
99.778
130.214
0
75.1756
99.6166
261.857
32.9095
113.309
218.801
64.987
102.411
121.894
20.1386
161.469
26.5973
36.7136
9.59369
122.729
33.4542
25.5619
79.411
72.9628
14.82
44.9537
76.4761
102.358
108.009
174.381
332.532
25.8466
0
138.398
35.259
31.5689
19.6162
0
17.3167
11.1354
17.6164
24.5621
75.7637
39.6654
0
54.8306
47.4979
0
66.2964
26.1913
45.5302
134.073
0
39.6943
61.6757
79.6805
62.321
125.483
47.4414
97.12
43.9305
170.088
75.1165
49.0802
30.5024
195.364
97.6212
0
31.8631
23.9709
94.8429
0
35.5112
88.1023
65.4507
108.428
0
35.8342
29.8877
0
3.54097
92.3423
114.156
80.2095
87.3724
141.668
59.8225
37.9136
0
54.8901
44.426
230.436
45.4901
129.656
393.845
53.1565
125.847
119.31
13.3116
103.973
41.427
24.5701
0
66.2891
75.9001
34.6461
49.7876
74.5009
10.9945
26.6463
72.519
65.2676
60.7795
297.896
273.219
26.7814
-4.66853e-15
106.893
25.7003
47.3017
11.0891
6.93212
7.8503
30.447
11.687
102.877
78.0492
54.9797
17.403
55.9883
33.2478
16.8868
56.1261
16.9261
28.621
89.588
0
13.6127
31.9624
93.45
50.9023
18.3839
33.0229
19.9293
28.3084
88.3556
66.5442
32.9737
29.8182
12.9747
114.401
5.72819
48.0573
24.6902
80.8666
0
76.9535
146.707
80.9069
47.9636
0
8.51707
30.5557
0
24.8794
99.9974
69.0834
62.8925
62.1423
105.803
35.2452
30.4025
0
22.5162
32.1309
227.933
40.9956
158.807
306.193
52.1903
74.7321
71.0912
24.3088
69.5886
75.0274
43.807
89.0312
76.4623
58.8238
27.1579
79.9204
99.0822
0
38.5341
60.2578
96.5698
75.6308
286.912
221.591
26.5052
10.1767
127.36
33.2684
53.0967
35.0501
17.5984
10.9381
21.5341
0
41.3314
37.6616
66.3946
0
43.0089
24.6036
0
38.9811
7.90428
21.6115
21.4836
0
8.02355
6.85944
27.462
6.11679
38.8716
69.3962
36.5413
24.2741
11.0931
109.056
33.0666
21.265
14.046
63.8547
22.2983
112.738
28.0811
109.922
62.066
65.7057
67.697
51.9999
0.259787
0
3.8057
10.2636
0
0.33736
71.1168
93.3542
72.5823
81.1941
98.7395
27.6973
8.43209
0
4.4488
16.3204
265.33
89.1172
170.808
354.853
61.3895
58.2242
34.6237
88.8541
110.979
62.1329
35.7136
60.3758
56.2457
51.9285
48.08
86.7927
49.2415
5.64219
53.5402
112.17
117.39
191.976
137.461
86.3711
29.9093
0
108.553
19.9337
0
49.4211
0
5.67667
15.6276
0
55.7274
58.2977
72.5336
17.1998
46.962
17.8266
16.8433
46.0185
29.401
8.31787
11.7199
17.9056
8.22794
11.9888
30.2301
15.8062
66.1198
31.5992
22.7426
32.741
4.16722
84.1793
56.3686
31.3654
8.48547
89.9802
17.4385
41.3988
20.2761
50.6801
46.0983
25.4343
49.2638
40.5764
21.8817
0
23.0201
34.567
0
15.0997
89.5287
81.1949
74.9374
87.7028
108.635
8.5234
30.8994
0
8.97036
4.91959
235.108
84.2959
193.484
305.711
60.338
55.2503
21.7998
23.9024
51.7572
52.1531
8.05567
28.3331
49.5772
58.1769
51.889
49.1901
80.5423
5.20593
34.1905
49.3426
64.8765
109.267
142.114
129.86
20.3976
15.4893
77.3087
44.5122
0
24.1959
0
16.0791
17.5882
0
79.3826
63.4923
70.5146
0
27.6303
41.6761
16.8948
46.4299
27.8694
26.8092
38.7314
0
22.7671
58.7617
53.5023
19.0435
75.0097
49.8176
50.9191
21.4986
7.35823
76.861
19.4695
31.5372
23.0143
67.3377
43.3704
35.03
19.6093
45.9886
42.7407
40.4629
87.1633
61.8168
14.09
0
26.5286
32.4654
0
28.7011
73.4617
94.8936
71.4222
72.192
88.2942
5.46479
18.4449
0
20.8928
22.3226
395.268
102.032
272.952
380.876
72.4801
66.5602
27.8133
20.8569
82.327
53.2416
55.3233
32.3345
63.963
40.9172
15.9458
61.2457
92.7989
11.0255
42.2825
55.3661
63.2586
147.671
139.883
71.4924
32.594
42.4222
84.7873
29.1759
37.2488
40.5132
13.2799
20.5546
22.7932
0
66.5078
77.1208
45.6533
17.2047
61.0366
26.8285
34.3523
60.4691
37.3909
17.7393
17.1107
0
4.03586
14.3051
18.4881
27.4785
66.1805
49.4221
55.1082
17.9087
5.44553
106.876
69.8458
32.8491
18.2269
52.7731
46.9399
21.9887
28.5767
43.8343
26.0955
21.3442
56.259
53.7846
14.9989
0
17.0933
34.1124
0
32.469
70.2801
73.0544
18.7384
74.2611
49.9039
24.9469
30.9274
0
28.7648
54.0801
395.594
51.2448
248.168
397.867
79.8981
42.2042
22.4964
24.5875
33.8008
39.5287
10.6281
3.10752
19.1706
41.593
20.944
51.918
107.657
11.0076
31.2654
66.5397
65.6492
90.0964
92.7997
55.4207
18.0797
19.2316
63.6539
24.3738
12.7822
53.9464
18.1227
21.4549
18.6487
35.6559
70.4678
107.843
145.602
16.5254
28.3325
30.3789
0
64.7345
27.6851
16.0706
12.4507
0
9.08547
30.4085
52.5421
49.4938
63.0524
151.26
72.368
44.2791
9.49159
105.579
51.9489
70.0069
14.4777
60.2805
19.0646
4.88313
23.8658
41.6049
7.53352
20.8163
9.73948
27.7224
22.782
17.6188
25.076
56.6498
0
33.0077
62.5052
72.054
55.0863
58.6441
81.5918
12.8445
28.5659
0
8.26853
25.2053
437.08
48.1784
323.327
625.503
59.4117
26.3116
28.1242
0
71.0853
32.3524
42.9594
4.89431
75.4296
33.147
33.2277
37.8247
57.9849
5.46061
25.8844
73.1115
75.1493
67.0911
76.5891
63.4192
14.9231
0
78.4866
24.4866
0
34.5563
0
12.1537
25.3688
0
49.0092
137.274
146.441
20.1659
54.3818
47.0355
13.001
54.8321
58.0333
16.3361
17.7658
36.1014
21.2049
9.16806
26.9556
33.1057
80.794
71.9916
61.6481
59.3026
17.0858
66.569
51.4186
58.4269
73.8123
59.5237
16.7135
25.3656
24.51
83.0591
52.577
23.0262
48.4792
54.5744
55.7534
0
41.2867
27.3347
0
104.228
92.5659
178.346
36.6549
101.003
166.506
17.2273
20.889
0
55.5887
101.237
689.332
57.3992
407.523
838.464
63.3501
51.1839
73.7168
6.08197
58.5374
12.6307
58.2506
25.5532
58.0221
15.7185
23.5761
40.5431
87.7355
0
26.5741
32.2512
35.1036
71.8402
79.0362
87.1434
15.8432
0
113.601
19.2563
0
25.6017
0
3.73016
26.3278
0
61.4783
65.8906
60.6313
21.9519
52.9403
40.6979
15.0645
85.7941
54.685
33.3702
83.6496
18.0109
59.8493
41.6132
65.5484
69.2736
84.6969
60.0585
39.9907
37.6768
19.8971
64.6942
47.3742
55.9077
15.4183
113.886
43.253
22.9813
52.5969
94.6946
18.7104
15.0195
26.612
33.0861
35.8575
0
38.7008
24.5312
0
38.44
144.543
159.035
56.6861
125.062
169.563
72.0419
44.0147
0
41.7576
71.6408
969.913
68.195
492.487
767.302
60.169
47.0996
61.8543
27.9277
46.613
31.1163
60.4132
63.5891
112.74
53.4553
29.2759
86.0939
96.2831
10.5883
19.495
59.2294
60.2633
149.876
126.593
74.2247
55.2093
11.6975
229.117
49.1171
4.34222
31.8466
0
24.2067
32.5274
0
95.3069
98.466
92.8203
13.2008
77.4809
61.8853
0
68.484
16.5685
20.9894
17.9317
0
17.103
31.0647
118.171
57.899
84.5181
83.4728
39.5742
69.1588
13.3715
32.607
45.2664
54.3307
11.3801
72.9781
91.5303
41.7878
44.6247
51.4331
101.604
52.3161
93.6313
63.1972
30.7713
0
5.38205
39.9212
0
54.4989
149.986
111.092
63.8174
191.563
229.629
38.2134
52.3253
0
24.8768
13.5749
616.213
68.9442
548.633
785.543
78.9587
49.6987
33.6888
28.5932
82.8425
50.166
44.6308
25.9714
79.27
44.3476
41.8025
114.426
47.8617
13.9842
44.2762
131.191
62.3564
78.9812
107.98
109.73
27.9034
0
192.308
35.3461
0
51.28
0
23.1251
66.9199
0
147.375
38.7938
80.2641
16.7434
60.0042
23.241
-5.25803e-16
63.8478
13.9448
22.3944
49.138
0
15.0789
20.5047
10.87
22.7575
66.068
101.283
54.5537
32.706
19.6741
104.378
40.7605
44.4673
2.36472
73.1697
80.5628
33.2336
48.8954
57.4688
35.204
38.2461
38.9572
66.4657
31.2061
0
66.5255
15.1873
0
28.239
208.521
134.904
96.0112
156.623
216.025
33.2922
49.3194
0
33.3241
23.4439
741.561
143.799
745.431
573.208
138.592
23.8207
55.7523
16.3671
63.4755
45.5224
16.6209
32.4861
49.507
50.0859
65.4087
129.436
81.066
17.1765
49.8209
101.482
97.3523
96.448
82.1492
79.3441
39.1972
22.7794
132.536
27.9069
11.0319
59.6372
0
6.30403
46.3379
0
63.4685
61.4752
90.7623
23.382
30.5925
48.9266
11.8824
60.524
41.9762
4.39037
26.0512
3.3018
10.9501
16.0901
26.4621
36.1348
54.3721
56.8998
56.1248
90.5939
59.0628
95.414
47.2547
63.2082
12.0862
72.8422
0
20.7159
30.0896
72.2612
20.4336
19.6507
61.7014
67.8382
27.6827
18.694
33.3345
36.5882
30.4681
38.2478
172.28
265.988
58.2091
170.353
340.983
21.1614
20.8695
10.7753
25.1826
14.2158
542.321
143.093
931.267
849.031
151.15
77.2855
14.737
20.1512
38.062
36.467
43.1431
8.02981
32.0936
29.8018
44.4787
143.288
91.9029
6.39013
66.4207
130.288
105.638
97.3636
98.7086
33.9563
11.7868
17.0092
105.39
16.981
0
70.6297
0
11.9138
51.3173
0
51.2882
57.2534
97.8394
22.892
93.0532
20.3953
11.2301
103.255
12.2394
3.68827
20.6317
0
14.4309
3.52889
42.9342
63.4026
25.7847
38.4485
52.0494
66.9149
21.9922
44.028
38.2805
41.2267
32.6337
89.4914
36.6088
26.5166
30.017
60.4817
43.9407
11.3861
24.8204
37.6875
24.9274
18.3933
34.8673
24.1741
0
71.264
188.067
315.158
54.6019
164.297
269.199
8.53313
19.1365
0
8.82468
15.6696
752.287
198.08
1126.07
665.048
259.177
17.7731
47.2371
0.346379
19.7173
43.0362
85.463
12.3644
46.2
24.4179
74.1881
83.3767
92.2502
31.6908
76.3198
93.8163
70.8149
131.267
31.8774
48.189
38.2768
0
92.9522
61.2568
0
40.1336
0
9.96156
33.1733
0
81.8415
76.6554
34.5316
0
63.6548
7.7677
0
51.3713
37.6843
25.4603
38.7693
0
25.576
25.9966
19.5717
18.9032
27.2279
20.3051
54.9979
55.07
16.3328
16.8303
42.3012
50.5233
19.4576
55.0653
0
8.70111
13.6128
66.4593
34.6279
47.0078
25.7987
10.0599
29.9496
-5.58091e-15
29.5161
25.0101
37.3521
19.7533
185.126
259.832
38.3868
212.256
271.364
17.4866
39.9395
16.8025
25.9203
55.2286
528.832
287.428
1089.53
575.011
306.44
31.6059
25.4155
1.59923
37.275
39.9045
31.8567
11.9262
36.5884
23.2608
97.1241
149.694
87.116
33.3726
143.819
125.889
97.1166
126.555
31.9278
59.4706
35.6658
17.9189
108.981
79.9061
0
14.9515
0
26.6608
50.4194
0
125.678
25.7979
50.0565
0
31.5832
17.979
0
64.8349
57.7342
16.5571
0.969973
0
8.93228
6.83203
11.7646
31.3395
20.3368
37.5375
30.9803
27.0556
14.7679
34.7631
24.1872
34.606
4.72978
54.2694
20.8402
19.3887
23.1475
56.4112
34.6729
10.964
59.049
26.7702
23.4906
14.5791
21.1479
26.0974
0
47.4636
191.772
248.758
49.9818
229.311
291.928
27.9863
29.3474
0
4.48923
17.3984
420.848
333.835
1190.44
483.653
407.242
49.1931
28.457
2.8445
55.5975
15.2442
57.5213
4.69058
41.8665
15.1469
119.714
169.364
106.537
89.454
181.67
176.839
143.951
109.281
16.295
21.1745
63.259
0
108.247
76.2329
0
78.0346
0
41.0486
75.1392
0
55.8804
36.9514
19.3766
0
39.2164
30.2294
0
46.4244
14.7006
10.2873
8.04226
53.8347
35.2895
23.5508
39.5367
29.3279
26.2403
22.7308
25.0105
23.5808
9.89868
7.56957
24.5859
30.9948
18.226
66.8136
58.0497
34.7671
29.5509
34.9202
17.9376
35.9613
58.7167
67.6959
19.1298
18.2942
16.4792
22.1433
0
21.0014
214.202
347.285
58.576
231.136
478.331
13.7813
19.2683
0
34.343
38.9954
1062.59
513.471
1706.65
1217.08
692.007
14.9073
15.613
9.6571
23.9492
28.7016
33.5704
0.110524
14.4561
22.7172
167.899
219.912
83.3993
138.733
240.522
227.793
96.8938
227
10.147
30.3279
105.1
0
203.592
85.765
0
102.966
0
79.4872
70.2437
0
138.915
8.70481
8.78283
0
29.6772
22.9408
-9.91815e-16
25.2676
49.6085
12.9748
13.1648
29.2816
21.6664
17.2049
77.0211
22.317
25.1166
18.6067
12.4378
26.1863
6.84641
12.5584
8.43168
16.8618
8.37241
67.2709
42.4604
22.6487
38.9187
24.1199
21.4619
39.8579
9.4142
31.4064
10.7787
0
14.6793
13.1213
0
13.0442
250.322
316.48
58.5305
239.26
297.985
13.998
14.5014
0
13.6474
8.95701
950.639
1025.37
1541.78
1372.68
1515.89
21.2712
18.5034
4.86789
42.2755
23.2857
21.5952
0.762721
29.6077
50.7165
323.418
289.318
118.435
102.897
454.187
316.751
243.043
442.835
33.8057
21.1185
74.5322
57.7085
149.416
137.753
0
50.5817
1.97103
110.775
57.0028
0
102.368
8.3594
5.86884
8.28687
26.6034
30.6679
0
12.5505
21.9516
6.24441
34.5249
-1.01361e-14
7.67643
25.5985
32.2543
49.6414
3.57931
3.44459
17.2693
18.6853
10.1434
15.1811
8.54258
14.8488
6.10899
22.8793
10.0429
24.534
30.8688
41.0526
4.72076
11.5753
17.5674
10.7661
21.6708
4.98489
7.13889
4.43396
0
0
223.025
440.68
48.6567
261.553
327.77
6.99996
0.803667
0.508066
6.19751
5.95321
1503.62
3006.35
2649.89
2121.91
5586.92
16.0277
9.5811
4.80465
37.2892
25.5548
17.3125
4.77119
45.3177
29.4592
777.73
329.852
429.767
177.201
1768.84
461.599
961.48
2119.2
55.3618
33.0942
97.2915
19.0591
100.037
128.354
12.6224
94.6705
0.192903
128.094
159.123
8.60789
208.62
21.3669
18.3732
0
10.3904
11.0007
0
3.27631
12.3873
9.2448
8.28169
17.2973
20.2585
0.787341
30.8602
38.7059
5.47471
0
8.57393
8.30352
9.25011
7.89073
21.9772
22.1314
10.0821
28.9755
4.1415
44.1195
41.8728
48.3037
10.1731
18.8898
26.7735
35.5599
-1.73395e-15
0
8.83944
16.9409
0
0
262.54
538.141
22.9199
305.823
786.147
9.36909
0
0
4.69452
6.04652
2198.93
12629.1
6974.1
2106.13
10187.1
0
0
0
70.5739
60.4281
4.20311
5.802
52.0069
15.8488
5326.34
1038.27
2443.11
576.601
10385.1
3228.26
5174.72
4773.7
20.4635
14.0862
149.431
61.7168
71.4419
168.546
82.2193
228.847
47.8739
142.605
280.517
20.7135
596.08
9.26142
22.9193
0
16.0859
4.35959
0
35.6567
24.4445
16.3239
0
58.4327
13.975
0
0
0
23.1505
41.8385
21.9876
27.0493
15.1369
39.2123
33.7169
50.359
201.736
61.5727
6.42643
25.9094
13.9303
56.708
10.1104
42.7101
-3.03385e-15
48.6758
17.0344
0
6.02138
41.0105
18.5552
20.5626
376.061
897.648
34.534
454.08
1383.85
4.75429
0
0
0
0
1970.45
9639.14
16529.2
3827.65
12845.2
0
0
8.67888
29.0054
20.2076
8.63212
0
19.5368
16.2823
18875
9927.69
7010.01
13462.1
16901.4
21779.7
9239.73
8300.52
36.0441
9.09999
185.872
68.028
10.2533
161.63
133.844
450.244
70.1788
172.252
1042.03
44.6197
4604.13
58.6075
0.377134
0
42.2677
30.5644
12.2293
12.5901
24.7473
9.14362
0
24.7997
9.47725
5.58107
0
-3.09581e-15
20.4311
30.6828
34.0113
49.5299
31.4847
38.5453
39.6379
8.38939
37.3869
55.577
0
36.193
0
81.1079
5.02472
34.3184
33.8313
44.0077
19.3342
17.768
7.50523
31.6462
0.632822
15.3626
481.662
1252.78
26.4066
383.864
772.164
0
0
17.4366
1.67876
-1.88639e-16
4826.13
14458
17786.3
7670.25
13028.9
0
0
5.84134
14.6762
8.17707
4.07842
13.4905
8.08125
12.398
20070.3
22990.3
8949.02
12376
14890.8
15657.2
9266.92
9933.68
17.6412
15.1003
82.7199
69.1677
24.0386
61.6712
97.738
2647.02
65.1685
263.735
7514.56
116.251
9483.2
37.4199
47.8965
18.5174
22.9067
11.9787
18.2638
37.2449
28.6526
9.2861
11.3618
0
12.9151
5.77022
9.8644
20.2584
-4.94802e-16
41.3342
16.1892
16.4461
23.0433
21.9101
25.0075
46.9487
34.6043
21.7092
5.06582
13.892
8.51043
11.9171
5.03685
37.4015
28.5916
27.9965
18.5554
18.2854
10.2478
21.8781
36.2019
15.5927
282.728
481.169
30.3207
227.706
354.093
7.989
12.3423
0
5.02097
6.20683
4318.11
14842.3
15253.5
3235.8
16326.3
10.3359
0
4.8147
7.14347
4.12396
1.00153
4.66579
14.5328
8.20974
13103.5
9006.94
18170.3
8437.63
9659.26
6818.57
4597.18
168476
30.1537
20.8781
46.5357
31.4121
17.0084
12.0078
46.1972
8937.41
144.481
201.701
8098.19
106.657
4789.86
39.5656
38.5281
50.503
36.7523
16.5661
3.83778
31.714
25.8197
14.7481
0.197079
16.9779
4.57576
15.8617
9.73563
16.3537
28.1377
28.6842
28.4404
47.5499
32.4826
23.7182
41.78
38.1273
27.1017
14.3013
10.0729
20.2982
1.55436
21.4845
12.1701
16.246
23.1534
48.2117
23.2954
0
47.3813
14.2595
17.8102
60.462
194.588
189.076
34.2215
141.509
128.882
8.49564
12.5252
1.15955
15.0165
12.0047
2251.3
14027.2
5792.92
2216.48
6436.38
0
0
0.134994
7.67277
5.44726
1.51182
7.93442
14.9074
17.6496
10464.1
10780.6
1771.45
16623.9
21044.3
16594.7
10257.2
15323.3
17.0632
4.13241
3.38
14.6207
19.8495
15.2701
68.4312
9704.19
82.6846
256.498
9907.59
59.5738
8189.67
19.8908
41.0503
34.9627
42.2854
26.1251
28.7644
39.4709
19.5624
36.6631
22.2842
29.1374
26.0595
10.6876
22.5343
6.16773
33.479
37.045
37.888
40.4072
7.417
7.54927
39.8451
33.9531
34.0262
14.216
6.68711
21.6065
7.81115
7.16607
0
18.9647
29.1131
50.2897
31.7364
18.3594
52.8924
12.8544
24.9067
24.8367
84.5674
129.459
37.8216
49.5358
129.988
8.17376
6.06927
25.1749
14.2636
14.7964
2138.84
7396.17
8762.81
2760.08
9254.08
0
2.45674
8.00127
22.0915
27.9666
8.86518
16.0911
9.77111
11.3946
24011
22966.1
10684.9
38347.7
22507.6
23882.4
10501.2
9714.93
0.703598
17.8172
9.03194
29.7985
14.0551
13.0298
12.3021
9844.85
75.6887
195.967
3829.86
60.8447
15156.5
26.8131
46.7305
5.07703
27.5941
32.5357
17.1046
29.0531
19.745
34.664
11.2212
32.2426
24.4531
11.1323
18.4542
17.2387
42.0407
28.5128
41.1389
44.2253
27.3948
30.6835
27.643
44.2003
18.4942
14.1168
0
0.918967
7.96141
7.17683
0
11.0936
44.8598
22.9722
3.59269
21.0608
20.2574
18.4437
45.2864
23.8686
34.355
58.6838
27.0203
41.5969
65.3727
18.5023
22.2671
16.985
18.6478
31.0923
1833.91
16964.9
6600.77
1259.26
16194.4
0
10.3892
13.8798
19.6765
20.6856
8.68608
5.12509
21.8147
34.9163
22315.3
14748.1
9985.98
27138.9
18121.8
11862.7
7673.95
11513.3
22.8309
43.0295
14.8443
13.7466
19.8385
24.5775
45.7019
20168.7
51.1595
102.708
8773.24
43.9681
6675.35
41.4353
24.4706
16.8732
25.6704
24.6202
34.0753
36.3821
6.62288
18.7944
27.9273
72.77
22.4664
12.5225
26.8814
27.5772
8.60931
22.0941
40.0379
50.1021
39.2236
14.2971
41.4451
33.7247
29.0688
33.0586
3.253
20.1192
15.169
25.9785
18.7481
13.7414
46.5759
43.9685
23.8718
22.604
16.7082
14.6153
44.6491
7.71367
42.5617
89.7891
40.976
27.1331
61.3225
6.07075
18.6899
17.6924
14.5777
39.9631
2610.43
12683.4
2236.26
3125.72
8326.75
20.7649
38.371
19.0531
7.24788
36.2046
0.548474
-1.42438e-16
11.482
54.4181
10871.4
4391.3
4471.83
7988.14
4000.57
6470.12
4014.34
3579.24
36.9217
61.127
14.7405
25.947
24.2083
10.0351
40.8702
4393.55
66.1751
57.6854
1607.05
87.3605
3376.83
21.163
9.32421
16.5168
22.923
23.56
32.5763
13.1261
10.0364
20.3818
15.9557
13.5801
13.2134
17.036
32.5203
31.9392
40.973
46.2723
23.139
43.7326
21.3591
42.0052
21.2484
29.7306
20.1415
13.215
10.6368
28.4607
17.7305
28.2898
7.25117
27.0101
26.8951
65.2973
19.9379
21.7498
22.2324
30.7467
16.8943
27.4166
51.5783
120.346
79.5083
60.1314
214.57
37.9404
33.4497
71.9248
18.7174
17.118
1916.78
2498.95
848.911
1101.88
28553.6
13.1534
36.6834
7.68809
18.7592
17.8206
4.31718
12.2377
24.0153
21.8984
20946
29399
5916.98
2449.65
70417.9
11767.6
7167.75
9315.18
37.2133
61.7978
28.3495
78.2758
42.838
32.5131
42.4897
3793.8
100.715
79.0544
2719.29
134.278
8764.88
26.5061
10.5695
15.1907
20.8969
11.3418
72.6464
8.98799
50.4619
11.6503
10.0485
46.4382
30.9802
15.8293
15.6032
16.6999
35.7325
5.89846
28.4741
18.6091
33.7111
1.08405
31.7812
31.499
43.4694
20.7598
39.2558
27.009
14.6304
31.2869
8.33898
37.8498
85.5814
87.855
44.0027
28.5093
18.8628
33.0573
14.8662
49.8709
63.3304
231.249
109.778
143.17
622.272
11.4476
19.3297
30.2318
22.3048
3.79986
2501.31
14673.7
626.92
1828.33
26936.7
20.8084
41.9538
3.15318
11.5225
22.5934
10.7983
6.71219
3.42957
23.2627
15257.4
12266
6086.7
375.213
9931.76
11353.1
5166.33
8413.81
33.9204
47.6278
44.8124
119.62
52.7862
83.5168
202.498
1889.71
322.112
144.879
1426.6
450.587
6039.6
21.4688
26.0573
9.66357
25.6183
12.1967
30.1176
51.3015
44.4628
37.488
14.6446
9.66759
37.2355
26.7382
10.8958
8.04335
39.1404
42.4978
26.0276
47.737
25.925
61.4366
30.1232
39.0983
25.2761
31.8123
24.3506
51.162
19.6407
75.5441
13.8597
50.118
153.206
143.133
29.0825
47.5685
36.0687
29.1793
6.37049
53.26
197.727
709.06
195.076
290.647
927.509
39.8624
33.7577
-7.97887e-15
39.1732
13.9266
2764.55
12017.7
615.258
3872.05
3814.42
33.7276
8.27945
4.67013
33.8273
20.708
7.99372
26.1998
38.873
49.2887
10744.1
3726.19
6613.24
62.9365
1935.29
2202.94
10963.1
16025.9
59.0502
41.875
68.7733
243.995
78.2706
89.7902
524.006
1283.08
749.947
380.338
1298.45
1273.6
1784.55
37.8089
63.8161
21.5513
35.3608
66.958
52.8766
51.3016
53.5938
45.9571
30.0268
35.6793
61.0103
8.42144
51.2194
35.4767
21.6328
41.9657
53.9414
44.5504
17.1287
73.2868
87.718
90.4978
23.6242
73.672
34.5279
57.6386
46.5025
110.07
9.70395
102.751
343.278
564.72
20.2508
13.9227
46.9486
57.6846
29.3296
34.9449
393.364
2253.71
558.771
541.964
2291.47
41.4768
29.7573
55.1459
38.5762
24.1843
8672.91
2005.06
579.173
6655.96
1091.54
24.3474
30.5265
16.6078
42.7632
37.8782
55.1233
23.0142
36.8508
42.6099
1872.02
854.84
7694.7
0.00712552
941.781
445.604
4939.25
10551.8
100.906
121.849
173.942
921.312
218.527
324.713
1671.44
1262.01
1425.03
611.73
923.389
2527.08
1644.63
109.764
410.4
32.6934
79.2928
73.242
107.577
213.528
141.064
61.589
39.1961
149.004
115.942
52.8643
58.7476
101.828
63.3962
144.528
88.9857
106.803
18.9334
282.431
272.43
220.247
43.6066
231.429
0.251077
160.16
78.3
1766.92
-2.52263e-15
574.263
2004.3
4661.82
48.7084
65.2881
79.608
162.312
122.966
114.512
669.046
3516.1
1972.07
670.04
3091.42
44.6731
41.8312
79.0944
79.6439
90.3662
10652.7
600.913
281.079
7601.15
325.273
51.0103
96.243
21.6342
58.2049
46.4537
51.5643
0.110876
133.193
112.683
605.251
213.234
10749.1
0
493.348
135.781
7951.67
7217.86
410.617
1127.95
603.275
2212.38
1093.27
762.269
2500.56
735.714
3215.58
552.614
497.151
10465.5
502.653
929.727
3558.21
342.61
1594.59
1147.96
2381.57
6616.25
11809.5
718.302
374.214
1241.97
6613.46
2629.55
524.747
2322.83
512.839
1704.83
3333.23
2349.38
217.302
3529.73
10248.9
9426.55
481.405
5514.19
29.6248
2983.47
7519.9
4858.59
430.216
2936.95
7774.24
2130.36
1699.46
338.436
1555.53
5716.95
1007.11
11131.3
520.713
3348.71
1540.98
295.407
2181.15
949.407
529.694
494.995
7366.8
3603.25
1779.15
267.332
104.066
1166.93
317.549
228.653
1035.55
33.0079
698.971
736.315
5328.46
476.716
2702.33
5713.55
398.965
112.191
7206.05
-1.4089e-16
456.862
94.8468
3895.63
1075.7
3690.73
3626.18
783.536
8382.35
2873.29
714.059
1410.19
239.133
5783.96
190.969
178.537
608.101
597.281
713.61
0
1096.7
2453.17
3020.71
0
0.673258
1.95588
5220.67
3311.21
21.0676
42.2552
112.148
1383.17
22.5118
931.624
0
1052
716.574
1443.81
0.894854
18.2151
3.69614
145.417
137.549
348.729
258.1
1.3821
0
176.117
83.0586
39.3114
0
2327.41
945.239
2896.96
0.429638
61.1979
3.10296
219.465
391.792
105.127
244.482
2.18383
4921.4
2874.99
121.538
49.8634
2.7039
480.405
266.727
290.507
15.2092
84.8159
1593.33
4.25465
866.373
1197.05
898.397
1.58947
196.18
3.3474
11.7993
658.57
211.136
903.916
111.63
900.112
290.86
249.843
80.7288
314.017
0
343.032
7.52039
31.1371
198.412
0
198.404
11.176
222.219
245.205
0
61.0349
0
0
0
0
0
0
0
0
1.06353
2.99006
0
0
0
0.465252
0
0
0
0
0.294619
48.2379
0
0
0
15.644
0
167.774
18.6027
0
0
30.9497
0
0
0
0
0
0
0
0
0
128.681
0
0
4.07551
0
0
0
0
0
0
0
0
4.0915
0
0
0
0
111.609
0
0
0
3.8994
0
0
634.617
26.3613
19.7794
534.039
110.956
0.527589
7.17849
-2.874e-16
0
0
5.02988
0
0
0
0
44.3746
0
0
2.72262
0
0
0
0
0
0
0
0
0
0
0
0
0
0
0
0
0
0
0
0
0
0
0
0
0
0
0
0
0
0
0
0
0
0
0
0
0
0
0
0
0
0
0
0
0
0
0
0
0
0
0
0
2.89923
7.54126
0
2.76376
0
0
0
0
0
0
0
0
0
13.0997
-1.55894e-16
7.31408
5.3467
9.56755
2.06363
16.7831
0
0
0
0
0
0
0
0
0
0
0.408755
0
0
19.5532
0
0
0
0
0
0
0
0
0
0
0
0
0
0
0
0
0
0
0
0
0
0
0
0
0
0
0
0
0
0
0
0
0
0
0
0
0
0
0
0
0.888574
0
0
0
0
0
0
0
0
12.6677
27.1127
7.03
13.6888
10.4446
0
0
0
0
0
0
0
0
0
17.1419
9.16381
19.5991
4.20883
11.5284
7.09222
7.47821
23.7723
0
0
0
0
0
0
0
0
0
0
0
0
0
0
0
0
0
0
0
0
0
0
0
0
0
0
0
0
0
0
0
0
0
0
0
0
0
0
0
0
0
0
0
0
0
0
0
0
0
0
0
0
0
0
0
0
0
0
0
0
0
0
0
14.2705
0
0
12.9134
0
0
0
0
0
0
0
0
0
25.9303
4.8393
4.86259
0
21.3591
0
7.49027
17.8904
0
0
0
0
0
0
0
0
0
0
0
0
0
0
0
0
0
0
0
0
0
0
0
0
0
0
0
0
0
0
0
0
0
0
0
0
0
0
0
0
0
0
0
0
0
0
0
0
0
0
0
0
0
0
0
0
0
0
0
0
0
0
0
5.50644
0
0
0
0
0
0
0
0
0
0
0
0
1.73985
0
12.3371
0
1.99799
0
0
5.51972
0
0
0
0
0
0
0
0
0
0
0
0
0
0
0
0
0
0
0
0
0
0
0
0
0
0
0
0
0
0
0
0
0
0
0
0
0
0
0
0
0
0
0
0
0
0
0
0
0
0
0
0
0
0
0
0
0
0
0
0
0
0
0
0
0
0
0
0
0
0
0
0
0
0
0
0
0
0
0
0
0
0
0
0
0
0
0
0
0
0
0
0
0
0
0
0
0
0
0
0
0
0
0
0
0
0
0
0
0
0
0
0
0
0
0
0
0
0
0
0
0
0
0
0
0
0
0
0
0
0
0
0
0
0
0
0
0
0
0
0
0
0
0
0
0
0
0
0
0
0
0
0
0
0
0
0
0
0
0
0
0
0
0
0
0
0
0
0
0
0
0
0
0
0
0
0
0
0
0
0
0
0
0
0
0
0
0
0
0
0
0
0
0
0
0
0
0
0
0
0
0
0
0
0
0
0
0
0
0
0
0
0
0
0
0
0
0
0
0
0
0
0
0
0
0
0
0
0
0
0
0
0
0
0
0
0
0
0
0
0
0
0
0
0
0
0
0
0
0
0
0
0
0
0
0
0
0
0
0
0
0
0
0
0
0
0
0
0
0
0
0
0
0
0
0
0
0
0
0
0
0
0
0
0
0
0
0
0
0
0
0
0
0
0
0
0
0
0
0
0
0
0
0
0
0
0
0
0
0
0
0
0
0
0
0
0
0
0
0
0
0
0
0
0
0
0
0
0
0
0
0
0
0
0
0
0
0
0
0
0
0
0
0
0
0
0
0
0
0
0
0
0
0
0
0
0
0
0
0
0
0
0
0
0
0
0
0
0
0
0
0
0
0
0
0
0
0
0
0
0
0
0
0
0
0
0
0
0
0
0
0
0
0
0
0
0
0
0
0
0
0
0
0
0
0
0
0
0
0
0
0
0
0
0
0
0
0
0
0
0
0
0
0
0
0
0
0
0
0
0
0
0
0
0
0
0
0
0
0
0
0
0
0
0
0
0
0
0
0
0
0
0
0
0
0
0
0
0
0
0
0
0
0
0
0
0
0
0
0
0
0
0
0
0
0
0
0
0
0
0
0
0
0
0
0
0
0
0
0
0
0
0
0
0
0
0
0
0
0
0
0
0
0
0
0
0
0
0
0
0
0
0
0
0
0
0
0
0
0
0
0
0
0
0
0
0
0
0
0
0
0
0
0
0
0
0
0
0
0
0
0
0
0
0
0
0
0
0
0
0
0
0
0
0
0
0
0
0
0
0
0
0
0
0
0
0
0
0
0
0
0
0
0
0
0
0
0
0
0
0
0
0
0
0
0
0
0
0
0
0
0
0
0
0
0
0
0
0
0
0
0
0
0
0
0
0
0
0
0
0
0
0
0
0
0
0
0
0
0
0
0
0
0
0
0
0
0
0
0
0
0
0
0
0
0
0
0
0
0
0
0
0
0
0
0
0
0
0
0
0
0
0
0
0
0
0
0
0
0
0
0
0
0
0
0
0
0
0
0
0
0
0
0
0
0
0
0
0
0
0
0
0
0
0
0
0
0
0
0
0
0
0
0
0
0
0
0
0
0
0
0
0
0
0
0
0
0
0
0
0
0
0
0
0
0
0
0
0
0
0
0
0
0
0
0
0
0
0
0
0
0
0
0
0
0
0
0
0
0
0
0
0
0
0
0
0
0
0
0
0
0
0
0
0
0
0
0
0
0
0
0
0
0
0
0
0
0
0
0
0
0
0
0
0
0
0
0
0
0
0
0
0
0
0
0
0
0
0
0
0
0
0
0
0
0
0
0
0
0
0
0
0
0
0
0
0
0
0
0
0
0
0
0
0
0
0
0
0
0
0
0
0
0
0
0
0
0
0
0
0
0
0
0
0
0
0
0
0
0
0
0
0
0
0
0
0
0
0
0
0
0
0
0
0
0
0
0
0
0
0
0
0
0
0
0
0
0
0
0
0
0
0
0
0
0
0
0
0
0
0
0
0
0
0
0
0
0
0
0
0
0
0
0
0
0
0
0
0
0
0
0
0
0
0
0
0
0
0
0
0
0
0
0
0
0
0
0
0
0
0
0
0
0
0
0
0
0
0
0
0
0
0
0
0
0
0
0
0
0
0
0
0
0
0
0
0
0
0
0
0
0
0
0
0
0
0
0
0
0
0
0
0
0
0
0
0
0
0
0
0
0
0
0
0
0
0
0
0
0
0
0
0
0
0
0
0
0
0
0
0
0
0
0
0
0
0
0
0
0
0
0
0
0
0
0
0
0
0
0
0
0
0
0
0
0
0
0
0
0
0
0
0
0
0
0
0
0
0
0
0
0
0
0
0
0
0
0
0
0
0
0
0
0
0
0
0
0
0
0
0
0
0
0
0
0
0
0
0
0
0
0
0
0
0
0
0
0
0
0
0
0
0
0
0
0
0
0
0
0
0
0
0
0
0
0
0
0
0
0
0
0
0
0
0
0
0
0
0
0
0
0
0
0
0
0
0
0
0
0
0
0
0
0
0
0
0
0
0
0
0
0
0
0
0
0
0
0
0
0
0
0
0
0
0
0
0
0
0
0
0
0
0
0
0
0
0
0
0
0
0
0
0
0
0
0
0
0
0
0
0
0
0
0
0
0
0
0
0
0
0
0
0
0
0
0
0
0
0
0
0
0
0
0
0
0
0
0
0
0
0
0
0
0
0
0
0
0
0
0
0
0
0
0
0
0
0
0
0
0
0
0
0
0
0
0
0
0
0
0
0
0
0
0
0
0
0
0
0
0
0
0
0
0
0
0
0
0
0
0
0
0
0
0
0
0
0
0
0
0
0
0
0
0
0
0
0
0
0
0
0
0
0
0
0
0
0
0
0
0
0
0
0
0
0
0
0
0
0
0
0
0
0
0
0
0
0
0
0
0
0
0
0
0
0
0
0
0
0
0
0
0
0
0
0
0
0
0
0
0
0
0
0
0
0
0
0
0
0
0
0
0
0
0
0
0
0
0
0
0
0
0
0
0
0
0
0
0
0
0
0
0
0
0
0
0
0
0
0
0
0
0
0
0
0
0
0
0
0
0
0
0
0
0
0
0
0
0
0
0
0
0
0
0
0
0
0
0
0
0
0
0
0
0
0
0
0
0
0
0
0
0
0
0
0
0
0
0
0
0
0
0
0
0
0
0
0
0
0
0
0
0
0
0
0
0
0
0
0
0
0
0
0
0
0
0
0
0
0
0
0
0
0
0
0
0
0
0
0
0
0
0
0
0
0
0
0
0
0
0
0
0
0
0
0
0
0
0
0
0
0
0
0
0
0
0
0
0
0
0
0
0
0
0
0
0
0
0
0
0
0
0
0
0
0
0
0
0
0
0
0
0
0
0
0
0
0
0
0
0
0
0
0
0
0
0
0
0
0
0
0
0
0
0
0
0
0
0
0
0
0
0
0
0
0
0
0
0
0
0
0
0
0
0
0
0
0
0
0
0
0
0
0
0
0
0
0
0
0
0
0
0
0
0
0
0
0
0
0
0
0
0
0
0
0
0
0
0
0
0
0
0
0
0
0
0
0
0
0
0
0
0
0
0
0
0
0
0
0
0
0
0
0
0
0
0
0
0
0
0
0
0
0
0
0
0
0
0
0
0
0
0
0
0
0
0
0
0
0
0
0
0
0
0
0
0
0
0
0
0
0
0
0
0
0
0
0
0
0
0
0
0
0
0
0
0
0
0
0
0
0
0
0
0
0
0
0
0
0
0
0
0
0
0
0
0
0
0
0
0
0
0
0
0
0
0
0
0
0
0
0
0
0
0
0
0
0
0
0
0
0
0
0
0
0
0
0
0
0
0
0
0
0
0
0
0
0
0
0
0
0
0
0
0
0
0
0
0
0
0
0
0
0
0
0
0
0
0
0
0
0
0
0
0
0
0
0
0
0
0
0
0
0
0
0
0
0
0
0
0
0
0
0
0
0
0
0
0
0
0
0
0
0
0
0
0
0
0
0
0
0
0
0
0
0
0
0
0
0
0
0
0
0
0
0
0
0
0
0
0
0
0
0
0
0
0
0
0
0
0
0
0
0
0
0
0
0
0
0
0
0
0
0
0
0
0
0
0
0
0
0
0
0
0
0
0
0
0
0
0
0
0
0
0
0
0
0
0
0
0
0
0
0
0
0
0
0
0
0
0
0
0
0
0
0
0
0
0
0
0
0
0
0
0
0
0
0
0
0
0
0
0
0
0
0
0
0
0
0
0
0
0
0
0
0
0
0
0
0
0
0
0
0
0
0
0
0
0
0
0
0
0
0
0
0
0
0
0
0
0
0
0
0
0
0
0
0
0
0
0
0
0
0
0
0
0
0
0
0
0
0
0
0
0
0
0
0
0
0
0
0
0
0
0
0
0
0
0
0
0
0
0
0
0
0
0
0
0
0
0
0
0
0
0
0
0
0
0
0
0
0
0
0
0
0
0
0
0
0
0
0
0
0
0
0
0
0
0
0
0
0
0
0
0
0
0
0
0
0
0
0
0
0
0
0
0
0
0
0
0
0
0
0
0
0
0
0
0
0
0
0
0
0
0
85.3533
114.59
210.167
19.9689
23.246
12.2946
15.3745
148.412
24.9586
55.3061
9.72192
24.1561
53.8105
-1.32842e-15
161.405
92.7756
213.354
31.6412
-3.63201e-16
32.0222
10.3617
173.456
300.194
142.862
2.94625
28.9769
12.8386
100.82
85.5303
102.434
135.507
30.6595
3.1865
60.4594
6.83427
441.271
517.45
377.315
23.0029
11.595
27.8165
29.6797
14.8637
145.763
197.598
11.7733
3.52317
66.8566
13.7166
148.333
44.7899
182.448
22.8493
9.53126
0.167587
129.605
69.679
123.387
60.0624
31.1987
16.539
31.9162
2.53285
367.419
338.507
520.658
1.07587
45.941
92.0179
106.237
127.174
349.748
246.591
0.174935
27.8766
106.632
6.01993
133.246
119.797
290.939
15.9038
12.9543
39.1644
61.2095
21.3672
-1.47419e-16
18.2296
5.58402
66.1255
0
12.201
7.77268
29.9326
58.3483
33.309
8.36509
16.0788
17.0303
4.96024
4.6032
0
31.7158
5.53087
52.3038
0
1.49369
38.4331
4.78798
1.37633
0
47.2322
79.3502
19.302
45.5863
0
15.0818
41.0986
70.304
4.20063
15.8746
4.1759
0
12.7952
27.0096
19.1292
0
7.02782
60.0815
0
8.10971
2.63354
15.4378
2.22683
5.28542
25.2585
4.31626
21.8836
-1.73923e-16
52.2445
5.51026
57.4803
30.1008
2.15896
12.0011
8.9037
33.5986
0
24.4458
17.8476
20.3804
12.4605
19.0242
23.0453
8.07033
6.68174
15.4519
61.9481
29.8908
11.5372
21.3716
0
0
25.3046
0
48.0276
0
39.6564
0
5.9573
47.405
0
5.99388
11.8659
-1.09921e-15
0
27.1833
23.669
39.8865
45.9443
46.2098
0
0
0
19.7762
0
38.6593
11.9034
9.89734
5.92994
1.54695
75.8274
18.4459
24.8311
11.2723
29.4633
22.8762
7.99674
0
0
11.6641
9.82728
0
0
17.4634
9.80137
1.43684
51.306
5.11519
14.0178
4.80694
0
7.92913
6.13151
4.59028
0
12.0949
0
12.0769
5.1211
5.76353
8.66356
1.78126
10.9838
0
78.6072
0
5.75547
0
27.9541
0
0
8.28011
-1.80502e-15
6.19181
35.5592
19.2127
7.13568
5.96162
0
6.01491
5.99529
10.2618
1.40658
19.6032
126.468
0
-1.58047e-15
0
30.7271
6.42243
5.58606
0
16.5588
0
28.1358
0
6.41818
7.25242
35.5365
37.5106
0.179723
20.6622
22.5553
24.7911
16.0388
20.1175
17.3574
10.2109
49.9626
4.30654
18.5838
17.6932
0
0
22.1565
0
0.27274
0
3.77255
6.15056
5.7667
29.2235
6.13605
4.4515
10.8836
46.1476
6.0956
17.4088
2.05495
-1.8545e-16
49.5793
44.824
13.7286
11.2764
0.209001
18.2938
0
19.1551
7.69364
-3.58916e-15
0
0
18.1566
28.8092
19.6023
0
11.1705
74.0068
54.0029
20.7571
15.9696
0
15.04
21.1799
3.98166
29.1929
22.2399
14.1188
14.1582
26.6771
0
12.1839
6.16734
26.1216
0.235018
39.8286
11.4834
50.1791
9.44013
35.3868
5.80585
37.4253
12.5333
14.6769
15.7224
0
11.3336
305.247
6.12679
0.206717
33.2539
124.145
6.05574
50.7217
6.11549
6.03002
64.076
68.9274
-1.85602e-15
5.71698
24.8634
17.2057
6.3793
0
1.73534
16.635
16.6674
0
5.4733
0
27.0287
4.15031
13.6492
0
0
23.7276
15.0029
12.256
2.46905
13.9009
46.9809
32.082
18.2214
1.56315
38.9743
5.42218
8.60647
15.8163
12.1175
12.0319
3.62456
12.1473
203.096
23.6942
7.62734
19.0037
33.5992
11.8845
64.3781
5.05605
20.369
0.293431
15.6515
50.7061
46.9938
6.17944
5.8808
11.8333
28.3963
29.4136
18.267
8.23669
22.592
17.1404
16.5792
11.5427
36.8994
5.91423
0
2.25017
0
5.65911
0
18.4466
0
14.7564
6.38261
18.3954
5.63421
6.28928
16.4238
4.83933
5.68565
6.17091
0.425342
82.1888
17.5511
20.0553
17.8681
11.6589
9.30602
0.483491
29.5803
-1.80429e-16
10.6439
12.3635
12.0358
0.0459295
5.80617
8.19007
2.08767
15.5848
-1.7142e-15
2.37803
5.97155
11.7026
0
5.99401
12.4016
111.28
6.03878
1.44304
11.3614
100.655
0
7.82342
9.86967
4.09
9.53714
17.6129
0
0.20456
0
9.71468
3.93973
5.17869
10.0996
18.1793
6.10171
0
0
0
4.92019
6.08781
0
0.246899
27.5038
56.9293
14.483
22.4412
6.03375
12.0357
196.367
24.8352
5.90379
0
46.903
65.9593
0
0
94.0691
13.2496
0
11.0098
39.3871
16.7971
67.8852
17.1776
5.65694
1.37927
24.0867
0
11.5368
0
17.4832
27.9334
105.496
12.2271
18.6363
16.8592
28.5185
10.4239
11.9411
11.9679
18.5455
16.3966
5.92894
43.8123
5.58696
0
52.2509
9.75975
25.51
0
34.7474
0
22.6952
6.01967
14.8609
6.70339
0.2328
29.4378
4.55622
39.484
17.2778
28.156
19.5126
36.0726
85.1335
16.8507
37.2192
46.3472
21.8726
27.2122
15.4179
17.3389
0.192783
5.95473
0
21.7617
1.88637
8.023
0
15.7807
0
11.1614
8.68074
56.5227
0
36.8286
18.8871
56.2886
15.4044
5.68769
37.2259
21.7014
43.1882
27.2612
35.2902
9.98649
16.4608
16.687
34.4954
28.2224
9.06301
19.6495
5.75244
15.8538
12.4099
32.9225
0
28.2606
6.19648
10.1508
2.74226
0
5.782
33.18
12.2367
8.58501
18.0913
5.81557
10.8713
11.6624
12.579
17.4371
8.36994
14.1731
35.3769
38.0788
15.5833
28.0059
1.49805
5.74839
0
13.3401
10.8092
0.219242
0
25.006
9.51707
20.9948
56.9486
0
18.1143
16.8644
11.8145
27.4851
44.9737
11.7871
5.33211
48.5561
22.3856
3.25098
12.3418
11.0669
7.69648
1.37231
22.1147
12.268
17.9408
1.16188
0
3.82746
12.6261
36.7606
11.4912
0
0
11.7998
0
5.93471
9.62884
7.62729
10.6766
170.772
65.3835
5.95119
106.723
108.47
116.722
15.7344
5.51651
4.1272
5.45923
5.27965
22.153
13.8958
14.3677
236.653
5.74194
23.441
34.0636
17.8561
5.72165
17.9118
5.86653
7.55074
9.7056
18.1633
1.24437
39.4781
79.5861
39.5676
70.175
9.49195
8.37066
53.3645
32.9782
28.3781
24.8208
39.7661
64.7508
48.5298
63.5173
46.3661
16.699
59.1237
3.75495
31.5997
15.1798
65.05
37.8455
9.66407
2.1787
38.9517
85.7099
69.025
39.2716
108.318
71.752
30.9153
47.5232
17.2567
74.6803
21.2739
16.441
68.5811
82.8112
47.936
16.3975
19.6466
23.0247
41.616
12.8829
15.2609
10.3364
5.64911
19.3405
53.1401
1.9154
35.3958
18.6846
86.3106
29.6066
67.1143
1.37402
58.6956
8.09873
31.8409
8.20014
11.0219
13.3726
37.0744
8.63233
59.3517
15.7534
52.3787
41.5112
39.4267
0.326032
14.992
11.7301
22.6729
5.73999
11.3192
3.47515
56.8091
17.2434
29.3012
19.5199
34.9524
0.747112
4.43345
18.1265
16.6641
4.96589
38.1619
3.37715
10.3965
113.255
21.8726
26.8261
30.4219
0
5.13543
16.2547
24.5572
16.2505
6.34904
28.5236
122.34
11.4058
30.4296
4.6208
10.4012
11.5597
27.3014
7.7415
24.9351
5.71174
10.7307
13.3626
13.4457
68.2889
27.7477
19.428
11.3009
7.71164
27.4621
18.3839
23.5032
0
9.31002
11.12
14.6184
14.8066
4.99679
16.0763
110.406
5.76863
5.72179
15.9925
39.0402
6.54164
11.472
0.316537
14.2424
71.2097
5.60582
48.4334
24.2745
35.8636
13.4455
27.2407
10.1347
79.2374
12.3101
17.1736
50.5339
8.22047
8.70821
65.8143
54.6989
3.44623
3.10831
0
5.25177
11.2889
27.6605
9.91155
14.4876
0
5.17049
11.3892
17.6293
108.76
1.73946
21.1228
0
4.65546
12.1848
6.42766
19.0225
51.7741
9.14213
20.5648
20.7037
11.602
3.44891
10.2541
8.67158
4.20461
16.7764
9.55467
8.71283
5.5774
11.2293
0
4.34769
0
13.9349
19.6996
8.63536
10.4725
0
5.6178
4.93901
9.18312
0.179023
13.627
11.1552
9.50926
0
0
41.562
0
7.03159
30.007
22.2167
0
5.22753
5.35202
6.02728
0
8.04661
5.36051
0
0
5.0205
15.681
0.083507
0
5.36642
2.49332
0
14.9126
3.80677
-1.25849e-16
29.4787
3.45222
5.04712
8.83783
1.68264
0
8.56796
5.33142
20.9537
0
0
1.87712
10.402
5.55995
5.4836
3.43125
0
0
0.677893
15.6495
1.42595
0
0
6.1362
0
4.79989
0
5.05918
20.6344
0.314464
0
9.68595
33.1365
0
0
6.28876
8.60706
0
0
5.15541
0
0
9.04564
1.96344
5.39087
0
0
1.95312
0
3.22528
0
3.75405
0
8.78246
4.87133
0
3.42012
0.568342
0
0
13.7449
0
0
0
5.13695
5.34217
0
5.37473
10.7714
0
5.4009
0
5.47418
0
0
11.0158
0
0
0
0
-1.5487e-15
12.3234
0
0
20.5648
1.424
34.6949
0
0
0
5.32954
0
0
0
0
8.95701
0
0
6.12459
18.569
0.128625
0
0
0
4.94574
0
0
0
0
11.2582
39.3256
0
61.5251
11.6396
15.8153
5.18215
0
-3.74713e-15
0
0
0
5.3469
0
14.1534
5.42408
9.02938
70.39
1.86992
49.5313
135.774
-5.67148e-15
5.43725
0
16.0176
20.3438
5.84151
4.92219
25.2159
17.9153
5.14397
44.947
7.23448
10.9131
5.11019
2.01456
5.31919
5.29911
-1.64257e-16
2.87495
0
0
9.78912
16.5014
45.7802
80.1102
10.7763
27.255
51.8399
10.4999
0
0
5.80778
6.13571
16.9239
4.94114
22.0875
5.29565
4.71222
87.7087
26.4905
11.1423
15.4196
5.33096
0
0
16.786
0
0
-4.65158e-15
9.75567
28.356
18.9496
48.4924
28.948
10.4428
56.2067
19.1889
0
-1.49026e-15
-1.70194e-16
15.4847
6.98188
23.0685
24.8256
15.7267
25.2036
61.2336
2.0485
33.293
5.35564
0
0
4.24406
36.153
-3.08901e-15
24.2914
0
21.3611
15.3198
8.33521
41.7376
25.2369
11.4575
13.4861
10.0307
12.0979
14.7002
4.65039
31.3954
15.4924
65.1665
20.575
15.3337
19.6538
71.7711
29.2367
14.9769
6.21082
5.30146
15.6986
0.170956
23.1606
15.742
27.5038
5.18268
18.2579
29.9581
12.1841
52.5836
22.5527
23.9213
10.0912
20.5818
5.43749
28.2461
0
14.7365
0
17.6422
41.6065
29.6575
14.8786
15.5491
27.6055
33.7182
10.5183
5.11726
18.5508
24.8948
21.5359
15.3603
32.2081
17.0102
1.99998
13.3713
14.246
34.0077
41.626
18.5724
5.36635
13.2099
0
37.5267
10.6651
4.84733
10.5973
0.70878
20.9461
29.2021
5.70083
42.6816
30.8354
18.6828
4.69312
5.01596
17.1245
21.422
17.9741
10.1179
24.3526
1.30435
9.72908
4.55674
4.7827
37.1295
9.36866
18.1545
20.2644
5.09178
10.5455
13.6727
5.55286
3.14088
10.3707
3.23297
16.013
12.196
6.06162
21.7902
15.2815
26.7901
15.965
14.8327
26.1347
22.9462
28.6094
10.902
26.3685
-2.51183e-16
-1.08279e-15
29.4481
14.8917
32.7562
21.436
13.2478
16.6163
6.32266
5.12685
4.65823
43.2627
13.0366
0
8.50623
7.7638
16.6661
0
42.2374
19.9698
6.82891
0.0524597
13.3195
11.2861
8.38266
21.6672
20.3847
0.217077
6.51561
17.4455
41.7313
5.67005
37.3003
12.3562
13.8521
2.63011
1.17214
9.75051
9.1774
11.9752
4.6733
20.9779
16.5096
30.1605
9.52793
8.33721
33.9969
9.98183
0
12.0258
20.5605
4.57354
11.0507
22.777
8.29392
0
7.98159
4.14326
13.1934
13.0926
39.3998
5.01657
2.19999
4.05127
4.61649
12.2439
0
6.85437
-4.16631e-15
4.94651
0.263476
14.3016
3.87852
0
8.72543
4.28405
0
0
4.81457
0
4.75037
0.0234169
9.32127
0
3.50674
6.93665
16.9402
0
42.7196
0
4.27298
0
3.35403
20.8194
4.56302
-3.52584e-15
0
3.77883
0
13.0538
0
0
1147.48
137.253
0
0
163.578
0
0
305.439
2328.44
0
0.312372
0
56.0527
0
2037.64
0
743.099
0
0
245.009
-2.78883e-15
1467.05
0.0339339
4994.96
67.4357
993.412
43.969
0
81.7041
28.4522
154.064
16.0072
1683.67
0
110.86
78.8028
1.19508
29.2335
90.5057
76.2155
1095.43
0.85573
31.8016
142.18
11.8825
34.9429
13.2561
1927.02
300.683
5.86593
97.517
1.64174
177.631
22.0362
446.997
40.8357
12.7978
37.8473
411.6
416.397
0
46.55
103.303
14.3208
0
58.6246
183.609
257.483
5.50714
57.4795
1.88024
612.78
13.3203
195.971
107.355
0
143.485
6.48529
94.1713
0
144.57
1.82907
0.617261
285.097
0
0
0
0.374675
0
594.287
154.488
0
0
7.98084
0
0.161117
0
217.387
0
0
0
0
357.086
0
20.4964
0
4.88612
0
0
0
0
0
0
0
0
0
0
0
0
0
0
0
0
0
0
0
0
0
0
0
0
0
0
0
0
0
0
0
0
0
0
0
0
0
0
0
0
0
0
0
0
0
0
0
0
0
0
0
0
0
0
0
0
0
0
0
0
0
0
0
0
0
0
0
0
0
0
0
0
0
0
0
0
0
0
0
0
0
0
0
0
0
0
0
0
0
0
0
0
0
0
0
0
0
0
0
0
0
0
0
0
0
0
0
0
0
0
0
0
0
0
0
0
0
0
0
0
0
0
0
0
0
0
0
0
0
0
0
0
0
0
0
0
0
0
0
0
0
0
0
0
0
0
0
0
0
0
0
0
0
0
0
0
0
0
0
0
0
0
0
0
0
0
0
0
0
0
0
0
0
0
0
0
0
0
0
0
0
0
0
0
0
0
0
0
0
0
0
0
0
0
0
0
0
0
0
0
0
0
0
0
0
0
0
0
0
0
0
0
0
0
0
0
0
0
0
0
0
0
0
0
0
0
0
0
0
0
0
0
0
0
0
0
0
0
0
0
0
0
0
0
0
0
0
0
0
0
0
0
0
0
0
0
0
0
0
0
0
0
0
0
0
0
0
0
0
0
0
0
0
0
0
0
0
0
0
0
0
0
0
0
0
0
0
0
0
0
0
0
0
0
0
0
0
0
0
0
0
0
0
0
0
0
0
0
0
0
0
0
0
0
0
0
0
0
0
0
0
0
0
0
0
0
0
0
0
0
0
0
0
0
0
0
0
0
0
0
0
0
0
0
0
0
0
0
0
0
0
0
0
0
0
0
0
0
0
0
0
0
0
0
0
0
0
0
0
0
0
0
0
0
0
0
0
0
0
0
0
0
0
0
0
0
0
0
0
0
0
0
0
0
0
0
0
0
0
0
0
0
0
0
0
0
0
0
0
0
0
0
0
0
0
0
0
0
0
0
0
0
0
0
0
0
0
0
0
0
0
0
0
0
0
0
0
0
0
0
0
0
0
0
0
0
0
0
0
0
0
0
0
0
0
0
0
0
0
0
0
0
0
0
0
0
0
0
0
0
0
0
0
0
0
0
0
0
0
0
0
0
0
0
0
0
0
0
0
0
0
0
0
0
0
0
0
0
0
0
0
0
0
0
0
0
0
0
0
0
0
0
0
0
0
0
0
0
0
0
0
0
0
0
0
0
0
0
0
0
0
0
0
0
0
0
0
0
0
0
0
0
0
0
0
0
0
0
0
0
0
0
0
0
0
0
0
0
0
0
0
0
0
0
0
0
0
0
0
0
0
0
0
0
0
0
0
0
0
0
0
0
0
0
0
0
0
0
0
0
0
0
0
0
0
0
0
0
0
0
0
0
0
0
0
0
0
0
0
0
0
0
0
0
0
0
0
0
0
0
0
0
0
0
0
0
0
0
0
0
0
0
0
0
0
0
0
0
0
0
0
0
0
0
0
0
0
0
0
0
0
0
0
0
0
0
0
0
0
0
0
0
0
0
0
0
0
0
0
0
0
0
0
0
0
0
0
0
0
0
0
0
0
0
0
0
0
0
0
0
0
0
0
0
0
0
0
0
0
0
0
0
0
0
0
0
0
0
0
0
0
0
0
0
0
0
0
0
0
0
0
0
0
0
0
0
0
0
0
0
0
0
0
0
0
0
0
0
0
0
0
0
0
0
0
0
0
0
0
0
0
0
0
0
0
0
0
0
)
;

boundaryField
{
    fbOut
    {
        type            zeroGradient;
    }
    CAD_patch1
    {
        type            zeroGradient;
    }
    fbGasin
    {
        type            zeroGradient;
    }
    CAD_patch3
    {
        type            zeroGradient;
    }
    fbBioin
    {
        type            zeroGradient;
    }
}


// ************************************************************************* //
