/*--------------------------------*- C++ -*----------------------------------*\
| =========                 |                                                 |
| \\      /  F ield         | OpenFOAM: The Open Source CFD Toolbox           |
|  \\    /   O peration     | Version:  5.x                                   |
|   \\  /    A nd           | Web:      www.OpenFOAM.org                      |
|    \\/     M anipulation  |                                                 |
\*---------------------------------------------------------------------------*/
FoamFile
{
    version     2.0;
    format      ascii;
    class       volScalarField;
    location    "4.45";
    object      p;
}
// * * * * * * * * * * * * * * * * * * * * * * * * * * * * * * * * * * * * * //

dimensions      [0 2 -2 0 0 0 0];

internalField   nonuniform List<scalar> 
10571
(
82.6392
152.423
121.36
111.873
87.0263
182.074
128.895
128.822
98.4516
78.7437
217.522
202.055
154.418
139.261
93.4364
78.8922
206.453
151.413
139.928
81.1338
88.3612
115.936
99.3516
87.9602
73.4062
70.25
68.219
68.1089
72.9336
78.8145
85.9124
70.1832
75.7372
75.0371
94.4221
96.6574
81.467
68.4958
74.2085
75.3253
108.078
84.1921
74.7994
77.3636
75.1865
95.8467
92.3832
85.0881
69.489
68.0811
69.5607
69.1404
70.2339
67.3611
66.5552
66.9347
73.3617
73.2942
71.5327
66.1476
66.2616
67.8327
72.5192
73.827
74.4882
75.966
74.8126
74.7495
74.5048
85.0007
81.2641
75.1768
64.7354
65.2216
65.3671
64.9779
65.4914
62.8344
63.7252
65.1431
66.8454
71.1584
64.307
62.5267
62.8435
65.3018
69.0674
71.6809
62.6354
71.7726
72.4322
71.0219
71.7699
70.8822
72.2078
70.4644
60.4729
62.1583
61.7577
61.6685
61.7819
59.7372
60.1268
60.8392
60.5249
65.1634
59.0418
58.8057
58.6349
61.7506
65.992
68.1855
57.8122
59.9319
66.4272
68.6335
70.2501
61.8022
65.3777
66.7806
58.2227
59.0984
59.0844
58.4218
57.5872
56.9573
56.4617
56.887
56.5345
57.5694
53.157
55.8213
56.2645
55.1614
57.0655
61.3983
64.8894
54.8712
55.4703
53.108
58.208
69.3268
69.4896
56.4927
61.0593
60.9958
56.4906
55.9727
57.0619
56.0596
55.1715
54.28
54.005
54.371
53.7826
54.2393
52.4457
53.8807
54.5416
53.1036
52.7445
53.671
54.3671
52.3438
52.8966
50.3969
50.4336
53.9388
54.9824
52.3278
52.3354
52.9156
51.2537
54.8596
53.298
54.9465
54.5579
53.4827
52.1566
52.5941
52.7972
51.4205
52.4153
52.4366
51.6542
51.8217
52.0889
50.8117
50.5872
51.3983
52.0641
50.6737
49.765
49.6629
50.214
50.5825
52.0656
49.8855
49.8508
50.137
53.3148
51.2026
52.1222
53.3274
51.5877
50.5683
51.8378
51.9693
50.1262
50.7903
52.5161
50.1862
50.1191
51.5466
50.5962
50.6394
50.9803
52.0764
49.6169
49.4256
49.5363
49.9805
49.9112
49.3408
49.3506
49.6688
51.3007
49.1339
50.4146
52.9496
49.9073
50.234
51.8575
51.4319
49.1661
48.9712
49.5578
49.9462
51.4204
50.0633
49.7504
49.8916
49.3375
48.9513
48.9965
49.3632
49.3687
49.0492
48.9013
48.955
49.2765
48.3865
47.7997
50.348
48.6122
49.6896
49.1338
48.2467
47.9933
48.263
48.8832
50.8199
49.0015
48.3497
48.1186
48.4454
48.7097
47.7362
47.7692
47.3702
47.7243
48.4879
48.3324
48.1621
47.1077
47.8614
47.5461
46.533
47.665
47.1496
46.3238
46.5213
47.4861
48.0229
48.0686
47.0092
46.9277
47.5753
47.5704
48.078
47.6776
47.4058
47.4541
47.4844
47.734
47.8456
47.8363
47.767
47.6257
47.6857
47.6092
47.6513
47.7523
47.666
47.4697
47.4053
47.5415
47.8458
47.7442
47.4966
47.6874
47.8363
47.7374
47.9559
47.7464
47.6257
47.7166
47.5717
47.7906
47.7065
47.7349
47.7379
47.631
47.609
47.6215
47.5896
47.8223
47.5194
47.7235
47.7836
47.6289
47.8035
47.6648
47.5573
47.7241
47.8167
47.711
47.8758
47.6138
47.5422
47.6576
47.6354
47.8186
47.681
47.7307
47.7549
47.6297
47.5331
47.6452
47.5826
47.714
47.4607
47.5424
47.7143
47.5667
47.7744
47.5842
47.5549
47.5789
47.644
47.5663
47.7716
47.5368
47.5118
47.6122
47.5672
47.7945
47.6554
47.6986
47.72
47.6015
47.5338
47.549
47.5475
47.6748
47.4839
47.4459
47.6086
47.4906
47.69
47.5685
47.5084
47.49
47.5205
47.4414
47.6238
47.4517
47.4745
47.5766
47.4674
47.6965
47.6311
47.6283
47.6465
47.5025
47.4981
47.4541
47.4388
47.5835
47.5113
47.4315
47.4769
47.4126
47.59
47.5981
47.4903
47.3936
47.4164
47.3079
47.4609
47.5238
47.4008
47.4921
47.3514
47.5712
47.5015
47.5174
47.5269
47.3717
47.4156
47.3576
47.3255
47.4347
47.429
47.3049
47.3264
47.2849
47.461
47.5629
47.4162
47.215
47.2684
47.1533
47.324
47.4698
47.2408
47.337
47.1953
47.4241
47.3123
47.3423
47.3676
47.2504
47.2928
47.2331
47.2217
47.2901
47.2808
47.1554
47.2105
47.1504
47.3145
47.3262
47.2289
46.9878
47.0735
46.9862
47.1761
47.1151
46.9815
47.1299
47.0212
47.2681
47.0513
47.1149
47.1674
47.1126
47.1319
47.0903
47.0963
47.1471
47.0899
46.9687
47.0709
47.0062
47.1689
47.0307
46.9511
46.7735
46.8676
46.8015
47.023
46.6175
46.666
46.8913
46.8305
47.1015
46.7601
46.8723
46.9647
46.951
46.9573
46.9533
46.9436
46.992
46.8801
46.7573
46.8759
46.8254
47.0183
46.7252
46.6461
46.5518
46.7059
46.5996
46.8681
46.1245
46.3692
46.679
46.6364
46.9375
46.5593
46.6801
46.796
46.8058
46.8106
46.8035
46.8024
46.8475
46.6991
46.5803
46.6817
46.6627
46.8792
46.4733
46.3765
46.2919
46.5971
46.4267
46.7251
45.8608
46.1534
46.5383
46.4766
46.8042
46.3725
46.5521
46.661
46.6886
46.6996
46.7015
46.6646
46.734
46.5676
46.4683
46.4984
46.5842
46.7831
46.3256
46.2019
46.0253
46.5134
46.3382
46.6244
45.8616
46.0127
46.434
46.3735
46.7212
46.2556
46.4825
46.5631
46.6045
46.6279
46.5758
46.6298
46.6558
46.4894
46.3866
46.3687
46.5772
46.7341
46.2972
46.1526
45.8113
46.4103
46.305
46.5488
45.9909
45.9429
46.3218
46.3099
46.657
46.1943
46.4185
46.4994
46.5286
46.5954
46.4549
46.5236
46.6011
46.4694
46.3072
46.2744
46.5437
46.651
46.3502
46.2022
45.7035
46.2997
46.2937
46.4801
46.1826
45.9137
46.1941
46.2614
46.5945
46.2043
46.3718
46.4508
46.4938
46.601
46.475
46.4199
46.5033
46.4936
46.2892
46.2174
46.497
46.5551
46.4464
46.3005
45.6903
46.1902
46.2674
46.423
46.3364
45.9397
46.1004
46.2282
46.5338
46.3017
46.3563
46.4269
46.5241
46.6287
46.538
46.4321
46.4596
46.5411
46.3326
46.1757
46.445
46.4915
46.5524
46.4175
45.8159
46.0425
46.2256
46.3634
46.5148
46.1007
46.0438
46.2
46.4676
46.4684
46.4066
46.4394
46.4661
46.6591
46.5694
46.3332
46.4078
46.5921
46.4009
46.1315
46.2966
46.3917
46.646
46.5563
46.0668
45.8489
46.1677
46.2889
46.7385
46.4491
46.0354
46.2023
46.408
46.8125
46.5481
46.4933
46.422
46.6788
46.5524
46.2635
46.3653
46.6415
46.4703
46.0956
46.1227
46.3027
46.7138
46.6423
46.3072
45.7365
46.141
46.2511
46.884
46.8644
46.1314
46.27
46.4075
47.197
46.7446
46.594
46.4785
46.7183
46.5348
46.3684
46.4979
46.6963
46.5513
46.162
46.0688
46.3316
46.7659
46.707
46.4736
45.8565
46.239
46.331
46.9317
47.0564
46.2777
46.4191
46.4942
47.1994
46.8224
46.6799
46.7521
46.7943
46.685
46.7448
46.7906
46.7664
46.6563
46.3793
46.1592
46.4901
46.8193
46.7538
46.5817
46.1665
46.4279
46.4935
46.942
47.0357
46.4337
46.5559
46.6185
47.0966
46.8362
46.7695
46.9894
46.8784
46.8544
46.9994
47.0321
46.839
46.7601
46.5882
46.3065
46.6635
46.8779
46.7969
46.6876
46.4676
46.5519
46.6364
46.9426
46.9808
46.6817
46.6793
46.7417
47.0879
46.9131
46.9084
47.1532
46.936
46.9609
47.0598
47.1095
46.8951
46.8472
46.7417
46.3532
46.7616
46.9343
46.8401
46.7916
46.6113
46.6048
46.74
46.9427
46.9968
46.9937
46.7693
46.8428
47.1172
47.3733
47.1027
47.1114
46.9534
46.9776
47.0011
47.0517
46.9341
46.8904
46.8575
46.3704
46.8127
46.9728
46.8834
46.8591
46.6099
46.641
46.7824
46.9338
47.0457
47.1422
46.8505
46.8998
47.1337
47.3476
47.1832
46.8558
46.9433
46.8078
46.7624
46.8676
46.963
46.9172
46.9541
46.421
46.8835
46.983
46.9204
46.8834
46.5976
46.6522
46.8154
46.9117
47.0633
47.0772
46.906
46.9304
47.1348
47.3175
47.3382
46.598
46.9594
46.671
46.4949
46.7196
46.9851
46.9465
47.0231
46.4846
46.9221
46.9978
46.9427
46.917
46.5943
46.6023
46.8464
46.8931
47.0676
46.9663
46.9728
46.9424
47.1337
47.2666
47.3421
46.8183
47.054
46.8991
46.5413
46.6217
47.0322
46.9803
46.9555
46.4773
46.919
47.0294
46.9533
46.961
46.5814
46.6179
46.871
46.902
47.0834
46.9301
46.8814
46.951
47.1513
47.2117
47.2436
47.351
47.2037
46.9856
46.778
46.6976
47.1236
46.9015
46.861
46.5001
46.9322
47.086
46.949
47.0286
46.5983
46.687
46.9408
46.9504
47.1403
46.9767
46.7355
47.0196
47.2096
47.2214
47.1834
47.469
47.3787
46.9629
46.9265
46.8606
47.2652
46.872
46.8426
46.6001
46.9711
47.1619
46.9686
47.1558
46.7156
46.9861
47.0596
47.0391
47.2591
47.1459
47.0257
47.1757
47.3112
47.3312
47.2376
47.2099
47.5705
46.9592
46.8841
47.0163
47.4492
46.9492
46.8447
46.7868
47.0329
47.2204
46.9571
47.3109
47.0688
47.4486
47.3052
47.1375
47.4103
47.4603
47.8519
47.5983
47.4444
47.5219
47.592
47.232
47.7182
47.0581
47.0179
47.1595
47.5839
47.1228
47.1383
46.9944
47.221
47.2413
46.9189
47.4392
47.538
47.7986
47.6611
47.2661
47.5466
47.7236
48.0634
48.0075
47.5827
47.7114
47.8794
47.4831
47.8055
47.2377
47.051
47.3688
47.5303
47.389
47.5251
47.4284
47.4922
47.3506
47.1198
47.5519
47.8464
48.0858
48.0398
47.4232
47.6362
47.8577
48.0344
48.3504
47.6863
47.8357
47.9951
47.2852
47.7381
47.476
46.8604
47.2338
47.4003
47.6475
47.7848
47.8169
47.769
47.6959
47.4262
47.5897
47.9131
48.2657
48.182
47.5522
47.6669
47.9265
48.0754
48.2797
47.7339
47.8951
48.0242
47.3169
47.7106
47.6735
47.1316
47.0776
47.3693
47.6725
47.949
47.9882
47.7933
47.5284
47.4668
47.6393
47.8999
48.1803
48.251
47.5422
47.6706
47.9255
48.084
48.1943
47.7432
47.9021
48.0166
47.8236
47.6795
47.7358
47.5008
47.2563
47.3299
47.5627
47.9237
48.1016
47.8964
47.4119
47.387
47.6533
47.8992
48.0423
48.1263
47.5349
47.6784
47.8937
48.0452
48.1003
47.7466
47.8851
47.9909
48.0606
47.615
47.6601
47.5575
47.5318
47.197
47.3959
47.7288
48.0671
47.9257
47.3955
47.3359
47.6351
47.85
48.0077
48.0319
47.5598
47.7043
47.8599
47.9964
48.0222
47.7488
47.8667
47.9642
47.9569
47.5478
47.5475
47.4978
47.6377
47.1722
47.2287
47.591
47.8952
47.9264
47.4669
47.3588
47.5898
47.7922
47.983
47.9854
47.6021
47.72
47.833
47.962
47.9724
47.753
47.8467
47.9579
47.8118
47.5489
47.4346
47.4161
47.6253
47.2716
47.0259
47.5119
47.8355
47.8943
47.5796
47.4751
47.523
47.7417
47.9505
47.9572
47.6572
47.7195
47.8119
47.9338
47.9342
47.7567
47.8202
47.9115
47.6821
47.6547
47.4025
47.323
47.6873
47.5111
46.9207
47.4148
47.8805
47.8825
47.698
47.6107
47.4973
47.6747
47.9178
47.927
47.7047
47.7185
47.7911
47.8895
47.9006
47.7673
47.8
47.8708
47.6579
47.8751
47.4906
47.2812
47.7909
47.7029
47.0031
47.2529
47.8342
47.9116
47.8034
47.7043
47.5026
47.6482
47.8522
47.8891
47.7517
47.7406
47.7801
47.8437
47.8611
47.7885
47.7915
47.8476
47.6859
48.0358
47.678
47.2195
47.5983
47.8191
47.1602
47.1441
47.728
47.8374
47.884
47.7949
47.5961
47.6586
47.7783
47.8261
47.8058
47.7852
47.7822
47.8087
47.8201
47.8148
47.7971
47.8394
47.838
48.1983
48.1352
47.2107
47.397
47.9673
47.5123
47.1238
47.6271
47.7445
47.9317
47.8792
47.7722
47.6777
47.7366
47.7654
47.8543
47.8398
47.7954
47.7962
47.7884
47.8471
47.8128
47.838
48.2106
48.2741
48.2521
47.3251
47.1145
48.103
48.0409
47.2502
47.5588
47.6836
47.9415
47.9345
47.9607
47.6871
47.7112
47.7412
47.8908
47.8921
47.8167
47.7894
47.7772
47.8791
47.8327
47.836
48.289
48.1893
48.3102
47.6775
46.6916
48.0979
48.1969
47.4612
47.4989
47.6656
47.9303
47.9368
48.0111
47.7195
47.7059
47.7263
47.9138
47.9139
47.8311
47.784
47.7687
47.8968
47.8516
47.8405
47.7394
48.0021
47.9815
47.6647
46.5273
48.0082
48.0462
47.6433
47.5458
47.6676
47.9449
47.915
47.9153
47.7625
47.7023
47.7119
47.9348
47.9008
47.8319
47.7742
47.7479
47.9131
47.8654
47.837
47.6009
47.8732
47.7533
47.3801
47.2272
47.9288
47.8455
47.8727
47.6639
47.6862
48.0365
47.9498
47.8299
47.7843
47.6566
47.6618
47.9677
47.8864
47.8301
47.757
47.7152
47.951
47.8761
47.831
47.5288
47.8501
47.7118
47.4336
47.5778
47.89
47.7642
47.9664
47.6176
47.6156
48.0856
47.9699
47.7887
47.745
47.5813
47.5682
48.0127
47.8731
47.8112
47.7299
47.6693
47.9872
47.891
47.8195
47.6159
47.912
47.7716
47.6314
47.6402
47.9233
47.7847
47.8555
47.4079
47.4279
48.0872
47.9929
47.7825
47.7098
47.4292
47.4217
48.0508
47.8439
47.7645
47.6609
47.567
48.0113
47.894
47.7865
47.7701
48.0448
47.911
47.7754
47.571
48.0255
47.8636
47.7367
47.0859
47.051
48.1547
48.069
47.8373
47.6428
47.1989
47.0699
48.1059
47.8344
47.7015
47.5147
47.3347
48.0443
47.8915
47.7269
47.9035
48.2258
48.0833
47.8628
47.4271
48.1873
47.9777
47.6592
46.6562
46.4311
48.286
48.1955
47.936
47.5876
46.8582
46.3294
48.2025
47.8804
47.6458
47.2953
46.9222
48.1048
47.8989
47.6567
48.0402
48.4611
48.2797
47.9378
47.2762
48.406
48.1303
47.5813
46.1173
45.1633
48.4671
48.3682
48.0912
47.5172
46.3464
44.5457
48.3459
47.9972
47.6306
46.9995
46.1994
48.2096
47.9199
47.597
48.2824
48.778
48.5538
48.135
47.4119
48.6853
48.3703
47.6129
45.5046
42.8175
48.6953
48.5875
48.2816
47.4678
45.6994
40.8568
48.5305
48.1744
47.6795
46.7033
44.8596
48.3609
47.9999
47.6014
48.6986
49.1706
48.9501
48.5318
47.7709
49.0182
48.6999
47.7732
45.3393
37.2456
48.9608
48.84
48.5077
47.4384
45.321
36.5716
-30.5892
48.7421
48.4039
47.8155
46.5233
41.9757
48.5628
48.1567
47.7177
49.2653
49.6218
49.4461
49.0715
48.1821
49.3939
49.0771
48.0774
45.6117
30.1412
-1.06684
49.2474
49.104
48.7692
47.6594
45.524
35.9708
4.54616
48.9598
48.6509
48.0626
46.6095
37.9702
48.7896
48.3858
48.0477
49.6397
50.0346
49.8798
49.5496
48.879
49.7246
49.2703
48.3683
46.6133
34.163
8.2805
49.5235
49.329
48.8588
48.1566
46.4692
36.538
11.566
49.1515
48.854
48.4497
47.3852
40.0492
13.6017
48.9908
48.6259
48.521
50.0758
49.7014
49.4076
49.7998
49.6292
49.5643
49.1933
48.5357
47.6116
36.3967
8.32584
49.7886
49.4439
48.7049
48.3748
47.7334
38.9061
11.7407
49.2484
48.9003
48.8388
48.1639
44.5742
49.1139
48.8464
48.9571
50.0549
49.5164
49.392
49.6229
49.2911
49.5953
48.8667
48.3958
48.189
42.6936
50.0041
49.5326
48.5448
48.4288
48.3993
42.7828
-9.323
49.1335
48.8491
49.021
48.8164
49.01
49.1339
48.982
49.2247
49.6071
49.4015
49.2862
49.2085
49.2009
49.2697
48.4917
48.2801
48.7902
48.5299
49.3847
48.9298
48.2519
48.4692
48.9411
48.3584
48.5864
48.7681
49.0614
49.107
49.6062
49.0787
49.0179
49.3157
49.3076
49.2278
49.0452
48.8594
49.1907
48.9813
48.2759
48.2531
48.919
49.3428
48.7962
48.3287
48.1643
48.5757
49.1578
49.3566
48.0507
48.7337
49.0002
49.2054
49.6527
49.0414
49.0389
49.3261
49.2325
49.1578
48.9359
48.6908
49.2678
48.9082
48.4082
48.4547
49.165
49.5695
48.8995
48.6137
48.4582
48.7618
49.2928
49.5728
48.6801
48.8019
49.0448
49.3007
49.5782
49.117
49.1055
49.3506
49.3505
49.2056
48.9734
48.7189
49.3254
48.9582
48.6552
48.6697
49.3014
49.6993
49.1471
49.0019
48.7607
48.9729
49.4147
49.6631
49.4161
48.9464
49.1381
49.3651
49.5924
49.2115
49.2104
49.3972
49.5258
49.381
49.1077
48.9019
49.4076
49.111
48.8007
48.8358
49.4287
49.8262
49.2923
49.1441
48.9262
49.1104
49.5401
49.808
49.3397
49.0582
49.2256
49.4813
49.7305
49.1479
49.2876
49.4707
49.7775
49.6566
49.3258
49.1437
49.5937
49.3441
48.8469
48.9388
49.549
49.9498
49.474
49.2595
48.9546
49.1784
49.7034
49.9857
49.2961
49.0983
49.3188
49.6461
49.9503
49.1536
49.4049
49.6355
50.0421
49.9879
49.6152
49.414
49.8036
49.6103
49.0564
48.9871
49.4763
50.0956
49.7268
49.4391
48.9811
48.9781
49.5989
50.2005
49.3717
49.0285
49.1223
49.7755
50.215
49.1333
49.213
49.7409
50.292
50.107
49.8225
49.5805
49.9568
49.801
49.276
49.1027
49.6461
50.3147
49.9998
49.5996
49.0559
49.0438
49.8898
50.4085
49.5027
49.0439
49.2205
50.0447
50.5114
49.2053
49.2876
50.0372
158.704
125.207
138.373
134.089
118.671
132.512
123.194
125.148
229.548
195.748
170.443
209.709
157.17
146.048
136.379
141.753
139.967
134.6
133.77
154.21
146.383
145.531
150.327
143.848
150.367
150.053
247.744
237.793
243.451
210.214
160.575
216.311
178.384
138.467
147.631
146.891
154.464
153.225
135.034
152.36
129.261
126.088
118.509
120.397
110.974
136.255
111.969
113.086
227.331
228.992
264.915
209.795
185.258
226.078
174.33
165.28
164.587
161.76
161.499
183.733
152.556
168.078
184.943
127.12
111.119
146.975
110.96
117.528
106.625
113.506
294.774
292.53
194.7
289.894
256.941
160.193
156.53
175.792
151.415
148.962
162.298
144.537
142.34
119.923
128.072
113.762
122.138
118.937
239.76
190.29
152.107
139.78
132.099
121.284
127.914
109.797
99.2671
71.6102
83.2481
87.6094
92.6246
72.349
69.4094
72.0929
89.569
86.4132
74.3141
72.7928
72.4806
83.6604
72.7747
197.524
127.414
125.37
167.877
135.317
83.5421
74.6749
94.166
91.827
86.7157
97.8816
85.2572
71.9709
73.181
72.8325
73.687
85.0878
73.7295
220.343
219.946
223.914
150.643
156.109
149.531
78.4859
72.9175
73.523
74.5502
73.9885
220.01
215.182
172.163
172.901
143.124
72.6164
82.5909
73.6029
73.5132
73.8415
226.49
152.161
152.348
216.212
177.705
140.126
135.364
144.898
125.374
84.8459
82.9655
84.6082
77.7716
76.7986
83.5124
79.4393
75.5494
161.454
106.919
107.74
101.631
97.3963
97.2399
98.8386
92.6706
96.6652
96.689
94.9785
98.0872
90.3249
70.391
70.8158
72.9786
71.9199
72.5919
71.8808
72.1153
71.9456
72.5958
73.4263
71.3597
71.6898
72.4393
73.6354
72.3694
80.7618
69.682
69.0197
72.0306
70.3734
69.4898
70.0909
68.7462
67.7915
74.2164
72.4724
74.4639
72.2015
72.6141
72.7087
72.98
74.6513
73.3043
97.179
94.4727
90.5912
74.9161
74.3936
72.9577
75.3661
75.505
74.3611
74.9596
75.2214
90.2707
97.69
74.9792
73.7213
80.1501
75.2686
74.8822
74.96
74.537
74.9116
106.686
83.5223
118.476
110.788
104.132
86.4728
88.6637
89.7333
86.1589
76.2898
81.1409
77.6807
76.2664
75.4607
78.1663
76.3366
75.2436
96.1417
90.4127
95.4337
95.8801
92.6015
93.0053
91.7545
92.9177
93.3678
87.253
87.0448
87.7809
77.635
69.8186
68.1366
70.2335
70.9531
70.24
68.5071
69.3036
68.4073
69.6177
70.1288
67.2877
67.0439
67.246
70.141
67.5724
67.6298
66.0806
69.0038
67.2679
67.5576
66.7489
67.1862
65.9597
66.4603
70.8691
71.0904
71.5431
67.9596
68.8966
67.8689
69.8342
72.1812
71.2219
68.7622
69.6304
68.8607
65.6664
66.1533
65.8059
73.9259
74.2781
72.8129
73.5367
73.7321
70.7759
73.2225
67.333
67.8613
68.2091
73.7803
73.7841
72.8416
73.0576
72.6044
74.4134
68.8512
76.0741
77.3431
77.6293
67.8301
69.889
69.6483
71.3855
73.9418
75.4274
74.3832
73.003
72.2112
72.407
72.0332
73.2291
82.0093
74.2105
89.6849
88.4733
75.8116
84.3998
84.1327
78.2603
82.4079
76.1568
73.1742
76.5546
72.7048
65.7068
63.4193
66.3707
67.1007
66.4512
63.5606
64.2818
63.9239
64.4933
64.4121
62.2385
62.3682
62.1113
65.0567
62.9304
64.5106
62.7994
65.182
64.6101
65.1214
63.5534
63.5785
63.0937
63.7768
66.415
64.6676
67.4328
63.3494
64.0777
62.5497
64.8854
69.2613
67.2639
63.3002
63.3686
63.0618
61.3543
61.2092
60.8792
73.2893
73.4757
68.7422
70.5453
71.7911
64.7333
64.663
61.4348
61.3949
61.6169
72.3049
71.4625
70.1873
71.0507
70.4818
64.4409
60.8406
64.9035
64.302
66.7876
59.3928
60.4664
60.8145
61.7553
70.6771
69.6778
69.574
69.4888
69.7831
67.6547
67.861
70.705
68.4283
63.3257
76.0314
75.6467
65.547
68.2664
68.6483
70.6887
72.1714
68.3232
67.6427
68.6371
68.3133
61.7361
60.3822
61.1848
61.7528
61.4391
59.4736
59.7519
59.6176
60.6132
60.4553
59.1448
59.2341
59.2841
61.2247
59.5729
61.2451
59.9767
62.5276
61.5197
62.3359
60.7533
61.5045
60.1164
60.9873
61.6303
60.8134
61.7917
60.0248
58.9466
59.2581
58.9205
63.8746
59.7433
59.7789
59.3995
58.9791
58.3625
57.8461
57.3253
64.9961
65.3767
60.6232
60.7239
59.2538
58.6537
59.1001
57.3376
56.7633
57.2879
67.8064
69.5422
65.9448
61.1714
68.5779
57.8467
56.1507
56.3045
58.5745
57.5521
56.9183
54.598
57.2024
56.043
69.6539
66.1088
66.749
68.9635
69.9856
65.9921
66.8856
70.4568
58.9525
56.5354
63.6234
63.8387
59.0277
60.9631
61.1555
64.6871
65.312
63.3382
61.6922
63.0921
65.7675
59.5953
58.6082
58.2782
58.5739
58.3455
57.35
57.6978
57.34
58.1909
58.0348
57.4115
57.3338
56.9765
57.8037
56.5973
58.6484
56.8359
60.445
58.7669
59.5321
57.5507
59.1463
57.1408
57.4725
56.9309
57.7309
57.0439
55.9705
55.8084
56.163
55.7507
57.323
55.1551
56.8313
56.3898
56.0019
55.4884
55.2301
55.0001
55.6913
59.0796
57.5219
54.9932
53.7665
55.5546
54.5163
52.7565
53.5173
52.7699
52.4267
52.618
52.5947
52.4173
55.3827
55.7332
54.7721
54.402
54.6021
60.0875
67.5439
58.7101
60.3138
56.3658
64.376
56.8397
53.0193
54.7962
52.8497
53.6388
52.2812
53.5767
52.1032
55.0721
54.1011
54.0594
55.2496
55.0673
54.195
53.5864
54.117
54.1881
69.5234
64.5821
65.6815
66.542
67.3598
57.1994
61.37
64.823
54.9905
53.875
58.1054
58.543
54.1929
55.0938
55.4701
58.7955
60.5869
57.7397
55.8866
57.2471
54.3798
56.9866
55.125
56.4831
56.6827
56.4782
55.7675
55.9122
55.7258
56.4622
56.0951
55.6543
55.6043
55.2294
55.6873
54.7428
54.9464
53.4015
56.9417
55.1993
55.0105
54.4113
54.0281
53.4163
52.9331
54.8206
55.0853
54.672
54.3824
53.731
54.3028
53.3498
53.7732
52.8008
52.9476
52.607
52.5464
52.6377
52.5654
52.6323
54.3029
54.155
54.0567
53.2173
53.1068
53.102
52.9655
53.3057
53.0916
53.2877
52.4814
52.6938
52.2639
52.6579
52.368
52.5433
52.4658
52.6032
52.4183
52.5053
53.593
53.6946
52.7987
52.6103
52.4923
53.9666
59.2845
54.0089
51.1522
51.488
50.3507
51.3377
52.4086
52.0685
52.2759
52.0916
52.3082
52.0507
52.1041
53.0645
51.9226
52.7082
52.8599
52.9417
51.6949
51.6132
51.6869
51.7013
57.5622
50.9072
51.7082
50.2258
50.3988
50.3562
50.3154
52.3915
50.593
51.5972
52.3407
52.2719
52.3031
52.6991
51.534
52.2661
52.1819
50.7272
50.3502
50.2698
52.2043
52.2982
50.2891
50.2985
50.2264
50.4228
53.654
52.6541
55.1222
55.1724
55.0418
54.5861
54.1802
54.5273
54.8792
54.4023
54.1114
54.0814
53.5406
53.7969
52.9445
52.1156
50.9705
52.4769
52.046
51.8757
52.3117
51.7505
50.9601
51.1741
52.6384
53.1308
52.2169
52.5823
51.8299
51.9777
51.6514
52.5949
52.6012
52.0566
52.5742
52.6001
52.6293
52.6259
52.6143
52.1984
52.0768
52.0921
51.1687
51.0876
51.0451
52.1786
52.4218
52.0848
51.3841
52.0055
51.8389
51.8535
52.5708
52.3345
52.4913
52.4612
52.5792
52.2881
52.4843
51.5979
51.5584
50.7196
50.8125
50.8107
51.9204
50.7584
51.4661
51.3305
51.8415
50.7712
51.3102
52.298
51.8923
52.1214
52.0498
52.3118
51.9173
52.2644
50.9076
50.1676
50.4181
50.6065
50.7448
50.0021
49.7437
50.0056
50.1332
50.4991
50.3318
50.4776
50.094
50.4207
50.0879
50.2352
51.4374
50.2515
51.1942
52.1408
51.9081
52.3256
50.459
49.7692
49.7772
49.7912
49.4436
49.4831
49.5357
49.8937
49.8702
49.5591
49.6038
49.5781
49.9208
51.4356
50.4639
54.1349
52.6429
54.16
53.284
50.7217
53.3331
53.1057
52.6863
52.3326
52.0495
51.7539
52.0146
51.0883
50.1222
49.5599
51.1326
49.8109
50.6572
49.7846
50.4504
48.9921
50.3486
51.2408
51.2572
51.1253
50.6742
50.6715
50.6852
50.5237
51.3789
50.2603
50.2372
50.3019
50.2261
49.6706
49.7537
49.6986
51.9943
51.1845
51.6037
50.0067
51.3456
50.3483
50.7758
52.5949
52.2855
52.5619
52.4759
52.5898
52.2893
52.5617
50.2994
50.2468
49.9056
49.9973
49.8064
51.5731
50.36
51.1645
50.5051
50.8108
49.8523
50.4839
52.4177
51.8968
52.4256
52.1458
52.388
52.0163
52.4524
49.7472
49.5319
49.6427
49.641
49.7444
49.4548
49.709
49.5026
49.4899
50.2969
49.8212
49.9747
49.7683
50.0197
49.4385
49.675
49.7917
49.5112
49.3447
49.3688
49.3896
49.2348
49.22
49.2985
49.4124
49.3869
49.1367
49.1953
49.2326
49.352
49.2187
48.3616
51.9721
49.1939
51.952
49.9941
48.1048
49.775
51.0375
50.7813
50.5594
50.4484
50.0352
50.3005
49.672
49.306
49.1885
49.6861
49.018
50.2454
48.7325
48.6212
48.9522
50.4491
49.9849
50.1323
49.7938
49.2463
49.3789
49.4005
49.2076
49.5455
49.2497
49.3265
49.4461
49.4095
49.1034
49.3926
49.302
49.4517
49.2088
48.4675
48.7333
46.088
49.7007
49.3872
49.2813
49.3463
49.1376
49.573
48.8905
48.9909
46.5755
48.1181
49.3851
49.3214
49.8156
49.3102
49.1909
49.2096
50.0135
49.0137
48.7649
49.4386
48.8644
49.1084
48.4044
48.3641
48.2609
48.4963
48.4995
49.1361
48.9067
49.0105
49.0236
48.8121
48.7651
48.9024
48.9189
48.9497
48.643
48.6331
48.7344
48.5409
48.2067
48.0003
47.8499
47.8481
47.5981
47.1104
47.8875
47.1891
49.2102
49.1863
47.5419
47.5124
47.873
49.014
47.9911
48.7845
48.2252
47.9216
48.1567
49.1013
48.1109
47.8499
47.6964
47.3587
48.8664
48.5969
48.7833
48.0318
48.4344
47.9944
48.4463
48.9247
48.5922
48.5967
48.9417
48.879
48.1433
48.5962
48.1207
48.3661
47.4842
48.1402
48.1953
48.1196
48.8133
48.7849
48.5933
48.0864
48.3437
47.6979
47.7195
48.2146
48.1935
47.7895
49.0257
48.5458
49.6545
48.6126
48.1634
47.9102
47.9414
48.3173
47.7427
47.448
47.8898
47.9684
47.3781
47.401
47.7269
47.7768
47.6768
48.6311
48.2678
48.4717
48.5446
48.138
48.167
48.2382
48.3295
48.3883
48.05
48.052
48.101
47.9044
47.8182
47.7129
47.3145
47.783
47.4182
47.5402
47.6872
47.5607
47.0733
47.1999
47.4679
47.4486
47.3934
47.4545
47.5508
47.923
47.8248
47.7992
47.6715
47.4576
47.7254
47.722
47.6663
47.6822
48.1212
47.7051
48.1474
47.6336
47.9605
47.7609
47.956
48.2805
48.0599
47.9447
48.1295
47.8764
47.8489
47.8845
47.8606
48.0668
48.0041
47.9185
47.9588
47.8866
47.7791
48.1455
47.7786
47.7543
48.0064
48.0623
47.8673
47.9996
47.9635
47.9054
48.1828
47.9827
47.133
48.021
47.6606
47.7367
47.4098
47.8582
47.6576
47.5309
47.6455
47.7178
47.5264
47.5694
47.6454
47.7061
47.7786
47.9173
47.7548
47.8915
47.9765
47.7322
47.7584
47.8004
47.8443
47.8834
47.7415
47.7561
47.76
47.7277
47.6729
47.6586
47.6236
47.6551
47.6069
47.6288
47.6528
47.6164
47.6508
47.6297
47.64
47.6546
47.6858
47.7326
47.8004
47.7547
47.6872
47.679
47.6324
47.6682
47.6563
47.6598
47.5964
47.62
47.9505
47.8638
47.8874
47.8372
47.9922
47.8922
47.8723
47.9571
47.9311
47.7628
47.8333
47.8309
47.6741
47.7968
47.7739
47.8915
47.821
47.8093
47.8548
47.8009
47.7493
47.8881
47.7204
47.7108
47.7942
47.9322
47.8987
47.9169
47.9175
47.8779
47.8729
47.7844
47.5619
47.7998
47.6564
47.6883
47.5379
47.7385
47.6447
47.6021
47.7051
47.7386
47.6255
47.6431
47.7666
47.7793
47.8063
47.7181
47.6969
47.7256
47.7476
47.6967
47.7129
47.7315
47.7474
47.7377
47.7375
47.7481
47.7385
47.7542
47.6439
47.6271
47.6258
47.6609
47.6214
47.6273
47.6649
47.6256
47.6269
47.6618
47.629
47.6126
47.6346
47.7706
47.7279
47.6306
47.5984
47.6406
47.5605
47.5921
47.5597
47.614
47.5195
47.5619
47.999
47.8405
47.8583
47.7648
47.9585
47.7572
47.825
47.9172
47.8925
47.611
47.7353
47.703
47.5915
47.6638
47.6523
47.8262
47.773
47.7984
47.7897
47.7612
47.657
47.721
47.6117
47.6128
47.6669
47.8904
47.8517
47.8273
47.8529
47.8235
47.703
47.6383
47.5117
47.6748
47.619
47.5654
47.5003
47.6288
47.5865
47.6676
47.7883
47.7957
47.6127
47.6766
47.7759
47.7835
47.8241
47.6751
47.6482
47.698
47.7089
47.6704
47.6853
47.6822
47.7335
47.7276
47.7163
47.7083
47.709
47.7454
47.6017
47.5914
47.6293
47.6358
47.6237
47.6232
47.6075
47.611
47.6139
47.6266
47.6237
47.6129
47.6245
47.7013
47.6847
47.5841
47.5821
47.593
47.4901
47.5234
47.5318
47.5694
47.499
47.4939
47.8943
47.6938
47.7738
47.6911
47.8352
47.6527
47.716
47.8378
47.7756
47.5886
47.639
47.6412
47.5944
47.6591
47.6564
47.745
47.7353
47.735
47.697
47.7246
47.5889
47.6277
47.5724
47.5613
47.594
47.803
47.7754
47.7054
47.7463
47.7165
47.5942
47.5618
47.4824
47.5958
47.5601
47.4875
47.4584
47.5671
47.5609
47.6616
47.7428
47.7519
47.5166
47.6286
47.7059
47.7125
47.7573
47.6253
47.6101
47.676
47.6599
47.651
47.6701
47.6439
47.6813
47.6916
47.6713
47.6622
47.6632
47.687
47.5857
47.5674
47.596
47.5859
47.5837
47.5554
47.5491
47.5473
47.5932
47.6123
47.5604
47.5511
47.5814
47.6675
47.6368
47.6009
47.621
47.5517
47.5206
47.4858
47.5234
47.5301
47.5304
47.4956
47.7826
47.6246
47.6634
47.6416
47.7306
47.5848
47.6156
47.7132
47.6585
47.5933
47.6612
47.659
47.6175
47.6261
47.6321
47.6523
47.7007
47.6415
47.6033
47.6681
47.566
47.5738
47.5616
47.5834
47.5759
47.6725
47.6498
47.5366
47.6068
47.5881
47.539
47.5342
47.4468
47.547
47.547
47.4515
47.4445
47.4998
47.5168
47.5856
47.6591
47.6654
47.4132
47.5373
47.5964
47.6121
47.6412
47.5816
47.5269
47.6424
47.6183
47.5715
47.5887
47.5895
47.6338
47.6231
47.5771
47.585
47.5756
47.5931
47.5244
47.4672
47.5037
47.4995
47.4979
47.445
47.4437
47.4405
47.4918
47.5324
47.4373
47.4249
47.4705
47.5831
47.514
47.606
47.5556
47.5024
47.5146
47.4826
47.4561
47.4626
47.4852
47.4311
47.6686
47.5294
47.5629
47.512
47.5996
47.4593
47.5011
47.6036
47.5472
47.6378
47.5849
47.6176
47.5975
47.6167
47.6018
47.5473
47.6177
47.5287
47.4749
47.5652
47.5857
47.614
47.6138
47.5693
47.621
47.5409
47.5285
47.3923
47.4903
47.468
47.5727
47.6122
47.4298
47.5076
47.4711
47.559
47.406
47.5075
47.4254
47.4817
47.5236
47.5459
47.2772
47.4156
47.4464
47.4746
47.5041
47.4739
47.4294
47.5301
47.5321
47.4151
47.4557
47.4568
47.5273
47.5152
47.439
47.4501
47.4361
47.4518
47.4015
47.3361
47.3884
47.385
47.3832
47.334
47.3197
47.3238
47.3583
47.403
47.3105
47.2979
47.3379
47.439
47.3661
47.4851
47.3998
47.4121
47.4243
47.3668
47.3636
47.3458
47.3558
47.3093
47.5215
47.3885
47.4318
47.3607
47.4432
47.3168
47.361
47.4805
47.4126
47.5118
47.617
47.5588
47.4176
47.5188
47.4699
47.4007
47.4971
47.3875
47.3267
47.4263
47.5141
47.558
47.4576
47.4186
47.4357
47.4243
47.4011
47.2517
47.3585
47.3309
47.5644
47.4146
47.3409
47.4029
47.341
47.3118
47.2294
47.249
47.2143
47.3427
47.3615
47.3934
47.1097
47.2682
47.2705
47.3096
47.351
47.3512
47.2303
47.3625
47.363
47.1837
47.2498
47.2568
47.3591
47.34
47.2344
47.2669
47.235
47.2705
47.2736
47.1968
47.2698
47.2494
47.2531
47.1938
47.178
47.1777
47.2408
47.2784
47.1853
47.1798
47.2203
47.2996
47.2361
47.3113
47.2191
47.2683
47.2904
47.2493
47.2169
47.1846
47.2166
47.1752
47.3656
47.2479
47.2926
47.2201
47.2888
47.1736
47.2267
47.3423
47.2741
47.3208
47.3761
47.3547
47.2167
47.2393
47.2277
47.2536
47.3496
47.2409
47.1814
47.2754
47.2948
47.2794
47.1832
47.1527
47.1009
47.2804
47.2554
47.1005
47.208
47.1754
47.2222
47.0019
47.0573
47.0551
47.0422
46.8782
46.8434
46.8185
46.8296
47.1908
47.1708
47.2213
46.9262
47.1104
47.0682
47.1313
47.1881
47.0726
46.8797
47.1159
47.1236
46.8948
46.9662
46.9815
47.1612
47.1162
46.9937
47.0624
46.9952
47.0632
47.1102
47.0142
47.1139
47.0945
47.0983
47.0303
47.0057
47.0143
47.1103
47.1524
47.0319
47.0306
47.0722
47.1673
47.0899
47.1227
47.025
47.0961
47.132
47.096
47.044
47.0095
47.0415
47.0202
47.2102
47.106
47.1568
47.0694
47.1314
47.0203
47.0818
47.2012
47.1263
47.1071
47.1026
47.0964
46.9955
46.9709
46.9651
47.11
47.1993
47.0948
47.0378
47.1268
46.9996
46.9116
46.8752
46.8426
46.718
47.1282
47.0965
46.9464
47.0532
47.0192
46.757
46.5066
46.6239
46.5773
46.6035
46.3574
46.4052
46.3547
46.3951
47.0266
46.9646
47.0395
46.7301
46.939
46.8647
46.9496
47.0199
46.6844
46.5095
46.8106
46.8235
46.6544
46.6594
46.6794
46.9611
46.8747
46.7717
46.8632
46.768
46.8772
46.8965
46.7853
46.9476
46.9201
46.9335
46.8726
46.8254
46.8527
46.9479
46.9866
46.8761
46.8707
46.9029
47.0081
46.9272
46.9284
46.8337
46.9178
46.9486
46.9215
46.8778
46.832
46.8569
46.8039
47.0468
46.938
47.003
46.9182
46.9645
46.8591
46.9217
47.0454
46.9657
46.8893
46.8448
46.8411
46.7899
46.7296
46.7275
46.9673
47.051
46.9448
46.8982
46.9796
46.6934
46.532
46.5908
46.5596
46.3621
46.9718
46.9405
46.7929
46.8962
46.867
46.2833
46.0996
46.2099
46.1672
46.2278
45.9464
46.0491
46.0465
46.1135
46.851
46.7684
46.8634
46.5496
46.7715
46.6843
46.7856
46.8653
46.3965
46.3049
46.5302
46.5556
46.4572
46.4363
46.4612
46.7708
46.6778
46.6091
46.6839
46.6017
46.7224
46.724
46.7088
46.8009
46.7476
46.774
46.7346
46.6961
46.7103
46.8008
46.8285
46.7434
46.7373
46.7677
46.852
46.7898
46.7496
46.6738
46.7721
46.7685
46.6837
46.75
46.7201
46.6895
46.5984
46.8882
46.7951
46.8484
46.786
46.8206
46.741
46.7891
46.894
46.8357
46.7035
46.6321
46.6277
46.6276
46.5483
46.5441
46.8321
46.9106
46.8241
46.7765
46.853
46.4489
46.2247
46.38
46.3661
46.1312
46.8254
46.8023
46.6697
46.7666
46.7518
46.0034
45.948
45.9367
45.987
46.043
45.8349
45.8704
45.9807
46.0018
46.7052
46.6089
46.7203
46.4173
46.6586
46.5497
46.6663
46.759
46.2361
46.1907
46.349
46.3843
46.3088
46.2804
46.3284
46.6127
46.5387
46.5123
46.5548
46.5062
46.6067
46.6954
46.6813
46.6852
46.6503
46.6662
46.6555
46.6316
46.6313
46.6817
46.7156
46.6418
46.6389
46.6701
46.7375
46.6927
46.6182
46.5745
46.6751
46.6338
46.5558
46.6581
46.6376
46.5874
46.5291
46.764
46.7019
46.7434
46.6889
46.7167
46.6768
46.7036
46.7879
46.7489
46.5686
46.4846
46.4807
46.5238
46.4419
46.4391
46.7369
46.8113
46.7591
46.7136
46.784
46.3119
46.0973
46.2991
46.2828
46.0954
46.7197
46.7095
46.5866
46.6815
46.6731
45.9872
46.0096
45.8525
46.0101
46.0009
45.9164
45.8593
46.0605
46.0353
46.6203
46.4986
46.6191
46.3368
46.5888
46.458
46.5785
46.6889
46.1668
46.157
46.237
46.2923
46.2165
46.2193
46.2772
46.5116
46.4849
46.4508
46.4858
46.464
46.5286
46.6655
46.643
46.6219
46.6522
46.5725
46.5764
46.666
46.5185
46.6051
46.6317
46.5694
46.5639
46.5956
46.6613
46.6365
46.5492
46.5316
46.6033
46.5584
46.5075
46.603
46.5785
46.5359
46.4995
46.6766
46.6569
46.6621
46.632
46.642
46.6315
46.6217
46.7107
46.67
46.4977
46.4195
46.4167
46.4847
46.4136
46.4112
46.6886
46.758
46.6985
46.6483
46.7214
46.2794
46.1317
46.3151
46.299
46.1849
46.6428
46.6401
46.5125
46.6031
46.6102
46.082
46.1527
45.8777
46.1238
46.083
46.0856
45.9077
46.2042
46.1399
46.5567
46.4219
46.5438
46.282
46.5234
46.3924
46.5137
46.6259
46.1646
46.1865
46.213
46.2746
46.1889
46.2146
46.2771
46.4645
46.4384
46.3904
46.4413
46.4163
46.4733
46.6191
46.6087
46.5572
46.6653
46.5263
46.5705
46.6603
46.5666
46.5079
46.5581
46.4963
46.4683
46.5285
46.602
46.5541
46.533
46.5362
46.5651
46.5302
46.4933
46.5913
46.5609
46.5322
46.493
46.6067
46.5962
46.5843
46.5521
46.5644
46.5489
46.5473
46.6275
46.5841
46.4887
46.4236
46.4192
46.4992
46.442
46.4368
46.6019
46.6784
46.5984
46.5571
46.6383
46.3339
46.2535
46.3912
46.3802
46.327
46.5673
46.5814
46.4504
46.5354
46.5555
46.2385
46.3218
45.9511
46.2768
46.1931
46.2614
45.9886
46.3439
46.2496
46.4908
46.3633
46.4892
46.2405
46.46
46.3412
46.465
46.5657
46.2168
46.2615
46.2161
46.283
46.241
46.2213
46.2953
46.4187
46.3974
46.3583
46.3957
46.3867
46.4322
46.6078
46.6102
46.5996
46.6488
46.6054
46.6318
46.6465
46.6427
46.4719
46.5192
46.5149
46.497
46.5217
46.513
46.4929
46.5576
46.5749
46.5601
46.5453
46.499
46.6106
46.5665
46.5619
46.5102
46.5223
46.5064
46.5105
46.4752
46.4936
46.4692
46.4792
46.5457
46.5129
46.5245
46.4741
46.4667
46.5517
46.5071
46.4981
46.5198
46.6059
46.5243
46.4933
46.5805
46.4354
46.4053
46.496
46.4922
46.4857
46.5071
46.5279
46.3958
46.4794
46.4962
46.4123
46.5072
46.0368
46.4166
46.3272
46.4181
46.148
46.4898
46.4166
46.4301
46.3207
46.4427
46.2107
46.4028
46.3073
46.4242
46.5013
46.3323
46.4221
46.2504
46.3257
46.3753
46.2932
46.3674
46.3901
46.3875
46.371
46.3956
46.406
46.4289
46.6189
46.641
46.6481
46.6552
46.6741
46.6416
46.658
46.6789
46.5072
46.5105
46.5021
46.4879
46.4813
46.4832
46.4677
46.6047
46.6262
46.5763
46.581
46.5238
46.6434
46.5888
46.5992
46.5394
46.4778
46.4316
46.4475
46.4407
46.4567
46.3825
46.4045
46.4728
46.4244
46.59
46.5462
46.5352
46.6082
46.5781
46.5634
46.4649
46.5516
46.4449
46.4195
46.5104
46.5493
46.5661
46.5989
46.6008
46.6406
46.4447
46.4632
46.3245
46.4048
46.4246
46.6122
46.7046
46.3437
46.5706
46.5273
46.6235
46.5889
46.6546
46.6965
46.3782
46.3026
46.4135
46.1955
46.3511
46.3116
46.414
46.4331
46.5541
46.7373
46.3491
46.4354
46.6204
46.4799
46.5599
46.4109
46.4409
46.4653
46.4373
46.4768
46.4581
46.6526
46.6281
46.6198
46.6374
46.6581
46.5833
46.5912
46.6136
46.4538
46.4535
46.4366
46.4239
46.4345
46.4401
46.4124
46.664
46.6905
46.598
46.6195
46.5547
46.6685
46.5925
46.6374
46.5698
46.4181
46.345
46.3574
46.3723
46.3834
46.2921
46.3166
46.3796
46.3483
46.656
46.6172
46.6078
46.688
46.646
46.6345
46.3637
46.4576
46.3382
46.3101
46.414
46.6496
46.7063
46.6788
46.6853
46.7527
46.3653
46.3906
46.2567
46.3345
46.3637
46.7936
46.8446
46.7535
46.7606
46.8638
46.8252
46.8447
46.8699
46.9947
46.3331
46.3361
46.4252
46.2287
46.3273
46.3817
46.441
46.3989
46.9472
47.1227
46.646
46.7241
47.0359
46.8336
46.9082
46.477
46.555
46.6582
46.5232
46.648
46.5404
46.5708
46.5519
46.5409
46.5237
46.5525
46.5169
46.5056
46.5049
46.4133
46.4334
46.4247
46.4247
46.4493
46.4106
46.4438
46.7265
46.7573
46.5859
46.6589
46.5877
46.6924
46.5955
46.6836
46.61
46.3753
46.2305
46.2901
46.4086
46.4034
46.2435
46.292
46.327
46.3291
46.7299
46.6772
46.668
46.7678
46.7089
46.7006
46.2827
46.3877
46.2992
46.2852
46.3843
46.7206
46.789
46.7383
46.745
46.8074
46.3276
46.3617
46.2823
46.3458
46.3963
46.8877
46.9021
46.8766
46.9534
47.047
46.9143
46.8846
46.9833
47.0377
46.3343
46.4329
46.4666
46.3413
46.3759
46.4841
46.5001
46.4413
47.1678
47.1395
46.9868
47.0742
47.2385
47.0571
47.1386
46.5793
46.7308
46.8018
46.6301
46.7723
46.6399
46.6189
46.6991
46.5368
46.5781
46.5161
46.6043
46.6626
46.5784
46.4725
46.5237
46.6007
46.6027
46.7089
46.5281
46.6679
46.7991
46.8367
46.6336
46.7143
46.6412
46.7526
46.6665
46.7486
46.6755
46.4532
46.3812
46.3467
46.6273
46.5304
46.5727
46.4683
46.3793
46.4824
46.8129
46.7479
46.74
46.8556
46.7877
46.7796
46.3086
46.4058
46.4046
46.3649
46.4466
46.7699
46.822
46.7918
46.7907
46.8284
46.3883
46.4458
46.4061
46.4528
46.5106
46.9132
46.9133
46.8946
46.9885
47.0136
46.9387
46.9028
46.9825
46.9973
46.4335
46.5498
46.5452
46.4844
46.4967
46.5819
46.5939
46.5557
47.1132
47.0941
47.0645
47.1181
47.1355
47.0683
47.0548
46.6672
46.7988
46.8457
46.7244
46.7927
46.7148
46.7434
46.804
46.6959
46.7227
46.6713
46.784
46.7969
46.7693
46.7676
46.8782
46.8783
46.9045
46.955
46.8034
46.9181
46.8809
46.9153
46.7018
46.787
46.7121
46.8376
46.7494
46.8263
46.7523
46.6761
46.7631
46.6187
46.9288
46.86
46.9576
46.7592
46.6059
46.72
46.9001
46.8306
46.8215
46.937
46.8717
46.8604
46.4432
46.5024
46.5825
46.5329
46.5633
46.8148
46.8349
46.8471
46.838
46.8385
46.5311
46.5781
46.5722
46.6064
46.6488
46.9136
46.9131
46.9146
46.9796
46.9951
46.9428
46.9207
46.976
46.9932
46.5641
46.6364
46.6501
46.6205
46.6263
46.7043
46.7145
46.6814
47.075
47.062
47.0754
47.0051
47.086
47.0596
47.0126
46.7716
46.8965
46.8288
46.8551
46.9539
46.8272
46.8696
46.9319
46.8693
46.8809
46.8665
46.9458
46.9785
46.9686
47.0311
47.0064
47.088
47.1576
47.0852
47.0256
47.1172
46.9487
46.9715
46.7971
46.8621
46.79
46.9111
46.8391
46.8917
46.823
46.988
47.0812
46.8422
47.0989
47.0509
47.0451
46.8891
46.816
46.8881
46.9706
46.9111
46.8959
46.9954
46.9426
46.9243
46.6118
46.6256
46.7219
46.6723
46.6758
46.8645
46.8426
46.9075
46.8916
46.8429
46.6739
46.7123
46.6896
46.732
46.7695
46.9154
46.919
46.9262
46.9753
46.997
46.9427
46.9319
46.974
46.9986
46.6864
46.7787
46.7798
46.7185
46.7476
46.8426
46.8477
46.7959
47.0566
47.0566
47.0455
47.0517
47.1028
47.0708
47.1072
46.9406
46.9858
47.1886
47.0226
47.1356
46.999
46.984
47.0021
47.0222
47.0586
47.0593
47.0719
47.0696
47.1083
47.2223
47.1903
47.1714
47.2142
47.2369
47.1569
47.1446
46.9901
47.0012
46.8743
46.913
46.8504
46.9498
46.898
46.9269
46.866
47.0655
46.9152
46.92
47.0931
47.0559
46.8091
46.9242
46.9353
46.95
47.0168
46.9682
46.9479
47.0304
46.9842
46.9647
46.7244
46.7203
46.7824
46.7604
46.7487
46.9209
46.8419
46.9565
46.9455
46.8445
46.775
46.8213
46.7636
46.7991
46.8367
46.9238
46.9261
46.9398
46.9739
47.002
46.9396
46.9491
46.9711
47.0038
46.8071
46.9181
46.9141
46.8078
46.8592
46.9674
46.9716
46.8755
47.0624
47.0642
47.1262
47.1649
47.1277
47.1699
47.1983
47.1493
47.2927
47.3832
47.2695
47.3401
47.1506
46.9689
46.8783
47.04
46.9893
47.0758
46.9389
46.8387
46.9685
47.1381
47.2103
46.988
46.9982
47.1091
47.0985
47.0115
47.009
47.0127
46.8987
46.9346
46.873
46.9482
46.8807
46.9366
46.8708
47.0304
46.7522
46.9153
46.9667
46.9884
46.7138
46.9225
46.9583
46.9805
47.0406
46.9956
46.9758
47.0451
47.0008
46.9827
46.7908
46.7706
46.8531
46.8222
46.7909
46.9649
46.8495
46.9812
46.9759
46.8559
46.8177
46.8484
46.7985
46.8361
46.865
46.926
46.9224
46.958
46.9669
47.0073
46.9241
46.9651
46.9622
47.0121
46.9003
47.016
47.0144
46.8751
46.9226
47.0717
47.0456
46.9181
47.0682
47.0676
47.1913
47.2106
47.1344
47.1967
47.2098
47.3747
47.3278
47.3292
47.4268
47.3102
47.177
46.7883
46.7682
46.8344
46.7067
46.8303
46.7769
46.6329
46.7326
46.8188
46.9723
46.7099
46.6222
46.8531
46.9165
46.8381
47.0187
47.0269
46.8724
46.9393
46.865
46.9439
46.8928
46.9474
46.8653
46.9376
46.692
46.9464
46.7858
46.8976
46.6929
46.9623
47.0007
47.0113
47.0512
47.0047
46.9888
47.061
47.0106
46.9933
46.8518
46.8171
46.9059
46.8788
46.8376
46.9814
46.8633
46.9886
46.9835
46.8704
46.8551
46.8804
46.834
46.8718
46.8896
46.9165
46.9102
46.9689
46.9584
47.0175
46.8978
46.9742
46.9598
47.025
46.929
47.1004
47.0504
46.9685
46.9254
47.1033
47.0434
46.9379
47.0695
47.0708
47.1944
47.2065
47.1326
47.1865
47.198
47.4333
47.2896
47.3
47.4206
47.2681
47.4281
46.8355
46.9006
46.7329
46.6427
46.7004
46.8024
46.9106
46.6949
46.5092
46.7519
46.6235
46.4914
46.6791
46.7655
46.6967
47.0437
47.0691
46.9138
46.9647
46.8728
46.9944
46.9474
47.0013
46.8965
46.8638
46.6861
46.9548
46.6591
46.8205
46.6548
46.9117
47.0071
46.983
47.0778
47.0225
47.0015
47.0939
47.0429
47.0164
46.9056
46.8496
46.9238
46.9235
46.854
46.9849
46.8825
47.0106
46.9895
46.9018
46.8873
46.893
46.8564
46.899
46.9036
46.91
46.9186
46.9746
46.9691
47.0334
46.8944
46.9796
46.9857
47.047
46.9144
47.045
47.0199
46.9444
46.9232
47.0872
47.0134
46.9475
47.0762
47.084
47.178
47.1889
47.1377
47.1713
47.1801
47.3663
47.2376
47.2343
47.3006
47.2104
47.2477
47.0715
47.194
47.2024
47.2016
47.117
47.6258
47.2936
47.5637
46.6089
46.6541
47.1404
46.9509
46.8202
46.6832
46.7536
47.1059
47.1533
47.0161
47.0531
46.9323
47.1243
47.0503
47.1141
46.9851
46.7829
46.6219
46.8509
46.6408
46.7654
46.5964
46.7945
46.9498
46.9257
47.1197
47.0727
47.0369
47.157
47.1155
47.0627
46.9268
46.8591
46.9171
46.931
46.8671
46.9983
46.9262
47.054
47.0134
46.9582
46.911
46.9245
46.8968
46.9346
46.9579
46.9359
46.9657
46.9888
47.0097
47.0679
46.9184
47.0057
47.0409
47.0969
46.9234
47.283
47.0251
46.7709
46.9756
47.2986
47.0667
46.9781
47.0956
47.1185
47.1729
47.1814
47.1723
47.1861
47.1919
47.2572
47.1945
47.2054
47.2344
47.1927
47.2457
47.2298
47.246
47.669
47.2956
47.5776
47.46
47.2568
47.4471
47.33
47.0961
47.4609
47.5609
47.2709
46.873
47.0041
47.2144
47.2898
47.0802
47.1846
47.0459
47.2893
47.1222
47.2638
47.1083
46.7698
46.6162
46.7741
46.7738
46.8162
46.688
46.8008
46.9446
46.9866
47.21
47.1693
47.1032
47.2786
47.235
47.154
46.9591
46.8857
46.9517
46.997
46.9153
47.039
47.0067
47.1229
47.0694
47.0652
46.9787
47.0061
46.9947
47.0352
47.0608
47.0107
47.0679
47.0291
47.0831
47.1368
46.9927
47.0607
47.1324
47.1809
47.0516
47.1004
47.0303
46.7603
47.0914
46.9427
47.1649
47.0539
47.1537
47.1994
47.2165
47.2203
47.2547
47.2615
47.2635
47.2256
47.2116
47.2622
47.2448
47.2543
47.1552
47.2682
47.3013
47.3257
47.208
47.3139
47.2465
47.18
47.2197
47.5351
47.3659
47.3469
47.3441
47.3914
47.1358
47.2071
47.385
47.5079
47.1685
47.3527
47.1761
47.4756
47.2166
47.4542
47.2431
46.8937
46.7765
46.8591
46.9392
46.972
46.8785
46.9328
47.0287
47.0639
47.3668
47.3169
47.2142
47.4876
47.4202
47.281
47.0286
46.9527
46.9821
47.0702
47.0117
47.0989
47.1351
47.1956
47.1105
47.2015
47.1016
47.145
47.1565
47.1932
47.2618
47.1293
47.1932
47.0978
47.1887
47.2328
47.0829
47.1376
47.2478
47.2865
47.1681
46.9835
47.3529
47.509
47.3276
47.235
47.5043
47.3759
47.2573
47.322
47.3234
47.3243
47.3735
47.3945
47.3939
47.3109
47.3255
47.4169
47.3997
47.4079
47.4047
47.3437
47.3955
47.2004
47.1756
47.1653
47.1668
47.1995
47.1555
47.1668
47.3079
47.1485
47.1031
47.2078
47.1811
47.1256
47.6578
47.815
47.266
47.5648
47.3139
47.6521
47.3146
47.6692
47.3744
47.0509
46.96
47.0036
47.0642
47.1333
47.0209
47.0731
47.095
47.1345
47.6269
47.5742
47.3698
47.7605
47.7554
47.4923
47.1613
47.116
47.1068
47.2814
47.2609
47.0873
47.26
47.2352
47.0473
47.307
47.3466
47.4299
47.4876
47.5226
47.6204
47.2659
47.3455
47.1766
47.3117
47.3482
47.2003
47.2153
47.3754
47.4116
47.5448
47.5125
47.6812
48.0502
47.8463
47.7369
47.858
47.7902
47.3947
47.4708
47.4771
47.4759
47.5153
47.555
47.5516
47.5141
47.5108
47.6192
47.6266
47.6047
47.7603
47.4577
47.5183
47.1883
47.2482
47.1763
47.2577
47.3093
47.2131
47.1356
47.2387
47.4004
47.1935
47.3282
47.2418
47.4692
47.9329
47.9879
47.3589
47.7542
47.4238
47.7762
47.3994
47.8038
47.4533
47.2214
47.0768
47.1611
47.3336
47.304
47.1835
47.2738
47.194
47.2853
47.8494
47.8098
47.4943
47.8832
47.7193
47.4089
47.4421
47.459
47.3623
47.6261
47.6802
47.0407
47.3659
47.2594
47.091
47.4376
47.6925
47.807
47.8724
47.8886
48.0283
47.4244
47.489
47.2721
47.4487
47.4834
47.3416
47.3465
47.5163
47.5506
48.1395
47.901
48.0024
48.0623
48.3174
47.9903
48.0868
48.2329
47.5464
47.6102
47.6302
47.6275
47.6401
47.693
47.6868
47.7318
47.6934
47.7811
47.8105
47.7653
47.9525
47.5709
47.6252
47.3245
47.3803
47.2276
47.371
47.4624
47.2594
47.2137
47.3515
47.411
47.1957
47.2816
47.5216
47.4123
47.9514
47.838
47.4419
47.7949
47.4682
47.7846
47.5086
47.7392
47.4773
47.331
47.2269
47.378
47.3009
47.3102
47.1994
47.4052
47.3952
47.4709
47.8465
47.578
47.3569
47.7232
47.5644
47.4237
47.7908
47.9186
47.6359
47.9767
48.0497
47.2391
47.5259
47.5805
47.4748
47.6241
48.0732
48.1904
48.1093
48.1688
48.2842
47.542
47.5965
47.4168
47.5571
47.5973
47.4989
47.4742
47.5845
47.6263
48.3094
48.0352
48.1284
48.0285
48.2601
48.0544
48.1423
48.3313
47.6572
47.6851
47.7436
47.739
47.7171
47.7786
47.7741
47.8692
47.8202
47.8712
47.9056
47.857
48.0158
47.6823
47.7249
47.4448
47.5593
47.3366
47.5447
47.6518
47.4526
47.1452
47.1622
47.2492
47.1043
47.0109
47.2616
47.1479
47.7028
47.5804
47.6091
47.6605
47.4851
47.7075
47.6989
47.5845
47.5217
47.2927
47.2622
47.4412
47.134
47.2903
47.3455
47.4778
47.5184
47.5461
47.6071
47.6345
47.5549
47.4969
47.5936
47.5457
48.099
48.085
47.8191
48.1806
48.1123
47.6089
47.6465
47.625
47.5781
47.6287
48.2333
48.2962
48.2652
48.2478
48.2845
47.6245
47.6288
47.5107
47.5953
47.6451
47.5549
47.5223
47.6061
47.6536
48.2393
48.0628
48.1409
48.0785
48.1904
48.057
48.1267
48.2343
47.7022
47.7007
47.8012
47.7984
47.7404
47.8121
47.8083
47.9224
47.8855
47.9026
47.9354
47.8963
48.024
47.7856
47.8448
47.641
47.7412
47.5822
47.7532
47.8296
47.7141
47.1813
47.0088
47.5438
47.3953
47.1531
47.1333
47.226
47.515
47.4911
47.767
47.5828
47.5522
47.7052
47.7881
47.5819
47.565
47.2898
47.4429
47.5301
47.1312
47.3422
47.4961
47.5431
47.5947
47.6616
47.4202
47.4405
47.4336
47.3588
47.3392
47.3339
48.1735
48.1208
47.8134
48.1019
48.0884
47.513
47.5836
47.4579
47.4518
47.5405
48.2162
48.2455
48.1871
48.1608
48.1792
47.5952
47.565
47.5225
47.6179
47.6488
47.5345
47.5292
47.6127
47.6379
48.1642
48.0454
48.1064
48.0669
48.124
48.0276
48.0789
48.147
47.6909
47.6792
47.8159
47.8104
47.7451
47.8139
47.8064
47.9379
47.8971
47.895
47.9331
47.8915
48.0039
47.8834
47.8869
47.8458
47.8973
47.8076
47.8975
47.9211
47.8585
47.641
47.3946
48.0107
47.7928
47.6041
47.3999
47.5026
47.4519
47.4253
47.7722
47.5377
47.537
47.6472
47.7335
47.4831
47.4802
47.4098
47.5856
47.582
47.4102
47.5095
47.6777
47.6453
47.7435
47.7854
47.3185
47.2851
47.2743
47.2682
47.2692
47.2545
47.9992
48.0238
47.923
47.9007
47.9775
47.4053
47.5124
47.3915
47.3823
47.5019
48.1055
48.1162
48.0716
48.0572
48.0592
47.5497
47.5515
47.542
47.6024
47.6323
47.5442
47.5568
47.5993
47.6335
48.0855
48.0082
48.0477
48.0203
48.0444
47.9922
48.0199
48.0569
47.6772
47.682
47.8091
47.8031
47.749
47.8016
47.7946
47.9243
47.8816
47.876
47.915
47.8719
47.9777
47.8499
47.7858
47.9068
47.9032
47.8521
47.8724
47.8496
47.8034
47.8338
47.7277
48.021
47.8094
47.7699
47.6006
47.6842
47.4136
47.4186
47.6847
47.437
47.409
47.58
47.6291
47.4001
47.3348
47.6242
47.6972
47.736
47.6023
47.7425
47.7399
47.8294
47.8016
47.7922
47.2594
47.2836
47.2608
47.2941
47.3284
47.3026
47.8562
47.9307
47.9422
47.8523
47.9068
47.383
47.5092
47.4231
47.407
47.5315
48.0204
48.0212
47.9994
47.9933
47.9909
47.5667
47.5914
47.5749
47.6081
47.643
47.5783
47.5928
47.6269
47.6557
48.0111
47.9791
47.9949
47.9774
47.9856
47.9667
47.9739
47.9943
47.6897
47.6988
47.792
47.7889
47.7521
47.794
47.7906
47.9053
47.863
47.859
47.9003
47.855
47.9622
47.7114
47.6471
47.8152
47.7794
47.7326
47.7519
47.7112
47.6564
47.7699
47.7528
47.888
47.72
47.7209
47.7634
47.8177
47.4324
47.4545
47.5621
47.3839
47.2785
47.5336
47.5144
47.3882
47.2239
47.8161
47.7999
47.9141
47.646
47.8575
47.7978
47.9975
47.8223
47.9266
47.3504
47.3927
47.3615
47.4144
47.4626
47.4244
47.9001
47.9241
47.9266
47.9283
47.9276
47.4451
47.564
47.5203
47.4916
47.6027
47.9801
47.9705
47.9685
47.9695
47.953
47.6219
47.6548
47.6155
47.6465
47.6696
47.6299
47.6382
47.6681
47.6858
47.9605
47.9555
47.9537
47.9532
47.9404
47.9377
47.9336
47.9535
47.7081
47.7192
47.7934
47.7933
47.756
47.7889
47.7909
47.8924
47.8461
47.8339
47.8803
47.8357
47.9374
47.6039
47.5894
47.6932
47.659
47.5879
47.6438
47.6155
47.5346
47.6593
47.697
47.7357
47.5915
47.6761
47.8184
47.7708
47.5213
47.5936
47.4951
47.4242
47.2041
47.5891
47.5058
47.4746
47.2282
47.8198
47.7241
47.9594
47.6128
47.7277
47.6351
47.8631
47.9308
47.8963
47.485
47.539
47.492
47.5542
47.6169
47.563
47.9336
47.9302
47.8763
47.9235
47.9255
47.5446
47.6432
47.6392
47.5984
47.6839
47.9576
47.9329
47.9424
47.9468
47.9272
47.6894
47.7229
47.6583
47.6937
47.7046
47.682
47.6798
47.7157
47.7203
47.92
47.9167
47.9134
47.9076
47.9
47.8938
47.8959
47.9197
47.7302
47.7417
47.7817
47.7904
47.7606
47.7806
47.7906
47.8649
47.8249
47.8089
47.8534
47.8166
47.8883
47.6087
47.6791
47.6115
47.6029
47.5085
47.6025
47.621
47.5055
47.5373
47.6477
47.6624
47.5164
47.5996
47.7629
47.754
47.67
47.7493
47.5405
47.5697
47.2874
47.7625
47.609
47.707
47.3858
47.7566
47.5889
47.8128
47.7851
47.8073
47.5674
47.8123
47.8783
47.9155
47.6182
47.687
47.6323
47.6844
47.751
47.7008
47.9128
47.9186
47.9098
47.8998
47.9102
47.6469
47.723
47.7539
47.69
47.7601
47.9346
47.9155
47.9123
47.9226
47.9012
47.7513
47.7771
47.7004
47.7337
47.7324
47.7276
47.7261
47.7502
47.7474
47.8816
47.8763
47.8788
47.865
47.8632
47.8621
47.8627
47.8814
47.7519
47.7636
47.7801
47.7933
47.7741
47.7813
47.7989
47.8432
47.8103
47.7945
47.8355
47.8062
47.8575
47.782
47.9264
47.6202
47.6814
47.5264
47.672
47.7929
47.5792
47.5197
47.5462
47.6582
47.5254
47.5193
47.7273
47.6889
47.8254
47.9007
47.6814
47.8307
47.5177
47.9534
47.8078
47.9321
47.6549
47.7971
47.5536
47.8016
47.7057
47.7494
47.5038
47.7455
47.924
47.8646
47.7594
47.8141
47.7672
47.8344
47.8764
47.826
47.8745
47.8876
47.8844
47.8393
47.8581
47.7332
47.7937
47.8469
47.7779
47.8239
47.9018
47.8831
47.8591
47.8757
47.8599
47.801
47.8263
47.7501
47.7673
47.7631
47.7778
47.7767
47.786
47.7817
47.844
47.8518
47.849
47.8235
47.8257
47.8412
47.8369
47.841
47.7775
47.7928
47.7882
47.8075
47.7993
47.7957
47.8179
47.8297
47.8047
47.7925
47.8268
47.8061
47.8418
48.086
48.2544
47.7816
47.9308
47.6931
47.9426
48.1623
47.8507
47.5564
47.5259
47.752
47.647
47.5391
47.6563
47.6189
47.9723
48.0518
47.9923
48.0064
47.7749
48.1196
48.1582
48.0577
47.8999
47.6802
47.4119
47.6656
47.503
47.5935
47.3037
47.5568
47.7889
47.7026
47.9092
47.9296
47.8732
47.9705
47.9666
47.9197
47.7929
47.8167
47.7884
47.7504
47.7768
47.8202
47.8504
47.9138
47.8571
47.8737
47.8415
47.8351
47.7935
47.8084
47.8111
47.8491
47.8684
47.8063
47.8066
47.8022
47.8316
47.8332
47.8282
47.8233
47.8068
47.8348
47.8267
47.8004
47.7931
47.8343
47.8182
47.8035
47.811
47.8298
47.8081
47.8312
47.8282
47.818
47.8432
47.8272
47.8109
47.8039
47.8293
47.8177
47.8389
48.4333
48.5435
48.2482
48.5521
48.1285
48.621
48.8292
48.5134
47.7509
47.5238
48.0193
47.89
47.4801
47.5572
47.4641
48.1205
48.1618
48.3093
48.1089
48.08
48.2588
48.3882
48.1604
48.2249
47.4928
47.1826
47.4493
47.2682
47.3907
47.0365
47.3378
47.6173
47.5406
48.0279
47.9934
47.9691
48.0758
48.0191
48.004
47.7192
47.7421
47.7056
47.6944
47.7158
47.8848
47.8902
47.9411
47.9014
47.8994
47.7758
47.7892
47.748
47.7535
47.7688
47.882
47.8928
47.8543
47.8501
47.8461
47.8736
47.8714
47.8721
47.8671
47.7817
47.8339
47.8131
47.7924
47.7744
47.8281
47.8099
47.7796
47.8491
47.8676
47.8349
47.858
47.8635
47.8499
47.8708
47.8338
47.827
47.8222
47.8393
47.8367
47.8358
48.5111
48.383
48.7058
48.7081
48.7193
48.5711
48.4988
48.6163
48.0397
47.4356
48.3082
48.1073
47.4038
47.304
47.1229
48.1857
48.1509
48.3986
48.1977
48.2446
48.2527
48.3267
48.1908
48.214
47.2993
46.8963
47.2237
46.9317
47.1917
46.8382
47.1452
47.4811
47.4384
48.1033
48.0295
48.0217
48.1138
48.008
48.0171
47.6893
47.6948
47.664
47.6808
47.6699
47.9104
47.9031
47.9353
47.9139
47.9069
47.7416
47.7548
47.7311
47.7316
47.7442
47.9017
47.9103
47.885
47.8906
47.8831
47.906
47.8926
47.9059
47.8986
47.7821
47.8217
47.8034
47.7844
47.7987
47.8163
47.8258
47.7765
47.8841
47.8979
47.8669
47.885
47.8892
47.8805
47.8956
47.8463
47.8474
47.8421
47.8518
47.8567
47.8388
48.2466
48.1043
48.3315
48.3195
48.3132
48.0829
48.1485
48.0408
48.0364
47.3241
47.9768
47.8717
47.2768
46.9551
46.7584
48.1135
48.0894
48.2178
48.1455
48.1637
48.0994
48.0823
48.0846
48.0832
47.002
46.8292
47.1054
46.4976
46.9171
46.9459
47.1521
47.4071
47.401
48.1044
47.9681
47.997
48.0746
47.9469
47.9712
47.667
47.6855
47.6507
47.6858
47.71
47.9186
47.9133
47.9329
47.9281
47.926
47.7326
47.7355
47.7194
47.7318
47.7261
47.917
47.9227
47.898
47.9177
47.9147
47.9181
47.9003
47.9256
47.9242
47.7993
47.8131
47.8368
47.7802
47.7809
47.8048
47.8217
47.7592
47.9118
47.9221
47.8919
47.9053
47.9055
47.9038
47.9131
47.8571
47.8664
47.8589
47.8605
47.8745
47.8411
47.9803
47.9041
47.9041
48.0042
47.8872
47.8185
47.8979
47.8052
47.8127
47.3049
47.6967
47.7123
47.3507
46.8061
47.0767
48.0413
47.9741
47.9655
48.0117
47.9845
47.9205
47.8922
47.9357
47.9032
47.0176
47.1463
47.2517
46.8702
47.1411
47.3291
47.3934
47.4368
47.5377
48.0358
47.9424
47.9573
48.0022
47.9909
47.9641
47.7061
47.7385
47.6754
47.7036
47.7662
47.941
47.9386
47.9832
47.9798
47.9518
47.7277
47.7195
47.6942
47.7185
47.7064
47.9401
47.9549
47.9022
47.9282
47.9274
47.9526
47.9115
47.9421
47.9346
47.7519
47.7928
47.7877
47.7675
47.7183
47.7816
47.7636
47.7326
47.9342
47.9519
47.9143
47.9218
47.9307
47.9289
47.9319
47.864
47.8829
47.8694
47.8654
47.8897
47.8352
47.8407
47.806
47.767
47.8063
47.7578
47.7228
47.7608
47.7223
47.5445
47.5425
47.5302
47.471
47.7433
47.4099
47.6523
47.9278
47.9063
47.8403
47.8801
47.846
47.8508
47.809
47.8527
47.8067
47.3416
47.4884
47.5154
47.4672
47.4921
47.6227
47.6106
47.6284
47.7038
47.9787
48.0226
47.985
47.9646
48.0182
47.9911
47.6851
47.7608
47.6598
47.6455
47.7465
48.0361
47.9964
48.0765
48.0623
48.044
47.6915
47.6853
47.6204
47.6565
47.6602
47.9723
48.0105
47.9219
47.9738
47.9458
47.9871
47.935
48.0029
47.9648
47.7006
47.773
47.7523
47.7455
47.6924
47.7652
47.7439
47.6968
47.9713
47.9874
47.9412
47.9436
47.9717
47.9558
47.9565
47.8681
47.8988
47.8849
47.8722
47.9071
47.8268
47.7989
47.8148
47.6927
47.7551
47.7082
47.6859
47.7726
47.7104
47.4983
47.7529
47.5633
47.5392
47.7159
47.6845
47.6858
47.9071
47.9251
47.8046
47.8493
47.7925
47.8707
47.8182
47.8643
47.8012
47.5961
47.7355
47.653
47.6308
47.6465
47.7423
47.6443
47.7402
47.7359
47.9627
48.0112
47.9968
47.9732
48.0199
48.0068
47.5931
47.6824
47.5446
47.5153
47.6041
48.0606
48.0653
48.0817
48.0558
48.0776
47.5995
47.6204
47.5085
47.5336
47.5727
48.0419
48.0651
47.943
48.0237
47.982
48.0332
47.9474
48.0419
48.0009
47.6854
47.7528
47.7313
47.7059
47.6649
47.7333
47.7021
47.6321
48.0004
48.0194
47.9678
47.9717
47.9998
47.9779
47.9854
47.8776
47.9161
47.8948
47.8766
47.9226
47.8038
47.8538
47.9131
47.7074
47.8126
47.7299
47.756
47.8683
47.7746
47.6051
47.7313
47.688
47.6746
47.7644
47.6797
47.6713
47.964
48.0183
47.8553
47.9006
47.8335
47.9707
47.9116
47.9554
47.8865
47.6416
47.6843
47.5943
47.6237
47.5814
47.6135
47.499
47.6641
47.531
48.0009
48.0452
48.0312
48.0444
48.0853
48.0692
47.4132
47.4664
47.267
47.2547
47.2972
48.0626
48.0919
48.112
48.0868
48.1135
47.4295
47.4847
47.2852
47.2868
47.3559
48.0887
48.1181
47.9499
48.0617
48.0188
48.0734
47.9579
48.0857
48.0402
47.617
47.703
47.6648
47.5981
47.5558
47.6576
47.5988
47.4689
48.0399
48.0665
47.9867
47.9991
48.0259
47.9963
48.0114
47.8709
47.9292
47.8926
47.8626
47.9349
47.7597
47.9842
48.0647
47.8314
47.9383
47.8446
47.9183
48.0223
47.9263
47.7598
47.7794
47.8424
47.8316
47.8013
47.6471
47.6339
48.0859
48.1666
47.983
48.0248
47.9491
48.13
48.0653
48.1091
48.0228
47.482
47.521
47.3703
47.5108
47.3729
47.3869
47.1928
47.3376
47.0937
48.1032
48.1392
48.1216
48.1751
48.2075
48.1879
47.0204
47.042
46.7849
46.7073
46.7081
48.1274
48.1497
48.2144
48.1833
48.2012
47.0426
47.1544
46.7636
46.74
46.9024
48.1577
48.2076
47.9757
48.1181
48.0658
48.1486
48.009
48.1602
48.1016
47.4436
47.5962
47.514
47.4137
47.3044
47.5252
47.4022
47.1573
48.0944
48.1329
48.0086
48.0315
48.0704
48.0253
48.0503
47.8542
47.9454
47.8959
47.8506
47.9616
47.6918
48.159
48.2628
48.0055
48.1079
48.0105
48.1008
48.2055
48.1028
47.8886
47.8161
47.9653
47.942
47.8457
47.609
47.5691
48.2568
48.359
48.1575
48.2069
48.1075
48.3365
48.2647
48.3187
48.2092
47.2248
47.2547
46.9993
47.33
47.0926
47.1161
46.8184
46.8094
46.4824
48.2609
48.2885
48.2673
48.3601
48.3821
48.3591
46.2494
46.1837
45.9118
45.4924
45.3947
48.2529
48.2664
48.3715
48.3346
48.3443
46.2124
46.5671
45.5869
45.4783
46.1132
48.2704
48.3451
48.0589
48.215
48.1484
48.2688
48.1226
48.2802
48.2057
47.1144
47.4437
47.2748
47.1526
46.8856
47.3558
47.1198
46.6127
48.1785
48.2365
48.0487
48.0865
48.1491
48.0813
48.1286
47.8507
47.983
47.9062
47.8533
48.006
47.619
48.381
48.5207
48.2068
48.3153
48.2082
48.3287
48.4447
48.3322
48.0178
47.8852
48.1373
48.1067
47.9797
47.5439
47.5853
48.4764
48.6133
48.3864
48.4435
48.3312
48.6104
48.5332
48.5857
48.4752
46.9801
47.0055
46.6132
47.2751
46.9344
46.9183
46.3925
46.0615
45.574
48.4734
48.4866
48.4629
48.6023
48.6035
48.5801
44.3518
44.0042
44.1791
42.6525
41.5369
48.4277
48.4322
48.5756
48.5324
48.5304
44.1025
45.4545
42.9131
41.7977
44.3921
48.4301
48.5242
48.1999
48.3572
48.278
48.4342
48.2866
48.4437
48.3571
46.5914
47.2551
46.9411
46.8446
46.2435
47.156
46.7419
45.6241
48.3073
48.388
48.1262
48.1903
48.2777
48.1831
48.2578
47.8658
48.0414
47.9511
47.8992
48.085
47.5837
48.6934
48.8885
48.4875
48.6006
48.4858
48.6678
48.7838
48.6634
48.2585
48.1113
48.4683
48.4439
48.2874
47.7515
47.9331
48.7676
48.9461
48.7074
48.752
48.6408
48.9667
48.9069
48.9367
48.8316
47.0851
46.856
46.2522
47.6217
47.1523
46.792
46.1996
45.0425
44.3051
48.7446
48.7326
48.7077
48.9022
48.8731
48.8489
40.5165
34.7595
40.8906
38.0574
21.8602
48.6474
48.6379
48.8248
48.7726
48.7528
35.0855
42.7998
38.3336
22.7231
40.0319
48.6268
48.7361
48.382
48.5383
48.447
48.6335
48.4867
48.64
48.5426
45.8123
47.068
46.5207
46.5872
45.2839
47.0098
46.2854
43.7552
48.4798
48.5799
48.2556
48.3481
48.4542
48.3422
48.4488
47.9505
48.1536
48.0685
48.015
48.2353
47.6345
49.0993
49.3152
48.8635
48.9915
48.8674
49.0796
49.2128
49.0866
48.6593
48.5187
48.9557
48.9295
48.7773
48.1939
48.5035
49.1452
49.3675
49.1259
49.1435
49.0513
49.3927
49.3664
49.3727
49.2914
47.1372
46.7342
45.8015
47.9622
47.2072
46.7129
44.9788
43.0646
40.3038
49.0755
49.0219
49.0007
49.2544
49.1752
49.159
36.0465
13.9188
29.1098
-6.33883
34.0721
17.1237
-31.5816
-10.8843
-10.5766
-1.11589
-6.08703
-0.898374
48.904
48.8731
49.102
49.0408
48.9992
14.5658
35.8416
35.1073
16.5675
29.0163
-4.73674
-7.38619
-6.44697
0.821415
-10.8117
1.0468
48.8489
48.9662
48.5935
48.7453
48.6428
48.8517
48.701
48.8527
48.7489
44.7505
46.992
46.1224
46.4838
44.2933
47.0427
46.0174
39.0726
48.6862
48.7892
48.4434
48.5666
48.6737
48.5535
48.6906
48.1121
48.3434
48.2629
48.2434
48.4584
47.8466
49.5429
49.7333
49.3144
49.4367
49.3232
49.5112
49.621
49.5449
49.2442
49.2345
49.4955
49.4999
49.6285
48.9077
49.342
49.5996
49.8298
49.612
49.6123
49.5425
49.8584
49.8378
49.8637
49.7868
47.3516
46.8916
44.1074
48.414
47.2131
47.4352
43.0067
38.329
36.5258
10.7294
6.38293
10.9538
49.4458
49.3349
49.3238
49.6089
49.4813
49.4716
7.06642
35.4331
21.3238
31.77
16.9493
36.4352
24.1945
0.424432
2.79272
-1.97489
5.21587
2.07073
7.27495
0.220254
49.1785
49.1265
49.3863
49.3136
49.2547
22.2066
32.2389
9.00942
36.3931
24.8494
34.5547
19.1375
-0.831128
1.56569
2.77332
8.22268
1.21137
7.26
3.65775
49.0785
49.1927
48.8059
48.9541
48.8458
49.0627
48.9038
49.0534
48.9425
44.1363
47.1916
46.0845
46.9666
43.9626
47.4475
46.4267
36.4933
10.9081
8.46431
11.5136
48.8935
48.9892
48.6748
48.8224
48.8924
48.7887
48.9494
48.4178
48.6001
48.5043
48.5899
48.7339
48.2733
49.8368
49.7142
49.7057
49.7535
49.7365
49.8868
49.7354
49.8337
49.6487
49.8896
49.8402
49.8136
50.1648
49.6836
49.9845
50.0441
49.9555
49.9358
50.0675
49.9378
50.0173
49.815
50.0058
49.8607
47.8046
48.4169
43.8365
49.4338
48.1702
49.1564
45.0009
37.744
15.7903
39.3337
15.7927
8.36542
6.1822
9.15981
12.6546
49.7715
49.6136
49.6199
49.7811
49.7129
49.6802
21.2215
36.7726
26.2782
36.6426
22.8361
37.5031
27.6546
2.22705
10.5557
1.84728
9.24882
4.39178
11.6894
2.41451
49.4465
49.379
49.6562
49.5717
49.5009
26.5281
37.2558
24.8643
37.18
27.637
38.0542
24.4018
2.86907
12.366
5.49865
12.5241
2.96469
11.9456
5.69194
49.2945
49.3852
48.9836
49.1354
49.023
49.2186
49.0406
49.2024
49.0832
44.5683
47.8019
47.0207
47.7902
45.6839
48.2059
47.711
21.1256
41.4093
18.3798
15.9125
11.9461
12.2036
49.0704
49.1318
48.8964
49.0589
49.0664
48.9816
49.1452
48.7634
48.8617
48.7442
48.9147
48.9775
48.7584
49.5619
49.4486
49.9221
49.6259
49.8433
49.9483
49.546
49.8612
50.0497
50.2985
50.1866
50.1789
50.204
50.0972
49.8701
49.8059
49.764
49.4465
49.8343
49.6701
49.5558
49.3152
49.7114
49.4981
48.2348
49.1716
46.1693
49.4736
48.4958
48.9735
47.1489
39.2384
11.1756
43.1847
6.20443
12.7692
49.7855
49.7782
49.6909
49.8179
49.892
49.7839
20.2155
39.3692
28.5219
35.7591
11.8848
40.6322
26.0995
6.16863
10.9913
1.65591
1.03577
7.29182
3.02677
1.84271
49.6918
49.5964
49.9453
49.8477
49.6697
28.5805
39.7595
22.4005
39.4934
27.0133
40.0728
18.1313
2.22886
10.9363
5.2086
7.37826
1.50747
5.77573
7.66529
49.4468
49.4498
49.063
49.2394
49.118
49.2221
49.0372
49.2418
49.1258
47.3831
48.5633
48.4403
48.5295
48.4033
48.8426
48.8856
46.4733
49.1709
49.1873
49.0404
49.2006
49.136
49.0782
49.2328
49.0377
49.0722
48.9285
49.1356
49.1329
49.1113
49.4636
49.4539
49.9537
49.6204
49.8406
49.7493
49.5654
49.6693
50.025
49.9138
49.8047
49.7551
49.5779
49.613
49.4356
49.6831
49.5703
49.3595
49.5903
49.3646
49.4763
49.3386
49.476
49.2706
48.8136
48.8925
47.8442
49.2375
49.0173
48.8366
48.3554
46.4878
47.8954
49.81
49.974
49.9445
49.6697
49.8249
49.8203
44.0617
30.1558
46.9977
46.5942
40.419
-11.2864
-2.50034
49.842
49.6476
49.7878
49.5949
49.369
30.227
45.8829
46.6183
42.3005
48.6254
-3.26492
49.3639
49.0588
48.9678
49.2038
49.1005
48.9135
48.8378
49.112
49.0543
48.9857
49.0109
49.1963
49.0308
49.315
49.111
49.4144
49.5397
49.1768
49.1469
49.0988
49.2379
49.1135
49.1043
49.2356
49.2074
49.1715
49.0083
49.243
49.1832
49.2894
49.3955
49.3199
49.5513
49.4489
49.4777
49.3803
49.3341
49.2981
49.4922
49.3395
49.4296
49.2669
49.1847
49.3574
49.3198
49.4416
49.3292
49.2571
49.3515
49.1318
49.3054
49.1688
49.2274
49.0099
49.1671
48.8739
48.7405
49.173
49.1916
48.9251
48.9844
48.8728
49.1463
49.4778
49.5584
49.5189
49.313
49.2941
49.2655
48.1997
46.9023
49.0808
48.8866
48.8405
49.1788
48.7432
49.0034
48.8306
48.0346
48.0174
49.212
49.3676
49.4962
49.6969
48.5656
47.9679
48.6613
48.9612
48.9804
48.209
48.4704
48.7912
48.902
49.4792
49.1783
49.4985
49.1671
49.5538
49.2127
49.5197
49.7286
49.0971
49.0463
49.0903
49.2086
49.0536
49.0773
49.1832
49.2475
49.1764
49.0288
49.2458
49.1661
49.3302
49.2529
49.2162
49.2565
49.2438
49.1552
49.1953
49.1923
49.0611
49.1174
49.1105
49.2508
49.0143
49.0881
49.335
49.3345
49.241
49.1954
49.0957
49.1301
48.9148
49.176
49.0536
49.0777
48.8633
49.3003
48.9935
49.1317
49.22
49.3202
49.0575
49.2412
49.3782
49.4495
49.1938
49.1064
49.0906
49.1234
49.0262
49.0226
49.1721
49.2317
49.4668
49.3403
49.4317
48.6678
47.7302
48.7777
48.6838
47.8016
49.5783
49.5899
49.5734
49.7172
49.6806
47.7679
48.0816
48.4063
48.7075
48.8833
48.2151
48.4671
48.8079
48.9489
49.5377
49.2355
49.5086
49.2571
49.5153
49.2876
49.4972
49.6112
49.0178
49.0564
49.0649
49.1581
49.0704
49.071
49.1464
49.236
49.161
49.0658
49.2316
49.1719
49.3298
49.2087
49.2314
49.1622
49.1788
49.0154
49.1859
49.196
49.0129
48.9665
49.0931
49.2761
48.9888
49.1265
49.3944
49.407
49.1866
49.2084
49.0413
49.0577
48.8548
49.1691
49.0578
49.0699
48.8818
49.4174
49.1009
49.3309
49.2634
49.4578
49.1433
49.4113
49.59
49.6066
49.1057
49.0377
49.041
49.1164
49.0858
49.0831
49.4383
49.5163
49.6068
49.5009
49.5779
48.8472
48.1356
49.0438
49.029
48.7464
49.7117
49.6393
49.6125
49.7386
49.6523
48.52
49.0796
48.6592
49.0746
49.1164
49.1925
49
49.4184
49.3529
49.5003
49.3207
49.4856
49.333
49.4935
49.3556
49.4868
49.5702
49.1525
49.3045
49.0949
49.1566
49.2027
49.1444
49.1707
49.2394
49.1947
49.1549
49.2715
49.225
49.3731
49.2854
49.3568
49.2327
49.2475
49.0494
49.3186
49.3184
49.1245
49.0457
49.1925
49.4377
49.1452
49.2786
49.4811
49.5156
49.2498
49.3208
49.105
49.1103
48.9299
49.2768
49.1745
49.1752
48.9983
49.5166
49.1842
49.4697
49.3572
49.582
49.2128
49.5366
49.7242
49.7739
49.1613
49.1503
49.1289
49.2276
49.2294
49.1913
49.5661
49.6565
49.766
49.6304
49.7267
49.1268
49.2164
49.2199
49.1931
49.3058
49.7992
49.6844
49.7241
49.8596
49.733
49.4108
49.4285
49.2693
49.5138
49.3896
49.3687
49.174
49.3892
49.2997
49.5071
49.3925
49.5007
49.4145
49.5498
49.4295
49.5295
49.64
49.3521
49.2415
49.165
49.1903
49.1479
49.1083
49.1733
49.3189
49.259
49.2495
49.3553
49.2961
49.4238
49.4545
49.5872
49.4109
49.4128
49.2255
49.5253
49.5298
49.3393
49.2648
49.3825
49.6396
49.3901
49.4912
49.5895
49.6732
49.42
49.5423
49.2613
49.2715
49.0798
49.5125
49.3726
49.3877
49.1777
49.6312
49.2286
49.5853
49.4924
49.7004
49.281
49.6461
49.8349
49.8979
49.3178
49.3214
49.2674
49.4313
49.4316
49.3661
49.7001
49.8119
49.8935
49.7713
49.9011
49.2505
49.3157
49.3705
49.3193
49.3386
49.9523
49.8053
49.8937
50.0363
49.8917
49.3764
49.3539
49.1369
49.3259
49.2317
49.308
49.121
49.2858
49.1852
49.6279
49.481
49.6023
49.5683
49.7328
49.5724
49.704
49.842
49.1996
49.2034
49.0379
49.1253
49.1173
49.13
49.2216
49.3807
49.3097
49.3634
49.426
49.3771
49.5491
49.7369
49.8944
49.6661
49.6661
49.4684
49.8194
49.8102
49.611
49.5285
49.5895
49.9295
49.6877
49.756
49.77
49.8883
49.6745
49.8196
49.5061
49.5221
49.2991
49.8128
49.6521
49.6631
49.4176
49.785
49.3193
49.7033
49.7172
49.8714
49.4309
49.7983
49.9555
50.0285
49.5551
49.5632
49.4779
49.689
49.7054
49.6025
49.8465
49.9852
50.0221
49.9542
50.0842
49.4096
49.403
49.583
49.5178
49.4928
50.1135
49.9832
50.0953
50.183
50.1033
49.3745
49.4274
49.1288
49.2807
49.1936
49.3153
49.1393
49.2986
49.2016
49.8365
49.6583
49.8096
49.7113
49.9482
49.7386
49.9166
50.0716
49.2085
49.2113
49.261
49.3172
49.1499
49.2371
49.266
49.4586
49.4201
49.3453
49.4329
49.3771
49.6828
50.0772
50.3414
49.9705
49.9577
49.7523
50.2136
50.1774
49.954
49.8024
49.8386
50.2472
49.9954
50.0361
49.9537
50.1425
49.9859
50.2721
49.8186
49.8263
49.5564
50.2545
50.0395
50.0462
49.7319
49.9843
49.5271
49.9098
49.9944
50.1572
49.7037
50.0714
50.1237
50.296
49.8428
49.8733
49.749
50.0685
50.113
49.9477
50.0748
50.201
50.2299
50.2182
50.3382
49.6467
49.6094
49.9509
49.8147
49.7918
50.2684
50.2406
50.3257
50.3622
50.3895
49.5318
49.7842
49.1387
49.3425
49.2041
49.5277
49.2197
49.5379
49.3345
50.0936
49.8287
50.0454
49.9189
50.2817
49.9657
50.1939
50.3809
49.2059
49.3303
49.1337
49.1483
49.186
49.1158
49.1303
49.4284
49.2386
49.234
49.5344
49.2061
49.9142
50.2374
50.3019
50.0263
49.8502
49.9472
50.0241
50.1114
50.152
49.9519
49.9964
49.7612
49.6891
49.537
49.3921
49.6502
49.3314
49.4293
50.1368
49.7197
50.0624
50.3596
50.0538
50.077
49.9617
49.5332
49.6505
49.3508
49.1174
49.1104
48.9394
49.2756
48.9972
49.2527
49.9586
49.7247
50.0387
50.3104
50.46
49.8507
49.7928
49.2672
49.5225
49.2418
48.8957
49.0208
48.8904
49.3675
49.096
49.4476
50.2061
49.9586
50.2933
50.4892
50.5123
49.7246
49.2587
49.4687
49.3217
48.9751
49.137
49.0619
49.5861
49.2712
49.6141
50.4049
50.0643
50.3332
49.3217
49.1483
49.2816
49.6899
49.2576
124.908
133.518
131.536
73.6007
78.693
102.42
104.873
98.8117
125.731
112.505
76.6513
72.8748
85.9859
74.2888
138.611
202.252
154.852
112.411
107.437
132.404
113.522
128.832
131.744
125.702
115.771
113.569
115.55
111.082
120.981
124.872
118.656
100.652
86.0424
104.437
92.9495
80.9339
102.351
85.445
76.4501
73.5352
81.1426
75.2112
175.108
174.675
156.54
168.896
147.071
132.511
143.645
143.946
158.543
156.952
132.375
122.588
146.435
144.354
122.119
145.279
123.376
106.609
84.4144
114.07
79.1731
80.8722
82.4234
78.2739
74.5311
73.4016
71.9251
74.1937
151.412
133.141
131.552
130.055
129.774
103.461
100.938
109.855
119.762
93.022
113.534
81.2148
91.7817
82.8437
67.7382
71.9992
71.4442
70.7276
70.8039
67.506
68.3702
70.1035
68.7046
69.0442
69.9903
71.1174
68.6469
70.2541
80.083
74.831
74.5706
70.5661
68.8943
67.0071
67.3655
90.8448
103.453
126.141
69.2639
67.4933
81.8002
78.3132
70.0571
67.8952
68.6336
67.4847
67.6448
67.4241
67.6571
69.6229
68.6695
69.1971
66.9563
67.3648
67.5679
67.1004
66.8743
66.8788
67.3394
64.8456
64.8798
65.6957
66.012
66.0457
70.3164
66.1954
64.8931
65.4069
65.4392
65.048
65.3599
66.0785
66.0678
63.4269
63.4204
64.3085
64.1776
65.4921
65.9483
65.3285
63.2854
63.8879
64.0844
63.8086
62.7473
63.7378
63.9625
61.245
61.1329
62.0981
62.0194
63.479
62.0175
63.0186
60.4942
61.2426
59.8469
60.4247
61.8088
62.781
62.3636
60.3498
60.2707
61.1793
60.762
62.1699
62.1804
62.3841
60.0769
60.2756
60.3803
61.0061
59.7713
60.4146
60.3646
58.365
58.5274
58.7382
58.7743
59.2714
58.4936
58.4401
57.4174
57.6187
57.4426
56.8802
58.7861
59.4919
59.162
57.9358
57.5722
57.6834
57.7428
57.6726
58.8022
58.7103
57.0501
55.6732
57.2792
55.928
57.1997
57.1962
57.2331
55.5569
55.7982
55.7601
55.9363
56.2794
56.262
55.5481
55.3679
55.1472
55.3639
54.5943
56.6817
55.8617
56.4784
56.2093
55.9447
54.1894
55.3498
54.9718
55.8562
54.5818
55.2625
54.4494
54.7095
53.9466
54.4611
54.4365
54.7937
53.1829
53.3285
53.2508
53.7508
54.17
54.3703
54.154
53.4059
53.2669
52.5946
53.8469
55.3387
52.7633
54.21
53.4607
54.8257
51.6537
53.0061
53.8271
53.9145
53.4088
53.9186
53.1348
53.288
52.7817
52.4154
52.2135
52.7056
51.2362
51.6759
51.2394
51.8794
52.4682
50.8451
51.9614
50.6351
51.8013
50.2121
50.2722
54.1294
50.8602
52.1386
51.1171
53.4704
50.3565
51.7818
52.483
52.7946
52.1926
52.9466
51.8526
52.917
51.846
51.1608
50.6157
51.3158
50.2678
50.8638
50.3228
50.9059
51.1875
50.0046
49.838
49.9398
50.5906
49.8612
49.8863
52.7131
50.0835
51.6822
49.3703
51.2647
50.0609
51.6988
51.0902
53.7829
51.7475
53.3633
50.3022
55.1222
51.15
50.735
50.2013
50.7043
50.4114
50.7328
50.3311
50.7239
50.3663
49.8067
50.0014
50.2442
50.6097
49.8843
50.1304
47.9818
48.6708
49.5185
47.3912
46.3741
47.024
46.3882
48.8263
52.1177
48.6894
46.0088
47.2098
45.9872
46.5846
50.9473
50.4541
50.9479
47.7253
48.8344
48.5289
49.3432
51.2814
49.8206
50.3353
49.3336
50.302
48.2651
49.1246
47.0784
47.0513
46.8447
47.6018
47.368
47.4225
47.3401
46.9424
46.2889
46.7152
47.3478
47.2957
47.3391
47.2555
46.7514
46.9311
46.6277
47.5478
47.3665
47.2566
46.9085
47.2853
47.1757
47.1305
47.0539
46.8541
47.3663
47.1178
47.4299
47.5928
47.4351
47.6063
47.4906
47.5943
47.4912
47.5689
47.6643
47.6029
47.6318
47.6437
47.5989
47.6918
47.709
47.6038
47.4969
47.5877
47.6772
47.6633
47.653
47.4516
47.6102
47.5146
47.5909
47.6144
47.647
47.5999
47.555
47.5822
47.5374
47.6559
47.5997
47.5716
47.5564
47.6035
47.5481
47.6539
47.5764
47.5659
47.5357
47.6045
47.6115
47.5918
47.6085
47.4799
47.5576
47.5388
47.5541
47.5634
47.6047
47.5686
47.5452
47.5505
47.5768
47.5523
47.6185
47.5476
47.5481
47.5966
47.6059
47.4961
47.5307
47.5547
47.5293
47.5831
47.5801
47.5642
47.5058
47.5792
47.5137
47.5497
47.5355
47.457
47.4703
47.596
47.5382
47.5564
47.558
47.5409
47.553
47.5628
47.5046
47.5226
47.5627
47.4646
47.5084
47.502
47.5127
47.4367
47.4766
47.5669
47.4618
47.5673
47.4958
47.5428
47.4123
47.536
47.4672
47.6442
47.5666
47.5059
47.4955
47.628
47.5804
47.5468
47.4514
47.5032
47.4995
47.5207
47.4659
47.4962
47.4675
47.4064
47.4412
47.4059
47.4194
47.3644
47.3923
47.4964
47.3675
47.4886
47.3816
47.4381
47.3234
47.4264
47.4907
47.5796
47.5406
47.4829
47.4436
47.5271
47.4586
47.4624
47.498
47.4697
47.4643
47.4012
47.4959
47.4223
47.3653
47.3119
47.3339
47.3017
47.3062
47.2524
47.2686
47.3798
47.2729
47.3636
47.2729
47.3255
47.2242
47.3044
47.3776
47.4582
47.3929
47.3589
47.3044
47.3918
47.3494
47.3379
47.4355
47.3471
47.3366
47.2643
47.3242
47.2502
47.24
47.1905
47.2026
47.1621
47.1719
47.1175
47.1287
47.2709
47.1735
47.2491
47.1644
47.2095
47.1161
47.1733
47.2183
47.3089
47.2654
47.1913
47.1339
47.1995
47.1349
47.1595
47.1743
47.1085
47.0981
47.0355
47.0009
46.9425
47.1016
47.0341
47.0434
47.0211
47.0309
46.9666
46.9637
47.1411
47.055
47.0909
47.0203
47.0614
46.9839
46.9863
47.0504
47.0725
47.0008
46.9848
46.9604
46.9454
46.8673
46.9011
46.8071
46.7614
46.7982
46.7543
46.6021
46.5525
46.9562
46.8947
46.8851
46.8808
46.8781
46.8118
46.8092
46.9776
46.9003
46.8709
46.8716
46.8985
46.8429
46.7846
46.8734
46.8196
46.748
46.7851
46.781
46.7086
46.6477
46.6099
46.3967
46.3426
46.509
46.4701
46.2056
46.1276
46.8044
46.7171
46.7263
46.744
46.7633
46.6354
46.6575
46.8221
46.7786
46.7205
46.7319
46.7496
46.7172
46.6598
46.6852
46.6074
46.55
46.6275
46.6096
46.5189
46.4504
46.3325
46.0564
45.9473
46.2739
46.2089
45.9622
45.8204
46.7554
46.5812
46.6299
46.6533
46.739
46.5339
46.6206
46.6903
46.6601
46.6211
46.6343
46.6495
46.6043
46.6006
46.5471
46.4488
46.3687
46.5204
46.4956
46.4007
46.3075
46.1124
45.9273
45.743
46.163
46.0436
45.9406
45.7155
46.6738
46.4689
46.5909
46.499
46.5759
46.4075
46.5407
46.6227
46.5361
46.6026
46.5965
46.6038
46.4732
46.6041
46.4556
46.3722
46.2659
46.4708
46.4373
46.3598
46.2514
46.0073
45.989
45.7279
46.1672
46.0043
46.0548
45.77
46.4916
46.4027
46.5041
46.4475
46.4465
46.4116
46.4787
46.5681
46.4221
46.5827
46.4466
46.5115
46.3819
46.5374
46.4326
46.3606
46.2504
46.4754
46.4435
46.3747
46.2808
46.0242
46.1301
45.8347
46.2485
46.0794
46.2054
45.9212
46.4482
46.4328
46.4758
46.5082
46.4678
46.4561
46.4777
46.4646
46.361
46.5046
46.4336
46.4572
46.3621
46.4783
46.4571
46.4006
46.3092
46.5148
46.4819
46.4316
46.3594
46.1443
46.2791
46.024
46.358
46.243
46.3714
46.1585
46.4836
46.4795
46.4809
46.5588
46.4855
46.4966
46.481
46.4494
46.3576
46.4292
46.3923
46.4011
46.3385
46.3579
46.5077
46.4729
46.4009
46.5631
46.5316
46.5004
46.4427
46.3296
46.4636
46.2987
46.4764
46.4084
46.5542
46.4308
46.4807
46.515
46.4874
46.5663
46.4734
46.5282
46.4901
46.3399
46.3094
46.2971
46.2839
46.2931
46.2767
46.2145
46.5529
46.5497
46.4798
46.6157
46.5755
46.584
46.5138
46.4614
46.642
46.5318
46.6002
46.5048
46.7075
46.6131
46.4713
46.5494
46.5042
46.5367
46.488
46.5822
46.5395
46.2518
46.2563
46.1176
46.2776
46.2277
46.2612
46.088
46.598
46.6197
46.5414
46.6665
46.6254
46.6506
46.5698
46.5305
46.754
46.6571
46.6762
46.5595
46.7805
46.6842
46.536
46.6329
46.603
46.5923
46.6262
46.6842
46.6895
46.2686
46.3266
46.2842
46.5375
46.422
46.4705
46.6521
46.6575
46.6828
46.6013
46.7296
46.6898
46.7157
46.6318
46.5939
46.7967
46.6982
46.7311
46.629
46.8064
46.7069
46.7467
46.736
46.7767
46.7784
46.8509
46.7931
46.8433
46.8589
46.6345
46.9487
46.921
47.3115
46.7619
47.0057
46.7235
46.7514
46.6669
46.8032
46.7547
46.7864
46.7002
46.6645
46.8161
46.728
46.7744
46.6961
46.8244
46.7499
46.9173
46.8418
46.8945
46.9131
46.9517
46.8798
46.9361
47.4256
46.8806
47.0207
47.0337
47.343
46.9444
46.9795
46.7846
46.8217
46.7361
46.8693
46.8073
46.8528
46.7668
46.7268
46.834
46.7747
46.8177
46.7541
46.8395
46.797
46.9764
46.906
46.9677
46.9875
46.9902
46.9177
46.9837
47.1916
46.9866
46.9861
47.0548
47.0971
46.9991
46.9628
46.8312
46.8811
46.7941
46.9157
46.8501
46.903
46.8134
46.7808
46.8435
46.8192
46.8615
46.8045
46.8414
46.8375
46.9648
46.9132
46.9755
46.9141
46.885
46.8978
46.9525
47.0136
46.9963
46.9356
46.9012
46.9298
46.9828
46.8958
46.8678
46.9177
46.8257
46.9511
46.8885
46.9263
46.8345
46.8251
46.837
46.8524
46.9033
46.8439
46.8305
46.864
46.7932
46.8553
46.8987
46.721
46.7205
46.8223
46.8178
46.8607
46.9475
46.8789
46.5918
46.7875
46.8627
46.8721
46.9123
46.9327
46.8403
46.9728
46.9351
46.9377
46.8424
46.8574
46.823
46.872
46.9331
46.8689
46.8129
46.8808
46.7282
46.8159
46.7894
46.7144
46.7703
46.8364
46.859
46.7207
46.767
46.8379
46.512
46.6771
46.7444
46.7914
46.9487
46.9396
46.8302
47.0039
46.9635
46.9372
46.8151
46.8761
46.8051
46.8898
46.9499
46.8832
46.8012
46.9032
46.8219
46.8691
46.9431
46.9937
46.9721
46.9014
46.9435
46.627
46.7736
46.7977
46.6012
46.6263
46.8264
46.8443
46.987
46.93
46.8043
47.0707
47.0166
46.9253
46.8028
46.891
46.8042
46.9201
46.9515
46.9017
46.8123
46.9466
47.0675
46.9726
46.9244
46.9766
47.0456
47.0343
46.9226
46.6947
46.8561
46.8622
46.9233
46.8236
46.8702
46.8847
47.0449
46.9356
46.7929
47.1891
47.0853
46.9667
46.7945
46.9224
46.8301
46.9793
46.9548
46.9507
46.8702
47.021
46.971
47.0706
46.9335
46.9498
46.9284
47.097
46.9919
46.9644
46.8172
46.9279
46.9096
46.9833
46.8291
46.9627
47.1432
47.017
46.8067
47.3509
47.2137
47.0744
46.8344
46.9818
46.9297
47.0716
46.9758
47.0058
46.9722
47.1139
46.9026
47.1126
47.0382
46.9903
46.858
47.1286
47.0497
46.9368
46.9014
47.0118
46.9284
46.9705
46.9937
47.0679
47.2812
47.1599
46.8891
47.5336
47.332
47.2292
46.9492
47.0023
47.0011
47.1545
46.9145
46.9578
47.0294
47.2014
46.8044
47.163
47.0354
47.1439
46.7694
47.2099
47.032
47.0738
47.0259
47.1128
47.0567
47.1746
47.0496
47.1863
47.3668
47.2215
47.0193
47.583
47.3777
47.1531
47.0917
46.9476
47.0891
47.2503
46.987
47.041
47.1657
47.3227
46.7986
47.2683
47.0421
47.3525
46.8447
47.3181
47.0754
47.2355
47.1102
47.2421
46.9607
47.1599
47.1121
47.1994
47.3901
47.1246
47.2342
47.4738
47.3912
47.1894
47.381
47.1688
47.2716
47.401
47.2876
47.309
47.403
47.4729
46.9393
47.3603
47.173
47.5951
47.1425
47.4414
47.3133
46.9988
47.1764
47.1803
46.8758
46.8041
47.2611
47.2337
47.4031
47.3141
47.5042
47.3625
47.4358
47.4119
47.5485
47.4134
47.4963
47.5101
47.476
47.4731
47.5335
47.5396
47.3816
47.4985
47.4352
47.7315
47.5498
47.5419
47.5249
46.8141
47.4057
47.335
47.3803
47.1231
47.5814
47.4967
47.4493
47.4262
47.5307
47.379
47.4345
47.3589
47.484
47.4951
47.534
47.5539
47.4291
47.4898
47.5187
47.5543
47.6216
47.5622
47.5809
47.7026
47.6387
47.5461
47.5904
47.3785
47.6612
47.651
47.5395
47.4896
47.6575
47.7729
47.3612
47.2781
47.4035
47.2585
47.2588
47.2052
47.3198
47.4615
47.498
47.5489
47.3567
47.4306
47.4813
47.5441
47.6161
47.4657
47.5309
47.6074
47.5725
47.3603
47.4367
47.4872
47.591
47.7488
47.5401
47.4542
47.5135
47.6517
47.1394
47.1678
47.2347
47.1686
47.035
47.1533
47.1853
47.4049
47.4776
47.5426
47.336
47.3925
47.4859
47.5471
47.527
47.2837
47.3465
47.4887
47.4799
47.2101
47.2646
47.4346
47.45
47.5631
47.4597
47.4314
47.3829
47.4668
46.9535
47.1598
47.1807
47.2031
46.9337
47.1992
47.183
47.3954
47.5049
47.5527
47.4054
47.4133
47.534
47.5661
47.4236
47.1399
47.186
47.4115
47.3709
47.0831
47.1085
47.4276
47.3185
47.3905
47.3659
47.4245
47.2489
47.3139
46.9747
47.2811
47.1969
47.3838
47.0504
47.3945
47.2172
47.4355
47.5704
47.5781
47.5488
47.4687
47.6086
47.6003
47.3323
47.087
47.0409
47.4277
47.317
47.1332
46.9771
47.4249
47.194
47.2623
47.2937
47.4263
47.1294
47.2264
47.1383
47.5009
47.257
47.6218
47.2622
47.5842
47.3264
47.512
47.644
47.6224
47.659
47.5672
47.6709
47.6536
47.3157
47.2047
46.9128
47.5771
47.3221
47.3153
46.9279
47.4058
47.0664
47.1847
47.2644
47.3823
47.0079
47.1442
47.4145
47.6577
47.4259
47.7688
47.5653
47.7271
47.5649
47.6239
47.6956
47.6872
47.7485
47.6936
47.723
47.7296
47.3868
47.4362
46.997
47.8493
47.4906
47.5784
47.1027
47.3392
46.9284
47.0418
47.1964
47.2536
46.864
46.9002
47.6772
47.793
47.7208
47.8771
47.8328
47.8513
47.8812
47.7637
47.7597
47.7669
47.8365
47.8286
47.7991
47.8019
47.6623
47.7905
47.2609
48.2673
47.9144
47.9773
47.5561
47.1602
46.8454
46.7054
47.2431
47.0737
46.8977
46.5137
48.0078
47.9245
47.9513
48.0438
48.1105
47.9745
47.9781
47.8698
47.8417
47.8338
47.9116
47.8963
47.8752
47.8579
48.092
48.1734
47.8386
48.3118
48.112
48.3423
47.9695
46.9926
47.0465
46.3583
47.4749
46.8172
47.2544
46.4693
48.1357
48.0094
47.9821
48.1169
48.1095
48.0177
47.9774
47.914
47.9013
47.8764
47.9434
47.9229
47.9141
47.8891
47.9755
48.3201
47.9745
48.1695
47.8383
48.0931
47.8638
46.7482
47.4635
46.7221
47.7456
46.8717
47.57
46.9819
48.0617
48.0109
47.9602
48.0592
48.0111
47.9963
47.9421
47.9301
47.9152
47.9078
47.9247
47.9268
47.9125
47.9152
47.7107
47.9205
47.7826
47.8418
47.6438
47.8075
47.7155
47.0561
47.5533
47.1856
47.4827
47.2646
47.5124
47.3861
47.9706
47.975
47.9309
47.9648
47.9261
47.9591
47.9089
47.9194
47.9124
47.9148
47.924
47.9121
47.9159
47.9158
47.6362
47.7526
47.6523
47.7121
47.6179
47.7272
47.5741
47.4577
47.5172
47.5682
47.3742
47.5868
47.5347
47.7084
47.8921
47.9469
47.8931
47.9027
47.8653
47.9385
47.8843
47.9037
47.9348
47.918
47.9648
47.896
47.9738
47.9295
47.5848
47.7225
47.5296
47.7285
47.5905
47.7358
47.542
47.6186
47.5804
47.7471
47.5412
47.64
47.6672
47.7449
47.8556
47.9377
47.8852
47.8965
47.8563
47.9443
47.899
47.889
47.9979
47.928
47.9763
47.8912
48.0118
47.9225
47.6369
47.7764
47.6276
47.8343
47.7226
47.8409
47.7362
47.6722
47.7558
47.7803
47.7133
47.7096
47.8102
47.7855
47.8723
47.9708
47.9169
47.9672
47.904
48.0105
47.9515
47.9077
48.0263
47.928
48.0228
47.9359
48.0485
47.9456
47.8114
47.9074
47.8154
47.9951
47.9003
47.9779
47.8771
47.7208
47.8247
47.7364
47.8228
47.7087
47.8089
47.6581
47.9524
48.062
47.9971
48.0985
48.0148
48.126
48.0533
47.9779
48.0831
47.9808
48.1259
48.0311
48.13
48.027
47.9921
48.0516
47.9546
48.1725
48.0773
48.1306
48.0333
47.7015
47.8106
47.6003
47.889
47.6825
47.8227
47.5374
48.0916
48.2028
48.1219
48.2881
48.1846
48.2903
48.2062
48.0957
48.1895
48.0874
48.2751
48.1759
48.2613
48.159
48.173
48.2262
48.1129
48.4027
48.2877
48.3422
48.2091
47.7025
47.8524
47.5112
48.0188
47.7774
47.9186
47.5246
48.2969
48.3919
48.3025
48.5358
48.4265
48.5035
48.4109
48.2665
48.3437
48.2406
48.4712
48.372
48.4375
48.3337
48.4331
48.4873
48.328
48.7378
48.5982
48.6674
48.4895
47.9034
48.0084
47.5686
48.3155
48.0789
48.1446
47.6971
48.5709
48.6317
48.5299
48.8427
48.7346
48.7687
48.6693
48.4815
48.5409
48.4318
48.7107
48.6056
48.6524
48.5425
48.8046
48.8755
48.694
49.1868
49.0396
49.1153
48.9289
48.2713
48.3409
47.8724
48.7879
48.5017
48.5723
48.0876
48.9175
48.9182
48.8198
49.1955
49.1086
49.0675
48.9781
48.7342
48.7695
48.6549
48.9704
48.8653
48.8893
48.7653
49.2907
49.3767
49.1932
49.7114
49.5142
49.6691
49.5041
48.8861
48.8482
48.4441
49.3142
49.1965
49.1779
48.8027
49.3074
49.2232
49.1387
49.5572
49.5013
49.3513
49.2839
48.9912
49.0095
48.8693
49.2211
49.1011
49.1203
48.9655
49.682
49.8801
49.7427
49.7375
49.6779
49.7846
49.7108
49.3997
49.4235
49.1144
49.7346
49.7898
49.5476
49.4761
49.6995
49.4584
49.3741
49.7371
49.6316
49.4652
49.381
49.1783
49.2224
49.0378
49.4047
49.2336
49.3005
49.0948
49.6271
49.5509
49.5759
49.3241
49.6389
49.3835
49.5183
49.9738
49.5377
49.5407
49.7652
49.8142
49.4673
49.4472
49.4619
49.4285
49.2762
49.5657
49.4322
49.5623
49.2575
49.1951
49.3315
49.0957
49.5224
49.1633
49.3245
49.0465
49.5839
49.3267
49.4606
49.3818
49.473
49.2204
49.3169
49.5514
49.3558
49.2188
49.4134
49.3472
49.1874
49.0659
49.3267
49.6419
49.217
49.4435
49.1753
49.4943
49.1001
49.1672
49.2689
48.9685
49.3344
48.9511
49.0184
48.7134
49.2824
49.0579
49.1203
49.1568
49.0906
48.9247
48.9438
49.2003
49.0343
48.9516
49.0186
49.0963
48.8775
48.8521
49.018
49.2021
48.8946
49.0971
48.8657
48.9711
48.7342
48.5601
48.5628
48.2966
48.5546
48.3032
47.9185
47.8632
48.9331
48.8443
48.8495
48.9733
48.8385
48.7972
48.7869
49.01
48.7914
48.8359
48.7518
48.9542
48.7501
48.8216
48.7495
48.8411
48.6586
48.9228
48.6964
48.8247
48.6284
48.1349
47.5141
47.6198
48.3802
47.9846
47.5688
47.6317
48.7865
48.7927
48.7588
48.9348
48.7715
48.822
48.7523
48.9198
48.7392
48.8327
48.6886
48.9222
48.7372
48.8705
48.7193
48.8584
48.6611
48.9249
48.76
48.9248
48.7416
48.1318
48.1101
48.0396
48.862
48.5577
48.7753
48.6592
48.7981
48.8745
48.7706
49.0296
48.8611
48.9262
48.8048
48.9602
48.7607
48.9042
48.785
48.9965
48.7802
48.9052
48.8075
48.9633
48.8042
49.0194
48.8726
49.0071
48.8503
48.7903
49.1241
48.9864
49.0848
48.8434
49.168
48.9996
48.9569
48.9789
48.8512
49.2002
49.0635
49.0431
48.9132
49.0798
48.8377
48.9471
49.0162
49.1703
48.9145
49.0007
48.9582
49.0667
48.9231
49.2221
49.0498
49.1481
48.9965
48.9152
49.1876
49.0241
49.1932
48.9804
49.1966
49.0405
49.1967
49.1227
48.987
49.463
49.3422
49.2095
49.0611
49.2715
48.9871
49.02
49.2903
49.425
49.0686
49.1458
49.15
49.2473
49.0758
49.4695
49.2414
49.3469
49.1354
49.047
49.233
49.0669
49.3373
49.0934
49.294
49.0992
49.4887
49.305
49.1709
49.7913
49.6349
49.4645
49.3055
49.5169
49.157
49.2382
49.5437
49.6704
49.2642
49.38
49.3215
49.4646
49.1649
49.7797
49.4681
49.6004
49.279
48.9309
48.9476
48.7901
49.1627
49.0226
49.003
48.8536
49.1268
48.8878
49.0282
49.0236
49.2096
48.9262
49.1372
49.8148
49.454
49.8567
49.5904
49.9127
49.6219
49.9806
49.1105
49.3799
49.1032
49.5581
49.2003
49.4999
49.19
48.8105
48.9801
48.8161
48.9713
48.8347
48.966
48.8515
49.2308
49.0061
49.3268
48.9834
49.2719
49.0397
49.3743
49.9866
49.6726
50.0575
49.7687
50.1146
49.8409
50.2113
48.9045
49.0992
48.9271
49.0153
48.9416
49.1057
49.0084
49.4488
49.2023
49.4824
49.1622
49.5156
49.2338
49.5659
)
;

boundaryField
{
    fbOut
    {
        type            fixedValue;
        value           uniform 0;
    }
    CAD_patch1
    {
        type            zeroGradient;
    }
    fbGasin
    {
        type            zeroGradient;
    }
    CAD_patch3
    {
        type            zeroGradient;
    }
    fbBioin
    {
        type            zeroGradient;
    }
}


// ************************************************************************* //
