/*--------------------------------*- C++ -*----------------------------------*\
| =========                 |                                                 |
| \\      /  F ield         | OpenFOAM: The Open Source CFD Toolbox           |
|  \\    /   O peration     | Version:  5.x                                   |
|   \\  /    A nd           | Web:      www.OpenFOAM.org                      |
|    \\/     M anipulation  |                                                 |
\*---------------------------------------------------------------------------*/
FoamFile
{
    version     2.0;
    format      ascii;
    class       volScalarField;
    location    "9.55";
    object      p;
}
// * * * * * * * * * * * * * * * * * * * * * * * * * * * * * * * * * * * * * //

dimensions      [0 2 -2 0 0 0 0];

internalField   nonuniform List<scalar> 
10571
(
156.972
193.608
169.114
153.994
143.642
202.336
155.359
144.682
137.787
133.722
227.895
212.398
154.204
146.639
136.78
132.325
225.376
164.437
137.042
132.419
131.974
171.057
135.116
132.893
125.919
125.691
128.079
127.896
118.925
131.564
121.998
131.166
127.994
124.48
147.516
130.636
119.225
120.421
122.335
127.713
124.506
102.841
127.283
130.373
129.188
120.818
124.805
128.301
14.5778
37.6672
49.6724
57.5209
10.6734
33.7489
21.7026
17.8588
29.6951
90.5882
49.83
21.0897
12.7467
14.1178
14.7813
95.7755
10.2766
13.7727
54.8787
83.6944
70.5107
20.8619
88.6806
88.931
7.91836
8.14486
9.64343
7.63786
6.91104
7.53849
5.55459
4.92947
5.76696
6.85732
7.11501
7.39019
5.22805
5.2086
3.31227
6.69131
7.51679
5.6556
6.24163
3.98839
4.75141
6.63322
6.39055
5.08962
6.68128
7.08594
6.84405
6.69693
6.90727
7.26727
7.16606
7.06434
7.53041
7.07684
7.07419
7.15178
7.28858
7.4372
7.57819
6.90227
7.09768
7.03657
6.51612
6.8941
6.71749
6.78967
6.6968
6.72601
6.85459
6.95039
6.75699
6.80785
6.95702
6.95447
6.87944
6.75301
7.13991
6.87424
6.96669
6.98973
7.00963
6.82502
7.01247
6.98284
6.94022
6.92197
6.98386
6.76992
6.69516
6.6765
6.69967
6.7488
6.76436
6.72267
6.76533
6.87603
6.76107
6.79657
6.88076
6.92323
6.7707
6.62661
6.80929
6.96342
6.96498
6.91674
6.91819
6.81919
6.80407
6.64896
6.8344
6.89042
6.88256
6.72675
6.66747
6.65401
6.75314
6.85088
6.71673
6.72058
6.72878
6.75597
6.81525
6.73916
6.74327
6.81785
6.8512
6.74265
6.65236
6.79151
6.81379
6.80963
6.863
6.84341
6.77468
6.77956
6.66257
6.78468
6.76073
6.83028
6.69984
6.66634
6.62101
6.76482
6.80798
6.71377
6.69457
6.71273
6.76163
6.79693
6.70913
6.71953
6.77882
6.80709
6.71032
6.68291
6.79208
6.73149
6.69473
6.82697
6.79777
6.71603
6.75253
6.69716
6.65364
6.74908
6.79212
6.67014
6.6763
6.5936
6.67531
6.71822
6.68954
6.70861
6.77609
6.77181
6.68558
6.72127
6.76261
6.77665
6.69359
6.71891
6.74213
6.6148
6.81357
6.78433
6.70008
6.74979
6.6841
6.50654
6.77851
6.66459
6.70487
6.57698
6.60496
6.73565
6.72331
6.72067
6.79456
6.75735
6.69527
6.74523
6.76469
6.75245
6.6875
6.77727
6.71948
6.66986
6.81899
6.79553
6.72414
6.80597
6.68286
6.51578
6.79274
6.70868
6.76852
6.629
6.66093
6.7659
6.773
6.75734
6.82155
6.76593
6.72355
6.78293
6.79117
6.70167
6.70389
6.82164
6.77204
6.75067
6.8356
6.84376
6.77313
6.86589
6.8012
6.69034
6.82433
6.77307
6.8481
6.76451
6.76391
6.8314
6.84794
6.8342
6.85096
6.80418
6.76739
6.81939
6.83719
6.73758
6.74053
6.83144
6.8593
6.83711
6.8722
6.86755
6.83583
6.87773
6.92827
6.83693
6.86592
6.83246
6.91085
6.92815
6.89689
6.8877
6.96162
6.92944
6.88944
6.87545
6.83856
6.86909
6.89017
6.78812
6.80813
6.85649
6.93202
6.92006
6.93016
6.88733
6.89731
6.87866
6.99168
6.94317
6.91061
6.88758
6.93261
7.00478
6.98011
6.93967
7.03302
6.99384
6.997
6.97919
6.93942
6.9235
6.99216
6.86345
6.87044
6.88563
6.96856
6.98215
6.99283
6.93247
6.96118
6.89966
7.02783
6.99653
6.95967
6.95059
6.95542
7.03121
7.01468
6.97842
6.98799
7.0106
7.07055
7.04805
6.9904
7.00678
7.11183
6.95849
6.91956
6.94443
6.99922
6.99829
7.05472
6.98785
7.01522
6.95324
7.03245
7.01573
7.01246
6.99982
6.97577
7.03014
7.02774
7.01629
7.00042
7.07879
7.07329
7.07681
7.02881
7.03681
7.08581
7.02239
6.95202
6.97172
6.9991
6.97839
7.10112
7.04118
7.05135
7.0052
7.03425
7.02765
7.06364
7.03741
7.01651
7.0008
7.02993
7.04273
7.00585
6.96991
7.06283
7.10198
7.06274
7.04965
7.06053
7.06303
6.98768
7.01136
7.01834
7.01278
7.12583
7.07922
7.07142
7.04403
7.04893
7.05248
7.10429
7.06529
7.05912
7.01787
7.04974
7.04974
7.03793
6.98036
7.08245
7.12779
7.09058
7.07483
7.07657
7.09416
7.02804
7.06327
7.07614
7.06569
7.13131
7.09671
7.07953
7.06811
7.08784
7.09241
7.12441
7.0669
7.08445
7.0797
7.09964
7.04162
7.07231
7.06983
7.10791
7.14458
7.10898
7.10018
7.11154
7.11034
7.05943
7.08634
7.13642
7.11185
7.1248
7.10589
7.08661
7.08535
7.14796
7.14403
7.12184
7.03963
7.10241
7.15548
7.14702
7.02903
7.0928
7.14553
7.12025
7.14139
7.11196
7.11282
7.13101
7.11273
7.07504
7.09808
7.16246
7.1598
7.11108
7.10581
7.09274
7.10136
7.1999
7.2113
7.10364
6.9998
7.10282
7.20974
7.20881
7.03175
7.09824
7.16941
7.11064
7.12036
7.09246
7.10585
7.128
7.11346
7.07086
7.09577
7.15256
7.179
7.09598
7.09474
7.05946
7.08637
7.17215
7.21203
7.08652
6.97344
7.07989
7.19518
7.20491
7.03848
7.08865
7.15121
7.08695
7.09554
7.0631
7.08787
7.11283
7.10017
7.05281
7.08375
7.1303
7.15299
7.08334
7.07879
7.02805
7.06032
7.13696
7.1801
7.07597
6.97748
7.05897
7.14578
7.16832
7.04369
7.07431
7.12222
7.0688
7.0738
7.04185
7.0721
7.09644
7.08068
7.04167
7.06472
7.10775
7.12307
7.07493
7.06352
7.01663
7.02637
7.10574
7.14127
7.07003
6.99438
7.04681
7.10958
7.13202
7.04516
7.06095
7.096
7.0605
7.05907
7.02965
7.06139
7.0844
7.06429
7.0328
7.04855
7.08923
7.10352
7.06991
7.05632
7.01452
6.99696
7.07949
7.10891
7.0697
7.01738
7.04144
7.08562
7.10501
7.04376
7.05235
7.07899
7.06332
7.05493
7.01993
7.0614
7.07871
7.05464
7.02095
7.04007
7.07497
7.09141
7.06872
7.05369
7.01887
6.9817
7.06046
7.08953
7.06869
7.04232
7.04233
7.0718
7.08798
7.05107
7.05126
7.07135
7.07348
7.06749
7.04739
7.06739
7.07991
7.0557
7.01989
7.04462
7.06766
7.08876
7.07146
7.06025
7.02541
6.99634
7.05296
7.0848
7.07462
7.06154
7.04593
7.06696
7.08175
7.06466
7.05657
7.0716
7.08884
7.07794
7.08596
7.07813
7.08962
7.06347
7.03448
7.0638
7.07086
7.0915
7.07214
7.06161
7.04404
7.03901
7.06259
7.09084
7.09265
7.07836
7.05743
7.06975
7.08448
7.07541
7.06618
7.07789
7.10294
7.08562
7.09582
7.0906
7.10139
7.07088
7.0533
7.08265
7.08057
7.09586
7.06101
7.05968
7.07732
7.08421
7.08293
7.09917
7.07028
7.09219
7.07482
7.07899
7.09281
7.08145
7.07847
7.08771
7.10796
7.08509
7.08455
7.09635
7.10531
7.07274
7.07907
7.08991
7.08575
7.09382
7.05655
7.06325
7.1215
7.1028
7.09547
7.10015
7.06098
7.10115
7.09012
7.0878
7.09681
7.08459
7.09086
7.09654
7.10986
7.08779
7.09411
7.09956
7.10215
7.06084
7.09772
7.08497
7.08523
7.08795
7.07023
7.06886
7.16032
7.10225
7.09732
7.09486
7.08861
7.09371
7.09979
7.09463
7.09566
7.09561
7.10164
7.10271
7.11176
7.09489
7.09517
7.0997
7.09781
7.06722
7.08485
7.08291
7.08462
7.08227
7.10735
7.08915
7.13146
7.10023
7.09692
7.09104
7.11512
7.07503
7.10422
7.09917
7.09565
7.11474
7.10751
7.10652
7.11055
7.09707
7.08656
7.09461
7.09433
7.07704
7.06192
7.08398
7.08557
7.079
7.12664
7.08253
7.0878
7.09537
7.09307
7.08988
7.13635
7.09603
7.10248
7.09835
7.09485
7.11727
7.10709
7.1066
7.10467
7.08822
7.07426
7.08675
7.09313
7.07476
7.04043
7.08348
7.08717
7.07853
7.11226
7.06271
7.08125
7.0871
7.0851
7.08826
7.11588
7.09911
7.09328
7.09145
7.09282
7.11073
7.102
7.1012
7.09458
7.08683
7.05885
7.07631
7.09268
7.08328
7.02314
7.08239
7.08479
7.07974
7.12407
7.07563
7.09376
7.07971
7.0728
7.08099
7.11087
7.09405
7.08354
7.08427
7.0843
7.1021
7.09527
7.09291
7.0792
7.09663
7.04294
7.06443
7.09022
7.11643
7.0396
7.08274
7.08028
7.08027
7.1803
7.1277
7.09403
7.07914
7.06205
7.06968
7.11494
7.08808
7.07622
7.07621
7.07107
7.09491
7.08841
7.08492
7.06286
7.12459
7.0497
7.05542
7.08497
7.14013
7.05474
7.08141
7.07021
7.0742
7.1606
7.11409
7.08315
7.07985
7.05817
7.06393
7.10798
7.0805
7.07128
7.071
7.07009
7.08779
7.08241
7.07943
7.06023
7.15334
7.06586
7.05761
7.07934
7.12696
7.03788
7.07186
7.05698
7.06584
7.12276
7.09997
7.07794
7.08208
7.05882
7.06716
7.09862
7.07359
7.06657
7.07214
7.08656
7.08128
7.07748
7.07604
7.06635
7.14917
7.07312
7.06662
7.07319
7.07024
7.02372
7.05535
7.04398
7.06155
7.10356
7.0843
7.07657
7.08364
7.0624
7.07661
7.08932
7.06758
7.06191
7.07229
7.0974
7.0756
7.0737
7.07401
7.06751
7.07118
7.05013
7.06572
7.06987
7.03149
7.02849
7.05172
7.03788
7.06452
7.09491
7.07489
7.0767
7.08633
7.07472
7.08995
7.08233
7.06268
7.05953
7.07158
7.0995
7.07124
7.07114
7.07328
7.06936
7.03611
7.03176
7.06963
7.06918
7.0336
7.03852
7.05887
7.04668
7.06886
7.08781
7.07247
7.07665
7.09035
7.09177
7.09928
7.07789
7.05816
7.05923
7.07484
7.10106
7.06803
7.06975
7.07412
7.07208
7.04507
7.0397
7.07734
7.06706
7.05066
7.0524
7.0701
7.05576
7.0771
7.08186
7.07268
7.07185
7.08804
7.10245
7.11809
7.07491
7.05467
7.05892
7.07882
7.10853
7.06531
7.0676
7.07516
7.07028
7.05966
7.04743
7.07378
7.05471
7.062
7.05642
7.06377
7.0731
7.0991
7.07651
7.07178
7.0634
7.07683
7.10317
7.14582
7.07063
7.05061
7.05521
7.08133
7.11157
7.06224
7.06384
7.07416
7.05802
7.06904
7.04196
7.05732
7.05043
7.06306
7.04208
7.05317
7.09419
7.12922
7.07112
7.06662
7.04896
7.05823
7.0873
7.14628
7.06373
7.04345
7.04727
7.0748
7.10471
7.05802
7.05845
7.06991
7.04199
7.06271
7.02887
7.0359
7.04803
7.05477
7.01877
7.03894
7.07224
7.10219
7.06494
7.05686
7.02783
7.02985
7.05204
7.1091
7.0567
7.03543
7.03648
7.05881
7.08618
7.05358
7.05233
7.06315
7.02953
7.04555
7.01507
7.02124
7.03268
7.03603
7.00025
7.01863
7.03026
7.03462
7.05991
7.04539
7.01613
7.01242
7.02033
7.0635
7.05168
7.03084
7.0274
7.04164
7.06399
7.05216
7.04809
7.05707
7.02892
7.02638
7.00986
7.01863
7.0205
7.01251
6.99376
7.006
6.99474
6.97551
7.0563
7.03902
7.02357
7.01743
7.01513
7.0343
7.05238
7.03527
7.02507
7.03368
7.04989
7.05722
7.04943
7.05693
7.04848
7.02349
7.01724
7.02702
7.02328
7.00126
6.99003
6.99571
6.99546
6.95568
7.05609
7.04072
7.03962
7.03559
7.03397
7.03424
7.05953
7.0502
7.03296
7.04044
7.05295
7.06833
7.05872
7.06539
7.08762
7.03864
7.04282
7.05511
7.06034
7.01019
7.00612
7.0016
7.023
6.97699
7.06218
7.05021
7.05898
7.06203
7.06491
7.06514
7.07412
7.07267
7.05659
7.06071
7.07466
7.08428
7.07507
7.08175
7.15287
7.08157
7.12655
7.11401
7.11088
7.02891
7.06927
7.06661
7.076
7.05573
7.08161
7.06463
7.07864
7.09526
7.09997
7.11465
7.09588
7.09524
7.08427
7.08653
7.10405
7.10177
7.09432
7.10154
7.15112
7.13198
7.18659
7.12689
7.16196
7.05075
7.09176
7.11309
7.11011
7.13453
7.11308
7.08108
7.097
7.12408
7.12814
7.15044
7.11941
7.11423
7.10741
7.11074
7.12597
7.11772
7.11213
7.11918
7.1811
7.09157
7.15967
7.16494
7.17957
7.05158
7.11171
7.13144
7.12261
7.14192
7.14705
7.11469
7.12147
7.13462
7.13351
7.15054
7.13863
7.12957
7.12149
7.1246
7.13294
7.12986
7.12529
7.13078
7.19061
7.09663
7.148
7.16396
7.15875
7.10646
7.13189
7.13604
7.12856
7.13772
7.1815
7.15033
7.13869
7.13571
7.12995
7.13797
7.15119
7.13855
7.12792
7.1298
7.1306
7.13902
7.13339
7.13674
7.16662
7.13365
7.14695
7.1549
7.14409
7.14694
7.13999
7.13231
7.12076
7.12996
7.17754
7.16
7.14409
7.13613
7.12759
7.12707
7.15546
7.14268
7.13086
7.12899
7.12832
7.14528
7.13849
7.13939
7.15781
7.14934
7.14819
7.15058
7.14382
7.15335
7.13867
7.1302
7.11963
7.12611
7.16787
7.15927
7.14483
7.13715
7.12354
7.12009
7.15879
7.14514
7.13343
7.12786
7.12705
7.14906
7.14142
7.14061
7.15545
7.15514
7.14986
7.14962
7.1442
7.15661
7.14139
7.13343
7.12482
7.1354
7.16584
7.16156
7.14589
7.13681
7.11883
7.11623
7.16274
7.14857
7.1352
7.1289
7.12496
7.15205
7.14341
7.14148
7.14718
7.15808
7.1497
7.14316
7.13299
7.15944
7.14333
7.1277
7.11244
7.11761
7.16738
7.16535
7.14613
7.13294
7.10692
7.1054
7.16723
7.15398
7.13396
7.12845
7.11723
7.15444
7.14285
7.14132
7.1322
7.15884
7.14599
7.13107
7.11875
7.16115
7.14382
7.11429
7.08834
7.08202
7.16885
7.16525
7.14603
7.11961
7.08552
7.07684
7.16921
7.15891
7.13157
7.12391
7.10045
7.15684
7.14056
7.13816
7.11986
7.15988
7.14257
7.12164
7.1051
7.16557
7.14694
7.1056
7.05364
7.04108
7.17009
7.16502
7.14308
7.10067
7.04607
7.02341
7.17122
7.16247
7.12726
7.10928
7.06816
7.16474
7.13826
7.13128
7.12964
7.1636
7.14313
7.12087
7.09889
7.16988
7.15742
7.0949
7.00227
6.95819
7.17419
7.16888
7.14172
7.08244
6.99345
6.91751
7.17538
7.16689
7.12456
7.08236
7.0097
7.17136
7.14041
7.12215
7.15572
7.17222
7.14978
7.13142
7.10103
7.17644
7.16738
7.08059
6.93236
6.80061
7.18248
7.17588
7.14686
7.06173
6.90612
6.67286
7.18145
7.16958
7.12164
7.04759
6.90245
7.17877
7.14824
7.11468
7.20897
7.18553
7.15985
7.16319
7.12658
7.18635
7.17356
7.06067
6.8391
6.40899
7.19459
7.18757
7.16269
7.03551
6.78645
6.11756
7.1925
7.1728
7.11749
6.99936
6.70264
7.18908
7.15612
7.11146
7.2946
7.20107
7.16033
7.22231
7.18051
7.19905
7.17379
7.0376
6.75326
5.38967
7.20998
7.20587
7.19235
7.01771
6.67915
5.33187
-5.36246
7.21029
7.1837
7.12208
6.94933
6.24815
7.20547
7.1658
7.11497
7.27439
7.21035
7.12078
7.22219
7.24776
7.21435
7.17709
7.08646
6.7329
4.77917
0.214215
7.22985
7.22503
7.21299
7.06334
6.67315
5.42412
0.229774
7.23168
7.21179
7.13643
6.93592
5.66537
7.22732
7.1852
7.13781
7.16962
7.19982
7.05508
7.05686
7.17831
7.2334
7.18494
7.09202
6.83164
5.45145
1.4651
7.25827
7.24945
7.22998
7.10975
6.81619
5.50729
1.41755
7.25655
7.24043
7.1752
7.02941
6.16356
1.96727
7.25238
7.21132
7.19013
7.18203
7.23171
7.15074
7.09484
7.12262
7.26468
7.22124
7.13598
6.97768
5.6898
1.42386
7.29318
7.28416
7.25713
7.15187
6.97643
5.80322
1.35514
7.28657
7.26623
7.22458
7.10122
6.55035
7.27475
7.23873
7.23483
7.23841
7.27583
7.22546
7.18821
7.14836
7.29984
7.26256
7.22814
7.03201
6.09737
7.32341
7.31565
7.27619
7.20715
7.1272
6.17887
-1.73373
7.31768
7.28876
7.26366
7.19985
7.14765
7.29144
7.26613
7.27443
7.26454
7.30852
7.28587
7.23481
7.19491
7.31214
7.28013
7.24054
7.05781
6.92359
7.33431
7.32308
7.26596
7.20913
7.1793
6.98446
7.33468
7.28155
7.27678
7.25982
7.29449
7.29839
7.27704
7.29697
7.27411
7.31389
7.29311
7.24281
7.21688
7.31013
7.26382
7.19739
7.04102
7.12078
7.31988
7.30691
7.23311
7.14291
7.14771
7.15379
7.31334
7.22806
7.22609
7.2442
7.30966
7.28213
7.25978
7.28538
7.27545
7.29592
7.27656
7.23465
7.21641
7.28846
7.23217
7.17075
7.03653
7.17541
7.29174
7.27747
7.18646
7.06902
7.09745
7.17821
7.26985
7.14022
7.15971
7.20403
7.26956
7.22943
7.21787
7.24948
7.27718
7.28517
7.26193
7.23898
7.23733
7.27499
7.21601
7.17986
7.07455
7.21972
7.27246
7.25352
7.1361
7.03879
7.09234
7.19365
7.21329
7.03619
7.10096
7.1749
7.24131
7.1311
7.17487
7.2211
7.28629
7.28353
7.25641
7.25209
7.26503
7.26992
7.21671
7.21054
7.16071
7.27185
7.27225
7.24744
7.14605
7.11913
7.184
7.24306
7.18958
7.01599
7.13587
7.19815
7.25898
7.04849
7.18039
7.22921
7.29524
7.2771
7.24874
7.26668
7.29641
7.26551
7.23021
7.24329
7.21535
7.30695
7.28024
7.25555
7.19377
7.20752
7.2507
7.29568
7.21644
7.10428
7.26283
7.27237
7.31148
7.11838
7.25379
7.29198
7.3
7.27013
7.25216
7.28694
7.34482
7.25385
7.2311
7.25883
7.237
7.33128
7.28433
7.239
7.2024
7.26405
7.29236
7.32331
7.26247
7.2148
7.30623
7.33391
7.34781
7.21952
7.33262
7.35958
7.30468
7.27369
7.26548
7.29795
7.35512
7.24395
7.22962
7.27518
7.28193
7.3693
7.27563
7.22954
7.19561
7.27172
7.29736
7.33994
7.27186
7.24796
7.31701
7.34258
7.34048
7.27134
7.34478
7.37453
203.587
171.387
189.414
178.05
163.893
168.394
163.192
159.085
257.285
230.497
215.99
248.803
209.323
191.34
172.906
181.872
166.111
165.238
160.005
158.786
154.201
155.22
152.211
148.794
144.876
144.322
269.867
258.965
276.082
253.809
202.933
259.635
207.468
170.765
159.002
169.294
157.493
150.552
146.964
152.91
150.914
143.043
139.847
145.092
138.556
139.185
135.815
138.866
267.99
287.792
287.219
271.531
222.54
278.04
238.163
176.241
158.378
187.82
156.481
153.18
150.561
147.272
145.968
143.578
137.866
140.389
137.074
135.891
137.765
139.281
274.834
275.209
250.715
257.756
253.145
221.12
176.489
236.172
203.165
150.372
143.889
151.484
138.789
137.56
136.428
138.195
144.164
142.66
237.897
229.154
196.783
178.595
151.541
143.299
159.59
146.775
178.098
159.416
161.171
171.74
164.549
154.799
159.435
154.481
157.817
152.145
153.024
149.969
146.819
146.836
143.759
215.157
173.6
182.654
201.122
177.651
162.647
159.855
165.992
159.188
140.105
140.505
137.281
144.141
140.005
142.509
139.194
135.56
135.746
224.79
228.924
230.71
184.934
195.477
190.355
132.404
131.669
134.099
131.787
132.764
235.828
235.931
191.606
187.89
184.226
130.704
132.184
132.71
132.371
132.952
230.174
178.388
195.135
217.902
207.393
170.513
154.164
167.235
158.075
131.515
132.253
131.916
131.933
133.43
133.8
133.226
132.624
196.842
149.972
150.964
144.016
139.807
131.394
129.594
133.468
134.554
132.447
133.309
129.949
132.291
123.145
80.4428
123.611
123.842
122.964
77.7137
81.8162
80.7243
122.957
114.961
68.3141
70.5232
50.3657
108.866
41.6532
133.223
90.3983
125.073
128.605
129.201
81.2531
80.5375
84.4601
80.9984
116.105
133.98
126.627
71.0315
65.61
106.258
91.6163
124.615
103.72
142.115
150.343
146.575
97.0101
101.174
98.5167
125.146
125.617
112.227
114.931
115.313
142.034
136.016
96.1148
92.3386
84.0523
125.646
126.762
116.744
114.391
115.589
128.975
76.0917
127.021
121.312
119.352
72.6549
82.022
68.8529
69.0282
131.632
130.338
129.27
124.276
123.309
121.963
116.099
117.119
116.793
72.3605
120.241
120.821
86.4295
106.18
110.183
126.437
123.816
115.461
118.048
116.435
119.953
30.8104
9.84409
22.3994
32.07
31.864
11.1559
11.7799
13.7009
20.5232
10.2684
8.94412
9.13777
6.41957
8.23154
6.63316
49.7231
20.7423
29.5934
37.7348
17.3573
13.0042
9.13857
12.489
6.58636
9.22016
33.6583
25.9316
5.88628
5.89163
7.67514
6.80038
56.6938
11.1047
55.5795
56.325
53.7386
23.7515
23.5841
18.813
102.715
102.759
37.9573
77.7112
81.0001
43.1143
28.7332
14.9382
8.87472
6.86768
99.9684
87.1591
47.443
72.4096
16.25
18.2117
6.48804
10.6552
8.32744
8.47637
6.5356
5.85404
6.80873
6.12016
72.1688
84.8372
56.3471
11.0676
7.04655
11.0432
7.40712
9.11815
8.8239
6.13545
53.7296
58.2677
6.40809
8.69359
7.94005
97.9348
83.4925
26.1288
33.4682
13.6792
13.9963
7.8445
7.53553
8.66756
8.6923
9.08032
7.07574
7.62105
6.7834
7.39872
7.25817
6.85378
6.53086
7.0293
7.47539
7.15234
9.34311
7.39993
7.44937
7.75648
7.35328
7.5794
7.28944
7.58851
7.29485
6.97836
6.58105
6.41529
6.87356
6.85299
7.05556
6.86225
6.06114
6.77396
9.24522
9.41894
7.86387
7.31706
7.34906
7.25474
9.82545
12.8927
5.6413
4.41535
3.73496
7.18351
7.31059
7.43288
7.36325
7.25737
10.4457
5.31144
4.98586
3.56047
6.05895
7.42431
7.11726
7.41844
7.44606
7.31597
7.0712
6.93448
7.04237
6.84083
4.45561
4.52887
4.50967
6.58208
6.57468
6.59578
6.64719
6.59573
7.08331
6.82101
6.08354
5.96723
6.76139
6.8056
6.93065
6.89644
5.85087
6.37035
6.4584
6.68038
6.64042
7.04295
6.91921
6.73899
6.89518
6.74639
6.76026
6.8886
6.76933
6.65277
6.89434
6.83007
6.7913
6.83556
6.9565
6.93728
7.15168
7.03266
7.00147
7.24687
7.03848
7.02179
6.95495
7.07098
6.94778
6.88036
7.07989
6.97013
6.95949
6.97411
7.01802
6.97913
7.06715
6.98235
7.12796
7.11022
7.09445
7.04083
7.04367
7.03339
7.31904
7.46012
6.863
7.34901
6.72884
7.08251
7.1188
7.08242
7.07765
7.07348
7.00233
6.56946
6.94552
5.97532
6.66203
7.09428
7.05706
7.03322
7.0804
7.00754
7.04222
6.97167
7
6.91531
6.59771
6.69857
6.59847
6.68268
6.60272
6.67686
6.64548
6.68874
6.94645
6.86816
6.81696
6.86629
6.77267
6.7956
6.83067
6.81355
6.82525
6.72393
6.68667
6.83027
6.68181
6.86296
6.86566
6.76367
6.82079
6.76193
6.76875
6.80397
6.76863
6.7956
6.76579
6.80026
6.75454
6.737
6.91127
6.86303
6.95908
6.90989
6.91122
6.95408
6.91942
6.91407
6.87686
6.91777
6.8946
6.9614
6.96652
6.94684
6.91978
6.9191
6.92092
6.90796
6.88179
6.8244
6.98225
6.98225
6.98468
6.94224
6.95704
6.95675
6.81122
7.14935
7.45698
6.93566
6.97148
6.97408
6.91687
6.95454
6.9712
6.92387
6.95212
6.99814
6.90911
6.91676
6.9901
7.01715
6.97496
6.97852
6.97829
7.50157
6.82318
6.8238
6.82538
6.87655
6.80979
6.87902
6.89399
6.85964
6.87328
6.87643
6.87341
6.86636
6.86894
6.99876
6.95886
6.9177
6.94829
6.88692
6.93857
6.87817
6.90456
6.84223
6.65432
6.68051
6.6754
6.68027
6.69679
6.68789
6.69039
6.68941
6.84728
6.80089
6.7823
6.80526
6.72422
6.76317
6.78056
6.74279
6.82842
6.74726
6.75312
6.77482
6.73184
6.84976
6.82246
6.76932
6.78774
6.77248
6.76288
6.77423
6.7666
6.73859
6.75371
6.75653
6.73669
6.7664
6.83447
6.81216
6.87501
6.85319
6.8553
6.88427
6.85907
6.83942
6.83144
6.85664
6.82648
6.87906
6.86264
6.87879
6.84631
6.84476
6.81675
6.84942
6.94881
7.03672
6.92509
7.08303
6.97139
6.98079
6.93589
6.9645
6.90263
6.92432
6.91835
6.8753
6.89796
6.88897
7.04198
6.93143
6.98688
6.88202
6.98591
6.89132
6.96576
6.95522
6.92152
6.89108
6.89505
6.92133
6.84036
6.87435
6.91954
6.92202
6.89397
6.89718
6.89616
6.93961
6.78364
6.93268
6.83268
6.92114
6.77029
6.87538
6.87849
6.85134
6.86842
6.80504
6.85408
6.8003
6.85179
6.90481
6.87511
6.84884
6.8595
6.81271
6.85532
6.82605
6.83746
6.79035
6.71979
6.69066
6.69996
6.63745
6.71832
6.68693
6.70085
6.97872
6.77663
6.98157
6.86046
6.81261
6.84342
6.77235
6.75394
6.74517
6.75049
6.71302
6.72854
6.72934
6.74996
6.73264
6.70137
6.74238
6.70813
6.71715
6.79329
6.77223
6.7526
6.75831
6.74884
6.74654
6.73816
6.73407
6.73472
6.76583
6.75703
6.73082
6.76351
6.79492
6.77924
6.84072
6.83078
6.81541
6.83269
6.8056
6.80843
6.80008
6.82016
6.79571
6.81671
6.77628
6.81807
6.79574
6.79711
6.73887
6.78786
6.85106
7.02793
6.74693
6.90045
6.88338
6.95349
6.8116
6.93863
6.8529
6.8699
6.86242
6.83532
6.84844
6.83917
6.93071
6.82037
6.89927
6.74518
6.8345
6.75677
6.8431
6.89451
6.75081
6.84646
6.74481
6.89564
6.70937
6.83894
6.86468
6.86456
6.84221
6.8389
6.83988
6.85048
6.75309
6.8505
6.71841
6.79963
6.68711
6.85032
6.83407
6.77892
6.8325
6.74936
6.82568
6.7865
6.84809
6.84572
6.82157
6.79547
6.81048
6.76602
6.80846
6.76998
6.79073
6.74921
6.7138
6.68749
6.70174
6.6105
6.7013
6.69118
6.70172
6.98439
6.71464
6.98067
6.8396
6.82447
6.84699
6.73852
6.73931
6.71319
6.71154
6.71708
6.69616
6.6988
6.73482
6.70415
6.69118
6.73011
6.70686
6.70989
6.76216
6.75304
6.74412
6.72821
6.72775
6.74586
6.73024
6.72751
6.72917
6.76469
6.76841
6.73301
6.76633
6.76844
6.7633
6.8183
6.80544
6.78436
6.80587
6.78734
6.78204
6.76476
6.79235
6.77481
6.78148
6.70811
6.75273
6.76737
6.77155
6.68664
6.72604
6.66911
6.6472
6.82104
6.83038
6.8225
6.80773
6.81674
6.80814
6.82117
6.72778
6.80447
6.67636
6.73569
6.70906
6.74502
6.90602
6.69052
6.84244
6.77466
6.90286
6.7805
6.85886
6.82031
6.82313
6.81681
6.80922
6.81199
6.75284
6.68076
6.91464
6.56248
6.68744
6.65987
6.87504
6.84746
6.81471
6.85955
6.78869
6.88428
6.85077
6.87269
6.80622
6.79676
6.75197
6.7753
6.74231
6.78119
6.7406
6.76833
6.73932
6.6792
6.69574
6.70001
6.57755
6.65458
6.69687
6.69293
6.61968
6.74082
6.74344
6.68106
6.69112
6.72802
6.67582
6.69132
6.73297
6.71761
6.70134
6.74232
6.73168
6.71208
6.74733
6.74743
6.75206
6.7383
6.73264
6.7612
6.74942
6.74173
6.74264
6.77096
6.78407
6.75449
6.77683
6.76292
6.76526
6.79168
6.77533
6.74516
6.78047
6.76485
6.76242
6.72978
6.76827
6.75244
6.76941
6.67851
6.71652
6.76163
6.77368
6.6813
6.72461
6.66884
6.69651
6.79513
6.80735
6.7971
6.77756
6.79929
6.78624
6.70198
6.81958
6.62487
6.63665
6.50057
6.80462
6.80798
6.81409
6.80552
6.80851
6.71672
6.60581
6.47666
6.27218
6.5881
6.79433
6.79726
6.74779
6.76948
6.7477
6.78064
6.7504
6.77543
6.75817
6.63708
6.70532
6.69261
6.59447
6.6386
6.71744
6.70013
6.63121
6.75034
6.76245
6.68669
6.70667
6.74602
6.71781
6.73538
6.75799
6.74839
6.74596
6.77889
6.76912
6.7331
6.75433
6.76712
6.77197
6.76325
6.75241
6.78564
6.7795
6.76544
6.76911
6.78417
6.80764
6.78587
6.79399
6.77247
6.78431
6.75067
6.73425
6.72039
6.75223
6.74327
6.75622
6.72028
6.74635
6.74422
6.78353
6.69132
6.74233
6.77498
6.79685
6.71008
6.76513
6.72586
6.75068
6.74641
6.7931
6.77513
6.7125
6.79059
6.76946
6.65366
6.64349
6.71115
6.68573
6.69384
6.81153
6.81499
6.82482
6.82158
6.82245
6.51468
6.61468
6.60306
6.63702
6.66805
6.80804
6.8206
6.77242
6.78816
6.77486
6.80492
6.78444
6.8023
6.79231
6.66607
6.73519
6.72103
6.68851
6.70897
6.76557
6.75697
6.70454
6.77977
6.80062
6.75839
6.77042
6.79491
6.80075
6.79982
6.79961
6.79167
6.80446
6.82343
6.8097
6.79186
6.78335
6.80446
6.80324
6.79787
6.78385
6.82097
6.81852
6.80666
6.80313
6.80655
6.83474
6.82096
6.82085
6.80087
6.82235
6.73989
6.7698
6.7286
6.74942
6.7522
6.78118
6.74674
6.75949
6.76069
6.81443
6.74
6.79336
6.81202
6.83702
6.77517
6.82386
6.77985
6.81485
6.72007
6.79229
6.77174
6.75708
6.80247
6.78698
6.72309
6.7373
6.79168
6.7653
6.78327
6.83523
6.83881
6.85007
6.85363
6.85651
6.72012
6.72515
6.76521
6.79499
6.78712
6.84009
6.8561
6.80525
6.82205
6.81358
6.84174
6.82434
6.84019
6.83092
6.76849
6.80645
6.80477
6.85489
6.83638
6.85862
6.85587
6.83177
6.82619
6.84548
6.84742
6.83023
6.85896
6.86671
6.86932
6.85546
6.85663
6.8943
6.88572
6.92499
6.88208
6.8331
6.86779
6.83798
6.84335
6.82845
6.85719
6.87035
6.84628
6.84291
6.83821
6.87076
6.86386
6.85427
6.84751
6.87157
6.81489
6.85824
6.77036
6.77977
6.76961
6.83506
6.79293
6.80804
6.78546
6.86467
6.81713
6.86273
6.86367
6.89388
6.86384
6.90068
6.85309
6.89286
6.80244
6.82178
6.81733
6.84205
6.85227
6.85385
6.81203
6.83307
6.879
6.85742
6.87824
6.87623
6.87834
6.90099
6.90199
6.90417
6.87076
6.85246
6.8959
6.93458
6.90429
6.88245
6.90638
6.84805
6.86671
6.85321
6.8878
6.87278
6.88882
6.87739
6.89877
6.90906
6.90589
6.97822
6.94493
6.9474
6.94478
6.94596
6.87341
6.89395
6.88455
6.91406
6.90539
6.89492
6.92488
6.90526
6.9813
7.0296
6.94169
7.00842
6.96605
6.91283
6.96506
6.88317
6.89835
6.87041
6.91667
6.94206
6.90262
6.87874
6.87647
6.92563
6.90573
6.91493
6.89629
6.9468
6.89935
6.94069
6.82154
6.84011
6.81823
6.9266
6.8704
6.87602
6.86018
6.92735
6.90526
6.94024
6.93925
6.96821
6.94008
6.97586
6.93014
6.9604
6.87507
6.8891
6.89132
6.90878
6.92778
6.92764
6.9038
6.92218
6.9565
6.94565
6.95973
6.93013
6.93145
6.96103
6.95873
6.95752
6.97888
6.9445
6.97521
7.00108
6.97251
6.93074
6.95534
6.89742
6.92022
6.90174
6.93461
6.9215
6.94851
6.93717
6.97339
6.97684
6.96802
7.01772
6.99167
6.99714
6.98572
7.00144
6.92355
6.94878
6.93924
6.9485
6.95029
6.94399
6.94793
6.97333
7.0107
6.99426
7.00267
6.9879
7.00369
7.01085
7.04465
6.97514
6.98877
6.945
7.02555
7.02443
6.9839
6.95856
6.97344
7.05006
7.01338
7.03669
7.00703
7.06904
6.98506
7.02732
6.92996
6.92447
6.90807
7.02178
6.97619
6.97444
6.94894
7.01139
6.98555
7.0092
7.06005
7.08
7.0524
7.05844
6.99735
7.02979
6.94734
6.96948
6.96569
6.98815
7.0105
7.00344
6.97563
6.98659
6.99829
6.99769
7.00447
6.98803
6.98262
7.02471
7.01876
7.00937
7.0134
6.9924
7.00949
7.01852
7.00651
6.98107
7.00751
6.94643
6.97829
6.96782
6.9859
6.97365
7.00864
6.99818
7.00771
7.01376
7.00045
7.03439
7.01938
7.03125
7.01346
7.02248
6.97809
7.00653
6.96826
6.97186
6.99693
6.98377
6.98666
7.02922
6.98844
6.99371
7.04439
6.99072
7.05866
7.06758
7.07584
7.05251
7.05097
7.0103
7.06178
7.06175
7.02695
7.05134
7.08133
7.07524
7.06457
7.09447
7.11437
7.11822
7.05956
7.08209
7.00797
7.01443
6.97715
7.06399
7.0313
7.04351
7.00234
7.11382
7.09
7.09195
7.10915
7.09595
7.08072
7.07042
7.04719
7.03788
7.02526
7.04767
7.03996
7.05454
7.07778
7.07103
7.00529
7.01314
6.98943
7.00657
7.01655
7.04821
7.03253
7.08041
7.07423
7.05632
7.02035
7.01559
7.02091
7.02312
7.023
7.03262
7.05796
7.00006
7.0347
7.02699
7.03819
7.02734
7.06313
7.05362
7.02522
7.02648
7.01396
7.01556
7.0237
6.97209
6.99524
7.02968
7.03237
7.05647
7.00499
7.0089
7.03131
7.02172
7.02472
7.04112
7.00067
6.99569
7.0213
7.0006
7.02746
7.07792
7.08192
7.05902
7.06582
7.03695
7.05712
7.07013
7.04487
7.06248
7.08403
7.06658
7.05783
7.07305
7.09578
7.0777
7.09672
7.10749
7.04911
7.0621
7.02181
7.08932
7.06551
7.07475
7.03854
7.07305
7.05084
7.04323
7.06772
7.05697
7.02771
7.0246
7.02286
7.01494
7.0762
7.10056
7.09559
7.09286
7.11655
7.11349
7.00974
7.02087
6.99311
7.01762
7.02778
7.09558
7.0762
7.11621
7.11155
7.09487
7.03008
7.03052
7.03788
7.03822
7.03938
7.081
7.10265
7.053
7.08522
7.07351
7.08591
7.07547
7.1039
7.08681
7.02293
6.92689
6.98796
6.99959
7.03009
6.92532
6.99726
7.03253
7.07354
7.08533
7.03856
7.03935
7.04959
7.05189
7.05033
7.01501
7.01415
7.01519
7.01562
7.02397
6.95514
7.08979
7.1002
7.06201
7.07761
7.05664
7.07229
7.08747
7.07043
7.05774
7.06897
7.06924
7.06607
7.07297
7.07025
7.07442
7.11672
7.12576
7.08095
7.08556
7.05282
7.11512
7.09562
7.09675
7.06644
7.05167
7.00835
7.01268
7.06276
7.05512
7.011
7.01512
7.01858
7.03202
7.10579
7.1269
7.12588
7.1166
7.1333
7.13471
7.03016
7.03941
7.03691
7.04473
7.05462
7.12189
7.10776
7.13057
7.12708
7.11826
7.05066
7.05304
7.07048
7.06812
7.07029
7.12063
7.134
7.09417
7.1171
7.09483
7.11763
7.10547
7.12626
7.09874
7.04475
6.9672
7.02499
7.04675
7.06899
7.02375
7.06061
7.07577
7.09054
7.09001
7.06063
7.05822
7.0488
7.06588
7.06375
7.02446
7.04274
7.0561
7.03954
7.05813
7.02348
7.11122
7.12078
7.08452
7.09902
7.08378
7.09693
7.10932
7.09672
7.08101
7.08241
7.09623
7.09554
7.09403
7.08595
7.101
7.1342
7.1411
7.10941
7.10773
7.0826
7.1382
7.12076
7.11815
7.0963
7.07055
7.03033
7.03421
7.09419
7.09038
7.05278
7.06031
7.05251
7.07677
7.12459
7.13681
7.13941
7.12992
7.13806
7.1417
7.0659
7.07729
7.08903
7.08727
7.10037
7.12803
7.12496
7.12928
7.12665
7.12848
7.09053
7.09235
7.11713
7.11464
7.10914
7.13945
7.13851
7.11003
7.12787
7.09983
7.12603
7.10681
7.12426
7.09408
7.09786
7.07347
7.0917
7.11552
7.12396
7.11679
7.11947
7.11869
7.08439
7.07555
7.06736
7.06587
7.03525
7.06753
7.06615
7.06089
7.07101
7.08446
7.08506
7.08114
7.11001
7.12734
7.13021
7.10684
7.11687
7.1064
7.11342
7.12104
7.1121
7.10675
7.10507
7.11646
7.11471
7.11269
7.11567
7.12657
7.14479
7.14449
7.1288
7.12564
7.10826
7.14581
7.13239
7.12954
7.115
7.11104
7.07686
7.09081
7.12425
7.12697
7.096
7.1109
7.10514
7.13333
7.13148
7.13775
7.14271
7.13067
7.13412
7.14139
7.10494
7.12202
7.13613
7.13533
7.15128
7.12266
7.12878
7.11785
7.11728
7.12666
7.14034
7.14311
7.1809
7.16863
7.18193
7.13277
7.12468
7.09748
7.11585
7.0823
7.11395
7.08129
7.10652
7.06687
7.1518
7.15405
7.14422
7.1905
7.17864
7.17897
7.17149
7.18382
7.06543
7.05724
7.06642
7.06451
7.02942
7.06601
7.06328
7.10542
7.08799
7.09709
7.11685
7.09298
7.16519
7.12892
7.12347
7.11403
7.12098
7.11263
7.10857
7.11614
7.10756
7.11728
7.11529
7.11832
7.11428
7.1136
7.12976
7.12793
7.13932
7.13213
7.13038
7.12781
7.11589
7.1326
7.12337
7.1208
7.11231
7.13668
7.11314
7.12918
7.13174
7.13903
7.12225
7.13942
7.15294
7.16381
7.12983
7.12722
7.13624
7.12931
7.11919
7.12801
7.17184
7.18358
7.17907
7.19378
7.21229
7.10929
7.1217
7.10309
7.10092
7.1153
7.20761
7.20232
7.22043
7.22893
7.21058
7.11551
7.10709
7.06682
7.09628
7.05628
7.09436
7.05444
7.08849
7.0506
7.19716
7.18696
7.19196
7.21338
7.20365
7.1823
7.19486
7.21437
7.05195
7.04925
7.06478
7.06073
7.03617
7.06283
7.05785
7.11813
7.09315
7.09483
7.11558
7.09063
7.16378
7.11397
7.10142
7.09883
7.10645
7.09799
7.08693
7.0932
7.08598
7.1064
7.10789
7.09905
7.09514
7.09893
7.12205
7.1141
7.12543
7.11699
7.11253
7.11356
7.10589
7.10757
7.1004
7.10975
7.09923
7.13707
7.12594
7.14234
7.12158
7.13132
7.12417
7.13885
7.16248
7.15197
7.12618
7.10978
7.11729
7.11605
7.09994
7.10569
7.19709
7.21574
7.16801
7.18972
7.2037
7.09258
7.1084
7.0891
7.08495
7.10195
7.21968
7.20397
7.19866
7.20375
7.1919
7.09938
7.09245
7.04426
7.08279
7.04606
7.08064
7.04045
7.07895
7.04539
7.19037
7.1685
7.1822
7.16945
7.17187
7.15337
7.16473
7.18811
7.04841
7.04933
7.05879
7.05421
7.0413
7.05499
7.05092
7.10797
7.08509
7.08176
7.09911
7.07936
7.13741
7.08798
7.07475
7.07517
7.07862
7.07344
7.06323
7.06542
7.06253
7.08286
7.08838
7.0766
7.07178
7.07869
7.10497
7.09734
7.10585
7.09349
7.08879
7.10394
7.09059
7.08459
7.07847
7.09414
7.08008
7.1216
7.11631
7.12994
7.10469
7.11199
7.10712
7.11976
7.13956
7.12761
7.10205
7.09194
7.0954
7.08856
7.08557
7.08832
7.17094
7.18149
7.13678
7.15191
7.15946
7.07888
7.0964
7.07877
7.07472
7.09221
7.18244
7.17439
7.1609
7.16141
7.1565
7.08655
7.08162
7.03902
7.07759
7.04559
7.07237
7.04038
7.07666
7.04993
7.15141
7.1383
7.14539
7.12499
7.1334
7.12269
7.12824
7.14908
7.0534
7.05701
7.051
7.04848
7.04427
7.04724
7.04638
7.08929
7.07283
7.06735
7.08041
7.06681
7.1082
7.06178
7.05173
7.05398
7.05532
7.05499
7.04988
7.04681
7.05047
7.06468
7.07293
7.06157
7.06121
7.07019
7.08877
7.08274
7.08279
7.0746
7.06688
7.08411
7.06719
7.06554
7.05518
7.07482
7.05318
7.10204
7.09671
7.10886
7.0897
7.0938
7.088
7.09969
7.11662
7.10689
7.08144
7.07945
7.08105
7.0762
7.07493
7.07641
7.1347
7.13908
7.11211
7.12005
7.12235
7.07152
7.08898
7.07206
7.06935
7.08459
7.14075
7.13849
7.12376
7.12334
7.1221
7.07773
7.07418
7.04064
7.07629
7.05472
7.06909
7.04231
7.07802
7.06089
7.11843
7.1092
7.11343
7.09592
7.10588
7.09782
7.10166
7.11737
7.05923
7.06104
7.04472
7.04681
7.04402
7.04247
7.04617
7.07234
7.06143
7.05582
7.06626
7.05721
7.08624
7.04529
7.04129
7.04794
7.03966
7.0489
7.05089
7.03869
7.05014
7.06123
7.06881
7.06033
7.06248
7.06854
7.07861
7.07618
7.0694
7.06672
7.0458
7.06747
7.03936
7.05476
7.03868
7.06322
7.02873
7.08694
7.08012
7.09105
7.08097
7.08171
7.07345
7.08412
7.09846
7.09148
7.07298
7.07168
7.07283
7.07153
7.06985
7.07028
7.10866
7.10908
7.09642
7.10016
7.09971
7.06756
7.08034
7.06863
7.06633
7.07574
7.10801
7.10758
7.09736
7.09651
7.09551
7.07065
7.07119
7.0446
7.07946
7.0669
7.06928
7.04782
7.07883
7.0729
7.09536
7.08897
7.09205
7.07751
7.08706
7.08233
7.08495
7.09523
7.06302
7.06577
7.0422
7.04736
7.04591
7.04265
7.0486
7.06173
7.05466
7.05075
7.05915
7.05355
7.07389
7.04303
7.0512
7.05507
7.03994
7.05462
7.06251
7.04665
7.0619
7.06504
7.06935
7.06785
7.06839
7.07109
7.07549
7.07695
7.06708
7.06506
7.04135
7.06144
7.02542
7.06073
7.05201
7.06104
7.03009
7.0783
7.06809
7.07859
7.07843
7.07801
7.06442
7.0757
7.08618
7.08352
7.07145
7.06994
7.06966
7.07079
7.0712
7.07022
7.09479
7.09339
7.08856
7.09164
7.08965
7.06621
7.07214
7.07049
7.06667
7.06968
7.08805
7.08705
7.08495
7.08448
7.08152
7.07227
7.07455
7.05291
7.07667
7.07742
7.07053
7.05987
7.07589
7.07651
7.08092
7.07784
7.0802
7.06838
7.07733
7.07536
7.07739
7.08367
7.06862
7.07059
7.04524
7.05253
7.05747
7.04888
7.05676
7.05901
7.05454
7.05296
7.05976
7.05665
7.07038
7.0617
7.07453
7.07127
7.05969
7.07137
7.08079
7.07616
7.08224
7.07327
7.0753
7.08106
7.07941
7.08171
7.08088
7.08694
7.06261
7.06742
7.06119
7.0602
7.03711
7.0724
7.07131
7.06335
7.04722
7.07987
7.06216
7.0754
7.08379
7.08402
7.06366
7.07685
7.08283
7.08366
7.06728
7.07021
7.06972
7.06536
7.07016
7.06937
7.09047
7.08778
7.08888
7.08976
7.08786
7.06739
7.06727
7.07059
7.06728
7.06478
7.08423
7.08106
7.08585
7.08723
7.08201
7.0761
7.08002
7.0642
7.07657
7.0749
7.08197
7.06502
7.07698
7.07404
7.07645
7.07426
7.07681
7.0675
7.0774
7.07507
7.0777
7.08182
7.07262
7.07382
7.05369
7.06276
7.07026
7.05901
7.06829
7.0632
7.06069
7.0608
7.06693
7.06535
7.07376
7.08851
7.09688
7.09081
7.0885
7.09225
7.095
7.09926
7.09864
7.08785
7.0899
7.09669
7.09586
7.09789
7.09503
7.10326
7.07182
7.07456
7.08308
7.06904
7.06093
7.08282
7.09107
7.07411
7.08099
7.09046
7.06957
7.08013
7.09592
7.09694
7.07691
7.08432
7.08679
7.09103
7.06834
7.07442
7.07252
7.06934
7.07399
7.07312
7.09136
7.09006
7.0935
7.0929
7.09246
7.06808
7.06565
7.07009
7.06546
7.06617
7.09296
7.0876
7.09487
7.09791
7.0925
7.07989
7.07471
7.06478
7.07689
7.07338
7.08609
7.06017
7.0769
7.06916
7.08081
7.07716
7.08071
7.07372
7.08503
7.08021
7.08468
7.0884
7.07454
7.0721
7.06537
7.07492
7.07832
7.07186
7.08108
7.07298
7.07166
7.07181
7.07901
7.0779
7.08241
7.10115
7.10256
7.09752
7.10628
7.10113
7.10052
7.10588
7.10127
7.10213
7.10449
7.10656
7.10535
7.10912
7.10991
7.114
7.07622
7.07606
7.09514
7.07646
7.0946
7.08666
7.09553
7.07673
7.09133
7.1021
7.08337
7.08778
7.10452
7.10445
7.08665
7.08897
7.09465
7.09636
7.07056
7.06813
7.06914
7.07192
7.06229
7.06379
7.09521
7.09481
7.09546
7.09566
7.09593
7.05735
7.06214
7.05559
7.05201
7.05786
7.10176
7.09773
7.10028
7.10298
7.09947
7.06616
7.05608
7.05322
7.07305
7.06412
7.05835
7.04841
7.07234
7.06153
7.09006
7.08407
7.08922
7.08359
7.09373
7.08745
7.09316
7.09571
7.06956
7.06941
7.07955
7.08791
7.08261
7.08702
7.09465
7.08646
7.08525
7.08463
7.09305
7.09203
7.09246
7.09846
7.09713
7.10483
7.10452
7.10235
7.10977
7.10581
7.10485
7.10675
7.11217
7.10877
7.10787
7.1143
7.11578
7.11623
7.07492
7.07503
7.09129
7.07612
7.08103
7.08453
7.08843
7.07728
7.0759
7.10433
7.08814
7.08873
7.10425
7.10276
7.08765
7.08785
7.09651
7.09571
7.0719
7.05898
7.05995
7.07006
7.05766
7.05722
7.09596
7.09607
7.0913
7.09511
7.09505
7.05491
7.05639
7.06154
7.06177
7.06151
7.10138
7.09931
7.09782
7.09861
7.09689
7.06401
7.08105
7.05653
7.07839
7.06523
7.07454
7.07274
7.0886
7.07449
7.09556
7.09054
7.09594
7.09196
7.09622
7.09391
7.09749
7.09632
7.073
7.08095
7.09591
7.10141
7.08838
7.10329
7.1074
7.09914
7.09852
7.09674
7.10474
7.10419
7.09991
7.10168
7.10478
7.11413
7.11057
7.1066
7.11622
7.11414
7.10708
7.10923
7.11596
7.11105
7.11101
7.11749
7.11593
7.11528
7.0781
7.08359
7.08956
7.08071
7.07433
7.09197
7.09243
7.08038
7.07583
7.10091
7.086
7.08654
7.09994
7.0992
7.08461
7.08508
7.09434
7.09276
7.07027
7.06054
7.0588
7.07246
7.06821
7.06432
7.09376
7.0925
7.08519
7.09224
7.09105
7.06618
7.0717
7.08552
7.07307
7.09639
7.09493
7.09372
7.09306
7.09286
7.09188
7.10069
7.11649
7.08971
7.10677
7.08406
7.10312
7.10008
7.12681
7.09887
7.09672
7.09688
7.09841
7.0978
7.09765
7.09985
7.09915
7.0954
7.09691
7.11127
7.10945
7.11191
7.10763
7.11425
7.11516
7.10852
7.10874
7.10546
7.11118
7.11218
7.10492
7.10552
7.10491
7.11534
7.11373
7.10671
7.11172
7.11007
7.10464
7.11224
7.11832
7.11157
7.11242
7.11812
7.11435
7.11321
7.08786
7.09482
7.09393
7.08214
7.078
7.09651
7.09468
7.08821
7.08089
7.09747
7.08254
7.08366
7.0958
7.09569
7.08117
7.08293
7.09122
7.08995
7.07975
7.08086
7.07632
7.09066
7.09343
7.08958
7.09026
7.09055
7.08046
7.08885
7.09046
7.08829
7.11633
7.12417
7.10246
7.12358
7.09154
7.09015
7.09084
7.09104
7.09004
7.12671
7.13334
7.09886
7.13118
7.12239
7.13006
7.11983
7.13715
7.14116
7.09844
7.10203
7.09981
7.09929
7.0985
7.10264
7.09995
7.09551
7.12169
7.13161
7.11557
7.11663
7.11821
7.11675
7.11727
7.11233
7.11372
7.10814
7.11215
7.11409
7.1073
7.10088
7.09433
7.10665
7.10327
7.10163
7.10117
7.09546
7.09843
7.1113
7.11683
7.10831
7.10882
7.11486
7.11188
7.11061
7.1002
7.09985
7.09355
7.08999
7.07934
7.09342
7.08911
7.08845
7.07295
7.09431
7.08012
7.08259
7.09352
7.09353
7.08007
7.08306
7.08903
7.08855
7.09806
7.10023
7.09657
7.1009
7.10126
7.09902
7.0873
7.09099
7.07872
7.0863
7.09196
7.10695
7.11827
7.1216
7.10456
7.1072
7.0908
7.08969
7.0896
7.09104
7.08989
7.13267
7.11821
7.13563
7.14322
7.13927
7.13311
7.1345
7.14062
7.1325
7.0979
7.1014
7.10018
7.09579
7.0969
7.09967
7.09986
7.09405
7.13333
7.12862
7.11536
7.11641
7.11439
7.11289
7.11462
7.11013
7.11251
7.10507
7.10682
7.11026
7.10441
7.08691
7.08128
7.09515
7.08752
7.0939
7.08844
7.07916
7.08829
7.10503
7.11217
7.10014
7.1003
7.10866
7.10913
7.10739
7.09748
7.09703
7.0826
7.08487
7.06638
7.08585
7.07867
7.08305
7.06222
7.09362
7.08153
7.08443
7.09297
7.09401
7.08471
7.08695
7.08873
7.08936
7.1012
7.10083
7.09873
7.10347
7.10449
7.10057
7.08587
7.0931
7.07874
7.08657
7.09288
7.10301
7.10947
7.1127
7.1129
7.09979
7.09037
7.08887
7.08565
7.0887
7.08753
7.1294
7.14172
7.12492
7.12529
7.12349
7.10977
7.11352
7.11652
7.11597
7.09564
7.09672
7.09713
7.08907
7.09217
7.09309
7.09291
7.08982
7.12167
7.11582
7.11008
7.11115
7.10634
7.10671
7.10772
7.10272
7.1068
7.09883
7.09863
7.10335
7.09732
7.07775
7.07576
7.08121
7.07133
7.08164
7.07357
7.06417
7.07363
7.09446
7.10395
7.08761
7.08733
7.09796
7.10497
7.10156
7.10177
7.11385
7.07629
7.08777
7.06172
7.0893
7.07484
7.09818
7.06575
7.09443
7.08702
7.08953
7.09189
7.09407
7.08971
7.09253
7.08989
7.09141
7.11141
7.1141
7.11458
7.12895
7.13376
7.13638
7.08537
7.09143
7.07964
7.08312
7.09006
7.12301
7.13019
7.15385
7.13903
7.16901
7.08532
7.08457
7.07538
7.08084
7.08073
7.12764
7.1323
7.10637
7.11325
7.11098
7.11471
7.10457
7.11213
7.10655
7.08542
7.08842
7.08698
7.08066
7.07743
7.08491
7.08131
7.07736
7.11138
7.10725
7.1027
7.10349
7.09863
7.09876
7.09972
7.09443
7.09934
7.09171
7.09029
7.09552
7.08871
7.07588
7.0813
7.06616
7.05942
7.06587
7.06116
7.05944
7.06046
7.07866
7.09019
7.07018
7.0692
7.08181
7.0967
7.09067
7.13143
7.15426
7.07821
7.10761
7.07221
7.11031
7.08873
7.11788
7.08238
7.0929
7.09224
7.09454
7.08795
7.09116
7.0921
7.09519
7.09292
7.09309
7.1544
7.15049
7.1553
7.17323
7.17802
7.17959
7.08009
7.08735
7.07662
7.07603
7.08393
7.17195
7.16518
7.17682
7.17683
7.15534
7.07621
7.07661
7.06543
7.07244
7.07408
7.13463
7.13053
7.10514
7.11024
7.10379
7.11223
7.10444
7.10709
7.1002
7.06992
7.08117
7.0763
7.07335
7.06535
7.07831
7.07377
7.06795
7.10351
7.09995
7.09472
7.09577
7.0913
7.09079
7.09223
7.08687
7.09176
7.0852
7.08372
7.08831
7.08187
7.08847
7.09791
7.06062
7.06541
7.06009
7.06452
7.076
7.06481
7.06146
7.07399
7.05963
7.05797
7.06804
7.0847
7.07927
7.16501
7.17402
7.10021
7.13849
7.09505
7.13714
7.10935
7.15603
7.10219
7.08926
7.09035
7.09447
7.08209
7.08706
7.08814
7.09199
7.0924
7.09035
7.19048
7.19298
7.18341
7.18394
7.17409
7.16111
7.07277
7.0805
7.06927
7.06875
7.07757
7.15747
7.14267
7.1403
7.13458
7.13129
7.07077
7.07238
7.06464
7.07064
7.07404
7.12334
7.11552
7.10345
7.10288
7.09637
7.1032
7.09889
7.09842
7.09196
7.06694
7.07604
7.07386
7.07188
7.07303
7.07457
7.07616
7.07722
7.09587
7.0915
7.08694
7.08867
7.08439
7.08323
7.0857
7.08138
7.08516
7.07974
7.07936
7.08228
7.07754
7.10501
7.10483
7.07092
7.0868
7.07283
7.07659
7.0888
7.07988
7.05888
7.0646
7.06346
7.06225
7.06334
7.07507
7.07209
7.18746
7.17211
7.11723
7.17343
7.10926
7.15538
7.11939
7.16467
7.10608
7.08417
7.08437
7.0895
7.07622
7.08163
7.08062
7.08613
7.08864
7.08661
7.16139
7.14448
7.1353
7.13359
7.11979
7.11519
7.06829
7.07626
7.06342
7.07035
7.07713
7.11803
7.1175
7.11087
7.10617
7.10771
7.07241
7.08079
7.072
7.076
7.09035
7.10773
7.1009
7.09235
7.09413
7.08807
7.09379
7.08518
7.09015
7.08416
7.07972
7.07309
7.07878
7.07321
7.08513
7.07195
7.08081
7.09361
7.08721
7.08323
7.08012
7.08271
7.07825
7.0773
7.08039
7.07781
7.0797
7.07543
7.07651
7.07758
7.07494
7.09288
7.07344
7.07901
7.08414
7.08199
7.07803
7.07395
7.07982
7.06544
7.06365
7.06626
7.06739
7.06544
7.07004
7.06867
7.13533
7.09998
7.10647
7.12367
7.07537
7.11726
7.07655
7.08842
7.032
7.08041
7.07781
7.08283
7.07151
7.07976
7.07209
7.07901
7.08431
7.0817
7.10619
7.10305
7.09859
7.08448
7.09024
7.08493
7.07298
7.07824
7.06236
7.0769
7.07833
7.09858
7.1009
7.09885
7.0932
7.0963
7.08081
7.10001
7.08269
7.08837
7.11035
7.09544
7.09106
7.07921
7.08628
7.08083
7.08551
7.07434
7.08333
7.07814
7.08796
7.07078
7.0819
7.07181
7.08894
7.06995
7.08232
7.09933
7.07981
7.07693
7.0749
7.07819
7.07327
7.07261
7.07639
7.07551
7.07574
7.0722
7.0747
7.07433
7.07348
7.05377
7.03689
7.07409
7.06254
7.07512
7.07031
7.05375
7.06976
7.0688
7.0675
7.06896
7.06949
7.06926
7.06792
7.06811
7.07273
7.05556
7.04836
7.05704
7.0049
7.04344
7.02963
7.03359
6.9926
7.07946
7.06653
7.07546
7.06876
7.08007
7.06342
7.07322
7.07917
7.07841
7.06925
7.08086
7.07413
7.06086
7.07521
7.06764
7.08305
7.08206
7.0662
7.0877
7.08671
7.08889
7.09309
7.09125
7.08514
7.09056
7.09571
7.11443
7.09459
7.10023
7.11367
7.0876
7.08486
7.07109
7.08085
7.07603
7.07983
7.06826
7.07881
7.07428
7.08878
7.06963
7.08259
7.07275
7.08878
7.06982
7.08268
7.09964
7.07451
7.07257
7.0708
7.07465
7.06953
7.0694
7.07344
7.07412
7.07329
7.0703
7.07377
7.07264
7.07356
7.02751
7.0253
7.06686
7.04887
7.06516
7.06576
7.04693
7.06338
7.07016
7.07065
7.07087
7.0713
7.07184
7.06907
7.07036
7.05044
7.0531
7.01804
7.02368
6.98993
7.03887
7.01663
7.02662
6.99391
7.08142
7.05807
7.07128
7.06913
7.08179
7.05018
7.07104
7.07845
7.07886
7.05885
7.07275
7.06543
7.06045
7.0728
7.06653
7.09334
7.09327
7.07282
7.09908
7.10017
7.08172
7.08804
7.08475
7.07927
7.08553
7.10376
7.11362
7.10697
7.10926
7.11921
7.0826
7.08056
7.06648
7.07701
7.07317
7.07639
7.06516
7.07522
7.07218
7.08986
7.07054
7.0833
7.07696
7.09078
7.07131
7.08406
7.10421
7.07107
7.06975
7.06816
7.07198
7.06673
7.06692
7.07092
7.07376
7.07209
7.06889
7.07359
7.07154
7.07482
7.03121
7.04212
7.06686
7.04807
7.06435
7.06783
7.05177
7.0653
7.07101
7.07176
7.07383
7.07061
7.0696
7.07078
7.06882
7.06018
7.0689
7.02077
7.03702
7.00346
7.05263
7.02521
7.0488
7.01386
7.08028
7.04007
7.07067
7.06155
7.07976
7.02927
7.07421
7.08153
7.08633
7.06518
7.07376
7.06907
7.0708
7.07472
7.0711
7.10378
7.10709
7.09072
7.11444
7.116
7.07721
7.08288
7.0792
7.07568
7.07958
7.11745
7.12665
7.13337
7.12825
7.13307
7.07844
7.07595
7.06369
7.07357
7.07085
7.07314
7.06228
7.07175
7.06939
7.0918
7.07197
7.08485
7.08046
7.09236
7.07175
7.08546
7.11041
7.06839
7.06691
7.06549
7.06961
7.06391
7.06398
7.06869
7.07305
7.07062
7.06609
7.07244
7.06943
7.07513
7.04826
7.04996
7.06637
7.05423
7.06393
7.06194
7.05362
7.06
7.06692
7.06512
7.064
7.06098
7.05879
7.0646
7.06026
7.07651
7.0814
7.0276
7.05811
7.0251
7.06541
7.0293
7.06438
7.03201
7.0818
7.02312
7.08337
7.05132
7.08412
7.02211
7.09084
7.09147
7.10015
7.07514
7.0747
7.07128
7.07758
7.07379
7.06982
7.12392
7.12676
7.11742
7.14099
7.13598
7.07401
7.07582
7.07386
7.07196
7.07217
7.1375
7.13391
7.1517
7.14275
7.13084
7.0729
7.06952
7.05989
7.06917
7.0672
7.06751
7.05727
7.06633
7.06459
7.09231
7.07073
7.08504
7.07953
7.09075
7.06856
7.08382
7.10972
7.06511
7.06293
7.06243
7.06685
7.06037
7.06061
7.06507
7.07096
7.06759
7.06145
7.06935
7.06561
7.0726
7.05083
7.04906
7.05647
7.05183
7.05453
7.0499
7.04795
7.04753
7.05424
7.05129
7.0503
7.04642
7.04262
7.05756
7.05378
7.08246
7.08019
7.03091
7.06681
7.03322
7.0681
7.03163
7.06483
7.03
7.0864
7.03298
7.09639
7.05046
7.08707
7.03439
7.0953
7.11321
7.11063
7.07863
7.07135
7.06843
7.07907
7.06896
7.06621
7.14312
7.13848
7.12173
7.13013
7.13099
7.06957
7.06837
7.06808
7.06709
7.06456
7.14015
7.12383
7.13047
7.12982
7.11164
7.06585
7.06215
7.05382
7.06313
7.06125
7.06007
7.05078
7.06004
7.05803
7.08691
7.06535
7.08065
7.06774
7.08107
7.06116
7.07616
7.09674
7.06056
7.05818
7.05818
7.06282
7.05579
7.05581
7.06069
7.06688
7.06336
7.05551
7.06445
7.06097
7.06671
7.04348
7.036
7.04234
7.0412
7.03966
7.03494
7.03331
7.0317
7.03773
7.0342
7.03477
7.02972
7.02697
7.04798
7.04081
7.07477
7.06729
7.02887
7.05853
7.02258
7.05491
7.02389
7.04977
7.01315
7.07971
7.02795
7.08251
7.04206
7.06506
7.01335
7.05699
7.09272
7.06695
7.07833
7.06676
7.06367
7.07428
7.06431
7.06078
7.10715
7.11254
7.07101
7.07776
7.08748
7.06433
7.06097
7.06217
7.06151
7.05813
7.11008
7.09589
7.08569
7.08793
7.07857
7.05876
7.05609
7.04798
7.05729
7.05508
7.05388
7.04545
7.05524
7.05301
7.07238
7.05643
7.07004
7.05022
7.06439
7.05143
7.06407
7.07497
7.05616
7.05491
7.0533
7.05871
7.05223
7.05169
7.05745
7.06163
7.05865
7.04984
7.05957
7.05669
7.05971
7.02932
7.02425
7.02962
7.02676
7.02529
7.02786
7.02228
7.02243
7.02395
7.02235
7.02752
7.02159
7.02092
7.03349
7.02797
7.05786
7.04755
7.01842
7.03938
7.00344
7.03519
7.01408
7.02795
6.99574
7.04628
6.99784
7.02847
7.02472
7.0279
6.98337
6.99878
7.03576
7.005
7.06705
7.06171
7.05646
7.05807
7.05843
7.05153
7.04802
7.05842
6.99836
7.01994
7.03069
7.0588
7.05597
7.05796
7.05635
7.05492
7.06598
7.06246
7.04535
7.04675
7.04907
7.05444
7.05426
7.04374
7.05424
7.052
7.05105
7.04364
7.0547
7.05275
7.05593
7.04711
7.0586
7.03618
7.05031
7.04396
7.05485
7.05523
7.05485
7.05642
7.0511
7.05772
7.05349
7.05197
7.05924
7.05826
7.05589
7.04781
7.0587
7.05606
7.05593
7.0216
7.0211
7.02859
7.01985
7.02399
7.03555
7.02165
7.03221
7.02316
7.02132
7.03489
7.02951
7.02825
7.02544
7.02916
7.03856
7.03336
7.01199
7.01864
6.99357
7.02237
7.01373
7.01553
6.99848
7.01282
6.97412
6.97558
7.01936
7.00555
6.97702
6.96395
6.98227
6.96672
7.04799
7.05385
7.04665
7.03839
7.04888
7.04304
6.99997
7.00965
6.96206
6.98806
6.99804
7.0543
7.05511
7.05543
7.0531
7.05662
7.03419
7.04114
7.03021
7.0287
7.03935
7.05573
7.05883
7.04564
7.05715
7.0557
7.05517
7.04917
7.06133
7.06003
7.04731
7.04319
7.05341
7.03524
7.04806
7.04453
7.05504
7.04875
7.05996
7.06452
7.05499
7.06306
7.06169
7.05954
7.06813
7.06129
7.05833
7.05299
7.06533
7.06195
7.05987
7.02621
7.03611
7.0504
7.02984
7.04405
7.07313
7.0428
7.06406
7.04027
7.0399
7.06444
7.05571
7.05728
7.03851
7.05627
7.03297
7.03431
7.01807
7.02028
7.00966
7.02885
7.02421
7.02836
7.02184
7.00958
6.99009
6.97528
7.03956
7.02722
7.01065
7.00505
6.95856
6.97386
7.03072
7.04536
7.04134
7.0267
7.04412
7.04147
6.98972
7.00092
6.95877
7.00305
7.01331
7.05382
7.06018
7.05867
7.05686
7.06613
7.03395
7.04464
7.04533
7.04609
7.05555
7.06386
7.07096
7.05424
7.06735
7.06622
7.06565
7.06051
7.07497
7.07366
7.05299
7.04822
7.05959
7.04916
7.06069
7.05463
7.06611
7.06144
7.07132
7.07898
7.06632
7.07603
7.07564
7.07401
7.08343
7.07135
7.06793
7.06594
7.07865
7.07474
7.07192
7.04553
7.07859
7.10101
7.06723
7.09858
7.13918
7.11813
7.13862
7.0792
7.07852
7.1249
7.11721
7.10685
7.07828
7.10634
7.04089
7.04691
7.03262
7.03942
7.0341
7.0505
7.05051
7.05114
7.04985
7.05603
7.03689
7.03991
7.08136
7.08241
7.06889
7.07801
7.01153
7.05869
7.02637
7.04963
7.04566
7.02509
7.06149
7.05558
7.03115
7.04215
7.00881
7.06813
7.07658
7.0622
7.0745
7.06987
7.0696
7.08509
7.06622
7.07286
7.08933
7.08961
7.0925
7.07998
7.09071
7.06822
7.08435
7.08221
7.08422
7.07781
7.09441
7.09182
7.07236
7.06296
7.07591
7.07316
7.08452
7.07267
7.08599
7.08898
7.08811
7.09724
7.08282
7.09371
7.09287
7.09153
7.10209
7.088
7.08388
7.08399
7.09685
7.0924
7.0907
7.12462
7.15024
7.17613
7.16447
7.17638
7.18229
7.20107
7.196
7.1492
7.13606
7.15508
7.15563
7.14788
7.13118
7.14951
7.05726
7.08148
7.09989
7.06072
7.07841
7.10688
7.12847
7.07746
7.10489
7.12121
7.09859
7.12015
7.13798
7.15382
7.12451
7.14965
7.10287
7.13348
7.03415
7.07499
7.06318
7.05797
7.09567
7.08313
7.10683
7.11286
7.10428
7.13869
7.14154
7.07899
7.09822
7.09632
7.09079
7.11225
7.11495
7.11136
7.13648
7.13569
7.12581
7.1032
7.11648
7.08818
7.10517
7.10136
7.10784
7.09925
7.11536
7.11096
7.09836
7.08318
7.09749
7.09942
7.10997
7.09357
7.10749
7.11635
7.10674
7.11548
7.10114
7.11227
7.11023
7.10998
7.12032
7.10672
7.1026
7.10353
7.11535
7.11109
7.11055
7.17877
7.19143
7.16885
7.21065
7.18049
7.16251
7.19701
7.16551
7.14782
7.16141
7.15658
7.16422
7.18654
7.17714
7.19691
7.10194
7.10309
7.15535
7.08762
7.12214
7.12229
7.16615
7.07753
7.11483
7.16725
7.13918
7.15456
7.17913
7.16859
7.14685
7.15051
7.14545
7.14099
7.08759
7.11507
7.10437
7.1065
7.12767
7.11876
7.15927
7.15893
7.14323
7.16647
7.16214
7.10646
7.12578
7.12959
7.12506
7.13801
7.14842
7.13621
7.15385
7.15144
7.14039
7.12913
7.13976
7.10932
7.12485
7.11965
7.12967
7.11874
7.13304
7.12753
7.12032
7.1029
7.11653
7.11909
7.12663
7.11089
7.12277
7.13118
7.12359
7.13075
7.11798
7.12837
7.12435
7.12483
7.13442
7.12361
7.11955
7.11934
7.13004
7.12594
7.12566
7.17
7.14989
7.16119
7.18255
7.16245
7.16655
7.17098
7.1627
7.18536
7.20123
7.19662
7.19108
7.19854
7.202
7.19307
7.09359
7.09473
7.13815
7.05281
7.09828
7.08003
7.12071
7.05416
7.08428
7.1602
7.15034
7.13924
7.17034
7.14674
7.14513
7.12277
7.13673
7.13008
7.11607
7.13228
7.13034
7.13086
7.14249
7.14302
7.16092
7.15442
7.14001
7.15162
7.14677
7.13997
7.14982
7.16544
7.15512
7.15925
7.14976
7.1405
7.14407
7.14516
7.13834
7.14878
7.15442
7.12754
7.14003
7.13421
7.14633
7.13581
7.14575
7.1395
7.12969
7.11716
7.12661
7.12828
7.12962
7.12243
7.1282
7.13243
7.13767
7.14299
7.1305
7.13977
7.13497
7.13495
7.14338
7.135
7.13175
7.12998
7.13846
7.13571
7.13436
7.1428
7.14336
7.16611
7.16571
7.1597
7.16134
7.15972
7.15794
7.18438
7.18584
7.17726
7.17332
7.17182
7.17748
7.16321
7.11035
7.14521
7.12128
7.0858
7.09694
7.11766
7.12995
7.11914
7.11848
7.13366
7.13795
7.11297
7.14917
7.12644
7.13045
7.10873
7.12189
7.12346
7.14978
7.16721
7.15943
7.16896
7.18307
7.17578
7.14341
7.14063
7.13325
7.13584
7.13521
7.16905
7.16516
7.18285
7.17505
7.16744
7.13999
7.13615
7.13203
7.13494
7.13362
7.15842
7.16062
7.14222
7.15006
7.14392
7.15383
7.14635
7.15332
7.14766
7.12818
7.12614
7.12863
7.13024
7.12638
7.12934
7.12872
7.12915
7.14709
7.14992
7.13815
7.14649
7.14276
7.14067
7.14805
7.14052
7.13909
7.13624
7.14206
7.14126
7.1384
7.14663
7.1498
7.15726
7.15658
7.15621
7.15501
7.15548
7.15524
7.16449
7.16195
7.16051
7.15968
7.15701
7.15425
7.15079
7.16287
7.16494
7.138
7.13966
7.13483
7.14352
7.14392
7.14868
7.14403
7.1246
7.1292
7.11223
7.14268
7.13071
7.13369
7.12485
7.12459
7.12518
7.17673
7.18117
7.1787
7.17434
7.17502
7.17388
7.12972
7.13021
7.1252
7.12391
7.12544
7.1737
7.16697
7.17164
7.16966
7.16563
7.13012
7.13149
7.12316
7.1263
7.1295
7.16154
7.16186
7.14903
7.15579
7.15095
7.15696
7.15087
7.15789
7.15326
7.1256
7.13146
7.12909
7.12816
7.12603
7.13376
7.13013
7.12793
7.15225
7.15427
7.1423
7.14966
7.14767
7.14399
7.1503
7.14309
7.14315
7.14007
7.14367
7.14438
7.14011
7.15192
7.15313
7.15449
7.15512
7.1547
7.1537
7.15496
7.1546
7.15736
7.15417
7.15714
7.15566
7.15249
7.15013
7.14888
7.16281
7.16114
7.14797
7.153
7.14761
7.15277
7.14992
7.15574
7.14908
7.13785
7.14146
7.14088
7.14467
7.14277
7.14607
7.15062
7.13874
7.15257
7.16918
7.17021
7.16977
7.16548
7.16728
7.16715
7.11822
7.12062
7.13249
7.12002
7.11884
7.16657
7.16466
7.16618
7.16528
7.16452
7.12239
7.12646
7.11853
7.11835
7.12303
7.16242
7.16349
7.153
7.15977
7.15543
7.1608
7.15472
7.16142
7.15705
7.12706
7.13501
7.13164
7.12828
7.12799
7.13606
7.1329
7.12634
7.15613
7.15788
7.14525
7.15138
7.15065
7.14653
7.15231
7.14426
7.14546
7.14241
7.14478
7.14633
7.14108
7.15415
7.1555
7.15333
7.15459
7.15405
7.15235
7.15379
7.15239
7.15396
7.15062
7.15268
7.15092
7.14782
7.1473
7.14324
7.16067
7.1609
7.15164
7.15788
7.15054
7.15702
7.15358
7.15944
7.15272
7.14095
7.143
7.14633
7.13909
7.13496
7.1373
7.13771
7.14987
7.1371
7.16354
7.16609
7.16576
7.16269
7.1658
7.16524
7.12213
7.11917
7.12977
7.11923
7.11604
7.16525
7.16499
7.1664
7.16595
7.16593
7.1161
7.12077
7.11307
7.11273
7.11694
7.16441
7.16541
7.1572
7.16311
7.1592
7.16531
7.16014
7.16507
7.16129
7.12807
7.13636
7.13347
7.129
7.12638
7.13633
7.13283
7.12241
7.15955
7.16128
7.14759
7.15394
7.15347
7.14888
7.1555
7.14585
7.14717
7.14347
7.14605
7.14757
7.14167
7.15604
7.15553
7.15002
7.15194
7.14965
7.14576
7.1491
7.14524
7.14488
7.14268
7.13937
7.13681
7.13549
7.13794
7.13123
7.16138
7.16184
7.15447
7.1601
7.15503
7.15855
7.15495
7.16003
7.1569
7.12915
7.12975
7.12669
7.12597
7.12157
7.12132
7.116
7.12526
7.11395
7.16301
7.16602
7.16538
7.16432
7.16635
7.16569
7.10989
7.10742
7.09898
7.09824
7.09665
7.1671
7.16723
7.16828
7.16806
7.16844
7.10439
7.10945
7.09412
7.09381
7.09833
7.16733
7.16905
7.16301
7.16612
7.16358
7.16842
7.1646
7.16681
7.16558
7.12266
7.13486
7.13044
7.12705
7.11746
7.13249
7.12674
7.11079
7.1631
7.16514
7.15066
7.1571
7.15579
7.152
7.15899
7.14608
7.14759
7.14203
7.14609
7.14739
7.14023
7.15365
7.15165
7.13989
7.14509
7.138
7.13203
7.1402
7.1302
7.1281
7.12771
7.12397
7.12113
7.12205
7.12386
7.11762
7.16243
7.16322
7.15547
7.15984
7.15818
7.15921
7.15589
7.15988
7.15799
7.1129
7.11219
7.10529
7.11238
7.10417
7.10334
7.09418
7.10086
7.08727
7.1663
7.16661
7.16597
7.16845
7.16711
7.16672
7.08319
7.07997
7.06424
7.05994
7.058
7.16868
7.16941
7.1693
7.16916
7.17055
7.07596
7.08351
7.05392
7.05357
7.06276
7.16991
7.17095
7.16584
7.16822
7.16786
7.16998
7.16702
7.17013
7.17004
7.11008
7.12793
7.12078
7.11886
7.10011
7.12284
7.1127
7.08753
7.16584
7.16679
7.15317
7.16139
7.15979
7.15508
7.16331
7.14584
7.14699
7.13914
7.14557
7.14651
7.13529
7.15017
7.15107
7.1274
7.13673
7.12738
7.12945
7.13662
7.12899
7.1178
7.12005
7.12206
7.11892
7.12333
7.112
7.10839
7.16453
7.16637
7.15634
7.16067
7.15776
7.16119
7.15762
7.16234
7.1588
7.09469
7.0939
7.08155
7.10046
7.08605
7.08383
7.06617
7.06891
7.04715
7.17008
7.16861
7.16811
7.17148
7.17115
7.17062
7.03052
7.02568
7.00537
6.98815
6.985
7.16996
7.172
7.17167
7.17152
7.17389
7.01959
7.03493
6.98009
6.97621
6.99848
7.1724
7.17437
7.16763
7.17227
7.17141
7.17293
7.16839
7.17441
7.17255
7.08651
7.11601
7.10194
7.09628
7.06876
7.10747
7.08847
7.04435
7.16877
7.17149
7.15711
7.16616
7.16887
7.15861
7.16751
7.14446
7.14668
7.13896
7.1439
7.14734
7.12682
7.15383
7.15848
7.13501
7.13898
7.13429
7.14456
7.1451
7.14305
7.12624
7.12976
7.14022
7.1368
7.14068
7.1117
7.11731
7.16896
7.17247
7.15991
7.16512
7.16125
7.16724
7.16371
7.16927
7.16429
7.07752
7.07482
7.04954
7.09853
7.06962
7.06939
7.03137
7.01721
6.98379
7.17317
7.17455
7.17382
7.17568
7.1787
7.17772
6.92491
6.91508
6.89309
6.82888
6.82093
7.17407
7.17652
7.17776
7.17777
7.18002
6.90522
6.94921
6.81666
6.80252
6.87583
7.17715
7.18066
7.16886
7.17709
7.17395
7.17806
7.16956
7.18038
7.17549
7.0467
7.09728
7.07384
7.06575
7.01808
7.08536
7.05704
6.96675
7.17435
7.17788
7.16211
7.17005
7.17497
7.16723
7.17332
7.14358
7.14862
7.14369
7.14519
7.15094
7.11789
7.16479
7.17238
7.15831
7.15284
7.15547
7.1773
7.16204
7.17128
7.15174
7.15728
7.17727
7.17246
7.17982
7.12704
7.14242
7.17677
7.18204
7.16866
7.1744
7.16833
7.1784
7.1751
7.18052
7.17296
7.06163
7.0647
7.00996
7.11054
7.05738
7.06224
6.97975
6.93713
6.87784
7.17904
7.18368
7.18231
7.18346
7.18935
7.1876
6.69395
6.63216
6.64709
6.47077
6.32541
7.18246
7.18443
7.18809
7.18802
7.18987
6.60498
6.77015
6.43284
6.26646
6.59631
7.18499
7.19012
7.17158
7.18457
7.17833
7.18596
7.17492
7.18934
7.18245
6.97793
7.07357
7.03832
7.02425
6.92813
7.05952
7.01388
6.82324
7.18187
7.18705
7.17204
7.17743
7.18354
7.17757
7.18092
7.148
7.15645
7.1531
7.15257
7.16305
7.1123
7.17932
7.18286
7.20554
7.1732
7.19386
7.23486
7.17947
7.21698
7.20011
7.2093
7.24934
7.23981
7.24568
7.16519
7.19631
7.1882
7.1948
7.18071
7.1876
7.17798
7.19317
7.18545
7.19519
7.18282
7.05433
7.06278
6.94534
7.14804
7.06329
7.07214
6.90947
6.78672
6.67171
7.18877
7.1954
7.19323
7.19485
7.20183
7.19957
6.17227
5.28056
5.99708
5.77378
3.27448
7.19442
7.19618
7.20185
7.20151
7.20361
5.17573
6.32427
5.67637
3.12261
5.86957
7.19645
7.20417
7.18147
7.19552
7.18844
7.20084
7.19157
7.20298
7.19679
6.86607
7.0448
6.9858
6.97358
6.78794
7.03262
6.9542
6.5472
7.19366
7.20208
7.18337
7.18738
7.19597
7.18923
7.19314
7.15863
7.16995
7.15937
7.16571
7.17678
7.11133
7.18759
7.17568
7.26815
7.1852
7.24204
7.25655
7.14331
7.21481
7.27725
7.29029
7.31298
7.29193
7.3209
7.23247
7.27241
7.20202
7.20942
7.18733
7.20245
7.18711
7.2099
7.18667
7.20885
7.19087
7.07692
7.09058
6.87651
7.21591
7.10415
7.12125
6.8534
6.43555
6.03935
7.20204
7.20903
7.20662
7.21022
7.21688
7.21488
5.44008
1.9223
4.27343
-1.22399
5.15259
2.22758
-5.49048
-1.5141
-1.7793
-0.142449
-1.22244
0.0646865
7.20935
7.21192
7.21932
7.21855
7.2217
1.82878
5.16968
5.08336
2.17855
3.96618
-1.90447
-1.45052
-1.37199
-0.00674303
-2.082
-0.298747
7.21308
7.22286
7.20144
7.21178
7.20554
7.22045
7.21215
7.22177
7.21565
6.70451
7.02707
6.93069
6.92869
6.6351
7.03103
6.9173
5.76499
7.21115
7.22132
7.19717
7.20251
7.21504
7.20529
7.21177
7.17409
7.18533
7.1742
7.18274
7.19406
7.12266
7.13519
7.09215
7.15043
7.0419
7.09986
7.03956
6.98522
6.98328
7.26806
7.31069
7.20835
7.20785
7.26951
7.29407
7.28756
7.21699
7.22479
7.17987
7.21526
7.19311
7.20363
7.16764
7.21984
7.19436
7.11342
7.15225
6.84215
7.23378
7.09277
7.16049
6.77055
5.99195
5.85758
1.44827
1.04763
1.56395
7.21959
7.22573
7.22473
7.2305
7.23727
7.23627
1.10234
5.40802
3.15112
5.13564
2.66346
5.54716
3.68571
0.280505
0.375176
-0.295291
0.754391
0.497658
0.98967
0.247475
7.22921
7.2327
7.24307
7.24221
7.24536
3.1412
4.55787
0.704713
5.57497
3.59862
4.96365
2.29699
-0.350031
-0.0218371
0.230795
0.865262
0.215572
0.516647
0.322518
7.23369
7.24575
7.2236
7.23271
7.22715
7.24336
7.23566
7.24452
7.23917
6.59031
7.048
6.92457
6.98828
6.51085
7.08202
6.95323
5.55386
0.772984
0.944271
1.41666
7.23239
7.24379
7.2161
7.2253
7.23945
7.22763
7.23842
7.19555
7.20511
7.19749
7.20761
7.21673
7.15937
7.10155
7.1443
7.02922
7.0105
6.99229
7.0769
7.07402
7.05447
7.16407
7.2382
7.16317
7.14851
7.22304
7.25672
7.22819
7.23449
7.24883
7.16335
7.22586
7.19916
7.20885
7.17601
7.23767
7.2109
7.09593
7.07876
6.77774
7.14015
7.04714
7.04012
6.70091
6.08529
2.55741
6.18368
2.55445
1.51929
1.12503
1.67006
2.0773
7.24407
7.25094
7.24987
7.25992
7.26816
7.26565
3.44035
5.51926
3.96134
5.65338
3.57266
5.62377
4.06961
0.482038
1.43539
0.370623
1.43998
0.708577
1.46369
0.382819
7.25723
7.25983
7.27536
7.27455
7.27643
3.86959
5.45607
3.44415
5.57366
3.97229
5.48521
3.13386
0.452713
1.70337
0.823588
1.45899
0.40666
1.30551
0.826212
7.25911
7.27453
7.2486
7.25711
7.25156
7.27089
7.26265
7.27006
7.26393
6.63039
7.12468
7.01806
7.06193
6.75154
7.16288
7.07545
2.6063
6.08383
1.90208
2.33052
1.49911
1.89834
7.25542
7.26724
7.24051
7.25386
7.2646
7.25303
7.26726
7.22365
7.23078
7.22422
7.23835
7.24359
7.21371
7.19277
7.22871
7.14723
7.14151
7.12159
7.21148
7.19787
7.1795
7.1577
7.21953
7.2114
7.18218
7.22378
7.21972
7.21826
7.26762
7.28742
7.20593
7.25372
7.22809
7.25386
7.23515
7.27177
7.24809
7.04075
7.03848
6.75744
7.12634
7.06277
7.05998
6.89839
6.04157
1.85191
6.33899
1.12984
2.01841
7.27797
7.28621
7.28281
7.29633
7.303
7.29989
3.21022
5.85318
4.02998
5.26017
1.61642
5.81237
3.61621
1.07316
1.28486
0.170816
0.299277
1.36928
0.212771
0.422773
7.29333
7.29431
7.31024
7.31194
7.31403
4.10247
5.88102
2.95066
5.76113
3.88394
5.7776
2.24565
0.300959
1.42306
0.915961
0.99086
0.392733
0.610645
1.31272
7.29086
7.30862
7.27843
7.28339
7.27623
7.30263
7.29531
7.29727
7.28859
7.01543
7.196
7.15953
7.15054
7.11131
7.22442
7.19939
6.79286
7.27904
7.29044
7.26491
7.27984
7.28413
7.27651
7.29055
7.25544
7.25801
7.25304
7.27151
7.27124
7.25521
7.25492
7.28021
7.26275
7.23132
7.22236
7.29487
7.26215
7.25266
7.20591
7.2297
7.25595
7.22321
7.2346
7.21786
7.22818
7.30452
7.31464
7.2606
7.28784
7.26954
7.29474
7.28293
7.29927
7.28845
7.09071
7.09258
6.96927
7.17341
7.11264
7.11573
7.01833
6.70177
6.92916
7.31169
7.31759
7.31363
7.32084
7.32566
7.32214
6.20785
4.17327
6.69406
6.61827
5.7182
-2.08216
-0.305092
7.32699
7.3304
7.32919
7.33177
7.34067
4.34286
6.72397
6.73631
6.31549
7.13048
-0.383133
7.325
7.33901
7.30786
7.31107
7.30016
7.33004
7.31931
7.32047
7.31046
7.20034
7.25305
7.2545
7.23855
7.25355
7.273
7.29128
7.25951
7.3016
7.31065
7.28595
7.29833
7.29629
7.29247
7.30396
7.28588
7.28252
7.27394
7.29494
7.28972
7.28987
7.30149
7.30992
7.30352
7.28408
7.26836
7.3034
7.29211
7.2742
7.23619
7.2447
7.27018
7.24617
7.25299
7.23831
7.24559
7.31857
7.32038
7.30191
7.30829
7.30148
7.31692
7.30947
7.31666
7.30753
7.13704
7.13933
7.04777
7.21091
7.15345
7.15391
7.04905
7.01468
7.1042
7.3236
7.33074
7.32767
7.32192
7.32973
7.32703
6.85395
6.76107
7.05755
6.97839
7.04303
7.33171
7.33867
7.33272
7.3278
7.32958
7.11828
7.30259
7.14315
7.34545
7.33595
7.34078
7.33415
7.31946
7.32774
7.31685
7.32564
7.30972
7.32649
7.32043
7.28509
7.28771
7.30949
7.25613
7.29681
7.28609
7.31814
7.3153
7.31606
7.31649
7.29592
7.30546
7.29431
7.29153
7.30231
7.29862
7.29171
7.2726
7.2971
7.28811
7.29671
7.30524
7.2967
7.29648
7.29076
7.27165
7.28876
7.28226
7.26742
7.25426
7.26447
7.27573
7.26361
7.27922
7.24889
7.25191
7.31488
7.30637
7.30664
7.31407
7.30514
7.30536
7.29886
7.30584
7.29725
7.16905
7.15997
7.06991
7.21517
7.17782
7.15668
7.08218
7.12836
7.15776
7.31384
7.31923
7.31761
7.3028
7.30732
7.30584
7.03155
7.10385
7.15094
7.07636
7.14431
7.31692
7.31783
7.30559
7.30309
7.30294
7.30385
7.31619
7.18262
7.31141
7.29182
7.32214
7.30264
7.28939
7.32489
7.31237
7.29693
7.2663
7.31454
7.29309
7.29217
7.2775
7.30309
7.22576
7.27791
7.26082
7.28885
7.29281
7.30416
7.28388
7.28022
7.28742
7.26068
7.26097
7.27217
7.28474
7.2743
7.24179
7.26701
7.25796
7.27023
7.28726
7.2797
7.28039
7.27349
7.26295
7.2737
7.26533
7.25934
7.27063
7.28493
7.27458
7.27422
7.28831
7.25722
7.26643
7.29821
7.29167
7.28922
7.29768
7.28856
7.28942
7.28183
7.29173
7.28213
7.19368
7.16742
7.11127
7.22259
7.21428
7.17867
7.15027
7.18323
7.20219
7.29347
7.29625
7.29512
7.28644
7.28757
7.28649
7.08567
7.14951
7.19955
7.12158
7.17051
7.28913
7.28709
7.27999
7.27692
7.27247
7.26362
7.25493
7.1834
7.24565
7.23316
7.28032
7.25708
7.23213
7.27979
7.24343
7.24182
7.19754
7.23749
7.18371
7.25528
7.24107
7.2655
7.18679
7.2361
7.22523
7.24733
7.25191
7.24964
7.18972
7.23227
7.24155
7.18432
7.19542
7.20774
7.24464
7.23416
7.19581
7.22563
7.2105
7.23192
7.27427
7.27061
7.26994
7.25834
7.25832
7.26902
7.25488
7.25994
7.27937
7.29488
7.28251
7.28659
7.30439
7.27737
7.292
7.28816
7.28748
7.27642
7.28827
7.27705
7.28329
7.2736
7.28735
7.27475
7.23883
7.1954
7.18894
7.25125
7.25825
7.20659
7.22272
7.22943
7.25117
7.2818
7.28182
7.28084
7.27972
7.27907
7.27803
7.14904
7.19726
7.2448
7.18013
7.22117
7.26863
7.26262
7.27037
7.26506
7.25761
7.24582
7.22047
7.21708
7.24794
7.23133
7.23537
7.2233
7.16174
7.18853
7.11267
7.19475
7.13488
7.1429
7.04662
7.2224
7.21435
7.23539
7.18147
7.22078
7.21699
7.23159
7.24401
7.11279
7.03777
7.15414
7.16637
7.08215
7.11173
7.12958
7.20996
7.18921
7.16882
7.20426
7.17997
7.21814
7.26926
7.26745
7.26714
7.25371
7.26353
7.2677
7.25568
7.26715
7.29384
7.31317
7.29105
7.29913
7.31863
7.31063
7.32142
7.2882
7.28759
7.27327
7.2872
7.27243
7.2816
7.27081
7.28668
7.26938
7.28608
7.22168
7.25169
7.27937
7.3034
7.23068
7.26817
7.27843
7.29719
7.2796
7.27789
7.27673
7.27885
7.27747
7.27567
7.21475
7.2491
7.29127
7.2447
7.27479
7.26599
7.25744
7.27569
7.26892
7.26302
7.26594
7.2501
7.27114
7.28904
7.27768
7.22402
7.23534
7.1398
7.11987
7.01648
7.19875
7.15484
7.12902
7.01567
7.23122
7.23275
7.24393
7.23529
7.25607
7.26355
7.26821
7.28255
7.00797
7.03144
7.08278
7.10825
7.06823
7.10347
7.12405
7.21055
7.18752
7.20913
7.22764
7.21368
7.25471
7.26537
7.26742
7.27118
7.25832
7.26976
7.27726
7.26547
7.27684
7.30257
7.32367
7.30039
7.30656
7.32911
7.32934
7.33387
7.28536
7.2825
7.26557
7.28263
7.26328
7.27261
7.26194
7.27861
7.25872
7.31808
7.24145
7.27269
7.31836
7.3444
7.2657
7.28963
7.31341
7.33045
7.27885
7.27876
7.27611
7.27786
7.27666
7.27302
7.27027
7.29993
7.32177
7.2925
7.32311
7.27403
7.26881
7.28024
7.27234
7.27174
7.31175
7.30165
7.31308
7.32848
7.32391
7.25474
7.27591
7.18035
7.15408
7.05117
7.23736
7.20588
7.19002
7.11427
7.2924
7.29561
7.30071
7.30873
7.32085
7.3247
7.32838
7.33681
7.08329
7.14698
7.15635
7.17652
7.17415
7.22443
7.23817
7.26277
7.25676
7.30695
7.31729
7.30178
7.33365
7.27018
7.27691
7.28031
7.27098
7.28101
7.28584
7.27821
7.28739
7.3029
7.32099
7.30414
7.30717
7.32716
7.33147
7.34745
7.27735
7.27787
7.26231
7.27267
7.25491
7.2733
7.2695
7.27035
7.25667
7.36098
7.27471
7.30439
7.3648
7.37658
7.30031
7.34681
7.34691
7.38245
7.2705
7.27164
7.26343
7.27078
7.27409
7.26345
7.31101
7.34024
7.35666
7.33172
7.36053
7.26946
7.28055
7.28579
7.27126
7.28768
7.33724
7.33832
7.32644
7.3525
7.33618
7.29764
7.30841
7.22872
7.235
7.18834
7.27878
7.24565
7.28703
7.24608
7.33769
7.35144
7.34655
7.34611
7.3429
7.36788
7.3521
7.34406
7.1953
7.24963
7.2692
7.28899
7.26625
7.30754
7.33089
7.34266
7.33141
7.35343
7.35603
7.35458
7.37206
7.27718
7.28859
7.28181
7.2899
7.30654
7.3233
7.34402
7.27272
7.26815
7.26372
7.25463
7.27636
7.24924
7.26832
7.31908
7.29175
7.30457
7.36773
7.30874
7.35334
7.39753
7.26163
7.26793
7.25294
7.23013
7.23242
7.20228
7.2532
7.20047
7.24135
7.28476
7.26622
7.27347
7.27975
7.27837
7.26065
7.34996
7.38719
7.25974
7.27847
7.19305
7.25326
7.22723
7.23911
7.22831
7.25501
7.27241
7.29263
7.28721
7.25351
7.3141
7.27969
7.37665
7.337
7.29371
7.25105
7.27688
7.24913
7.26719
7.25335
7.27199
7.32509
7.30796
7.32151
7.33534
7.36375
7.34908
7.26608
7.31091
7.33634
7.34987
7.36184
160.669
161.243
154.812
158.558
156.166
153.98
152.069
148.51
148.292
143.955
149.207
145.594
147.878
144.865
170.556
205.226
168.793
167.747
156.504
168.675
155.274
150.3
154.422
151.527
151.084
147.544
149.891
147.739
141.631
149.215
145.723
146.093
143.886
147.442
144.298
135.072
138.767
133.534
140.372
137.577
137.53
134.477
170.881
220.118
176.821
167.515
153.094
168.075
151.673
150.161
154.752
146.766
147.753
145.077
145.2
141.199
142.923
141.032
139.532
142.018
140.248
137.121
137.009
131.952
134.469
131.357
134.243
133.287
133.331
133.455
148.291
177.15
150.431
142.017
136.29
141.709
132.399
134.88
134.557
132.278
134.127
133.385
133.471
134.307
128.994
135.641
136.319
91.1464
97.7102
102.496
108.539
125.677
138.907
137.5
98.2485
91.6752
112.47
116.141
132.803
133.05
135.94
85.0633
80.2579
85.0122
88.2113
134.981
128.038
132.088
82.3048
92.0016
77.7289
89.9715
59.3183
51.7829
68.5499
21.7858
28.7651
19.5426
35.426
34.5381
73.0576
68.832
20.6531
8.05681
35.4608
15.2183
11.2934
27.6264
12.5086
10.3863
5.8648
8.41425
5.99674
14.9706
14.7754
13.8239
6.86901
5.69102
6.48532
5.62232
13.0418
8.18686
13.9736
6.6385
6.23299
6.07816
6.46152
6.13994
10.2368
6.66934
6.38681
6.33192
6.74343
6.69752
7.93848
7.50513
7.96105
7.59634
7.46918
7.53259
7.37239
7.54131
7.51169
7.51515
7.26983
7.06648
7.1375
7.04143
6.75534
6.5492
6.68014
6.80172
6.74968
6.74148
6.75407
6.65029
6.7593
6.81249
6.77238
6.79164
6.78968
6.84981
7.1829
7.23286
7.16961
7.05155
7.077
7.09792
7.13121
7.06875
7.1116
7.04807
7.08249
7.00433
7.07721
6.97807
6.7803
6.80044
6.77109
6.75775
6.79071
6.78775
6.77097
6.82039
6.79902
6.8515
6.81498
6.82928
6.78322
6.83729
7.04844
7.01051
7.06659
6.96183
7.00416
6.98876
6.96823
6.95028
7.00379
6.94146
6.97263
6.92214
6.96614
6.907
6.78816
6.76361
6.76061
6.75333
6.77436
6.74666
6.74353
6.82011
6.75343
6.81145
6.76841
6.80128
6.72328
6.78525
6.95102
6.91698
6.8922
6.89044
6.86773
6.88154
6.85092
6.89132
6.91087
6.8814
6.88168
6.85392
6.872
6.85896
6.75303
6.74107
6.72356
6.72488
6.73578
6.73599
6.70706
6.78308
6.69882
6.76219
6.72587
6.76681
6.68053
6.74395
6.81449
6.84854
6.81941
6.82471
6.79557
6.82088
6.79502
6.82137
6.83726
6.83175
6.81625
6.79741
6.81283
6.80826
6.72388
6.73249
6.69415
6.69232
6.72219
6.72952
6.6908
6.75599
6.66996
6.72959
6.71828
6.75019
6.66879
6.7245
6.78513
6.79958
6.77935
6.78933
6.77245
6.78704
6.76938
6.78377
6.79699
6.79019
6.78753
6.77593
6.78764
6.77987
6.72718
6.72882
6.69592
6.68676
6.73193
6.72917
6.6989
6.75155
6.67143
6.72858
6.73035
6.75921
6.68021
6.73962
6.76502
6.78221
6.76796
6.76488
6.75581
6.77875
6.76918
6.77609
6.78726
6.77641
6.78526
6.77919
6.78711
6.77791
6.73946
6.73036
6.70395
6.70814
6.75127
6.73287
6.71719
6.77141
6.69743
6.75353
6.76228
6.78372
6.72251
6.77001
6.74724
6.77576
6.76978
6.71647
6.73634
6.77216
6.77077
6.78462
6.79791
6.78438
6.81421
6.79413
6.80802
6.79306
6.76055
6.7432
6.73815
6.74069
6.76936
6.76242
6.76033
6.7959
6.76019
6.79117
6.80153
6.80754
6.79854
6.81328
6.72409
6.77217
6.76206
6.71406
6.7224
6.77268
6.76442
6.80981
6.82502
6.80536
6.85906
6.83413
6.84248
6.81862
6.78832
6.78533
6.78084
6.79786
6.81288
6.81851
6.80652
6.81915
6.83246
6.82074
6.84367
6.83036
6.85292
6.82697
6.74179
6.7767
6.77486
6.7599
6.77296
6.78929
6.7898
6.84047
6.86328
6.83009
6.87625
6.85253
6.88394
6.85275
6.85554
6.85641
6.83736
6.88908
6.90537
6.89664
6.86921
6.84357
6.86365
6.83601
6.88525
6.87308
6.87328
6.84759
6.81425
6.81287
6.80907
6.82201
6.84864
6.84142
6.83743
6.86707
6.90582
6.87801
6.90739
6.88648
6.92598
6.90624
6.94531
6.93368
6.90654
6.96831
6.97438
6.9609
6.93993
6.93487
6.89953
6.88504
6.97039
7.01799
6.95071
6.97761
6.88441
6.87776
6.88347
6.91239
6.91676
6.91821
6.92568
6.91346
6.94786
6.9361
6.95927
6.94019
6.97176
6.96384
6.9984
6.97914
6.96681
7.00987
7.01401
6.99627
6.9885
7.06212
6.99365
7.04238
7.02679
7.06626
7.01381
7.05158
6.94627
6.96007
6.96356
6.99513
6.97109
6.99751
6.99471
6.97337
6.99744
6.99536
7.01598
7.00472
7.02209
7.0239
7.02688
7.01025
7.00307
7.0459
7.03746
7.02083
7.00989
7.06065
7.01754
7.03818
7.042
7.05465
7.01354
7.02516
6.99195
7.02831
7.02041
7.04396
7.01158
7.05233
7.04291
7.03136
7.04472
7.04996
7.06268
7.05368
7.06488
7.07449
7.04935
7.03143
7.01515
7.07753
7.0625
7.04147
7.02177
7.05467
7.0079
7.00802
7.06223
7.05912
7.00992
7.00528
7.03184
7.07102
7.05881
7.07953
7.0505
7.08561
7.06803
7.06786
7.08392
7.09462
7.08975
7.07773
7.1001
7.11029
7.07466
7.05847
7.04177
7.10071
7.08633
7.07267
7.05978
7.07015
7.03003
7.01884
7.08787
7.08317
7.04951
7.04051
7.07026
7.09764
7.07542
7.10446
7.08253
7.10574
7.08232
7.08302
7.11079
7.11832
7.10207
7.08902
7.11747
7.12072
7.09835
7.08713
7.07849
7.11306
7.10582
7.09537
7.09002
7.09758
7.07318
7.06834
7.10867
7.10806
7.0888
7.08731
7.0929
7.11012
7.09008
7.11288
7.10023
7.113
7.09692
7.09464
7.11901
7.11846
7.10766
7.09454
7.11714
7.10938
7.10734
7.09892
7.09531
7.10501
7.10331
7.09749
7.09544
7.11454
7.09948
7.10101
7.11168
7.11606
7.10333
7.1073
7.10367
7.11282
7.09946
7.11413
7.10528
7.10963
7.09679
7.09004
7.11167
7.09845
7.10151
7.08206
7.1052
7.08708
7.09415
7.09207
7.09276
7.07772
7.08218
7.08292
7.08659
7.11298
7.10325
7.10965
7.09741
7.10655
7.09966
7.10828
7.10737
7.10333
7.09211
7.10868
7.10598
7.09668
7.08587
7.07581
7.09734
7.07702
7.08745
7.06793
7.09002
7.06678
7.06903
7.0703
7.0768
7.05083
7.05783
7.05941
7.06865
7.09733
7.09187
7.10207
7.07982
7.08849
7.08446
7.09453
7.09885
7.08951
7.07907
7.09076
7.09015
7.0823
7.0734
7.06061
7.08309
7.05936
7.07061
7.05512
7.07814
7.05602
7.04933
7.04805
7.06104
7.03637
7.04525
7.03628
7.0542
7.08103
7.07737
7.08616
7.06534
7.07601
7.07288
7.07907
7.07848
7.07459
7.06536
7.0715
7.06483
7.06796
7.05536
7.04827
7.07507
7.05307
7.05898
7.03948
7.07325
7.05008
7.04324
7.02363
7.04885
7.02222
7.04189
7.00961
7.04393
7.07204
7.06793
7.07113
7.06049
7.06843
7.06345
7.06356
7.05034
7.06288
7.0456
7.05842
7.03453
7.05958
7.0354
7.03239
7.07206
7.04932
7.05464
7.02724
7.07067
7.05002
7.04264
6.99925
7.04117
7.02839
7.04701
7.00019
7.04123
7.06597
7.05869
7.05529
7.06356
7.06567
7.05695
7.04902
7.01871
7.05702
7.02897
7.05357
7.00966
7.05522
7.02464
7.02617
7.06873
7.05036
7.05547
7.03137
7.06709
7.05449
7.05612
7.01159
7.04308
7.06965
7.06687
7.03181
7.04984
7.06641
7.05779
7.04648
7.07193
7.07012
7.06175
7.05308
7.01388
7.05783
7.02586
7.05899
7.03537
7.06364
7.03669
7.03696
7.06844
7.05672
7.06367
7.04633
7.07107
7.06077
7.07569
7.05277
7.05869
7.0942
7.08043
7.07392
7.06358
7.07702
7.06524
7.06388
7.08438
7.08442
7.07319
7.07433
7.05361
7.06574
7.04989
7.06673
7.06847
7.06331
7.06284
7.05454
7.06985
7.06329
7.06018
7.06394
7.06821
7.06724
7.0817
7.08643
7.06133
7.09248
7.0854
7.08781
7.06376
7.09108
7.08294
7.08268
7.09416
7.0967
7.08861
7.08787
7.07714
7.06028
7.07118
7.07373
7.08116
7.05804
7.07564
7.06905
7.06384
7.07037
7.06099
7.07221
7.05901
7.07314
7.08928
7.0842
7.07668
7.08777
7.0944
7.08549
7.08273
7.1006
7.09098
7.09292
7.09825
7.10282
7.09004
7.09641
7.0779
7.0561
7.07567
7.06731
7.06931
7.05503
7.07351
7.07711
7.06075
7.0796
7.06671
7.07814
7.05835
7.08085
7.09826
7.09164
7.08885
7.0964
7.09885
7.08937
7.0885
7.10382
7.08946
7.09766
7.09997
7.10361
7.08789
7.09748
7.06325
7.05484
7.07441
7.06174
7.06042
7.05908
7.07721
7.08238
7.07297
7.10127
7.07704
7.09844
7.09599
7.12572
7.09777
7.08504
7.08862
7.09343
7.09462
7.08131
7.0889
7.10259
7.08601
7.09689
7.09759
7.10082
7.08479
7.09508
7.06658
7.06896
7.08418
7.07339
7.07305
7.07628
7.08709
7.11027
7.10156
7.12078
7.09084
7.09849
7.0947
7.10615
7.08864
7.07547
7.08767
7.08056
7.08235
7.06568
7.08485
7.0986
7.08326
7.09308
7.09108
7.09662
7.08122
7.09188
7.07179
7.07567
7.08229
7.07569
7.06623
7.06718
7.07054
7.08087
7.07738
7.09932
7.07145
7.06184
7.06239
7.08321
7.07599
7.05576
7.07999
7.06711
7.06999
7.04439
7.07512
7.09461
7.07971
7.09043
7.08174
7.09268
7.07782
7.08884
7.0617
7.06454
7.05458
7.07737
7.05827
7.06888
7.04035
7.04828
7.06632
7.06812
7.06147
7.04486
7.08593
7.06906
7.06287
7.03646
7.07024
7.05001
7.05609
7.03008
7.06301
7.09055
7.07594
7.08879
7.07083
7.08738
7.07274
7.08743
7.05501
7.07708
7.03915
7.09303
7.05661
7.08542
7.05542
7.06394
7.09868
7.08152
7.10532
7.08436
7.10636
7.09618
7.05001
7.02936
7.05626
7.04227
7.04557
7.03282
7.05191
7.08343
7.06933
7.08623
7.05893
7.07985
7.06484
7.08324
7.06212
7.09656
7.07869
7.13071
7.08043
7.12445
7.09717
7.09751
7.11266
7.10401
7.12016
7.10443
7.11444
7.10573
7.0457
7.03775
7.05063
7.05982
7.04856
7.05401
7.0525
7.07612
7.06129
7.07966
7.05472
7.0734
7.06241
7.07833
7.10072
7.13954
7.09559
7.14845
7.11184
7.12699
7.08427
7.10873
7.11043
7.10359
7.10775
7.10577
7.10347
7.09593
7.05597
7.07104
7.05949
7.07371
7.06527
7.07052
7.06713
7.07153
7.06607
7.07656
7.06282
7.07052
7.0704
7.07724
7.09657
7.11027
7.0763
7.09706
7.07759
7.09234
7.06379
7.09534
7.09849
7.08911
7.09172
7.08401
7.09281
7.08191
7.07173
7.04713
7.06812
7.06338
7.07275
7.03184
7.06455
7.06938
7.07294
7.07641
7.0673
7.0682
7.07476
7.0745
7.06034
7.07638
7.04997
7.0465
7.04005
7.06444
7.03809
7.07466
7.08835
7.07765
7.07854
7.06657
7.08516
7.07451
7.06871
7.0234
7.05583
7.03772
7.06433
7.01451
7.05324
7.06784
7.07524
7.07073
7.06625
7.06892
7.07701
7.06908
7.02852
7.05488
7.03499
7.02781
7.02364
7.05064
7.03347
7.0629
7.08334
7.07341
7.07308
7.0613
7.08226
7.07243
7.06154
7.00915
7.05671
7.03338
7.06172
7.0117
7.0623
7.07075
7.0781
7.06826
7.07411
7.07311
7.08053
7.06617
7.02814
7.05187
7.03678
7.04206
7.03387
7.0555
7.03964
7.06129
7.08138
7.07304
7.07242
7.06133
7.08032
7.07332
7.06438
7.02163
7.06701
7.04515
7.06767
7.03069
7.07225
7.07329
7.08464
7.06515
7.07871
7.07035
7.08179
7.05567
7.04218
7.05994
7.04373
7.05747
7.04677
7.06395
7.04651
7.06137
7.07896
7.07259
7.07268
7.06085
7.07709
7.07156
7.0675
7.03844
7.07147
7.04596
7.06287
7.0408
7.06181
7.06337
7.0731
7.0438
7.0668
7.05242
7.05827
7.03147
7.05008
7.06676
7.04902
7.06404
7.05094
7.06748
7.04875
7.05927
7.07409
7.06892
7.06998
7.05729
7.07062
7.06557
7.05575
7.03809
7.04888
7.03679
7.04785
7.03038
7.03486
7.04092
7.04492
7.02058
7.04658
7.02954
7.03148
7.00754
7.04968
7.06512
7.04632
7.06007
7.04521
7.0599
7.0424
7.05314
7.06635
7.06086
7.06227
7.04816
7.06192
7.05603
7.03734
7.0192
7.01989
7.02092
7.02711
7.00539
7.00338
7.01919
7.01848
7.00049
7.02697
7.01383
7.00326
6.99334
7.03608
7.05237
7.03648
7.04674
7.02319
7.04482
7.02877
7.04187
7.05737
7.05046
7.05095
7.03543
7.05336
7.04497
7.01987
6.9947
6.99223
7.01191
7.01478
6.99101
6.99023
7.01102
6.99396
6.98591
7.01861
7.00964
6.99234
6.98066
7.0099
7.03873
7.02295
7.02391
6.99788
7.03372
7.02113
7.03003
7.05015
7.04066
7.04128
7.02738
7.04759
7.03855
7.01396
6.98833
6.98812
7.01113
7.01836
6.99309
6.99153
7.00962
6.99403
6.9757
7.02136
7.01237
6.99641
6.98264
6.98904
7.02866
7.01833
7.00376
6.98371
7.02507
7.01834
7.02767
7.04684
7.03896
7.0388
7.02877
7.04761
7.04049
7.02753
6.99956
6.99897
7.02468
7.04406
7.00929
7.01449
7.0221
6.99991
6.99659
7.03985
7.03901
7.01588
7.01337
6.98429
7.02217
7.01932
7.00319
6.99031
7.02319
7.02268
7.03262
7.05015
7.04404
7.04473
7.03791
7.05474
7.04818
7.06884
7.02394
7.03841
7.08626
7.09336
7.06942
7.08112
7.05936
7.03936
7.03725
7.08056
7.07875
7.07367
7.07003
6.99619
7.03016
7.02605
7.01791
7.01026
7.0365
7.02739
7.04385
7.06108
7.05406
7.05703
7.0471
7.07003
7.06173
7.13682
7.11889
7.12071
7.16759
7.17034
7.14473
7.13663
7.10491
7.10774
7.09649
7.13032
7.12661
7.1208
7.1194
7.03402
7.04236
7.03507
7.04206
7.06495
7.04995
7.04944
7.05054
7.0824
7.07098
7.07094
7.05619
7.09534
7.0852
7.163
7.14698
7.13332
7.17418
7.1466
7.13709
7.12816
7.14306
7.12732
7.13694
7.14256
7.1665
7.13788
7.1447
7.07578
7.05509
7.05315
7.05558
7.07043
7.06257
7.05863
7.0599
7.10889
7.10035
7.09517
7.07296
7.12087
7.11232
7.14192
7.13165
7.12877
7.15108
7.14322
7.1291
7.12696
7.17919
7.14536
7.15043
7.16818
7.17435
7.14526
7.14679
7.06672
7.07227
7.05665
7.07294
7.06218
7.10058
7.06954
7.08778
7.13219
7.12077
7.1336
7.10982
7.14307
7.13089
7.14424
7.13223
7.12841
7.1468
7.14453
7.13699
7.13321
7.16405
7.1439
7.14013
7.15906
7.15409
7.14149
7.13321
7.08397
7.13183
7.10139
7.13493
7.11374
7.15128
7.1273
7.13077
7.15078
7.13938
7.15824
7.14295
7.15503
7.1457
7.14607
7.14247
7.14088
7.14737
7.14759
7.1461
7.14648
7.14816
7.14329
7.13461
7.15278
7.14661
7.14823
7.13936
7.13159
7.15612
7.13971
7.15115
7.13988
7.15649
7.14544
7.14794
7.15621
7.1488
7.15952
7.14967
7.157
7.15039
7.14856
7.14764
7.14858
7.14903
7.14914
7.14805
7.14873
7.14775
7.15278
7.14436
7.14994
7.14781
7.15194
7.14833
7.14429
7.15723
7.14825
7.15525
7.1465
7.15903
7.1496
7.15119
7.15841
7.15262
7.16005
7.15258
7.16043
7.154
7.14914
7.14846
7.14834
7.15021
7.1479
7.14883
7.14705
7.14587
7.1488
7.14652
7.14746
7.14268
7.14482
7.14273
7.14888
7.16113
7.1515
7.15774
7.15129
7.16332
7.15331
7.15459
7.16274
7.15638
7.16342
7.1563
7.16517
7.15839
7.14567
7.14857
7.14488
7.14828
7.14279
7.14755
7.14219
7.13789
7.1388
7.13659
7.13728
7.13225
7.13248
7.12987
7.15361
7.16363
7.15471
7.1607
7.15471
7.16314
7.15557
7.15818
7.16725
7.1602
7.1656
7.1599
7.16752
7.16117
7.13949
7.14587
7.13804
7.14387
7.13656
7.14454
7.13376
7.12716
7.12546
7.12303
7.12555
7.12272
7.11895
7.11663
7.1606
7.16252
7.15574
7.16318
7.17085
7.16185
7.15687
7.16081
7.16694
7.16239
7.16482
7.16074
7.16621
7.1633
7.13388
7.14409
7.13159
7.14218
7.13208
7.14493
7.1323
7.12112
7.11531
7.11029
7.12004
7.12089
7.11378
7.10516
7.17201
7.16262
7.15832
7.16748
7.17015
7.16457
7.1623
7.16139
7.16621
7.16351
7.1663
7.16235
7.16736
7.1642
7.13266
7.14793
7.13573
7.14592
7.13527
7.15112
7.13877
7.1213
7.11441
7.10317
7.12418
7.12525
7.11576
7.10359
7.16734
7.16748
7.1662
7.17258
7.16749
7.17233
7.17235
7.16203
7.16974
7.16513
7.17248
7.16385
7.17318
7.16651
7.14163
7.1559
7.14249
7.1544
7.15205
7.16058
7.14471
7.13281
7.11865
7.10772
7.14376
7.14727
7.12288
7.11573
7.16947
7.1786
7.17796
7.1811
7.17424
7.18516
7.18407
7.16803
7.17773
7.16886
7.1801
7.17583
7.1831
7.17347
7.16523
7.16658
7.14718
7.16201
7.1765
7.16967
7.15093
7.17201
7.13041
7.12807
7.18919
7.20406
7.14132
7.14672
7.1793
7.1917
7.18856
7.19224
7.18259
7.19795
7.19113
7.18521
7.18962
7.18026
7.19654
7.19317
7.19775
7.1889
7.18014
7.16822
7.14946
7.1485
7.17292
7.16748
7.14467
7.2452
7.15165
7.1714
7.25103
7.28168
7.15844
7.20455
7.18614
7.20446
7.19533
7.20659
7.18956
7.21147
7.20129
7.1984
7.20713
7.19743
7.21483
7.20554
7.2175
7.20872
7.11123
7.16228
7.12445
7.07055
6.98806
7.15995
7.08255
7.27859
7.14764
7.21315
7.11691
7.227
7.12479
7.18713
7.19624
7.21979
7.21026
7.22313
7.20232
7.22921
7.21855
7.21403
7.22895
7.22105
7.23575
7.224
7.24012
7.23333
6.93859
7.16444
7.05058
7.09207
6.96632
7.17978
7.06373
7.17846
7.05302
7.12695
7.0505
7.15307
7.00511
7.08718
7.21203
7.24144
7.22864
7.24762
7.22655
7.25692
7.24232
7.23766
7.25372
7.24625
7.26542
7.25367
7.2688
7.25942
7.06702
7.20065
7.1124
7.19407
7.15052
7.22579
7.16612
7.1394
7.06953
7.09593
7.14485
7.13876
7.13084
7.11855
7.24346
7.27577
7.25812
7.2818
7.26134
7.29424
7.27872
7.27307
7.28658
7.27399
7.30142
7.29261
7.30392
7.28912
7.20957
7.24853
7.22446
7.2552
7.24699
7.26824
7.26611
7.15548
7.19466
7.15222
7.21674
7.17703
7.2362
7.18426
7.27736
7.30997
7.29478
7.30762
7.29186
7.31662
7.30325
7.30493
7.31966
7.30238
7.32322
7.30948
7.3288
7.31297
7.26861
7.28784
7.28241
7.29493
7.27726
7.29768
7.28995
7.19796
7.25397
7.19707
7.24299
7.21068
7.25872
7.20191
7.2991
7.31612
7.30236
7.31639
7.29898
7.3147
7.29698
7.30685
7.32904
7.31146
7.31802
7.29776
7.32114
7.30267
7.27711
7.29169
7.28531
7.2868
7.2716
7.2837
7.27519
7.22024
7.25422
7.19731
7.23809
7.23034
7.24326
7.19386
7.29332
7.30737
7.28787
7.29984
7.28276
7.2973
7.27652
7.28396
7.30934
7.28862
7.29382
7.2686
7.29435
7.26992
7.26048
7.27452
7.26155
7.26946
7.25124
7.26702
7.24979
7.23592
7.2382
7.19982
7.23547
7.2411
7.23483
7.20653
7.27522
7.28644
7.26812
7.28062
7.26768
7.27766
7.25933
7.25359
7.27341
7.24666
7.26429
7.24011
7.25459
7.22245
7.24425
7.26018
7.24018
7.25862
7.24161
7.25612
7.23595
7.24814
7.23353
7.21412
7.24499
7.25672
7.23394
7.21785
7.26334
7.27166
7.25439
7.27162
7.26003
7.26817
7.25158
7.23078
7.23771
7.20108
7.24851
7.22469
7.22911
7.18364
7.24186
7.2535
7.234
7.25367
7.24222
7.25182
7.23693
7.26184
7.23647
7.21947
7.25701
7.26717
7.24345
7.22008
7.25776
7.26699
7.25193
7.26844
7.25523
7.26453
7.2471
7.22619
7.22711
7.17952
7.24971
7.22984
7.23089
7.18474
7.24536
7.248
7.24276
7.24866
7.25116
7.24024
7.2442
7.27982
7.25545
7.23465
7.27663
7.29516
7.26639
7.25741
7.25308
7.26408
7.24797
7.2649
7.24778
7.26382
7.23781
7.23739
7.24012
7.2031
7.25314
7.22891
7.24842
7.21454
7.25909
7.23835
7.25351
7.26301
7.27238
7.2485
7.26322
7.31355
7.27242
7.27764
7.29617
7.32254
7.28909
7.30039
7.23508
7.24399
7.20616
7.25083
7.23422
7.23965
7.20813
7.24641
7.20196
7.23171
7.23027
7.24936
7.20301
7.23899
7.25419
7.24949
7.24259
7.27183
7.27677
7.2612
7.26332
7.23422
7.25248
7.22493
7.26431
7.26945
7.25779
7.23408
7.20658
7.25803
7.22681
7.23819
7.20249
7.26136
7.23112
7.23002
7.22524
7.25057
7.19911
7.23651
7.22891
7.25378
7.24775
7.28661
7.2767
7.26872
7.26259
7.2991
7.28814
7.25505
7.30288
7.28504
7.28943
7.24171
7.31266
7.28803
7.22975
7.19291
7.20444
7.23634
7.26112
7.24519
7.26617
7.33214
7.2775
7.3071
7.31911
7.33077
7.30818
7.33359
)
;

boundaryField
{
    fbOut
    {
        type            fixedValue;
        value           uniform 0;
    }
    CAD_patch1
    {
        type            zeroGradient;
    }
    fbGasin
    {
        type            zeroGradient;
    }
    CAD_patch3
    {
        type            zeroGradient;
    }
    fbBioin
    {
        type            zeroGradient;
    }
}


// ************************************************************************* //
