/*--------------------------------*- C++ -*----------------------------------*\
| =========                 |                                                 |
| \\      /  F ield         | OpenFOAM: The Open Source CFD Toolbox           |
|  \\    /   O peration     | Version:  5.x                                   |
|   \\  /    A nd           | Web:      www.OpenFOAM.org                      |
|    \\/     M anipulation  |                                                 |
\*---------------------------------------------------------------------------*/
FoamFile
{
    version     2.0;
    format      ascii;
    class       volScalarField;
    location    "0.75";
    object      p;
}
// * * * * * * * * * * * * * * * * * * * * * * * * * * * * * * * * * * * * * //

dimensions      [0 2 -2 0 0 0 0];

internalField   nonuniform List<scalar> 
10571
(
111.953
152.346
92.1108
90.0785
95.4156
112.599
86.2408
88.9864
62.9859
63.2255
155.549
116.074
96.5991
102.641
111.635
164.237
119.851
87.6934
119.309
236.603
252.514
80.439
177.162
269.652
48.8886
67.4006
55.5452
48.0731
42.5967
51.7867
52.5074
41.2824
47.6172
45.7786
67.0237
45.5887
41.4969
39.9804
40.0081
44.193
49.5716
45.5266
41.6523
48.7405
74.3631
44.7442
45.2938
86.5998
42.9444
44.1357
42.4477
43.3229
43.5349
44.8044
43.1493
45.8509
46.3658
45.029
42.567
43.7521
45.2273
46.8268
46.7205
44.5733
42.3985
44.5254
46.0611
44.1236
46.7963
44.4062
43.4078
48.8464
43.1204
41.6803
42.7752
43.5607
43.4914
41.332
47.4801
44.7848
43.8555
44.5784
42.2248
41.3826
46.089
46.5716
43.75
44.2378
42.3085
43.3597
43.6068
43.5709
43.801
43.1029
42.8378
44.3215
42.7238
40.353
42.4648
42.5457
42.7372
39.7233
43.163
42.7002
41.3024
43.5171
40.6296
39.786
42.799
45.6066
43.3241
43.5614
41.045
40.9237
43.5551
43.5119
42.454
41.3254
41.8126
42.7803
41.8998
39.2774
40.7332
41.6503
41.5174
38.3682
37.4574
40.5519
39.0103
38.7021
37.2073
39.1919
38.8852
37.4664
41.4518
41.4731
41.4073
38.878
39.6293
37.7982
40.8813
41.5408
39.9252
39.3128
38.9325
40.2276
40.8391
38.0647
38.4604
40.8486
40.2787
37.5856
37.2691
38.3896
37.7267
36.1847
36.6508
37.9819
37.845
36.9045
37.2802
38.7163
37.0895
37.7118
38.251
36.6239
37.2638
38.52
38.0926
38.3027
37.658
36.5191
38.7461
40.3505
37.1857
37.1226
40.7937
39.158
36.945
36.32
37.1779
37.0692
36.9351
36.6276
37.0581
36.8822
36.2406
36.7182
37.0226
36.6394
37.1057
37.1622
36.2164
36.2162
36.3318
37.8029
37.5217
36.6392
35.7772
36.8988
39.0401
36.1865
36.1811
39.8014
38.1844
36.207
35.4749
36.4628
36.6418
37.1614
37.4184
36.3595
36.1934
35.5828
35.9409
36.1687
36.2707
36.9455
36.3471
35.7421
35.4156
36.2997
37.804
35.977
35.4715
35.8822
35.317
35.4887
35.3289
35.1177
36.6537
35.5446
35.0516
35.6033
36.1775
36.4446
35.6822
35.5443
35.0806
35.2593
35.332
36.0509
35.7106
35.242
34.8331
35.3848
35.7363
35.4339
35.0657
34.9177
34.3319
34.8758
34.6273
34.2269
35.066
34.9241
34.6101
34.757
35.4565
35.5104
35.0671
35.0002
34.6168
34.7416
34.6065
35.3879
35.1542
34.7638
34.3386
34.789
33.7494
34.9796
34.6298
35.4962
34.0561
34.3465
34.1717
34.0351
34.5399
34.448
34.2213
34.1189
34.6667
34.8681
34.6536
34.5305
34.21
34.3304
34.1943
34.6653
34.6653
34.3222
34.0373
34.1719
34.3853
34.4376
34.3514
34.261
33.7245
33.9863
33.9185
33.7355
33.9303
34.0605
33.9104
33.6992
34.0613
34.3275
34.1845
34.1353
33.9021
33.9417
33.9198
34.2027
34.2157
33.9693
33.7937
33.9703
35.025
34.1933
34.0386
34.0215
33.5091
33.7405
33.652
33.4744
33.4633
33.803
33.6323
33.3453
33.5819
33.7683
33.8256
33.8054
33.6699
33.6403
33.633
33.9103
33.9408
33.7018
33.5652
33.4988
33.841
33.8787
33.668
33.6844
33.3709
33.5657
33.4443
33.3343
33.3098
33.5629
33.4608
33.2405
33.2902
33.4841
33.6154
33.6122
33.5121
33.5257
33.4817
33.7044
33.638
33.5481
33.44
33.4312
33.533
33.6509
33.4643
33.5153
33.2572
33.417
33.3395
33.2852
33.177
33.4043
33.3545
33.2751
33.263
33.3842
33.4352
33.4418
33.4187
33.4409
33.4345
33.5407
33.5145
33.4804
33.433
33.4219
33.4441
33.58
33.4698
33.4485
33.2437
33.2568
33.2788
33.2448
33.1919
33.2696
33.2688
33.2578
33.2559
33.3013
33.298
33.3743
33.332
33.3664
33.3689
33.4188
33.4089
33.3946
33.4135
33.3835
33.3858
33.4905
33.4679
33.4106
33.2218
33.2125
33.2272
33.2133
33.2211
33.194
33.21
33.2256
33.2206
33.2559
33.2822
33.2185
33.2649
33.3122
33.3034
33.3094
33.3013
33.3067
33.3691
33.3285
33.3277
33.4059
33.4571
33.3664
33.1975
33.1421
33.1745
33.1853
33.1886
33.1338
33.1717
33.1923
33.1847
33.2548
33.1656
33.0739
33.2309
33.2646
33.2576
33.2492
33.2957
33.2521
33.3214
33.2954
33.2577
33.3942
33.4002
33.3286
33.1627
33.1217
33.1432
33.1643
33.1531
33.1229
33.1496
33.1562
33.1438
33.1934
33.0599
33.088
33.1961
33.2211
33.2209
33.2574
33.1917
33.1933
33.2627
33.2563
33.2467
33.2298
33.3245
33.2794
33.1295
33.109
33.1198
33.1298
33.1238
33.1082
33.1293
33.1205
33.121
33.2341
32.9864
33.0958
33.1557
33.1778
33.1784
33.3007
33.0872
33.1117
33.2039
33.2188
33.2408
33.1983
33.2448
33.236
33.0955
33.0966
33.1014
33.1026
33.0525
33.0816
33.1038
33.109
33.1185
33.1907
33.0555
33.0302
33.1136
33.1406
33.1136
33.2157
33.0141
33.0391
33.1619
33.1576
33.2003
33.1677
33.1943
33.2008
33.0802
33.0853
33.0869
33.085
33.0472
33.0698
33.0832
33.1213
33.061
33.0858
33
33.0082
33.0881
33.1071
33.0565
33.0808
33.002
32.9983
33.135
33.1194
33.1354
33.1451
33.1739
33.1628
33.0727
33.0959
33.0815
33.0684
33.0621
33.0798
33.0738
33.1322
32.966
32.904
33.0333
33.0578
33.0814
33.0957
33.0258
32.9053
33.0456
33.0009
33.1275
33.0932
33.0596
33.0132
33.1551
33.1408
33.0592
33.1161
33.0861
33.0594
33.0642
33.1195
33.0798
33.0767
32.9348
32.7978
33.1246
33.113
33.0952
33.1064
33.0305
32.8367
33.0357
33.0286
33.1325
33.0938
33.0289
32.9927
33.1528
33.1285
33.0427
33.1498
33.0939
33.0267
33.0453
33.1823
33.11
33.0043
32.8927
32.9096
33.1846
33.1736
33.1345
33.1363
33.0416
32.8277
33.0801
33.0669
33.133
33.1074
33.0593
33.0609
33.1123
33.1152
33.0229
33.1925
33.0874
32.9885
32.9923
33.2339
33.1308
32.9863
33.025
33.1776
33.2207
33.2326
33.1691
33.1453
33.0374
32.8424
33.0896
33.0804
33.1195
33.1255
33.1282
33.0258
33.0757
33.1003
33.0297
33.2352
33.0625
32.9737
33.0747
33.2805
33.1317
33.0148
33.2734
33.6624
33.2647
33.2891
33.1668
33.1489
33.0732
33.2314
33.1214
33.0542
33.0895
33.1285
33.169
33.043
33.053
33.0834
33.0371
33.2426
33.0553
32.9787
33.3472
33.2895
33.1032
33.0367
33.3453
34.2107
33.2369
33.2624
33.075
33.0823
33.103
33.3422
33.0899
32.9966
33.0273
33.1005
33.1368
33.0095
33.024
33.0647
33.1606
33.2203
33.0967
33.0737
33.5932
33.2056
33.0093
32.9568
33.2337
33.6585
33.1521
33.1759
32.95
32.9821
33.0701
33.2205
33.0309
32.9302
32.9739
33.0637
33.1001
32.9644
32.9976
33.0494
33.0373
33.0991
32.9978
32.8765
33.3818
33.0593
32.8558
32.7988
33.0217
33.2594
33.0306
33.0329
32.8372
32.9012
33.0018
33.1278
32.9547
32.8995
32.945
33.0322
33.0824
32.9284
32.9761
33.0182
32.7567
32.9413
32.8403
32.655
32.9362
32.9265
32.7746
32.7123
32.8606
33.0103
32.8993
32.8943
32.8038
32.8617
32.9146
33.0215
32.8977
32.915
32.9353
33.0005
33.0364
32.9534
32.9738
33.0014
32.5632
32.8391
32.7704
32.5876
32.7127
32.8307
32.7561
32.6948
32.7741
32.8617
32.799
32.7681
32.8127
32.8287
32.8281
32.9156
32.8715
32.9429
32.9133
32.9076
32.9415
33.1383
33.0405
32.9604
32.6275
32.7978
32.7728
32.6485
32.6669
32.7757
32.7574
32.7087
32.7485
32.7901
32.7421
32.6898
32.8313
32.7944
32.7781
32.8387
32.8778
32.9283
32.8767
32.8091
32.8545
33.1779
33.0075
32.8833
32.7114
32.7842
32.7834
32.717
32.7098
32.765
32.7749
32.7417
32.7637
32.7752
32.7517
32.7306
32.8477
32.7894
32.7748
32.8042
32.9164
32.8911
32.8665
32.8047
32.8174
33.0707
32.9451
32.8401
32.7694
32.792
32.7949
32.7713
32.7709
32.7851
32.817
32.7911
32.8013
32.7984
32.8158
32.83
32.8612
32.8106
32.7965
32.8034
32.9481
32.8788
32.8831
32.8524
32.8211
33.0293
32.9243
32.8762
32.8281
32.8283
32.8365
32.8253
32.8345
32.8242
32.8675
32.8421
32.8482
32.8318
32.8901
32.9339
32.8732
32.8336
32.8233
32.8185
32.9598
32.8784
32.8797
32.876
32.8365
32.9573
32.9083
32.8995
32.8825
32.8679
32.8819
32.8769
32.9004
32.8633
32.9012
32.8796
32.8905
32.8652
32.9386
32.9912
32.888
32.8523
32.8446
32.8376
32.9461
32.8556
32.8564
32.8784
32.8508
32.9055
32.8869
32.8946
32.9222
32.9052
32.916
32.916
32.9534
32.8925
32.9162
32.8962
32.9126
32.8885
32.9574
32.996
32.905
32.8645
32.8639
32.8542
32.902
32.8347
32.8273
32.8625
32.8567
32.8671
32.8658
32.874
32.9453
32.9393
32.9384
32.9372
32.968
32.9121
32.9232
32.8979
32.9159
32.8995
32.9489
32.9581
32.9186
32.8667
32.8735
32.8661
32.8549
32.8236
32.7938
32.8379
32.8532
32.8408
32.8452
32.8444
32.9538
32.9648
32.9544
32.9502
32.9602
32.943
32.9278
32.9005
32.9178
32.9094
32.9338
32.9152
32.9212
32.8651
32.8744
32.874
32.8002
32.7965
32.7552
32.8071
32.8426
32.808
32.8219
32.8076
32.9705
32.9734
32.9664
32.963
32.9603
32.9534
32.9468
32.9109
32.9292
32.9254
32.9193
32.8737
32.9147
32.8655
32.8758
32.8856
32.7531
32.8127
32.7294
32.7807
32.8372
32.7752
32.8103
32.7788
32.99
32.9656
32.9787
32.9823
32.9861
32.9193
32.9705
32.9319
32.9562
32.9531
32.8825
32.8197
32.9039
32.8877
32.9029
32.9126
32.7767
32.8251
32.8161
32.7882
32.8609
32.7809
32.8385
32.8235
33.018
32.966
32.9974
33.0077
33.0149
32.898
33.002
32.9669
32.9976
32.9936
32.8505
32.7795
32.8923
32.9364
32.9561
32.9591
32.854
32.8714
32.9198
32.8651
32.9272
32.8624
32.9051
32.9052
33.0543
32.9957
33.0258
33.0404
33.0412
32.9212
33.0702
33.0128
33.0467
33.0503
32.8773
32.8537
32.9433
33.0076
33.0267
33.0171
32.9873
32.9488
33.0245
32.9708
33.0038
32.9917
32.9949
32.9996
33.1021
33.0604
33.0667
33.0834
33.0854
32.9677
33.1519
33.0679
33.1047
33.0805
32.9979
32.9771
33.0509
33.0794
33.0916
33.0763
33.1217
33.0519
33.1061
33.0497
33.0659
33.0888
33.0716
33.0757
33.1567
33.1491
33.1277
33.1391
33.1505
33.0579
33.2059
33.1354
33.168
33.1446
33.0915
33.0665
33.1321
33.1415
33.1424
33.1335
33.199
33.1332
33.1514
33.0927
33.1183
33.1433
33.13
33.1167
33.21
33.2265
33.2008
33.1965
33.2112
33.1893
33.2306
33.1958
33.2252
33.197
33.1667
33.1647
33.2049
33.1987
33.1841
33.1862
33.3065
33.2057
33.1898
33.1418
33.1702
33.1967
33.1783
33.1591
33.2523
33.2856
33.2594
33.2438
33.2551
33.2886
33.265
33.2452
33.2722
33.2382
33.2441
33.2634
33.2506
33.2514
33.2249
33.2341
33.4061
33.2559
33.2324
33.1982
33.2218
33.2517
33.2323
33.2125
33.2862
33.3332
33.3116
33.2819
33.2863
33.3542
33.3092
33.2962
33.2999
33.2645
33.3129
33.3157
33.281
33.2957
33.2701
33.2782
33.3411
33.2835
33.2683
33.2598
33.2723
33.2999
33.2909
33.2784
33.3132
33.3645
33.3481
33.3135
33.3051
33.3795
33.3426
33.3409
33.3064
33.2865
33.3531
33.3294
33.3095
33.329
33.3084
33.3146
33.2436
33.3127
33.3069
33.3057
33.3155
33.3434
33.3386
33.3423
33.3395
33.3933
33.3748
33.3431
33.3189
33.3904
33.3539
33.3706
33.3044
33.3132
33.4392
33.3484
33.346
33.3604
33.3356
33.3419
33.2383
33.3567
33.3517
33.3452
33.3511
33.3833
33.3837
33.3835
33.3696
33.4156
33.397
33.3744
33.3374
33.4112
33.3582
33.3892
33.3203
33.3318
33.445
33.4257
33.3951
33.3935
33.3467
33.3587
33.3423
33.4119
33.3934
33.4005
33.3762
33.4229
33.4302
33.4098
33.4016
33.4409
33.4242
33.4049
33.3622
33.4339
33.3857
33.4091
33.3401
33.3475
33.4832
33.4637
33.4423
33.423
33.3489
33.3668
33.4613
33.4504
33.4316
33.4194
33.3859
33.4548
33.4564
33.4224
33.4423
33.4768
33.4586
33.4374
33.3906
33.4715
33.4296
33.431
33.3369
33.3929
33.4999
33.5
33.4679
33.4294
33.3521
33.3658
33.5249
33.474
33.4538
33.412
33.3829
33.4809
33.4609
33.4239
33.4842
33.534
33.5085
33.4724
33.4082
33.5327
33.4834
33.4308
33.315
33.3695
33.5529
33.5528
33.498
33.411
33.3523
33.3492
33.5589
33.492
33.4642
33.3961
33.3688
33.4975
33.4513
33.4161
33.5343
33.6108
33.5721
33.5132
33.4308
33.6127
33.5472
33.4469
33.3053
33.3304
33.6282
33.6157
33.5332
33.3882
33.3355
33.3205
33.5965
33.5199
33.4453
33.3671
33.3414
33.519
33.4382
33.3975
33.5989
33.704
33.6549
33.5717
33.47
33.7033
33.6229
33.4801
33.2973
33.2926
33.714
33.6894
33.5703
33.3753
33.3018
33.2748
33.6537
33.5702
33.4294
33.3319
33.2989
33.5544
33.4183
33.3709
33.6903
33.8149
33.7591
33.6511
33.5121
33.8096
33.7196
33.5084
33.2538
33.2383
33.8088
33.7802
33.6367
33.3734
33.2351
33.1937
33.7408
33.6538
33.4242
33.2807
33.233
33.624
33.4255
33.3456
33.8224
33.9528
33.8973
33.7553
33.5704
33.9345
33.8218
33.5347
33.1871
33.1103
33.927
33.8948
33.729
33.3884
33.1258
33.0268
33.8592
33.7786
33.4704
33.2272
33.1355
33.7502
33.5054
33.3599
34.0292
34.1222
34.0817
33.9199
33.6889
34.0805
33.9631
33.5612
33.0448
32.7868
34.0698
34.0357
33.8396
33.4281
32.948
32.56
34.0103
33.9382
33.5992
33.1835
32.974
33.9107
33.6827
33.4625
34.3494
34.3307
34.3262
34.1866
33.9361
34.2559
34.13
33.6083
32.8306
31.7178
34.2386
34.2025
34.0127
33.4799
32.6903
30.907
34.1945
34.145
33.8243
33.1696
32.5857
34.1526
33.9562
33.713
34.7778
34.5569
34.6085
34.5768
34.3266
34.454
34.3317
33.7079
32.5136
27.8663
34.4302
34.3988
34.2301
33.5897
32.3996
27.5828
-14.9644
34.4122
34.4074
34.1111
33.1978
31.3369
34.4537
34.3031
34.0821
35.2514
34.774
34.8685
34.987
34.6391
34.6545
34.5408
33.914
32.238
24.3792
3.02978
34.633
34.6088
34.4786
33.8911
32.3376
26.3996
5.45618
34.6562
34.7029
34.4537
33.3626
28.6276
34.7737
34.7511
34.6385
35.371
34.9537
35.0453
35.1055
34.5647
34.8384
34.6947
33.9911
32.0811
24.8611
6.32618
34.8285
34.82
34.7574
34.2509
32.6551
25.9015
8.14755
34.9059
35.0141
34.7964
33.8661
28.5232
8.53095
35.1068
35.2221
35.046
35.0349
35.1006
35.1946
34.7055
34.062
34.9966
34.7889
33.86
32.457
24.0423
4.45952
34.9999
35.011
35.0281
34.5199
33.2992
26.9968
5.65275
35.1339
35.2477
35.083
34.4411
29.4767
35.3409
35.4911
35.1266
34.8558
35.2052
35.3488
34.3675
34.1719
35.1056
34.8953
33.8816
33.8073
28.4151
35.136
35.1532
35.2284
34.921
34.1519
29.2819
-18.4291
35.2976
35.3702
35.4402
35.0358
32.4469
35.4911
35.4388
35.3217
34.864
35.1415
34.9432
34.53
34.5808
35.1652
34.899
34.6873
34.6128
33.4186
35.2288
35.2508
35.3016
35.1332
34.8495
32.8491
35.4033
35.4168
35.7843
35.2534
34.264
35.5907
35.5201
35.426
34.9698
34.6485
34.4768
34.8368
34.9313
35.156
34.9356
35.188
35.1033
34.7143
35.3013
35.3043
35.3311
35.333
35.2616
34.5667
35.4551
35.5591
35.5531
35.3354
34.9876
35.5581
35.5777
35.4936
35.1197
34.3743
34.3336
35.0749
35.2037
35.164
35.1096
35.3318
35.3619
35.2463
35.3891
35.3563
35.3044
35.3209
35.4331
35.22
35.3977
35.6372
35.386
35.4457
35.3305
35.4934
35.5373
35.5258
35.3435
34.9109
34.9016
35.3461
35.4454
35.3568
35.3882
35.4555
35.544
35.5404
35.5273
35.4521
35.2677
35.371
35.5646
35.5267
35.2629
35.5284
35.366
35.538
35.5534
35.4398
35.5227
35.5809
35.645
35.549
35.4339
35.6006
35.6878
35.6729
35.6521
35.5857
35.7354
35.7766
35.7789
35.6481
35.3448
35.5227
35.7276
35.7518
35.2134
35.2873
35.4929
35.6573
35.7621
35.4476
35.6031
35.7064
35.9364
35.9939
35.7683
35.8094
35.9278
36.0065
35.8129
35.6551
35.9173
35.9955
36.2135
35.9499
35.5635
35.5728
35.9052
35.9625
35.3432
35.0859
35.6989
35.8393
35.9892
35.5688
35.7899
35.9101
36.1808
36.43
36.055
36.0212
36.1738
36.4009
36.056
35.7887
35.997
36.2194
36.6376
36.387
35.9011
35.5841
35.9527
36.2052
35.9591
35.2209
35.6483
36.0592
36.2421
35.8628
36.0332
36.1725
36.3525
36.5858
36.2126
36.1364
36.2972
36.6569
36.2042
35.9589
36.1087
36.3753
36.6958
36.6459
36.2003
35.8278
36.0969
36.339
36.3876
35.8848
35.881
36.2017
36.323
36.1505
36.1813
36.253
172.972
157.054
162.179
147.153
158.362
139.152
138.348
145.862
204.192
186.533
173.008
199.781
142.458
122.78
98.2345
99.0383
95.254
97.2449
100.575
97.8291
100.467
125.736
138.063
105.443
134.443
133.441
214.671
174.699
185.87
173.832
108.723
146.171
105.706
95.7395
96.6064
98.8741
102.103
101.23
111.615
112.285
130.556
121.946
131.229
149.81
159.436
146.598
186.77
181.005
165.627
168.399
166.065
142.93
108.25
137.406
115.623
106.899
114.428
118.475
132.512
130.7
157.429
159.12
198.56
191.274
224.871
246.694
299.106
264.861
233.178
318.945
165.201
149.419
115.393
152.214
138.79
131.009
156.794
137.152
168.926
198.756
252.662
241.246
316.37
311.625
361.146
372.756
364.502
338.251
150.681
168.613
203.66
194.843
288.563
346.347
253.791
361.039
139.382
88.291
116.27
126.062
104.501
77.1347
81.3931
75.0016
100.076
99.0839
74.5591
72.3789
67.6797
104.747
63.4367
161.248
101.612
127.8
138.153
86.0879
97.1846
81.6186
90.2372
71.9811
98.0287
74.8411
79.0969
51.6273
49.15
45.3519
44.2864
75.8742
44.0287
158.43
155.372
154.798
99.8825
120.573
105.618
66.2302
67.4347
43.1358
41.1049
41.1312
155.579
141.519
127.115
119.99
107.67
123.951
222.574
59.1963
49.5542
114.09
133.163
94.0163
96.3534
119.74
106.939
81.3939
65.5796
73.2652
57.2264
268.68
275.717
280.336
91.3823
149.243
156.643
167.941
141.685
102.573
51.0927
69.9442
72.9934
47.9352
42.4227
41.486
243.868
148.172
67.5991
127.401
53.9743
156.571
64.3027
49.7524
52.7216
59.0743
52.1997
43.3899
45.6839
43.0442
46.1678
44.32
43.5236
42.8334
43.0032
43.8697
43.3357
60.4032
45.4276
62.9446
63.2951
68.9886
47.9085
48.5819
48.5084
56.8524
43.0265
43.9174
43.7772
43.2353
43.7432
44.779
44.1465
44.3757
45.1101
50.3407
61.4812
52.2761
43.366
43.5838
43.545
45.9581
45.4726
45.7655
45.9887
45.7499
58.1982
63.0888
43.9938
42.4691
43.0751
43.9586
58.0791
44.0567
44.7403
46.2342
58.8952
42.8995
47.6377
46.1549
43.2194
42.1696
43.5215
42.432
42.3577
70.1486
75.2425
92.6098
43.2149
46.8119
46.9323
58.9127
51.2743
43.0209
43.6234
44.7521
44.4461
44.7812
44.7977
44.5981
64.8979
44.351
43.6653
46.3416
44.038
57.1047
44.7969
43.0259
42.5436
42.9311
42.4403
42.9634
42.5491
42.7794
42.9898
43.2781
43.1781
43.11
43.2634
43.5885
43.6352
43.6549
43.2231
44.1992
44.2877
46.8048
43.3191
43.484
43.4908
46.5084
44.0213
44.7272
44.109
43.6033
44.048
44.1855
43.8077
45.0108
44.5738
43.3867
43.2603
43.0459
42.8835
43.0867
42.5384
45.0315
45.1595
44.7141
44.5533
44.6275
42.3541
42.4429
42.4882
42.2541
42.6771
44.7754
45.0658
44.5248
44.4541
44.3318
42.5277
42.8295
43.9266
42.6299
42.7848
42.6167
43.7265
42.8208
42.8732
45.7762
46.0792
49.5841
43.4441
44.697
45.0374
45.8268
44.8546
43.8592
43.7394
43.9691
43.8414
43.7956
43.4188
43.5312
45.9726
43.4984
43.0561
45.0878
43.1609
45.8158
41.9631
41.4277
43.0846
42.4939
42.931
43.0517
42.6037
42.8513
43.075
43.1833
42.9892
42.9319
43.0184
43.5023
43.3048
42.0071
40.881
41.7018
41.7664
42.946
40.9813
40.77
40.8969
39.9549
43.7465
43.5682
43.3606
43.1856
43.293
42.9566
42.7031
43.9085
43.1435
41.9106
42.435
41.8727
40.9689
41.3565
40.9941
43.9844
43.9818
44.3586
43.4146
43.5769
42.0062
42.4342
41.5075
41.4386
41.7947
44.1431
43.9703
43.8981
43.9325
43.6101
42.5106
41.9748
42.8868
42.4854
42.5846
41.7024
41.6701
42.0146
41.905
43.6325
43.7546
43.8968
43.3771
43.3006
43.4387
42.8207
43.1408
43.1584
42.3661
42.9296
43.1013
42.2785
42.2844
42.4627
45.2153
42.8668
42.3974
44.9682
42.3506
43.5272
41.2697
40.5679
42.8727
43.1134
42.6172
42.5021
42.3612
42.1658
42.6865
42.7303
42.348
42.3106
42.3334
42.922
42.4244
40.0514
39.3633
40.3358
40.1614
39.9478
39.8394
39.8464
39.5146
39.3841
42.6394
42.3011
41.9408
42.1589
41.884
41.6071
41.1098
42.1733
40.9323
40.164
40.3653
40.1353
39.2983
39.5727
39.3998
42.9404
43.3214
41.7164
42.1578
43.0049
40.6229
40.9796
39.8345
39.8527
40.1925
43.6774
43.3938
43.1363
43.2884
42.8372
41.2507
40.4399
40.5831
41.3385
41.0564
40.357
39.6462
40.5796
40.1462
42.7879
42.8968
41.8221
42.9106
41.2673
41.5418
40.7048
41.3242
41.3943
40.4159
41.3709
41.4319
40.3311
40.1665
40.1133
45.1102
41.6154
40.6405
43.7326
40.3175
41.6029
39.6743
38.9861
42.0111
40.2809
41.5177
41.4308
39.3721
41.1388
41.8188
41.8231
41.3421
41.2479
41.2721
41.8171
41.1875
38.7789
38.2731
39.208
38.8758
38.7153
38.6385
38.605
38.3006
38.2826
41.0954
40.8892
40.32
40.8839
40.3847
40.183
39.5934
39.5113
38.4133
38.5619
38.8737
38.7109
38.1458
38.2848
38.1547
38.8116
38.2364
42.8056
36.7086
37.0595
36.2819
37.7947
37.4391
38.4006
38.3554
36.3738
37.2345
37.7507
38.4225
39.1803
39.4762
38.586
38.5606
38.8047
43.1641
41.4367
41.0386
38.5209
39.4137
40.1353
40.4775
38.7643
39.2693
38.8659
38.2992
38.55
38.8156
38.6513
39.6609
38.9606
38.93
39.738
39.3445
38.9215
38.3542
38.9725
38.6322
40.0545
40.2172
39.4935
39.998
39.8021
39.4538
38.8959
39.1514
39.4998
38.6862
38.8683
38.8833
38.3817
37.8817
37.8782
41.1076
38.7456
37.5706
39.3013
37.4108
39.298
38.5592
38.007
40.8441
38.9788
40.8936
39.9283
38.2208
39.8113
40.7169
40.7505
40.5202
40.36
40.2182
40.5304
39.8812
37.8667
37.4769
38.1565
37.8465
37.8879
37.6381
37.7181
37.457
37.4859
39.7593
39.5193
38.923
39.6976
39.2028
38.9595
38.4638
37.6554
36.8594
37.9233
37.0157
36.8862
37.1026
37.0026
37.108
37.8194
37.8299
37.7727
37.4713
37.4062
37.4147
36.8712
36.5089
37.1529
36.7216
37.0651
36.8845
37.2275
37.1522
37.0537
37.6311
37.0406
37.1601
37.0451
37.2342
37.9755
38.1794
37.4736
37.4771
37.6506
37.8028
38.09
39.4873
36.746
37.1681
38.1382
38.1714
38.0985
38.2981
38.3633
37.1109
37.38
37.5568
37.9293
38.3013
37.701
37.8365
38.2665
37.9973
37.668
37.3877
37.6627
37.4539
38.8137
38.6
38.2391
37.0776
38.7592
36.1686
37.8779
38.4494
38.165
37.7428
38.2802
37.582
38.0045
37.9855
37.3878
37.2422
37.191
37.0887
36.7743
36.7396
37.8905
36.4872
36.0341
36.7601
36.1167
36.1112
37.4318
36.7984
38.5952
37.3236
37.7809
37.6497
36.7485
36.6361
40.1069
39.6865
40.1085
39.8733
39.0698
39.3394
38.8735
37.0431
36.6397
37.2424
37.0593
37.0499
36.6676
36.6557
36.6168
36.5521
38.7627
38.5688
38.2649
38.703
38.3995
38.2517
38.0869
38.2415
37.3877
38.3464
37.885
36.8923
36.9814
37.1646
37.2722
37.0482
37.033
37.0323
36.6356
36.6563
36.6601
36.8339
37.0417
37.1393
36.9781
36.9805
37.0012
36.9991
37.0032
37.0116
37.2643
37.0346
37.3666
36.9442
37.2368
37.0624
37.2016
36.699
36.6956
36.7981
37.0275
37.4876
37.5815
36.5339
36.9395
37.4397
37.5779
37.3303
37.4511
37.6275
37.1528
37.3677
37.5253
37.6446
37.2202
36.7935
36.9922
37.1552
37.0206
36.7179
36.6167
36.6973
36.6415
38.6166
36.4649
37.5224
36.7347
38.2516
36.7726
37.3521
37.6448
37.9486
37.6215
37.6173
37.5259
37.6199
36.906
36.5241
36.3818
36.433
36.2857
36.0493
36.1533
36.369
35.8915
35.6393
35.8403
35.7448
36.2236
36.2735
35.7966
36.4514
36.2731
36.0588
35.4371
35.8029
35.425
39.3714
38.4774
36.8333
37.5643
37.6753
38.375
37.6896
36.2569
35.8992
36.1373
36.1738
36.0998
35.7996
35.7442
35.8003
35.7259
37.9731
37.8457
37.7599
37.4831
37.4749
37.2966
37.2907
38.3233
37.4481
36.2721
36.3104
36.3019
35.9331
36.0089
35.99
37.7721
36.8223
36.8325
36.9605
38.1261
36.6312
36.8177
37.485
36.9521
37.4345
37.6665
37.6269
37.3978
37.7049
36.3528
36.4133
36.0255
36.006
36.0428
36.6221
37.5727
37.4275
36.0823
36.4309
37.6328
37.1826
37.3802
37.465
37.6857
37.3539
37.4645
37.6336
37.7105
36.3814
36.0482
36.2696
36.2958
36.2578
36.0081
35.947
35.9678
35.9244
40.7374
37.0019
37.6138
35.6502
35.757
34.7401
36.3059
38.2388
36.1791
35.864
35.8022
35.8668
35.6956
35.5826
35.6681
35.5856
35.5461
35.2786
35.2388
35.3169
35.7812
35.4143
35.1039
35.0743
35.3954
35.0382
34.8163
35.04
34.8292
35.2869
36.4593
34.5916
34.3452
35.4253
36.823
35.8013
35.571
35.2261
35.438
35.4773
35.4166
35.175
35.116
35.1851
35.1303
36.8897
36.588
36.7159
35.7463
36.2565
35.7746
36.1505
36.6348
36.1141
35.6248
35.7385
35.679
35.3007
35.414
35.3367
36.366
37.0375
35.9379
35.9089
35.2108
35.6749
35.7207
35.3443
35.3747
35.454
36.5268
36.4225
35.7899
35.5794
35.6429
35.7221
35.4278
35.622
35.6708
35.6195
35.4245
35.3142
35.4183
35.3507
38.1642
34.9158
35.7084
34.9014
31.2189
35.1043
34.1411
32.2193
35.5985
35.3655
35.338
35.5542
35.212
35.0662
35.3696
34.9646
35.1426
34.8587
34.7651
34.9645
35.0429
34.7868
34.5048
34.5604
34.7166
34.5971
34.3475
34.4403
34.3575
34.204
34.7513
34.2116
34.1855
34.4295
35.0373
34.6677
34.9413
34.6957
34.7883
34.9003
34.8778
34.614
34.5246
34.6012
34.6072
35.6759
35.2101
35.6117
34.7115
35.2006
34.8561
35.1686
35.7319
35.3577
34.99
35.0412
35.0304
34.7474
34.7652
34.7785
35.5074
35.3057
35.22
35.2101
35.2168
35.1052
35.1961
34.8589
34.8763
34.9324
35.4848
35.422
34.9758
35.1516
34.9031
35.186
34.9268
35.0756
35.1511
35.1175
34.9127
34.8427
34.8729
34.8862
34.044
34.4456
34.1158
34.4206
34.2039
34.7936
34.3459
34.1419
35.0944
34.8019
34.7572
35.024
34.6851
34.5589
34.702
34.5703
34.6954
34.4779
34.4275
34.4995
34.1756
34.2645
34.0956
34.1098
34.2049
34.1157
33.9223
34.0309
33.9332
34.0266
34.1262
33.8768
33.8571
33.8346
34.4365
34.1882
34.4512
34.2621
34.3197
34.3598
34.3736
34.1272
34.1466
34.193
34.1926
34.736
34.4767
34.7523
34.2989
34.2942
34.0939
34.3715
34.9387
34.5561
34.548
34.553
34.5505
34.3309
34.3401
34.3443
34.8622
34.8509
34.5793
34.624
34.5695
34.6648
34.7035
34.4188
34.4376
34.5052
34.7112
34.6365
34.4123
34.4357
34.394
34.6793
34.455
34.6111
34.6596
34.637
34.4322
34.3579
34.4306
34.3713
34.0783
34.2686
34.3369
34.137
34.7449
34.1593
34.4936
34.704
34.5773
34.3414
34.4326
34.5184
34.3126
34.3096
34.4091
34.3288
34.3903
34.2095
34.2177
34.2515
34.247
33.9753
33.8481
33.8231
33.874
33.813
33.6839
33.7399
33.6854
33.7275
33.6324
33.6001
33.6107
33.4841
33.852
33.5354
34.074
33.9088
34.0042
34.0361
34.0209
33.8651
33.8612
33.8882
33.8529
34.017
33.8551
34.084
33.627
33.7282
33.7221
33.8392
34.249
33.9098
34.1062
34.153
34.1368
33.9305
33.9615
33.939
34.4077
34.4308
34.0287
34.0788
34.2073
34.2025
34.2763
33.9638
33.986
34.0446
34.2597
34.1764
34.038
34.113
33.9432
34.2551
34.1103
34.1832
34.1793
34.1612
34.0501
34.0621
34.0244
34.0157
34.865
33.9378
34.4884
33.6806
34.8318
33.684
34.2869
34.0309
34.1462
34.0386
34.1273
34.2071
34.077
33.9519
34.0404
34.0902
34.1128
33.8528
33.97
34.0016
33.8514
33.6854
33.5553
33.5399
33.6115
33.5646
33.4563
33.5082
33.4738
33.5067
33.389
33.4251
33.4272
33.3542
33.364
33.3613
33.7828
33.6565
33.6943
33.7578
33.6926
33.6384
33.5794
33.6431
33.5874
33.5004
33.6234
33.6151
33.3864
33.3806
33.3887
33.4506
33.6352
33.5004
33.7914
33.7815
33.7843
33.6609
33.6261
33.6602
33.8166
33.9217
33.5893
33.6868
33.7251
33.8183
33.8989
33.7134
33.7009
33.747
33.9618
33.8967
33.8254
33.8863
33.8417
34.0237
33.7868
33.9134
33.9055
33.8813
33.8041
33.7381
33.7994
33.7877
33.6092
33.5678
33.9639
33.488
33.4198
33.5151
33.6074
33.8711
33.9139
33.8083
33.7999
33.914
33.718
33.6972
33.7883
33.8148
33.8144
33.5247
33.7124
33.6188
33.5827
33.4776
33.4228
33.3973
33.4473
33.408
33.3481
33.3875
33.3538
33.3615
33.3337
33.3054
33.3063
33.2789
33.3345
33.2411
33.557
33.4913
33.5189
33.5498
33.5214
33.4879
33.4641
33.4811
33.4646
33.3255
33.2275
33.3451
33.2232
33.2549
33.1627
33.2773
33.3975
33.3367
33.5538
33.5352
33.5605
33.4799
33.4728
33.4734
33.5904
33.6049
33.4629
33.4877
33.5565
33.6129
33.6353
33.537
33.538
33.5615
33.7361
33.711
33.5907
33.5947
33.5817
33.5508
33.5575
33.6387
33.6688
33.6937
33.5443
33.5829
33.5602
33.6024
33.4076
33.4662
33.4838
33.4315
33.4141
33.4524
33.44
33.4694
33.7094
33.6181
33.6415
33.714
33.6095
33.6013
33.6948
33.6288
33.5228
33.463
33.5827
33.5212
33.4824
33.3823
33.338
33.3222
33.3411
33.3212
33.2955
33.3055
33.3017
33.2668
33.2551
33.2511
33.2542
33.2701
33.1777
33.1851
33.4171
33.3512
33.4183
33.4137
33.3999
33.3462
33.3667
33.3502
33.3288
33.1911
33.2018
33.2216
33.178
33.1738
33.2345
33.1997
33.2956
33.2739
33.4069
33.3958
33.3897
33.3428
33.3101
33.3177
33.425
33.4791
33.3154
33.3879
33.4048
33.4666
33.4399
33.3459
33.3759
33.3499
33.5415
33.514
33.4894
33.4792
33.4598
33.4875
33.4004
33.5599
33.5348
33.5511
33.4431
33.5515
33.5074
33.4731
33.4008
33.4295
33.4112
33.4039
33.4015
33.4114
33.4072
33.4186
33.5582
33.5119
33.5489
33.6515
33.5384
33.5255
33.6122
33.5332
33.5082
33.4748
33.4929
33.494
33.4271
33.2879
33.234
33.2722
33.268
33.2829
33.2442
33.2454
33.2509
33.2519
33.2698
33.2336
33.2408
33.2572
33.2144
33.2159
33.3027
33.2338
33.2797
33.2924
33.2598
33.2214
33.2186
33.2431
33.2134
33.1847
33.2591
33.211
33.2135
33.2163
33.2694
33.2138
33.2998
33.2489
33.2945
33.2634
33.2744
33.2426
33.2583
33.2536
33.3347
33.3193
33.2688
33.3035
33.2783
33.3038
33.3284
33.2989
33.2664
33.2876
33.4186
33.3979
33.3526
33.3554
33.3582
33.3976
33.3548
33.5218
33.4511
33.3949
33.3722
33.4422
33.4043
33.3729
33.371
33.3874
33.377
33.36
33.3452
33.3647
33.3549
33.3524
33.4608
33.4127
33.5025
33.5657
33.4449
33.4264
33.5153
33.4728
33.4966
33.4621
33.4427
33.4859
33.3779
33.2168
33.1818
33.2201
33.2318
33.2204
33.2034
33.1953
33.2017
33.226
33.237
33.2118
33.2175
33.216
33.2125
33.2142
33.1793
33.1535
33.1913
33.1982
33.1775
33.1788
33.17
33.1537
33.1533
33.2396
33.2818
33.2086
33.204
33.2128
33.2705
33.2026
33.1868
33.205
33.2001
33.1832
33.2098
33.1707
33.1122
33.1391
33.2945
33.2805
33.2642
33.2654
33.2652
33.2229
33.2401
33.1836
33.1885
33.1814
33.3086
33.3197
33.2818
33.2806
33.282
33.2749
33.2331
33.3646
33.3691
33.3755
33.2721
33.2902
33.3555
33.3881
33.32
33.3447
33.3331
33.3157
33.2973
33.3279
33.3114
33.293
33.4187
33.4056
33.3758
33.4012
33.386
33.3709
33.326
33.4097
33.4463
33.4383
33.3823
33.4224
33.3555
33.1359
33.1331
33.1864
33.1686
33.1839
33.1707
33.1586
33.1685
33.2044
33.2024
33.1781
33.1793
33.183
33.2104
33.1845
33.127
33.1152
33.1519
33.1292
33.1411
33.1259
33.1362
33.1239
33.1311
33.167
33.2312
33.1896
33.1693
33.133
33.1926
33.1606
33.2172
33.1973
33.1255
33.104
33.1106
33.1129
33.1183
33.1171
33.2431
33.251
33.2145
33.2283
33.2466
33.163
33.1349
33.1739
33.1484
33.1475
33.2686
33.2468
33.2284
33.2756
33.2301
33.2405
33.2038
33.2298
33.3292
33.3767
33.2467
33.2092
33.2356
33.3404
33.2768
33.3042
33.2839
33.2721
33.2596
33.2796
33.2697
33.2443
33.3184
33.2677
33.3889
33.3737
33.3098
33.3745
33.3584
33.3553
33.3913
33.3717
33.327
33.3645
33.3026
33.1269
33.1221
33.1576
33.1449
33.1544
33.146
33.1334
33.1381
33.1626
33.1544
33.1462
33.1496
33.1377
33.1498
33.1402
33.1147
33.108
33.1257
33.1197
33.1289
33.1158
33.1195
33.1081
33.122
33.1379
33.1644
33.1412
33.1503
33.1404
33.1396
33.145
33.1617
33.1672
33.1208
33.1401
33.1101
33.1184
33.0846
33.0826
33.2348
33.269
33.2026
33.2726
33.2787
33.1237
33.1184
32.9599
33.0509
33.0872
33.3103
33.2347
33.3023
33.3276
33.2545
33.151
33.1401
33.2356
33.1904
33.31
33.1509
33.1921
33.2004
33.259
33.2551
33.2597
33.2658
33.2402
33.2498
33.2436
33.2517
33.2506
33.2617
33.2329
33.318
33.3272
33.2238
33.2559
33.273
33.2957
33.3243
33.2639
33.2595
33.2694
33.255
33.1136
33.1057
33.1307
33.1187
33.1173
33.1075
33.1093
33.1055
33.1293
33.1179
33.1113
33.1088
33.0944
33.1212
33.0976
33.0922
33.0826
33.1129
33.103
33.1136
33.1071
33.1051
33.0936
33.1031
33.1223
33.103
33.1426
33.0855
33.101
33.0625
33.1237
33.1837
33.1829
33.098
33.0296
33.0676
33.0776
33.0415
33.0585
33.322
33.3205
33.2403
33.3421
33.4072
33.006
33.0682
33.0659
33.0315
33.0467
33.3092
33.2597
33.2696
33.3008
33.2492
33.094
33.0112
33.1031
33.0685
33.1688
33.0267
33.0848
32.9633
33.0385
33.2366
33.2249
33.2298
33.1899
33.2152
33.2062
33.2093
33.2303
33.1791
33.1324
33.2069
33.19
33.1774
33.1987
33.1886
33.2474
33.24
33.2236
33.2355
33.2194
33.2238
33.0993
33.0931
33.0965
33.1023
33.0963
33.0888
33.0943
33.0886
33.093
33.0825
33.085
33.0819
33.0665
33.0731
33.0534
33.074
33.0699
33.097
33.0834
33.0907
33.0838
33.0905
33.0769
33.0857
33.0797
33.0545
33.1003
33.0377
33.0682
33.0584
33.0782
33.1544
33.1188
33.0682
33.0657
33.0449
33.0599
33.0527
33.0393
33.3161
33.4064
33.1403
33.2491
33.2698
33.0426
33.0322
32.9878
33.0288
33.0325
33.2591
33.2103
33.1486
33.1768
33.1624
33.0065
33.0326
33.1023
33.0286
32.9954
33.0121
33.0526
33.0441
33.0777
33.182
33.1833
33.1844
33.1391
33.1596
33.1662
33.1671
33.1605
33.1128
33.1445
33.1728
33.1785
33.1558
33.1163
33.1185
33.2128
33.182
33.1779
33.195
33.1644
33.1799
33.0886
33.0887
33.0841
33.0883
33.0833
33.0804
33.0859
33.0801
33.0771
33.0541
33.0774
33.0753
33.0438
33.0514
33.0564
33.0675
33.0667
33.0879
33.0794
33.0812
33.0902
33.0882
33.0833
33.0775
33.0605
33.0608
33.0557
33.0595
33.0529
33.0553
33.0312
33.074
33.0196
33.0534
33.0477
33.033
33.0503
33.0154
33.018
33.1217
33.1051
33.0047
32.9261
32.9105
33.0019
33.0728
33.0153
33.0105
33.0722
33.0984
33.1176
32.9877
33.019
33.0361
33.0583
33.0636
32.9996
33.0189
33.1172
33.0334
33.0046
33.0324
33.0818
33.1485
33.1491
33.1538
33.1047
33.1337
33.131
33.1418
33.0972
33.1269
33.0247
33.0905
33.1312
33.0976
33.0831
33.107
33.1825
33.1691
33.167
33.1686
33.163
33.1501
33.0895
33.0898
33.0769
33.0844
33.0771
33.0738
33.081
33.074
33.0711
33.0364
33.0661
33.0645
33.032
33.0541
33.0524
33.0742
33.0897
33.0917
33.087
33.0775
33.1048
33.0967
33.0986
33.0839
33.0447
33.0505
33.0128
33.0646
33.0497
33.0367
33.0115
32.9625
32.9296
33.0568
32.9988
33.0298
33.0793
33.0436
33.0606
32.6802
32.6875
32.8284
32.4751
32.5083
33.0415
33.0569
33.076
33.08
33.0861
32.9347
32.9424
32.8542
32.8566
32.9077
33.0493
33.046
33.0471
33.0479
33.0322
33.0262
33.0621
33.0264
33.0234
33.1092
33.1193
33.1241
33.093
33.0837
33.1132
33.1083
33.0381
32.9797
33.0082
33.0952
33.0625
32.9699
33.0977
33.0809
33.1562
33.1627
33.1561
33.1475
33.165
33.1343
33.0934
33.1029
33.0716
33.0778
33.0717
33.069
33.0766
33.0687
33.057
33.0188
33.0524
33.0495
33.0068
33.0446
33.036
33.1121
33.1383
33.1027
33.1163
33.0998
33.1303
33.1143
33.1369
33.126
33.0514
33.0085
33.0167
33.0574
33.0348
32.9929
33.0401
32.91
32.9344
33.1107
33.1044
33.0982
33.1468
33.1533
33.1424
32.4525
32.475
32.8324
32.5221
32.5558
33.1189
33.1256
33.1609
33.1519
33.1352
32.8174
32.9226
32.8309
32.7675
32.9678
33.0833
33.1233
33.0703
32.9911
32.9956
33.0594
33.102
32.9944
32.9733
33.0664
33.1074
33.0944
33.0996
33.0601
33.0994
33.0836
33.0387
33.0195
33.0343
33.0775
33.1112
33.0436
33.0767
33.1009
33.1365
33.168
33.1381
33.125
33.1496
33.1217
33.1171
33.1287
33.0646
33.0755
33.0641
33.0579
33.0737
33.0579
33.0391
33.0012
33.0304
33.0263
32.9799
33.0259
33.009
33.1687
33.2029
33.131
33.163
33.1552
33.169
33.1482
33.1968
33.1733
33.0379
32.9799
33.0517
33.0128
33.0488
32.9528
33.0755
32.982
33.0414
33.1857
33.1963
33.1896
33.2199
33.248
33.2337
32.6262
32.6851
33.0374
32.7679
32.8828
33.1723
33.1326
33.2019
33.1856
33.1547
32.7705
33.0179
32.8437
32.839
33.081
33.1071
33.081
33.1414
33.0325
33.0142
33.0811
33.1522
33.077
33.0601
33.0653
33.0914
33.077
33.1126
33.0742
33.0852
33.0762
33.0945
33.0243
33.0221
33.0752
33.0729
33.0269
33.0476
33.0416
33.1127
33.1228
33.0881
33.1017
33.0952
33.1083
33.1359
33.142
33.0512
33.0732
33.052
33.0474
33.0752
33.0488
33.0184
32.9666
33.0241
33.0213
32.9879
33.0075
33.0215
33.2348
33.2662
33.1621
33.2283
33.1863
33.2188
33.1709
33.2589
33.1866
33.0637
32.9438
33.1384
33.0095
33.1436
32.9339
33.2499
33.1948
33.4361
33.2501
33.2845
33.276
33.2764
33.3137
33.3086
32.9883
33.1619
33.359
33.4288
33.4858
33.202
33.1786
33.2448
33.2268
33.2064
32.9498
33.1063
32.9923
33.1643
33.1669
33.1038
33.1488
33.1439
33.0991
33.0836
33.1083
33.1339
33.0956
33.08
33.0864
33.0835
33.0832
33.1351
33.0958
33.0878
33.092
33.1578
33.0488
33.0825
33.0291
33.0224
33.0406
33.0293
33.0174
33.096
33.0771
33.0652
33.0895
33.0674
33.0927
33.1427
33.1433
33.0461
33.0779
33.0461
33.0514
33.0888
33.0517
33.0312
33.0322
33.0287
33.0238
33.0912
33.0899
33.1772
33.2932
33.3154
33.1726
33.2812
33.1958
33.2405
33.1698
33.2938
33.2092
33.2734
32.9617
33.4394
33.1875
33.3866
33.1883
33.7103
33.7169
34.1009
33.2935
33.3311
33.3354
33.3088
33.3365
33.3491
33.8204
33.747
34.1454
33.9741
33.8526
33.249
33.2193
33.2626
33.2445
33.2047
33.3556
33.2058
33.3591
33.4263
33.2145
33.1715
33.1515
33.1209
33.0779
33.0628
33.1135
33.0977
33.07
33.0445
33.1017
33.0871
33.0929
33.114
33.0963
33.0801
33.0894
33.1562
33.0673
33.0213
33.0277
33.0101
33.0258
33.0139
32.9948
33.0817
33.0533
33.0368
33.0687
33.0363
33.074
33.151
33.1615
33.0702
33.1107
33.0656
33.1068
33.1297
33.0972
33.041
33.1865
33.0992
33.126
33.3058
33.3112
33.4907
33.3214
33.3014
33.1719
33.2935
33.2129
33.2393
33.185
33.2691
33.2016
33.5331
33.4439
33.8613
33.4596
33.5945
33.5776
33.8738
34.1459
33.9212
33.3102
33.3267
33.3436
33.2868
33.297
33.3141
33.8397
33.7619
33.9405
33.647
33.6279
33.2153
33.1714
33.1984
33.1772
33.1359
33.3918
33.1878
33.269
33.322
33.1545
33.1168
33.0864
33.0687
33.059
33.0258
33.0618
33.0292
33.0386
33.0011
33.0936
33.0658
33.0813
33.085
33.0858
33.0532
33.0706
33.1162
33.0102
33.0004
32.9948
32.9737
32.9875
32.9732
32.9527
33.0527
33.0146
33.0119
33.0343
32.9951
33.0606
33.1674
33.1444
33.143
33.1569
33.1048
33.1287
33.1357
33.0651
33.1814
33.3644
33.1414
33.1364
33.2712
33.5627
33.4626
33.2524
33.1811
33.178
33.2205
33.1681
33.1729
33.1368
33.1534
33.1098
33.7207
33.5274
33.7444
33.6135
33.7315
33.3387
33.5468
33.7259
33.5321
33.2369
33.2441
33.2561
33.168
33.1725
33.1772
33.4714
33.4798
33.4349
33.3212
33.3722
33.134
33.0998
33.0957
33.0809
33.0548
33.2494
33.1298
33.1661
33.1827
33.0919
33.0576
33.0199
32.9863
33.0086
32.9738
32.9938
32.9403
32.9771
32.9486
33.0735
33.0429
33.0571
33.0475
33.0642
33.0324
33.0444
33.0858
32.979
32.9575
32.9555
32.9375
32.9404
32.9408
32.9205
33.0116
32.9689
32.9861
32.9966
32.9519
33.0304
33.0905
33.0171
33.0535
33.0786
32.9766
32.9378
32.9972
32.8673
33.0087
33.1055
32.9054
32.859
32.9462
33.271
33.0733
33.1007
33.0232
33.0696
33.0763
33.0323
33.0154
32.9904
33.0005
32.9585
33.4869
33.1761
33.3567
33.1339
33.23
33.0253
33.1685
33.3425
33.171
33.0916
33.0914
33.0905
33.0154
33.0109
33.0073
33.1874
33.2014
33.1211
33.0717
33.0447
33.0189
33.0005
32.9627
32.9545
32.9453
33.1301
33.0747
33.0775
33.0726
33.0556
32.974
32.9315
32.9039
32.9518
32.9324
32.9214
32.8695
32.9344
32.9257
33.0515
33.021
33.0316
33.0283
33.0513
33.0121
33.0168
33.0724
32.9426
32.939
32.9354
32.9266
32.9338
32.9435
32.9576
32.9896
32.9385
32.9711
32.9915
32.9519
33.0088
32.9368
32.8706
32.8187
32.912
32.7679
32.7347
32.8411
32.7069
32.7061
32.8151
32.6278
32.5885
32.7132
32.9033
32.7765
32.9549
32.8973
32.9195
32.9341
32.8989
32.8828
32.8649
32.8816
32.8544
33.0257
32.9102
33.0195
32.7985
32.8869
32.8218
32.9062
33.0301
32.923
32.9469
32.936
32.9324
32.8862
32.8685
32.862
32.9834
32.9823
32.9249
32.9123
32.9225
32.8954
32.8921
32.8444
32.844
32.8438
33.0165
33.0051
32.9686
32.9664
32.9609
32.8976
32.8706
32.8491
32.9276
32.9319
32.8808
32.8319
32.9272
32.9446
33.0283
33.0012
32.9917
32.9623
32.9925
32.9808
32.9761
32.9904
32.9635
33.0197
33.0314
33.0376
33.0296
33.1879
33.1209
32.9959
32.9875
33.0089
33.0088
33.0211
32.9887
32.8263
32.7973
32.6973
32.7949
32.6827
32.6928
32.7721
32.6887
32.5366
32.6529
32.5768
32.554
32.6349
32.699
32.6654
32.8504
32.8126
32.8263
32.8418
32.8223
32.8114
32.8027
32.8125
32.7994
32.7944
32.7644
32.8299
32.6726
32.7402
32.7309
32.7832
32.8468
32.7975
32.8355
32.8092
32.8004
32.7934
32.7576
32.7489
32.8551
32.865
32.8168
32.8145
32.8258
32.8021
32.8055
32.7643
32.771
32.7795
32.915
32.9126
32.8727
32.8729
32.8751
32.852
32.8435
32.8434
32.9291
32.9616
32.8715
32.8572
32.9373
32.9771
32.9477
32.9597
32.9651
32.8492
32.9045
32.9276
32.9482
32.8947
33.0583
33.0735
33.2269
33.1719
33.2032
33.148
33.1515
32.9877
33.0529
33.0434
32.962
33.0363
32.9251
32.7846
32.7834
32.7074
32.7667
32.7118
32.734
32.7703
32.7386
32.6091
32.653
32.6728
32.665
32.6844
32.6684
32.6888
32.7832
32.7634
32.7927
32.7923
32.7836
32.7917
32.7895
32.7799
32.7744
32.719
32.7165
32.7602
32.6818
32.7204
32.7186
32.7572
32.7716
32.7631
32.7601
32.7167
32.7082
32.7371
32.6914
32.6816
32.7901
32.8
32.7759
32.7791
32.788
32.7515
32.7669
32.7356
32.7463
32.7692
32.8387
32.8462
32.8159
32.8162
32.8261
32.8434
32.8534
32.8724
32.9547
33.0104
32.8943
32.8868
32.9788
33.0638
32.8545
32.8569
32.8983
32.7965
32.8237
32.8012
32.8359
32.829
33.0861
33.0678
33.0663
33.0741
33.116
33.0165
33.0251
32.9339
33.0086
32.9708
32.9127
32.9714
32.8498
32.7826
32.7811
32.7536
32.7748
32.7562
32.7732
32.7797
32.7675
32.708
32.7198
32.7418
32.7396
32.753
32.7176
32.7484
32.7533
32.752
32.7852
32.7765
32.7722
32.7821
32.7852
32.7772
32.7796
32.7356
32.7291
32.7657
32.7398
32.7581
32.748
32.7828
32.7687
32.7829
32.7257
32.6815
32.6695
32.7321
32.6974
32.6773
32.7809
32.7879
32.7831
32.7877
32.7937
32.7636
32.7812
32.7807
32.7867
32.8089
32.8042
32.8147
32.8006
32.8013
32.8106
32.8743
32.8934
32.915
32.9943
33.1065
32.9351
32.9485
32.9957
33.1131
32.8116
32.7867
32.8147
32.8283
32.8107
32.8069
32.8202
32.8159
33.1784
33.248
32.9961
32.9977
33.0651
32.9883
32.9817
32.9039
32.9496
32.9304
32.9028
32.9387
32.8535
32.7886
32.8072
32.7868
32.7859
32.7839
32.8086
32.802
32.8045
32.7678
32.7827
32.7982
32.796
32.8117
32.7794
32.8101
32.757
32.7719
32.7952
32.7844
32.7931
32.8088
32.8132
32.7962
32.8107
32.7866
32.773
32.8025
32.8016
32.817
32.8008
32.8243
32.8008
32.8204
32.7353
32.7309
32.7087
32.7513
32.7668
32.7443
32.7997
32.804
32.8142
32.8149
32.8175
32.8181
32.8371
32.8543
32.8502
32.8626
32.8046
32.813
32.8093
32.8109
32.8189
32.9122
32.9267
32.9628
32.9884
33.0672
32.9567
32.9602
32.9858
33.0309
32.8184
32.8428
32.8385
32.869
32.8251
32.8725
32.8506
32.8278
33.1599
33.0517
32.9676
32.9633
32.9889
32.9438
32.9452
32.9084
32.9297
32.9168
32.9061
32.9235
32.8941
32.8313
32.8563
32.8357
32.8265
32.8301
32.8641
32.8534
32.8568
32.8248
32.8407
32.8568
32.8522
32.8685
32.841
32.8711
32.7935
32.8194
32.8355
32.812
32.831
32.8486
32.8582
32.8298
32.8521
32.849
32.828
32.8462
32.8675
32.8787
32.8537
32.8676
32.8405
32.8605
32.7769
32.805
32.7836
32.8068
32.8428
32.8255
32.8321
32.8332
32.8488
32.8489
32.8486
32.8797
32.8857
32.9188
32.9049
32.9049
32.8203
32.8273
32.8279
32.8297
32.8358
32.9355
32.9381
32.9454
32.9831
33.0197
32.9566
32.921
32.9698
32.9952
32.8361
32.8827
32.8588
32.8823
32.8453
32.8856
32.8628
32.8443
32.9961
32.9623
32.9227
32.9266
32.9286
32.901
32.907
32.9007
32.9142
32.8973
32.8907
32.9043
32.8994
32.8794
32.8993
32.8897
32.8789
32.8812
32.9108
32.9006
32.9023
32.8765
32.8929
32.9044
32.8975
32.9153
32.8966
32.9198
32.847
32.8737
32.8786
32.8486
32.8722
32.8865
32.8967
32.8687
32.8893
32.9022
32.8762
32.8864
32.9305
32.9171
32.8941
32.9016
32.8784
32.8929
32.8395
32.8755
32.8631
32.8733
32.9011
32.8945
32.8644
32.8629
32.8784
32.877
32.8739
32.9235
32.9188
32.9517
32.9329
32.9266
32.8394
32.8449
32.8463
32.848
32.8527
32.9339
32.9219
32.8969
32.9471
32.9437
32.9264
32.8635
32.916
32.8767
32.8531
32.8841
32.8661
32.8715
32.8561
32.8786
32.8634
32.8545
32.9263
32.8905
32.8822
32.8881
32.8835
32.8627
32.8709
32.8811
32.8943
32.8759
32.8697
32.8841
32.8858
32.9153
32.9279
32.9261
32.9179
32.9185
32.9376
32.9298
32.9295
32.9151
32.9315
32.9363
32.9303
32.9439
32.9506
32.9637
32.8977
32.9171
32.9126
32.8915
32.9052
32.9222
32.9268
32.9083
32.9182
32.9276
32.9061
32.9119
32.965
32.9345
32.914
32.9186
32.9033
32.9096
32.9031
32.9176
32.9136
32.9282
32.9281
32.9253
32.8858
32.8828
32.8949
32.8925
32.8891
32.934
32.9292
32.9555
32.9322
32.929
32.8563
32.86
32.8607
32.8623
32.8655
32.9054
32.8889
32.8456
32.8785
32.8153
32.8775
32.836
32.8423
32.7677
32.857
32.8687
32.8581
32.8513
32.853
32.8554
32.8478
32.8561
32.8614
32.8403
32.8475
32.8565
32.8523
32.8327
32.8428
32.8576
32.8739
32.8555
32.8437
32.8624
32.8596
32.9385
32.9483
32.9456
32.9405
32.9383
32.9529
32.9496
32.9468
32.9395
32.9489
32.9492
32.9451
32.951
32.9638
32.9594
32.9394
32.9588
32.9397
32.9294
32.9273
32.9535
32.9517
32.9532
32.9379
32.9394
32.9178
32.9227
32.9647
32.9427
32.9208
32.9265
32.9142
32.9185
32.9505
32.9347
32.9358
32.9727
32.942
32.95
32.897
32.895
32.9042
32.9011
32.8992
32.9297
32.9287
32.9395
32.9293
32.9275
32.8675
32.8704
32.87
32.872
32.874
32.8747
32.86
32.8321
32.8107
32.738
32.8326
32.8116
32.7667
32.682
32.847
32.8404
32.8355
32.8228
32.8365
32.8215
32.8169
32.8479
32.8207
32.7813
32.8206
32.8304
32.8266
32.8079
32.8169
32.8309
32.8508
32.8334
32.8199
32.8376
32.828
32.9567
32.963
32.961
32.9577
32.9553
32.969
32.9649
32.9636
32.9504
32.9545
32.9619
32.9574
32.9606
32.9571
32.9588
32.9925
33.0255
32.961
32.976
32.9496
32.9719
32.9674
32.9916
32.9555
32.9453
32.9238
32.9302
32.9574
32.9486
32.9297
32.9349
32.9234
32.9298
32.9867
32.955
32.9727
32.9948
32.9665
32.9946
32.9053
32.9038
32.9162
32.911
32.9098
32.9308
32.9248
32.9296
32.9242
32.9343
32.8769
32.8776
32.8787
32.8828
32.8826
32.8444
32.826
32.7699
32.7096
32.5868
32.7687
32.7173
32.662
32.4983
32.8264
32.7964
32.7961
32.7926
32.814
32.7632
32.773
32.8375
32.7169
32.6481
32.7964
32.8066
32.7874
32.787
32.7966
32.811
32.8268
32.8149
32.8081
32.8182
32.7851
32.9665
32.9678
32.9763
32.9712
32.9715
32.984
32.977
32.9798
32.9651
32.9699
32.9793
32.9745
32.9816
32.9658
32.9775
33.0322
33.0061
32.9697
32.9928
32.9504
32.9704
32.9689
32.9797
32.941
32.9547
32.9403
32.9419
32.9706
32.9644
32.954
32.9522
32.9384
32.9495
32.9923
32.9701
32.9955
32.9749
32.9616
32.9701
32.9184
32.9175
32.9373
32.9287
32.928
32.9193
32.9226
32.9052
32.9022
32.8984
32.8907
32.8884
32.8966
32.9023
32.8976
32.8156
32.8107
32.7078
32.6333
32.4663
32.7573
32.719
32.6498
32.4902
32.8098
32.7377
32.7624
32.7767
32.8112
32.7408
32.7669
32.843
32.6067
32.6014
32.7829
32.794
32.7651
32.7941
32.8023
32.8137
32.8163
32.8179
32.8293
32.8239
32.7915
32.9676
32.9708
32.9926
32.9832
32.989
33.0019
32.9904
32.9974
32.9854
32.9944
33.0012
32.9955
33.0045
32.9943
33.0131
32.9694
32.944
32.9662
32.9625
32.9295
32.9632
32.9636
32.951
32.9203
32.9771
32.9693
32.9653
33.0017
32.9923
32.9854
32.9822
32.9641
32.9812
32.9542
32.925
32.9232
32.942
32.8943
32.8777
32.9422
32.942
32.9715
32.9591
32.9589
32.881
32.8732
32.8581
32.8627
32.8578
32.9191
32.9127
32.9335
32.9392
32.9313
32.8151
32.8311
32.734
32.6944
32.5569
32.8085
32.7678
32.7657
32.6784
32.8405
32.7745
32.8037
32.8178
32.8776
32.8195
32.8536
32.89
32.6455
32.7266
32.8175
32.8235
32.8105
32.8532
32.8548
32.8559
32.8453
32.8671
32.8864
32.8737
32.8635
32.9784
32.9891
33.0142
32.9991
33.009
33.0316
33.0105
33.0264
33.0115
33.0158
33.0366
33.0321
33.0332
33.0278
33.0382
32.9393
32.9473
32.965
32.9463
32.9137
32.9763
32.9709
32.9482
32.9158
33.0093
33.0045
33.0012
33.0268
33.0263
33.0224
33.0202
33.0011
33.0217
32.9437
32.9071
32.8721
32.9461
32.9245
32.9014
32.9799
32.9802
33.0191
33.0028
33.0029
32.8422
32.8495
32.8541
32.8318
32.8536
32.9648
32.9551
32.9867
32.9909
32.9823
32.8527
32.885
32.8184
32.85
32.8052
32.9091
32.8826
32.9372
32.973
32.9247
32.8679
32.9124
32.9185
32.9696
32.9225
32.9685
32.9663
32.8228
32.9326
32.898
32.8957
32.9251
32.9485
32.9423
32.9232
32.9133
32.9495
32.9642
32.9568
32.9504
33.0097
33.0403
33.0505
33.0266
33.0463
33.0733
33.0473
33.0701
33.0492
33.0501
33.0761
33.0694
33.0756
33.05
33.0692
32.9637
32.9876
32.9871
32.9636
32.9285
33.0239
33.0161
32.9906
32.9572
33.0464
33.0409
33.0415
33.06
33.0684
33.061
33.0635
33.0446
33.0643
32.956
32.9364
32.93
32.974
32.9633
32.9679
33.0275
33.029
33.0645
33.053
33.054
32.86
32.8893
32.9363
32.93
32.9434
33.0208
33.0135
33.0459
33.0481
33.0435
32.948
33.0302
33.0097
33.0434
33.1865
33.0609
33.1548
33.1242
33.3023
33.0099
32.9826
33.0169
33.0163
33.0398
33.0278
33.0461
33.036
33.0687
33.1873
32.9972
32.9895
33.0576
33.0406
33.0319
33.0097
33.0005
33.0333
33.0476
33.0395
33.0458
33.0792
33.1228
33.1005
33.0741
33.098
33.1292
33.1064
33.1279
33.095
33.1078
33.1292
33.1229
33.1385
33.0986
33.1321
33.023
33.0631
33.0581
33.0271
33.0024
33.1043
33.1069
33.0746
33.057
33.0953
33.0857
33.0879
33.1171
33.1237
33.1144
33.1145
33.0894
33.1164
33.0018
32.9989
33.0059
33.0366
33.0355
33.0376
33.081
33.0821
33.1075
33.1085
33.1094
32.9926
33.0182
33.0508
33.0489
33.0874
33.0779
33.0745
33.1046
33.1054
33.1026
33.0967
33.1532
33.2518
33.189
33.3127
33.173
33.3046
33.1986
33.2765
33.068
33.0594
33.0726
33.0728
33.0918
33.0892
33.0963
33.0924
33.2227
33.2247
33.0761
33.0702
33.1149
33.1024
33.0992
33.0754
33.079
33.1024
33.1015
33.1084
33.0966
33.1664
33.2057
33.1588
33.1426
33.1583
33.1879
33.1799
33.1886
33.152
33.1709
33.1842
33.1809
33.2032
33.1654
33.196
33.1091
33.1576
33.157
33.1267
33.1193
33.1906
33.2019
33.1764
33.1849
33.1551
33.143
33.143
33.183
33.1847
33.1705
33.1704
33.1469
33.1734
33.0788
33.071
33.0688
33.1252
33.1096
33.1049
33.1382
33.1388
33.168
33.1644
33.1645
33.0919
33.1393
33.1282
33.1285
33.1794
33.1343
33.1298
33.1601
33.1597
33.1545
33.1946
33.232
33.3015
33.2031
33.2231
33.2434
33.2777
33.3338
33.2054
33.1154
33.1169
33.1215
33.1153
33.1388
33.1417
33.1455
33.1441
33.2152
33.2162
33.1308
33.1291
33.1662
33.1567
33.1561
33.1251
33.1335
33.1544
33.1453
33.1559
33.1375
33.2427
33.2742
33.2147
33.2153
33.2165
33.2383
33.2471
33.2419
33.2078
33.2325
33.2324
33.2315
33.2559
33.2223
33.2447
33.2021
33.2428
33.2381
33.2176
33.2492
33.2575
33.2667
33.2476
33.2873
33.2137
33.1988
33.1975
33.2342
33.2397
33.2238
33.2221
33.1997
33.2227
33.1766
33.1587
33.1504
33.2253
33.2048
33.2012
33.192
33.192
33.2184
33.2157
33.2142
33.1745
33.2184
33.2078
33.2132
33.249
33.1865
33.1799
33.2099
33.2091
33.2033
33.2687
33.289
33.2553
33.4457
33.2643
33.3596
33.2211
33.4449
33.2963
33.1639
33.1651
33.1707
33.1699
33.1888
33.1877
33.1937
33.1958
33.2385
33.2594
33.1846
33.1862
33.225
33.2113
33.2144
33.166
33.1799
33.2036
33.1895
33.2044
33.1824
33.2976
33.3155
33.2599
33.2737
33.2649
33.2791
33.2969
33.2843
33.2531
33.2734
33.27
33.2722
33.2855
33.2621
33.2775
33.2777
33.3082
33.2898
33.2763
33.3085
33.3108
33.3095
33.3039
33.3232
33.2642
33.2442
33.244
33.2718
33.2849
33.2597
33.2627
33.2432
33.2611
33.2692
33.2527
33.2542
33.3051
33.2999
33.3047
33.2391
33.2376
33.2532
33.259
33.2566
33.2428
33.266
33.2756
33.2804
33.2749
33.2341
33.228
33.2558
33.2547
33.2505
33.29
33.2899
33.2123
33.3761
33.2799
33.3991
33.225
33.3372
33.2655
33.2138
33.2129
33.2187
33.2322
33.24
33.2422
33.2452
33.2476
33.2656
33.2708
33.2387
33.2445
33.2759
33.2656
33.2733
33.2199
33.2326
33.262
33.2551
33.2607
33.2449
33.3315
33.3465
33.2964
33.3165
33.3004
33.3119
33.3334
33.3152
33.2898
33.293
33.3004
33.3032
33.2998
33.2891
33.2984
33.334
33.3559
33.3273
33.3293
33.3368
33.3509
33.3438
33.3512
33.3511
33.3014
33.2729
33.2798
33.2971
33.3125
33.2838
33.2934
33.2775
33.2918
33.3319
33.3376
33.3442
33.3559
33.3623
33.3725
33.2763
33.2741
33.274
33.2907
33.2882
33.3183
33.2795
33.3377
33.3481
33.2879
33.2769
33.2722
33.2971
33.295
33.292
33.2962
33.2874
33.2392
33.3083
33.2616
33.2841
33.2455
33.2862
33.2631
33.2653
33.2709
33.2731
33.2843
33.2893
33.3007
33.2993
33.2949
33.2806
33.2928
33.2924
33.3018
33.3212
33.3187
33.3271
33.2948
33.2881
33.3155
33.3327
33.3124
33.3108
33.3603
33.3734
33.3263
33.3481
33.3293
33.3403
33.3618
33.3434
33.3153
33.3064
33.3258
33.3265
33.312
33.3056
33.3123
33.3741
33.3895
33.3588
33.3706
33.3666
33.3797
33.3731
33.3875
33.3811
33.3202
33.2928
33.3048
33.3118
33.326
33.299
33.3145
33.3036
33.3144
33.3744
33.382
33.3892
33.3907
33.4003
33.4031
33.3025
33.3004
33.2998
33.3133
33.3108
33.3597
33.3
33.3989
33.3734
33.3189
33.3117
33.3104
33.3297
33.3259
33.3264
33.2697
33.265
33.2594
33.2779
33.2729
33.2215
33.2779
33.2824
33.2944
33.3106
33.3292
33.3239
33.3238
33.3302
33.351
33.3445
33.334
33.3086
33.3287
33.345
33.3517
33.3624
33.3705
33.3756
33.3688
33.3361
33.3614
33.4079
33.36
33.3668
33.3858
33.3974
33.3548
33.3748
33.3583
33.3688
33.3875
33.3727
33.339
33.3173
33.354
33.353
33.3289
33.3193
33.3288
33.4031
33.4136
33.3861
33.4028
33.3938
33.4042
33.3979
33.4154
33.4046
33.3309
33.3059
33.3238
33.3272
33.3364
33.315
33.332
33.3242
33.3331
33.4045
33.4173
33.4145
33.4169
33.4255
33.4223
33.3242
33.3208
33.3234
33.3354
33.3308
33.3963
33.3468
33.4325
33.4041
33.3823
33.3375
33.3402
33.3517
33.3473
33.3517
33.2934
33.3306
33.306
33.3018
33.322
33.2838
33.3396
33.3323
33.3506
33.348
33.3652
33.3599
33.3772
33.3652
33.3782
33.3725
33.3657
33.3506
33.3745
33.3967
33.3982
33.4026
33.4179
33.4176
33.4361
33.3848
33.4091
33.4491
33.4075
33.3978
33.4091
33.4207
33.383
33.4007
33.3869
33.3996
33.4145
33.4009
33.3677
33.3442
33.3851
33.3836
33.3613
33.3398
33.353
33.4249
33.4374
33.4096
33.4254
33.4142
33.4274
33.4216
33.4347
33.4245
33.342
33.3253
33.3402
33.3487
33.3505
33.333
33.3523
33.3437
33.3526
33.4304
33.4345
33.4319
33.4436
33.4447
33.4392
33.3489
33.3438
33.3352
33.3615
33.3546
33.4444
33.4195
33.4708
33.4982
33.4543
33.3545
33.3605
33.3638
33.3603
33.3669
33.3781
33.4366
33.376
33.3716
33.3823
33.4068
33.4148
33.4125
33.4152
33.3781
33.3901
33.3835
33.4128
33.3864
33.399
33.3918
33.3828
33.4006
33.426
33.4369
33.4364
33.4405
33.4499
33.451
33.4472
33.4284
33.4475
33.4418
33.445
33.4173
33.4345
33.4507
33.4169
33.4292
33.4167
33.4361
33.4455
33.4347
33.4001
33.3798
33.4204
33.418
33.3991
33.3682
33.3842
33.4501
33.4653
33.4363
33.4446
33.4348
33.4568
33.4523
33.4567
33.4456
33.364
33.3442
33.3663
33.3775
33.3778
33.3593
33.3849
33.3671
33.3795
33.4553
33.4545
33.4468
33.4689
33.4682
33.4615
33.3736
33.365
33.375
33.3823
33.3736
33.506
33.4763
33.4871
33.4963
33.4953
33.3637
33.3702
33.3681
33.3658
33.3705
33.4872
33.5194
33.4503
33.4483
33.4448
33.5002
33.4851
33.4779
33.4721
33.392
33.405
33.3977
33.4173
33.3935
33.4095
33.4013
33.3857
33.4498
33.471
33.459
33.4619
33.469
33.467
33.4693
33.4349
33.4579
33.4622
33.4301
33.4654
33.4247
33.471
33.4958
33.4576
33.4657
33.4553
33.4797
33.4893
33.4791
33.4371
33.4187
33.4634
33.4572
33.4375
33.4001
33.4152
33.4857
33.5127
33.4711
33.4742
33.4607
33.5029
33.4951
33.5001
33.4866
33.387
33.3743
33.392
33.401
33.3916
33.3901
33.389
33.4106
33.4122
33.4881
33.4908
33.483
33.5154
33.5183
33.5137
33.383
33.3734
33.3914
33.3746
33.3679
33.4965
33.5186
33.5242
33.5179
33.5433
33.3643
33.3673
33.3595
33.36
33.3614
33.5392
33.555
33.5131
33.503
33.4959
33.5413
33.5399
33.5237
33.5158
33.3929
33.4092
33.4025
33.4033
33.3881
33.4074
33.4003
33.3771
33.49
33.506
33.4722
33.4728
33.4908
33.4757
33.474
33.433
33.4689
33.4581
33.4365
33.4677
33.4208
33.5249
33.5584
33.5038
33.5165
33.5038
33.5309
33.5473
33.5315
33.4777
33.4553
33.5078
33.5008
33.4744
33.429
33.4441
33.5466
33.584
33.5236
33.5322
33.518
33.5707
33.5568
33.5702
33.5545
33.3897
33.3928
33.3663
33.4164
33.3914
33.3941
33.3511
33.3813
33.3581
33.5488
33.5495
33.5496
33.5886
33.5872
33.5883
33.3589
33.355
33.3494
33.3429
33.3415
33.5527
33.5695
33.5872
33.5901
33.5966
33.3503
33.3522
33.3362
33.3389
33.3403
33.5726
33.5898
33.5594
33.5415
33.5324
33.5758
33.5724
33.5622
33.5485
33.3814
33.403
33.395
33.3834
33.3706
33.394
33.385
33.3569
33.5193
33.5335
33.4764
33.4737
33.5074
33.4798
33.4767
33.4383
33.4633
33.4444
33.4364
33.4573
33.4082
33.5968
33.6397
33.563
33.5826
33.5642
33.5998
33.623
33.6012
33.5278
33.4982
33.5646
33.557
33.5278
33.4623
33.4857
33.6243
33.6689
33.595
33.6116
33.5936
33.6554
33.6381
33.6563
33.6361
33.3992
33.3991
33.3481
33.4484
33.4131
33.4104
33.3513
33.3441
33.3354
33.6302
33.6292
33.6294
33.6744
33.6724
33.6725
33.326
33.3251
33.3113
33.308
33.3078
33.6287
33.6262
33.6709
33.6704
33.6586
33.3227
33.3247
33.3007
33.3045
33.3058
33.6106
33.6371
33.588
33.5849
33.5695
33.622
33.6094
33.6117
33.593
33.3558
33.3807
33.3702
33.3496
33.3376
33.3652
33.3524
33.3225
33.5514
33.5733
33.4867
33.4833
33.5329
33.4976
33.4913
33.4322
33.4526
33.4272
33.4219
33.4427
33.3844
33.6874
33.7401
33.6403
33.6686
33.6431
33.6875
33.7195
33.6906
33.5892
33.5603
33.6415
33.6306
33.5984
33.5128
33.5457
33.7169
33.7684
33.6857
33.705
33.6824
33.7568
33.738
33.7578
33.7327
33.4265
33.4232
33.355
33.4911
33.4405
33.4373
33.3553
33.3262
33.3185
33.7219
33.7177
33.7172
33.7719
33.7661
33.7654
33.2848
33.2841
33.2677
33.2571
33.2547
33.7136
33.6974
33.7572
33.7589
33.7421
33.2763
33.2817
33.2402
33.2449
33.2508
33.6702
33.7105
33.6363
33.644
33.6245
33.6936
33.671
33.6825
33.6603
33.3155
33.349
33.3318
33.3095
33.2877
33.3315
33.3078
33.2698
33.6008
33.6355
33.5123
33.5045
33.5827
33.5321
33.5197
33.4121
33.4353
33.4145
33.4019
33.4338
33.355
33.7995
33.8677
33.7436
33.7779
33.7465
33.81
33.8475
33.8124
33.6787
33.6423
33.7488
33.7363
33.6944
33.5779
33.6164
33.8238
33.8845
33.7974
33.8137
33.7868
33.8801
33.8643
33.8759
33.8463
33.4491
33.4449
33.349
33.5364
33.4568
33.4494
33.3367
33.299
33.275
33.8264
33.8197
33.8188
33.8857
33.8787
33.8773
33.2154
33.2125
33.1832
33.1506
33.1437
33.8077
33.7912
33.8649
33.8622
33.8472
33.1943
33.2092
33.1243
33.1325
33.1521
33.7601
33.8165
33.7129
33.7277
33.7041
33.7954
33.7632
33.7817
33.757
33.254
33.3144
33.2825
33.2538
33.216
33.2991
33.2551
33.189
33.6776
33.7302
33.5623
33.5582
33.6784
33.6153
33.6111
33.3969
33.4494
33.456
33.4003
33.4841
33.3403
33.9441
34.0316
33.8886
33.9253
33.8917
33.9819
34.0152
33.9835
33.8069
33.7591
33.9141
33.8947
33.8406
33.6653
33.7328
33.9525
34.0262
33.9395
33.9458
33.9147
34.0323
34.0238
34.0213
33.9896
33.4679
33.4627
33.3234
33.621
33.4864
33.4837
33.3027
33.2313
33.1807
33.9512
33.9436
33.9418
34.0222
34.0135
34.012
33.0537
33.0499
32.9877
32.8714
32.8505
33.9236
33.9095
33.9943
33.9915
33.9781
33.0247
33.0732
32.8447
32.8466
32.945
33.881
33.9526
33.8225
33.8456
33.8211
33.9307
33.8911
33.9159
33.8917
33.173
33.2899
33.2343
33.2041
33.1301
33.294
33.2165
33.0697
33.7974
33.8728
33.6829
33.6966
33.8253
33.761
33.783
33.4309
33.5446
33.581
33.4863
33.622
33.3918
34.1326
34.2485
34.0976
34.1229
34.0951
34.2362
34.2531
34.2309
34.0077
33.9502
34.1744
34.1512
34.0967
33.8284
33.9639
34.1064
34.1942
34.1196
34.1047
34.0718
34.2228
34.2273
34.1967
34.1661
33.5157
33.5124
33.274
33.7954
33.5642
33.5643
33.2406
33.0793
32.9804
34.0994
34.09
34.0884
34.1818
34.1718
34.1699
32.5631
32.524
32.3917
31.9022
31.6459
34.0644
34.0532
34.1516
34.1457
34.1357
32.5229
32.7712
31.9175
31.7069
32.3874
34.0311
34.1185
33.9681
33.9988
33.9745
34.0987
34.0586
34.0926
34.0696
33.0714
33.315
33.2146
33.1744
32.9949
33.3654
33.2163
32.8465
33.9591
34.0613
33.8539
33.8937
34.0193
33.9684
34.0043
33.5835
33.7327
33.8096
33.7293
33.8572
33.5651
34.3735
34.5038
34.3925
34.3923
34.3859
34.5638
34.54
34.5545
34.3266
34.277
34.5533
34.5299
34.4982
34.139
34.3517
34.2895
34.3898
34.3448
34.2972
34.273
34.4433
34.4665
34.4027
34.387
33.6372
33.633
33.1989
34.1159
33.7553
33.7111
33.1517
32.7346
32.343
34.2697
34.2593
34.2576
34.3634
34.3528
34.3512
30.8537
28.9272
30.2637
29.1648
22.1572
34.233
34.2246
34.3317
34.3271
34.3209
29.2457
31.796
29.2123
22.5528
30.3551
34.2121
34.3137
34.1582
34.1928
34.178
34.2998
34.2704
34.304
34.2967
32.8835
33.4387
33.2339
33.1688
32.7252
33.5447
33.2633
32.1913
34.1801
34.3115
34.1071
34.1426
34.3
34.2702
34.2994
33.9075
34.0117
34.1189
34.0928
34.1815
33.8757
34.6364
34.7622
34.7448
34.6884
34.7315
34.9205
34.8276
34.904
34.755
34.7437
35.0174
34.9836
34.9969
34.5937
34.8265
34.493
34.597
34.5916
34.5097
34.5063
34.6687
34.713
34.617
34.6239
33.9282
33.774
33.1031
34.5167
34.1317
33.8533
33.0623
31.4441
29.7894
34.4604
34.4489
34.4479
34.5583
34.5457
34.546
27.5801
15.7768
23.0992
2.69286
25.987
14.748
-14.3494
-4.79728
-3.36835
1.28655
-1.29984
0.675574
34.4264
34.4223
34.53
34.5286
34.5274
15.6764
28.1009
26.0054
14.4336
23.0794
2.71124
-5.46421
-1.2118
0.526092
-3.9909
1.36187
34.4213
34.5344
34.3873
34.4256
34.422
34.5317
34.5196
34.5554
34.5623
32.5542
33.6892
33.3033
33.2529
32.3366
33.8803
33.3428
29.5648
34.4509
34.5986
34.4424
34.4756
34.6094
34.6233
34.6384
34.2981
34.3697
34.5133
34.5488
34.5773
34.3309
34.8731
34.9623
35.0857
34.9477
35.057
35.2128
35.0404
35.1521
35.1905
35.1872
35.3898
35.3179
35.2725
35.0124
35.0745
34.6986
34.7937
34.8241
34.7198
34.7333
34.8691
34.9174
34.8157
34.834
34.3118
33.8949
32.9528
34.7118
34.0413
33.94
32.0935
29.2313
27.9887
10.1611
6.72738
9.05669
34.654
34.6425
34.6433
34.7472
34.7358
34.7369
9.97646
26.5279
17.5946
24.796
15.0134
26.2244
18.6813
2.04127
5.4068
0.290428
6.41328
3.04346
6.8455
1.28961
34.6324
34.6352
34.7338
34.7341
34.7405
17.4838
24.2531
9.31804
26.2644
18.7141
25.087
14.0555
0.0673302
2.83224
2.22292
6.86505
1.46239
5.15126
2.92353
34.6511
34.7653
34.6538
34.6867
34.7071
34.7791
34.7814
34.8185
34.8498
32.2037
34.1339
33.48
33.6195
31.7927
34.4439
33.54
27.2455
7.76842
5.50246
7.2273
34.7533
34.9111
34.8162
34.8275
34.9476
35.0077
34.9996
34.817
34.8061
34.9963
35.0686
35.0488
34.9299
35.0398
35.1082
35.2912
35.098
35.185
35.2398
35.1351
35.1529
35.2955
35.2295
35.2255
35.1609
35.0857
34.9791
34.7704
34.8812
34.9579
35.0005
34.9043
34.9203
35.0293
35.075
34.9829
34.9971
33.6002
34.0308
31.6601
34.2412
33.1408
33.7575
31.1011
27.7719
12.96
27.3954
11.5906
6.6926
4.48156
6.31963
8.62758
34.8342
34.8238
34.8251
34.9145
34.9054
34.9073
15.7612
25.5194
18.4813
24.9333
14.7961
25.4344
18.0774
1.61846
7.50198
1.57401
5.30138
2.38151
6.74882
1.12805
34.83
34.8393
34.918
34.9212
34.933
18.8678
26.437
17.1387
26.0587
18.539
25.2774
13.0444
2.08309
8.20379
3.67169
6.81273
1.33578
4.09286
2.59403
34.876
34.9833
34.9049
34.9541
34.9903
35.0236
35.0201
35.0763
35.1181
31.6671
34.5568
33.6261
34.1342
31.9615
34.6686
33.7826
13.4872
26.7331
6.09614
10.6339
4.59103
7.3983
35.0578
35.1931
35.1762
35.1589
35.2352
35.3
35.2891
35.2597
35.2967
35.421
35.3924
35.5101
35.0437
35.1797
35.2491
35.1242
35.1729
35.1053
35.1293
35.2945
35.1123
34.9785
34.8858
34.9179
34.8711
34.7453
34.5219
34.4108
35.0241
35.078
35.1458
35.0505
35.0494
35.1587
35.2046
35.1055
35.0781
33.026
33.3321
31.2413
34.048
33.2438
33.225
31.9145
26.1957
5.96615
28.5493
3.44739
7.9619
34.9874
34.9789
34.9825
35.0442
35.0431
35.0465
12.0717
26.5318
18.097
23.1222
3.63263
27.268
15.0221
3.60532
5.90239
-0.00284527
-2.54008
3.19579
-1.35498
0.76087
35.007
35.0252
35.0734
35.0831
35.1108
18.3812
25.1176
8.90566
27.0063
15.5575
23.7232
2.29841
-0.0854845
2.83313
2.23844
-1.61557
0.362491
-4.49946
1.37708
35.0909
35.1886
35.1336
35.1893
35.2427
35.2297
35.2342
35.2883
35.3497
33.2147
34.7121
34.0951
34.8429
33.8176
34.8275
34.4084
30.7478
35.3064
35.3904
35.3881
35.3757
35.4237
35.4421
35.4078
35.4851
35.5566
35.4614
35.4872
35.4715
35.2525
35.3238
35.4333
35.108
35.4631
35.1203
35.0219
35.3589
35.0605
34.8251
34.6914
34.8418
34.8244
34.7146
34.4234
34.5218
35.1123
35.1311
35.2157
35.1423
35.0858
35.2201
35.2669
35.1592
35.0573
33.6487
33.5703
32.7126
34.3664
34.0486
33.9244
33.5044
31.4207
32.9313
35.0876
35.0956
35.0979
35.1259
35.1401
35.1412
29.3603
16.097
31.8449
31.1451
23.3367
-17.2791
-5.98971
35.145
35.1808
35.1871
35.1947
35.2337
16.3583
28.7279
31.3256
23.6304
32.0872
-7.05035
35.2555
35.3079
35.3083
35.3638
35.4293
35.3586
35.363
35.4286
35.4744
34.1918
35.0419
34.6953
35.1933
34.4916
35.2011
34.9046
33.5784
35.4486
35.4734
35.5038
35.5171
35.537
35.5298
35.5693
35.4579
35.4573
35.4386
35.4519
35.4772
35.3732
35.4255
35.1261
34.9325
35.2056
34.9562
34.8421
35.0065
34.8459
34.8645
34.7875
34.9093
34.9189
34.8882
34.6636
34.8142
35.1238
35.0798
35.3415
35.1198
34.9931
34.9424
35.0398
35.0244
34.843
34.41
34.33
34.1581
34.7686
34.6818
34.6636
34.6181
33.949
34.4779
35.1535
35.1758
35.1759
35.1665
35.2057
35.1997
32.7949
30.4433
34.2583
33.8351
33.5554
35.2377
35.2793
35.2661
35.273
35.3148
30.5182
33.5507
33.899
33.6442
34.3535
35.3526
35.3785
35.3996
35.4777
35.4826
35.4237
35.4296
35.4966
35.4794
34.7605
35.3015
35.072
35.2791
34.9414
35.3806
35.1841
34.6932
35.4995
35.5218
35.5533
35.5852
35.5958
35.5833
35.5992
35.516
35.5536
35.5643
35.5491
35.5803
35.4651
34.7984
34.5161
34.7731
34.8433
34.7571
34.7667
34.7491
34.7265
34.9851
34.9941
35.0379
35.0547
35.098
34.9585
35.0909
35.0265
34.9996
34.5413
34.9229
34.6276
34.4157
34.0942
34.8589
34.4931
34.8974
34.8833
34.8992
35.076
35.064
35.0671
35.1122
34.8562
35.1051
35.1791
35.2356
35.2237
35.203
35.2706
35.2534
34.5297
34.4362
35.0452
34.9401
34.9294
35.3054
35.3437
35.3397
35.3431
35.3759
34.4792
34.7931
34.9732
34.9701
35.1058
35.4058
35.4335
35.4659
35.5014
35.4827
35.4601
35.4566
35.4719
35.4733
35.112
35.4355
35.2819
35.399
35.2428
35.4812
35.3601
35.1789
35.5237
35.5048
35.5816
35.6082
35.5279
35.553
35.5852
35.5554
35.5871
35.5663
35.5434
35.5762
35.5104
34.3543
34.4487
34.8588
34.7613
34.7895
35.0208
34.8919
34.9288
35.136
35.2086
35.22
35.2311
35.3229
35.216
35.3379
35.0375
35.1497
33.7816
34.8704
34.5098
34.5498
33.9873
34.9821
34.7033
35.2175
35.2
35.2655
35.3267
35.3387
35.3314
35.3904
35.2847
35.4264
35.2447
35.3232
35.3033
35.3261
35.3964
35.3762
35.2199
35.2073
35.4135
35.3993
35.3969
35.3898
35.4011
35.4497
35.4438
35.421
35.2174
35.2887
35.3939
35.3993
35.4356
35.4269
35.4007
35.394
35.3831
35.4342
35.3156
35.3094
35.237
35.3065
35.3526
35.5185
35.4294
35.4927
35.4507
35.5531
35.4915
35.446
35.4529
35.3691
35.5188
35.5541
35.4478
35.4811
35.5187
35.5281
35.5506
35.5185
35.5278
35.5329
35.5476
34.7516
35.1116
35.2244
35.0981
35.1418
35.4282
35.3032
35.359
35.3458
35.4406
35.4852
35.4756
35.5659
35.4609
35.588
35.3104
35.5106
34.5169
35.1751
35.0084
35.264
35.0231
35.3995
35.2936
35.4673
35.4489
35.498
35.5656
35.5806
35.5644
35.605
35.5365
35.6542
35.4522
35.501
35.4818
35.6015
35.6288
35.6123
35.5457
35.5427
35.6608
35.6646
35.6661
35.5165
35.4623
35.6332
35.6189
35.5329
35.535
35.5518
35.6428
35.6558
35.6679
35.3962
35.4058
35.2605
35.132
35.1314
35.2401
35.199
35.1319
35.0096
35.5408
35.5897
35.5575
35.5911
35.6346
35.6419
35.639
35.6537
35.2724
35.2035
35.465
35.4926
35.4364
35.4732
35.4924
35.5488
35.533
35.5475
35.5897
35.5593
35.6341
35.4097
35.6476
35.6205
35.4848
35.5556
35.7836
35.6614
35.7341
35.6236
35.7004
35.7935
35.7658
35.8263
35.7153
35.8418
35.7096
35.8999
35.415
35.614
35.5378
35.7883
35.6861
35.8084
35.7197
35.7081
35.6729
35.7205
35.8059
35.8258
35.781
35.8367
35.7674
35.8785
35.7658
35.7895
35.7661
35.943
35.9863
35.952
35.7816
35.7835
35.8872
35.8933
35.8915
35.7531
35.6406
35.9598
35.9259
35.8033
35.768
35.7731
35.8575
35.8716
35.8755
35.4185
35.4724
35.0741
35.1231
34.9623
35.2222
34.9887
35.1237
34.9755
35.7341
35.7142
35.7318
35.7379
35.8412
35.8008
35.8408
35.873
35.1665
35.1989
35.508
35.5173
35.4973
35.5815
35.5862
35.6592
35.6126
35.6842
35.7514
35.6946
35.8001
35.86
36.071
35.9367
35.8444
35.889
36.0774
36.0349
36.0304
35.9026
35.9522
36.0644
36.0284
36.0718
35.9587
36.0749
36.0977
36.307
35.8846
35.996
35.873
36.21
36.0906
36.1872
36.0298
35.9604
35.8893
35.9436
36.0469
36.0706
35.9985
36.0477
35.9919
36.0882
36.1293
36.2253
36.1482
36.3317
36.4615
36.367
36.0029
36.0103
36.0991
36.1035
36.1062
36.1277
35.9999
36.4747
36.3763
36.2426
35.9918
35.9881
36.0707
36.0887
36.0992
35.6303
35.9523
35.0673
35.1805
35.0452
35.6208
35.3331
35.3887
35.2653
35.9531
35.9075
35.9697
35.938
36.0654
36.0224
36.075
36.1069
35.3246
35.5555
35.6903
35.6668
35.6861
35.8271
35.8123
35.8626
35.7989
35.9066
35.9828
35.9059
36.0232
36.244
36.3932
36.2061
36.1713
36.1539
36.3409
36.291
36.281
36.1365
36.1758
36.3138
36.2545
36.3123
36.2012
36.3676
36.5336
36.7103
36.2869
36.4042
36.1959
36.5759
36.4261
36.5743
36.3297
36.2218
36.0934
36.1617
36.29
36.3932
36.1671
36.2845
36.2341
36.3929
36.5378
36.6153
36.5207
36.715
36.6276
36.6289
36.2272
36.247
36.3401
36.3246
36.3503
36.5642
36.5048
36.6724
36.6686
36.7401
36.2456
36.2219
36.3039
36.3412
36.3128
36.2909
36.5934
35.6505
35.6986
35.6119
36.2879
35.9977
36.0971
35.9705
36.2006
36.1415
36.2494
36.1578
36.2801
36.2444
36.3281
36.3429
35.8695
36.1811
35.9678
36.0093
36.1091
36.1376
36.1415
36.1221
36.039
36.1542
36.2125
36.1452
36.2658
36.4334
36.3779
36.3158
36.2927
36.2621
36.3043
36.3461
36.7313
36.4442
36.6189
36.3894
36.1126
36.1968
36.0714
36.206
36.032
36.089
36.3632
36.2061
36.3079
36.3863
36.7959
36.6823
36.742
36.4098
36.6538
36.4628
36.0483
36.2073
36.0163
35.9728
35.9014
35.9194
36.2697
36.081
36.2551
36.3646
36.3889
36.699
36.8265
36.4766
36.6499
36.4275
35.964
36.1057
35.8764
35.8942
35.796
35.9443
36.2588
36.1493
36.2685
36.3724
36.3247
36.6166
36.1572
36.1693
36.0028
35.7729
35.8711
35.9482
36.0638
36.0685
36.1657
36.2807
36.2409
36.3009
36.1973
36.1845
36.1795
36.212
36.1815
86.4463
79.9963
90.0385
73.1505
75.1768
76.0343
78.7819
91.7418
90.7743
82.9352
72.3207
62.9642
72.5252
56.6436
80.2691
112.089
90.3294
74.0206
73.2333
62.2547
74.1143
91.0067
90.787
93.082
76.1996
78.786
78.1504
75.029
77.6396
93.2678
85.5941
66.4319
49.4149
59.6397
46.4681
60.568
67.8236
64.2107
44.5929
42.4852
42.1023
39.9493
96.739
118.801
103.875
73.5298
70.831
96.302
73.669
96.2518
99.3191
97.8282
73.7993
63.3936
64.5223
55.7019
106.486
108.009
132.223
55.5028
47.7403
52.167
53.6349
127.58
176.07
213.986
46.3249
45.202
61.8703
78.1665
92.5486
77.7065
76.1582
57.2877
52.393
49.8525
45.5052
174.577
138.233
225.487
55.8635
67.9013
54.9655
88.2635
56.9621
66.6053
59.44
44.1557
43.513
49.3999
45.3419
43.3556
47.4955
43.8683
42.1132
43.0136
41.7712
43.4759
64.9114
45.8737
52.2751
45.9283
51.4806
45.8539
46.1995
44.8658
49.1034
43.9181
43.961
44.9656
41.7189
43.6236
42.8335
42.6861
42.5507
42.7869
43.5488
43.3503
43.7355
43.7878
43.6915
44.5105
43.8894
43.7361
44.4929
44.3906
47.2508
45.5066
47.0208
43.7617
50.0065
44.2411
48.6179
46.4564
42.6572
44.943
42.7328
47.036
42.4387
44.8632
43.5934
44.1797
44.3224
42.655
43.1509
44.002
43.6803
43.3829
44.0538
43.7623
43.0356
42.9995
43.2603
43.0917
48.0277
41.558
46.9474
40.1202
40.656
39.8582
41.4035
45.883
41.7243
43.6452
40.2818
42.0807
40.9126
41.4365
42.5596
43.0577
42.5714
42.0413
42.0571
41.0359
41.5341
42.6084
42.4755
42.4695
42.1101
42.1704
41.7682
41.8517
39.8495
39.5606
38.9755
39.0984
38.9787
39.1583
38.6051
39.4825
40.3643
39.9062
39.3961
38.7137
39.8344
39.1234
41.5603
38.7786
40.1899
39.2552
41.2427
38.116
39.263
41.6437
41.1005
41.2262
41.1957
41.1078
40.5355
40.5213
38.3687
38.5991
38.216
37.9446
38.0205
38.125
37.9472
38.3291
39.2354
38.5367
38.3569
38.026
38.6065
38.0907
41.2441
37.9952
38.8848
37.9429
41.1249
37.7263
38.861
40.5642
40.063
39.8628
40.7551
40.0165
39.7544
39.3388
37.6282
37.7257
37.6179
37.2703
37.2082
37.325
37.198
37.6759
38.0229
37.7076
37.3645
37.27
37.5212
37.3105
38.9439
37.1477
38.3204
36.4491
35.8099
36.4421
36.841
39.5034
39.6223
39.0031
40.5153
39.0679
39.5955
38.8418
36.7933
36.8931
36.7879
36.5755
36.4618
36.5311
36.4527
36.8447
37.0821
36.8908
36.4975
36.4553
36.6395
36.5013
35.5651
35.9832
35.715
35.8144
35.3475
35.6391
35.3389
38.7285
38.4531
38.6978
37.6825
38.4222
36.1445
38.2184
36.1147
36.2228
36.1426
35.8588
35.7807
35.8738
35.8529
36.1206
36.2372
36.171
35.8623
35.8142
35.9236
35.8711
35.0269
35.3063
35.0968
34.9608
34.7558
35.0152
34.7996
37.3368
34.9344
36.9465
34.488
36.0287
34.5137
35.5055
35.5136
35.5382
35.5663
35.2499
35.2217
35.2559
35.2566
35.5095
35.6193
35.595
35.2619
35.23
35.3352
35.3204
34.4967
34.7358
34.5501
34.3565
34.2982
34.4895
34.3586
34.9048
34.3185
34.6645
34.1567
34.2755
34.2154
34.1294
34.9312
35.0033
34.9634
34.6556
34.6584
34.718
34.6635
35.004
35.0695
35.0743
34.7563
34.7481
34.8141
34.8354
34.1116
34.2809
34.1869
34.0356
33.9441
34.0737
34.0075
34.0301
34.0759
33.8458
33.8859
33.705
33.957
33.7433
34.4037
34.4938
34.422
34.2591
34.197
34.31
34.2264
34.4723
34.5679
34.5945
34.325
34.2641
34.3537
34.3404
33.7847
33.9054
33.8444
33.7971
33.6249
33.7756
33.6892
33.4622
33.8245
33.6116
33.6
33.3806
33.6005
33.476
34.0513
34.1041
34.0409
33.9183
33.9163
33.9397
33.8967
34.1067
34.1643
34.1325
33.9654
33.9425
33.9594
33.9484
33.5029
33.6545
33.5357
33.53
33.4179
33.5578
33.4195
33.3379
33.44
33.3515
33.3824
33.3208
33.3803
33.2579
33.7692
33.7891
33.7639
33.6711
33.6544
33.659
33.6369
33.7963
33.8026
33.8249
33.7026
33.7011
33.6827
33.7195
33.3732
33.4689
33.3593
33.381
33.3491
33.3902
33.3397
33.3056
33.3407
33.2616
33.3062
33.2833
33.3154
33.3148
33.5616
33.5785
33.5446
33.4857
33.4749
33.5
33.4808
33.6118
33.5935
33.6183
33.5209
33.5375
33.5295
33.5143
33.325
33.3449
33.3326
33.3107
33.2989
33.3108
33.3161
33.2745
33.3016
33.353
33.2645
33.2754
33.2928
33.3552
33.401
33.4061
33.4306
33.3229
33.3446
33.3232
33.3399
33.5066
33.4706
33.4509
33.4026
33.4565
33.4095
33.3611
33.2711
33.2788
33.2871
33.2508
33.241
33.251
33.2593
33.2642
33.2735
33.3228
33.229
33.2375
33.2537
33.281
33.2808
33.2703
33.2532
33.2294
33.2292
33.2297
33.203
33.4007
33.356
33.2867
33.3016
33.3069
33.2452
33.2167
33.2174
33.226
33.2245
33.2025
33.2025
33.2077
33.1904
33.2196
33.242
33.2586
33.1987
33.2097
33.2287
33.2362
33.2057
33.1762
33.1597
33.1635
33.1789
33.1153
33.1319
33.2234
33.12
33.1922
33.1362
33.169
33.082
33.1971
33.1895
33.193
33.1736
33.153
33.173
33.1738
33.1637
33.1961
33.211
33.2055
33.1739
33.1805
33.1885
33.1762
33.1538
33.1026
33.1321
33.1249
33.1431
33.1189
33.1312
33.1542
33.0995
33.1854
33.0808
33.1473
33.1099
33.159
33.1582
33.1524
33.1509
33.1335
33.1475
33.1364
33.1329
33.1627
33.1671
33.147
33.1508
33.145
33.1509
33.1309
33.1363
33.1141
33.1251
33.1188
33.1279
33.1002
33.1172
33.1435
33.1268
33.1626
33.092
33.129
33.1224
33.1315
33.1301
33.1227
33.1161
33.11
33.1099
33.1057
33.1037
33.1208
33.1327
33.1168
33.1136
33.0941
33.1197
33.0951
33.116
33.0827
33.1019
33.0934
33.1046
33.0586
33.0825
33.1043
33.098
33.1067
33.0609
33.0841
33.072
33.0963
33.0966
33.0947
33.0938
33.0926
33.0871
33.0943
33.0842
33.0786
33.1093
33.0807
33.094
33.0654
33.1032
33.0723
33.0979
33.0436
33.0786
33.0725
33.0896
33.0486
33.0759
33.0746
33.0516
33.0837
33.0204
33.0627
33.0336
33.0532
33.0799
33.0907
33.0722
33.0834
33.074
33.0872
33.0654
33.0562
33.0945
33.0689
33.0758
33.0506
33.0893
33.0687
33.0785
33.0522
33.0756
33.0703
33.0768
33.0478
33.0738
33.0597
33.0177
33.0539
33.0224
33.0625
33.0242
33.0552
33.0689
33.0791
33.0645
33.0825
33.0667
33.0706
33.065
33.0468
33.0794
33.0658
33.0652
33.0445
33.0676
33.0558
33.084
33.0507
33.0819
33.0962
33.0967
33.0675
33.0988
33.0686
33.0455
33.0881
33.0853
33.0727
33.079
33.1326
33.0663
33.0607
33.0629
33.0904
33.065
33.0605
33.0574
33.0416
33.0562
33.0484
33.0473
33.0363
33.0465
33.045
33.1111
33.104
33.1288
33.1504
33.1319
33.1786
33.1719
33.0944
33.1191
33.1655
33.1387
33.1376
33.139
33.1641
33.0584
33.0784
33.0475
33.0919
33.0442
33.0766
33.0297
33.025
33.0346
33.0423
33.0077
33.0017
33.0134
33.0263
33.154
33.263
33.2031
33.2099
33.1751
33.3222
33.2348
33.1803
33.15
33.1752
33.2027
33.2033
33.1668
33.18
33.025
33.0591
33.0016
33.076
33.0049
33.0441
32.9636
32.9709
32.9865
33.0024
32.9769
32.953
32.9379
32.9688
33.194
33.3556
33.2659
33.256
33.2093
33.3638
33.286
33.2227
33.1898
33.1814
33.268
33.233
33.2093
33.1838
32.9873
33.038
32.938
33.055
32.9732
33.0469
32.9532
32.9637
32.8927
32.937
32.9672
33.0176
32.9163
33.0024
33.2321
33.3575
33.3021
33.2918
33.2366
33.3466
33.2885
33.2299
33.2123
33.1866
33.2869
33.2062
33.1893
33.1559
32.9793
33.0757
32.9912
33.0795
33.0052
33.0902
33.0084
33.0969
32.9943
33.1567
33.039
33.1976
33.0409
33.2636
33.2336
33.3215
33.2616
33.2602
33.1983
33.2797
33.2042
33.1684
33.1546
33.1209
33.2271
33.1117
33.1175
33.0717
33.0115
33.0722
32.9825
33.0643
32.9651
33.027
32.9278
33.2656
33.0046
33.2035
32.9994
33.2195
32.9135
33.0468
33.1422
33.2171
33.1351
33.1363
33.0658
33.1412
33.0529
33.0476
33.0734
33.0178
33.1086
32.9846
33.0205
32.958
32.8773
32.9507
32.8413
32.9134
32.7692
32.8827
32.7712
33.0471
32.8349
32.939
32.7562
32.8992
32.7552
32.8436
32.9898
33.0564
32.9724
32.9887
32.9329
32.9781
32.9098
32.9281
32.9627
32.898
32.9613
32.8803
32.9097
32.8395
32.6976
32.8378
32.731
32.7916
32.6629
32.8095
32.7117
32.7807
32.7083
32.7753
32.5975
32.6949
32.6807
32.725
32.882
32.9087
32.8533
32.8738
32.8447
32.8489
32.8093
32.8367
32.8613
32.7864
32.83
32.797
32.8173
32.7335
32.661
32.7938
32.7105
32.7683
32.6824
32.7842
32.7226
32.651
32.6721
32.6986
32.6087
32.642
32.677
32.6901
32.815
32.7967
32.7725
32.7975
32.7936
32.7525
32.7493
32.7605
32.7803
32.7026
32.7157
32.7385
32.7537
32.6919
32.7119
32.7801
32.7396
32.7783
32.7372
32.7782
32.7508
32.6579
32.6912
32.6969
32.6854
32.684
32.7096
32.7121
32.7794
32.7232
32.7366
32.7646
32.7758
32.7099
32.7367
32.7272
32.7505
32.7122
32.6989
32.7313
32.7675
32.7392
32.7574
32.7827
32.7625
32.7865
32.7746
32.7897
32.7774
32.7147
32.7299
32.7339
32.7446
32.7428
32.7514
32.7564
32.7779
32.7147
32.7488
32.7714
32.7884
32.7397
32.7718
32.7512
32.7994
32.7851
32.7762
32.7828
32.8385
32.8387
32.7923
32.8047
32.7965
32.8139
32.8139
32.8236
32.8177
32.7718
32.7748
32.7823
32.798
32.7998
32.7992
32.8078
32.8036
32.7748
32.8007
32.8035
32.8235
32.8115
32.8331
32.8266
32.873
32.8791
32.8836
32.8699
32.9015
32.9095
32.8381
32.8426
32.841
32.8599
32.8628
32.8625
32.8625
32.8284
32.8247
32.8328
32.8526
32.8555
32.8486
32.8563
32.8461
32.8462
32.8642
32.8443
32.8681
32.8767
32.8929
32.9046
32.9235
32.9274
32.9701
32.9375
32.9383
32.938
32.8848
32.8809
32.8779
32.9011
32.9029
32.898
32.8925
32.88
32.8682
32.876
32.8975
32.8996
32.8855
32.894
32.8899
32.9026
32.913
32.8786
32.9089
32.9177
32.9307
32.9623
32.9468
32.9406
32.9999
32.9809
32.9503
32.9337
32.9171
32.9127
32.904
32.929
32.9278
32.927
32.9149
32.9139
32.8967
32.9064
32.9283
32.9242
32.9087
32.9177
32.9249
32.9207
32.9411
32.9044
32.9355
32.9149
32.9464
32.9875
32.9529
32.9257
32.9817
32.9846
32.9532
32.9125
32.9366
32.9353
32.923
32.947
32.9445
32.9422
32.9306
32.9318
32.9173
32.923
32.9444
32.9393
32.9253
32.9266
32.9408
32.9131
32.9464
32.9272
32.9426
32.9112
32.9473
32.9778
32.9481
32.9028
32.9361
32.963
32.9344
32.8894
32.9525
32.9496
32.938
32.9608
32.9603
32.9575
32.9482
32.9453
32.9323
32.931
32.956
32.9512
32.9399
32.938
32.9401
32.9207
32.9439
32.9545
32.9389
32.9372
32.9351
32.9437
32.9121
32.8795
32.8949
32.9075
32.8794
32.8558
32.969
32.9647
32.9585
32.9718
32.9774
32.9682
32.9667
32.9593
32.9473
32.9467
32.9718
32.97
32.9564
32.9581
32.9332
32.9432
32.9201
32.9393
32.9193
32.9249
32.8977
32.8735
32.8472
32.8316
32.8503
32.8377
32.8157
32.7983
32.9873
32.9708
32.9765
32.9878
32.9984
32.9739
32.99
32.9831
32.9667
32.9734
32.9943
32.9968
32.9783
32.9911
32.9055
32.8866
32.8738
32.9029
32.8975
32.8465
32.8465
32.8066
32.7961
32.7811
32.7877
32.7874
32.7953
32.7773
33.0117
32.9804
33.0051
33.0102
33.0283
32.9951
33.0258
33.0111
32.9941
33.0078
33.0235
33.0244
33.0123
33.025
32.8905
32.8287
32.8226
32.9035
32.8809
32.8408
32.8119
32.7737
32.81
32.7842
32.8086
32.7843
32.8497
32.8024
33.0471
33.0137
33.0499
33.0445
33.0704
33.0353
33.0744
33.0412
33.0284
33.045
33.06
33.0611
33.0472
33.0689
32.8847
32.8803
32.8494
32.9434
32.9079
32.9259
32.9061
32.8165
32.9046
32.8751
32.9178
32.9064
32.976
33.0212
33.0966
33.0567
33.1054
33.0944
33.1255
33.0764
33.1355
33.0862
33.0726
33.0907
33.1102
33.1162
33.0985
33.1134
32.9576
32.9678
32.9695
33.0037
33.0222
33.0059
33.0345
33.0236
33.0411
33.143
33.0254
33.1164
33.0882
33.2255
33.1544
33.0966
33.1641
33.1644
33.1829
33.1278
33.1922
33.1503
33.1279
33.1422
33.1686
33.1829
33.1579
33.1709
33.0873
33.044
33.0985
33.1225
33.1544
33.0874
33.1594
33.1396
33.1252
33.2549
33.1108
33.1391
33.1647
33.2376
33.2094
33.1666
33.2174
33.2305
33.2334
33.2053
33.2418
33.2115
33.188
33.1982
33.2215
33.234
33.2153
33.2242
33.2225
33.1429
33.2106
33.2451
33.2694
33.2044
33.2317
33.1714
33.2286
33.2126
33.2181
33.1919
33.2722
33.1943
33.2561
33.2432
33.2613
33.2871
33.2783
33.2759
33.281
33.2541
33.2396
33.2461
33.2639
33.2741
33.2622
33.2641
33.3006
33.2541
33.25
33.325
33.3237
33.3028
33.2706
33.2089
33.2683
33.1805
33.2954
33.2243
33.2416
33.1736
33.2988
33.3033
33.299
33.3314
33.3154
33.3258
33.3156
33.2913
33.2812
33.2784
33.2981
33.3042
33.2987
33.2898
33.3406
33.3427
33.2996
33.3707
33.3547
33.3705
33.3294
33.2542
33.2388
33.1841
33.3249
33.2841
33.2453
33.1995
33.3303
33.344
33.3304
33.3623
33.3437
33.3615
33.3453
33.3114
33.315
33.3001
33.3282
33.3179
33.3292
33.3107
33.3684
33.3882
33.3563
33.3843
33.3791
33.3979
33.3774
33.303
33.2512
33.2304
33.3341
33.3172
33.2618
33.2657
33.3561
33.3759
33.3585
33.3858
33.3684
33.3887
33.3707
33.3256
33.346
33.3225
33.3587
33.3356
33.3594
33.3348
33.3909
33.4052
33.3947
33.3997
33.4012
33.4131
33.4072
33.3334
33.2856
33.3009
33.3829
33.3576
33.3284
33.3424
33.3813
33.3993
33.3822
33.4095
33.3957
33.4119
33.3953
33.3479
33.3759
33.3491
33.3897
33.3623
33.3916
33.3632
33.4128
33.4208
33.4201
33.4229
33.4243
33.4283
33.4297
33.3927
33.3794
33.3834
33.4552
33.4331
33.4283
33.4255
33.4099
33.4266
33.4103
33.4392
33.4256
33.4419
33.425
33.3793
33.4062
33.3791
33.4211
33.3979
33.4212
33.3959
33.4378
33.4395
33.4358
33.4491
33.4518
33.4574
33.4556
33.4751
33.4621
33.4616
33.4789
33.4991
33.4902
33.4892
33.4458
33.4582
33.4424
33.4819
33.4664
33.4777
33.4622
33.415
33.4352
33.4121
33.4547
33.4298
33.4491
33.4244
33.4693
33.481
33.4803
33.4995
33.4932
33.5091
33.5031
33.5161
33.517
33.5123
33.5246
33.531
33.5401
33.5313
33.4915
33.5034
33.4874
33.5384
33.5183
33.5325
33.5133
33.4424
33.4631
33.4318
33.4909
33.4561
33.4777
33.4383
33.5246
33.5416
33.5301
33.5707
33.5627
33.5767
33.5632
33.5493
33.5622
33.5499
33.5828
33.5708
33.5848
33.57
33.5497
33.5643
33.5429
33.6112
33.5865
33.601
33.5744
33.473
33.4945
33.449
33.5394
33.4941
33.5146
33.4634
33.6024
33.615
33.6007
33.6564
33.6418
33.656
33.6389
33.5963
33.6112
33.5922
33.6501
33.6259
33.6416
33.6173
33.6262
33.6423
33.6116
33.7041
33.67
33.6872
33.6531
33.5231
33.5434
33.4822
33.6073
33.5543
33.5719
33.5089
33.6844
33.6998
33.6764
33.755
33.7318
33.748
33.7187
33.6581
33.679
33.6475
33.7321
33.6929
33.7205
33.6834
33.7208
33.7347
33.6979
33.8225
33.7832
33.7911
33.7505
33.5882
33.6016
33.535
33.6987
33.6238
33.6442
33.5697
33.7829
33.8009
33.7702
33.8694
33.8367
33.8586
33.8225
33.7362
33.7687
33.7258
33.834
33.7846
33.8224
33.7736
33.8539
33.8561
33.8103
33.9827
33.9394
33.9297
33.8832
33.6737
33.6895
33.606
33.8263
33.7398
33.7373
33.6445
33.9013
33.9214
33.8809
34.0044
33.9695
33.9895
33.9449
33.8411
33.8824
33.8293
33.962
33.9101
33.9494
33.8975
34.0383
34.0147
33.9676
34.197
34.1598
34.1103
34.0673
33.8289
33.7965
33.698
34.0371
33.9431
33.8753
33.7715
34.0428
34.0646
34.0164
34.1638
34.1217
34.1447
34.0914
33.9829
34.0235
33.972
34.1156
34.0604
34.1043
34.0534
34.2998
34.219
34.1849
34.4636
34.459
34.3371
34.3201
34.0905
33.984
33.865
34.3691
34.2686
34.1146
33.9922
34.2116
34.2339
34.1758
34.3531
34.3148
34.3298
34.276
34.1474
34.1929
34.1423
34.2981
34.2485
34.2892
34.2426
34.6268
34.4615
34.4641
34.7458
34.794
34.599
34.6192
34.48
34.2583
34.1443
34.7946
34.7005
34.4231
34.3138
34.4164
34.4303
34.3801
34.5544
34.5199
34.531
34.4852
34.3536
34.3914
34.3494
34.5018
34.4643
34.4977
34.4643
34.9341
34.7283
34.757
34.9686
35.0229
34.8331
34.8537
34.9034
34.5754
34.4657
35.1017
34.9932
34.6921
34.579
34.6219
34.6306
34.5903
34.7496
34.7145
34.7263
34.6911
34.5755
34.6111
34.58
34.713
34.685
34.7233
34.6939
35.0729
34.9143
34.9059
35.1271
35.1069
34.9853
34.9145
34.9431
34.7198
34.6319
34.9767
34.7738
34.7001
34.4362
34.7975
34.8181
34.7818
34.9208
34.8854
34.9021
34.875
34.7918
34.84
34.8092
34.9199
34.8968
34.9477
34.9189
35.1337
35.0261
34.887
35.2699
35.1014
35.0689
34.8365
34.5647
34.4904
34.0061
34.5152
34.4251
34.1949
33.6806
34.9596
34.9794
34.9521
35.0576
35.0137
35.04
35.0137
34.9933
35.044
35.0302
35.0896
35.0767
35.1296
35.1311
34.887
35.0868
34.7382
35.2258
34.7234
34.9601
34.5442
34.4194
34.0687
33.6837
34.3653
34.5356
34.0287
33.8839
35.0486
35.089
35.0643
35.1414
35.0805
35.1303
35.1034
35.1443
35.1968
35.2046
35.207
35.1924
35.2535
35.2591
34.6137
34.7494
34.3946
34.69
34.5751
34.5184
34.3672
34.7288
34.265
34.3117
34.6963
34.9316
34.528
34.6822
35.1142
35.1615
35.1384
35.1708
35.1132
35.1819
35.1623
35.2294
35.3007
35.2989
35.2824
35.2506
35.3336
35.3227
34.5345
34.322
34.3632
34.2795
34.4654
34.2632
34.2773
35.1077
34.7286
34.9662
34.955
35.1866
34.9127
35.1959
35.0936
35.1998
35.1805
35.1412
35.0838
35.2234
35.2038
35.2675
35.3572
35.3443
35.3279
35.2873
35.3702
35.3449
34.5462
34.3975
34.4854
34.583
34.7315
34.6616
34.8106
35.2574
35.0938
35.3377
35.2145
35.3375
35.2505
35.4605
35.0998
35.2659
35.2463
35.2352
35.156
35.3301
35.3063
35.3237
35.3651
35.3357
35.3934
35.3695
35.3583
35.3198
34.9837
34.972
35.0867
35.2137
35.2304
35.2639
35.3415
35.4227
35.3412
35.5184
35.4772
35.5251
35.4632
35.5665
35.2992
35.4221
35.4022
35.5058
35.4658
35.5418
35.5113
35.4294
35.3741
35.3182
35.5345
35.5002
35.4216
35.3257
35.43
35.4872
35.5281
35.6162
35.6021
35.6529
35.6614
35.6437
35.5475
35.6269
35.7093
35.7562
35.6612
35.7025
35.6248
35.6877
35.6326
35.836
35.7502
35.8514
35.7481
35.5938
35.5189
35.3712
35.7806
35.6928
35.6573
35.4652
35.7458
35.7755
35.7235
35.9091
35.872
35.8965
35.8184
35.8683
35.7118
35.7782
35.9222
35.9889
35.822
35.8853
35.8797
36.0369
35.8744
36.1923
36.0277
36.2372
36.0336
35.8105
35.823
35.6083
36.1681
35.9703
36.0346
35.8053
35.9833
36.0208
35.9143
36.1701
36.0855
36.1203
36.0056
36.0897
35.9197
35.9827
36.1065
36.1737
35.9973
36.0495
36.1803
36.435
36.1981
36.5814
36.3185
36.5885
36.3535
35.9001
35.9958
35.8111
36.132
35.9793
36.1095
35.9342
35.8875
35.6599
35.8034
35.9078
35.9215
35.8251
35.8473
36.1182
35.9589
36.1107
36.0604
36.2178
36.0348
36.2048
36.1493
36.2908
36.0142
36.56
36.3324
36.5122
36.2333
35.7098
35.685
35.6021
36.0544
35.8349
35.9081
35.7192
35.7643
35.5611
35.7823
35.7289
35.8055
35.6811
35.841
36.113
35.9911
36.1444
36.0425
36.2043
36.0939
36.2317
35.4045
35.5675
35.7066
35.7322
35.6651
35.7749
35.8252
35.8907
35.8696
36.0114
35.816
35.9906
35.9802
36.1165
)
;

boundaryField
{
    fbOut
    {
        type            fixedValue;
        value           uniform 0;
    }
    CAD_patch1
    {
        type            zeroGradient;
    }
    fbGasin
    {
        type            zeroGradient;
    }
    CAD_patch3
    {
        type            zeroGradient;
    }
    fbBioin
    {
        type            zeroGradient;
    }
}


// ************************************************************************* //
