/*--------------------------------*- C++ -*----------------------------------*\
| =========                 |                                                 |
| \\      /  F ield         | OpenFOAM: The Open Source CFD Toolbox           |
|  \\    /   O peration     | Version:  5.x                                   |
|   \\  /    A nd           | Web:      www.OpenFOAM.org                      |
|    \\/     M anipulation  |                                                 |
\*---------------------------------------------------------------------------*/
FoamFile
{
    version     2.0;
    format      ascii;
    class       volScalarField;
    location    "3.5";
    object      p;
}
// * * * * * * * * * * * * * * * * * * * * * * * * * * * * * * * * * * * * * //

dimensions      [0 2 -2 0 0 0 0];

internalField   nonuniform List<scalar> 
10571
(
97.7769
100.34
102.861
104.153
107.403
102.163
103.467
101.681
98.7131
102.352
97.7999
105.741
106.076
104.98
102.27
101.08
108.595
108.143
106.277
99.5888
98.5102
103.65
100.854
97.2333
91.1157
91.0118
91.6818
91.5189
88.1782
91.9449
90.5531
92.0336
88.4634
84.5725
91.2573
91.8413
83.3989
59.9407
77.3685
81.1023
89.2408
70.532
72.5896
89.0767
81.406
86.9127
84.8878
82.6784
62.8887
55.6562
67.3606
62.7049
33.4621
67.7419
4.75163
4.02604
3.56434
14.3691
64.4544
60.4643
3.24811
2.77549
3.12573
15.9037
27.1986
2.95632
2.97382
11.2625
10.3805
7.5909
12.8389
9.19275
1.65022
1.69287
1.84855
1.77282
1.96452
1.79487
1.59325
1.72293
1.72064
2.19693
1.63589
1.87077
1.93565
2.2975
1.9187
2.23528
2.06547
1.99351
1.97739
2.23752
2.33068
2.42535
2.34274
2.42507
2.42942
2.39987
2.40399
2.43764
2.37633
2.38165
2.78682
2.9014
2.67473
2.31429
2.42508
2.40841
2.75049
2.75967
2.57892
2.33415
2.36463
2.47904
2.50878
2.2911
2.32997
2.35289
2.38065
2.38089
2.48711
2.47365
2.46977
2.48592
2.43029
2.4622
2.44747
2.49533
2.41697
2.3699
2.42071
2.46855
2.4583
2.45736
2.53042
2.40453
2.39707
2.40634
2.4135
2.38975
2.38601
2.34615
2.39185
2.38247
2.40234
2.39398
2.46345
2.46937
2.459
2.46324
2.4364
2.45755
2.4358
2.4526
2.4101
2.39766
2.41999
2.45774
2.44846
2.43578
2.44115
2.4231
2.39917
2.42108
2.42139
2.39695
2.40001
2.33615
2.38583
2.41515
2.39703
2.40036
2.39467
2.44806
2.44334
2.43373
2.44664
2.42724
2.43226
2.4127
2.45883
2.41635
2.40201
2.41908
2.43626
2.43341
2.4482
2.44204
2.45591
2.41477
2.42664
2.42543
2.40406
2.42797
2.3709
2.40153
2.42084
2.40774
2.41301
2.40892
2.4363
2.42918
2.42202
2.43568
2.41838
2.41928
2.40081
2.44665
2.43018
2.41682
2.42178
2.42675
2.42947
2.4506
2.43948
2.46802
2.43652
2.44249
2.42754
2.41147
2.44678
2.40886
2.41584
2.42
2.42765
2.42685
2.4399
2.43045
2.42742
2.43702
2.42837
2.42254
2.41642
2.44458
2.44114
2.42433
2.43176
2.43521
2.452
2.45092
2.46584
2.44776
2.42867
2.42703
2.45662
2.43639
2.43719
2.43628
2.44362
2.44398
2.44724
2.44199
2.44059
2.44792
2.44872
2.443
2.44052
2.45466
2.45266
2.44532
2.4427
2.44493
2.45424
2.4628
2.46306
2.44924
2.44004
2.44425
2.46213
2.4532
2.4541
2.4521
2.45677
2.45611
2.45745
2.45658
2.4581
2.45863
2.4666
2.45909
2.46066
2.46289
2.46737
2.4586
2.45608
2.45609
2.46226
2.4639
2.46419
2.45923
2.45688
2.45702
2.46315
2.46264
2.46119
2.46151
2.46396
2.46292
2.46702
2.46725
2.4734
2.46642
2.47329
2.46481
2.48336
2.46654
2.476
2.46396
2.46813
2.46487
2.46972
2.46728
2.46805
2.46354
2.47019
2.46374
2.4632
2.46612
2.46473
2.46387
2.46519
2.46495
2.47259
2.47454
2.4808
2.47122
2.47642
2.47125
2.49964
2.47274
2.46999
2.46446
2.47476
2.47367
2.47472
2.47128
2.47194
2.46553
2.47693
2.46959
2.46671
2.4667
2.46804
2.46636
2.46643
2.46504
2.47516
2.47943
2.48209
2.482
2.4784
2.47618
2.49824
2.48413
2.46226
2.46288
2.4773
2.48137
2.47661
2.47412
2.4692
2.46356
2.48061
2.47733
2.4709
2.46689
2.46893
2.46939
2.46861
2.46673
2.47957
2.48128
2.48191
2.48603
2.4754
2.47942
2.48667
2.48823
2.45692
2.46231
2.47626
2.48015
2.47695
2.47147
2.46464
2.46122
2.48041
2.47853
2.47549
2.4698
2.46962
2.47316
2.47046
2.47114
2.48847
2.47849
2.47855
2.48083
2.46909
2.47817
2.47239
2.4746
2.45049
2.46441
2.47156
2.47097
2.47367
2.46651
2.46265
2.46054
2.47593
2.47427
2.47543
2.47323
2.4702
2.47539
2.47183
2.47511
2.47415
2.47332
2.47179
2.47043
2.46529
2.4765
2.45675
2.46056
2.44849
2.46621
2.46713
2.46736
2.46809
2.4638
2.46056
2.46365
2.46876
2.46889
2.47046
2.47111
2.47071
2.47487
2.47405
2.47517
2.46362
2.46725
2.46337
2.46062
2.46418
2.47006
2.44449
2.44345
2.45539
2.46858
2.46518
2.46701
2.46029
2.46353
2.46217
2.47081
2.46297
2.46269
2.46604
2.46539
2.47259
2.47234
2.4718
2.4722
2.4573
2.46194
2.45675
2.45291
2.46277
2.45958
2.43514
2.43562
2.4622
2.47156
2.46292
2.4615
2.45652
2.46347
2.46801
2.47998
2.46311
2.45789
2.46527
2.46538
2.47604
2.46918
2.46872
2.47057
2.45755
2.46155
2.45715
2.45084
2.46165
2.45647
2.44143
2.43839
2.46686
2.4745
2.4611
2.45668
2.45203
2.46358
2.47887
2.48735
2.46346
2.45871
2.46912
2.46898
2.48133
2.46891
2.47002
2.47382
2.46569
2.46694
2.46589
2.45901
2.46407
2.46267
2.46211
2.45064
2.47375
2.47848
2.46377
2.45875
2.45606
2.47121
2.49333
2.49184
2.4634
2.46461
2.48067
2.47945
2.49039
2.47188
2.4768
2.4819
2.47803
2.4756
2.47572
2.47279
2.47097
2.47364
2.48188
2.46902
2.48433
2.48399
2.47294
2.46671
2.47288
2.48083
2.50507
2.49728
2.46738
2.47288
2.48863
2.49351
2.49956
2.47631
2.48341
2.49007
2.48964
2.48501
2.48495
2.48638
2.48025
2.48468
2.49636
2.48555
2.49157
2.48969
2.48423
2.47998
2.48476
2.49069
2.50826
2.50092
2.47996
2.47964
2.48993
2.50201
2.50209
2.48285
2.48905
2.4921
2.49909
2.49249
2.48911
2.49621
2.49052
2.49242
2.50243
2.49709
2.49466
2.49423
2.49227
2.49115
2.49553
2.49701
2.50681
2.50187
2.49035
2.48774
2.49101
2.49793
2.50035
2.4906
2.49251
2.4895
2.50747
2.49625
2.4922
2.50259
2.49782
2.49458
2.50287
2.50143
2.49789
2.49751
2.49615
2.49206
2.50176
2.50072
2.50456
2.5021
2.49562
2.49515
2.49288
2.49254
2.49978
2.49764
2.49472
2.49226
2.50971
2.4973
2.49652
2.51296
2.50331
2.49407
2.4988
2.50326
2.50154
2.49943
2.49892
2.49455
2.50341
2.50295
2.50215
2.50251
2.49885
2.50041
2.49715
2.49359
2.50109
2.50262
2.49762
2.49583
2.50496
2.49812
2.49338
2.50853
2.50506
2.49431
2.49447
2.50437
2.50356
2.49995
2.50147
2.49755
2.5029
2.50434
2.49886
2.50213
2.50312
2.50519
2.50223
2.4985
2.50176
2.50551
2.5022
2.5057
2.50125
2.50055
2.49302
2.50262
2.50583
2.4976
2.4946
2.50208
2.50244
2.50063
2.50393
2.49956
2.50347
2.50317
2.4966
2.5006
2.50736
2.50781
2.5031
2.49974
2.50045
2.50519
2.50326
2.50329
2.49843
2.50293
2.49262
2.49609
2.50398
2.50081
2.49784
2.49633
2.50154
2.50011
2.50492
2.50016
2.50271
2.49984
2.49672
2.49902
2.51123
2.50638
2.5015
2.49849
2.49866
2.50811
2.50569
2.50084
2.49721
2.50432
2.49314
2.49211
2.49921
2.50168
2.49839
2.49303
2.49984
2.49922
2.50247
2.49929
2.49912
2.49812
2.49771
2.49849
2.50739
2.50213
2.49886
2.49647
2.49759
2.50345
2.50346
2.49893
2.49683
2.50458
2.49514
2.4933
2.49867
2.50182
2.49724
2.49709
2.49844
2.4983
2.49792
2.49517
2.49828
2.49762
2.49831
2.49908
2.50117
2.49963
2.49765
2.49674
2.49857
2.50062
2.50046
2.49817
2.49551
2.50286
2.49671
2.49153
2.49837
2.50116
2.49795
2.49881
2.49809
2.49819
2.49531
2.49213
2.49788
2.4967
2.49966
2.49993
2.49567
2.49706
2.49807
2.49851
2.50016
2.50141
2.49878
2.49838
2.49564
2.50055
2.49926
2.49245
2.49787
2.49818
2.49906
2.4981
2.49817
2.49857
2.49602
2.49306
2.4937
2.49529
2.50291
2.50167
2.49196
2.49462
2.49798
2.50046
2.50212
2.50169
2.49791
2.49904
2.49706
2.49925
2.50127
2.49576
2.49803
2.49672
2.49954
2.49828
2.49862
2.49955
2.49774
2.4952
2.49159
2.4958
2.50844
2.50469
2.49221
2.49242
2.49657
2.50165
2.50478
2.50048
2.49739
2.49981
2.49876
2.49955
2.50063
2.49825
2.49899
2.49752
2.49977
2.50005
2.49719
2.49762
2.50041
2.49808
2.49454
2.49736
2.51051
2.5058
2.4965
2.49122
2.49649
2.50271
2.50633
2.49911
2.49793
2.50116
2.50068
2.50129
2.50019
2.50121
2.5002
2.50176
2.50113
2.49942
2.49538
2.4979
2.5035
2.50117
2.49704
2.49855
2.50671
2.50383
2.50013
2.49261
2.49818
2.50167
2.50574
2.49873
2.49969
2.50236
2.5023
2.50297
2.5022
2.50215
2.50101
2.50348
2.50334
2.49871
2.49445
2.49873
2.50519
2.50404
2.50096
2.49839
2.50036
2.50064
2.50355
2.49423
2.49975
2.5009
2.5029
2.49943
2.50188
2.50281
2.50334
2.503
2.50509
2.50205
2.50136
2.50238
2.50431
2.49923
2.49544
2.49952
2.50504
2.50431
2.50338
2.49783
2.49404
2.49697
2.50304
2.49757
2.50052
2.49893
2.49724
2.50194
2.50357
2.50206
2.50386
2.50145
2.50496
2.50181
2.50169
2.50026
2.50299
2.50091
2.49828
2.49973
2.50357
2.50307
2.50448
2.49864
2.48955
2.49308
2.50294
2.50034
2.50057
2.4973
2.49337
2.50494
2.50433
2.50116
2.50414
2.50061
2.50273
2.50261
2.50195
2.5001
2.50037
2.50237
2.50019
2.49954
2.50293
2.50213
2.50506
2.49958
2.4888
2.49002
2.50303
2.50103
2.50082
2.49711
2.49352
2.50663
2.5044
2.50099
2.50421
2.50069
2.50176
2.50357
2.50184
2.50059
2.49978
2.50643
2.49937
2.49914
2.50319
2.50264
2.50436
2.4999
2.48959
2.48872
2.50254
2.50021
2.50159
2.49753
2.49532
2.50587
2.50409
2.50125
2.50408
2.50084
2.50215
2.50374
2.50165
2.50073
2.50026
2.50898
2.49594
2.49912
2.50384
2.50269
2.50248
2.5003
2.49059
2.48998
2.50191
2.49906
2.50221
2.49832
2.4972
2.50278
2.50313
2.50193
2.50412
2.50084
2.5026
2.50357
2.50186
2.49828
2.50099
2.50664
2.49343
2.49976
2.50248
2.50101
2.50069
2.50145
2.49288
2.49402
2.50157
2.49784
2.50211
2.49963
2.49923
2.50082
2.50191
2.50299
2.50436
2.50238
2.50332
2.50366
2.50239
2.49579
2.50132
2.5044
2.49355
2.501
2.50105
2.5001
2.49977
2.50272
2.49632
2.49931
2.50175
2.49719
2.50201
2.50112
2.50175
2.50037
2.50147
2.50433
2.50469
2.50526
2.50458
2.50396
2.50293
2.50187
2.50215
2.50306
2.49547
2.50231
2.50212
2.50116
2.49985
2.50311
2.4994
2.50409
2.50375
2.49756
2.50193
2.50208
2.50407
2.50106
2.50213
2.50571
2.50498
2.50756
2.50539
2.50408
2.50366
2.50625
2.50306
2.50219
2.49776
2.50336
2.50868
2.50526
2.50088
2.50269
2.50244
2.50771
2.50611
2.49866
2.50173
2.50226
2.50548
2.50259
2.50312
2.50608
2.50506
2.50727
2.5057
2.50393
2.50445
2.50615
2.50317
2.50135
2.50009
2.50381
2.51191
2.50693
2.50251
2.50239
2.50478
2.50836
2.50752
2.49997
2.50163
2.50212
2.50545
2.50405
2.50377
2.50569
2.50512
2.50619
2.5058
2.50385
2.50512
2.50499
2.50321
2.50031
2.50249
2.50404
2.51074
2.50882
2.50508
2.5021
2.5053
2.50761
2.50833
2.50134
2.50171
2.50254
2.50558
2.50735
2.50422
2.50552
2.50575
2.50576
2.50611
2.50429
2.5059
2.50334
2.50443
2.50028
2.50417
2.50442
2.51002
2.50956
2.50675
2.50291
2.50504
2.50763
2.50851
2.50416
2.50241
2.50408
2.50676
2.51128
2.50594
2.50544
2.50727
2.50653
2.50738
2.50571
2.50706
2.50335
2.50574
2.50188
2.5055
2.50521
2.51087
2.51059
2.50933
2.50505
2.50561
2.50826
2.51026
2.50785
2.50649
2.50808
2.51099
2.51315
2.5103
2.50987
2.50938
2.50829
2.5091
2.50772
2.50857
2.50512
2.50631
2.50422
2.50637
2.50631
2.5118
2.5113
2.51109
2.50679
2.50676
2.50839
2.51235
2.50969
2.50872
2.50932
2.51113
2.51221
2.51178
2.51064
2.51157
2.5102
2.51088
2.50989
2.50982
2.5079
2.50695
2.50691
2.50702
2.50748
2.51261
2.51195
2.51125
2.50785
2.50811
2.5087
2.51331
2.51143
2.50864
2.50863
2.50958
2.51152
2.51043
2.51001
2.51362
2.51365
2.51205
2.51183
2.51079
2.51107
2.50852
2.50896
2.50757
2.50837
2.51365
2.51306
2.51323
2.51043
2.50902
2.5091
2.5136
2.51213
2.50994
2.50728
2.50865
2.51169
2.50978
2.50911
2.51533
2.51601
2.51424
2.51345
2.51135
2.51366
2.5106
2.50964
2.50768
2.5081
2.51517
2.51469
2.51315
2.51177
2.5087
2.50883
2.51442
2.51356
2.51055
2.50783
2.50821
2.51316
2.51072
2.5094
2.51706
2.51789
2.51646
2.51469
2.51101
2.51622
2.51181
2.50875
2.507
2.50634
2.51732
2.51673
2.51336
2.51021
2.50754
2.50698
2.51599
2.51548
2.50989
2.50753
2.50681
2.51395
2.51071
2.50881
2.51817
2.52028
2.51876
2.51593
2.50949
2.51983
2.51425
2.5091
2.50341
2.50289
2.52011
2.51951
2.51485
2.50782
2.503
2.50256
2.51814
2.51652
2.50852
2.50531
2.50282
2.51458
2.50982
2.50631
2.51966
2.52424
2.5215
2.51707
2.50708
2.52461
2.5182
2.50791
2.49709
2.49536
2.52405
2.52311
2.51671
2.50562
2.4952
2.49388
2.52081
2.5167
2.50535
2.49997
2.49549
2.51501
2.50844
2.50232
2.52205
2.53036
2.52453
2.51617
2.50453
2.53066
2.52228
2.50344
2.48491
2.48392
2.52972
2.52775
2.51934
2.50189
2.48307
2.47684
2.52417
2.5178
2.50211
2.49361
2.48347
2.51793
2.50731
2.49729
2.52551
2.53935
2.53008
2.51562
2.501
2.53777
2.52559
2.49589
2.46396
2.45905
2.53668
2.53313
2.52334
2.49682
2.46276
2.44223
2.52878
2.52063
2.50064
2.48258
2.46212
2.52085
2.50754
2.49293
2.52946
2.54701
2.53462
2.51571
2.49549
2.54533
2.52992
2.48556
2.42806
2.40368
2.5448
2.54019
2.52771
2.48926
2.43035
2.36282
2.53468
2.52446
2.49877
2.46624
2.42081
2.52481
2.50916
2.48855
2.53321
2.55213
2.53728
2.51509
2.4867
2.55192
2.53673
2.47476
2.37759
2.25615
2.5527
2.5484
2.5356
2.48148
2.38458
2.18502
2.54229
2.52948
2.49737
2.44774
2.34238
2.53053
2.51214
2.48522
2.53747
2.55616
2.53867
2.5158
2.47651
2.55791
2.54274
2.46684
2.32811
1.87755
2.5594
2.55774
2.54718
2.47564
2.34373
1.90475
-2.01602
2.55064
2.53808
2.49899
2.42774
2.16638
2.53878
2.518
2.48684
2.54287
2.55724
2.54103
2.52225
2.47803
2.55916
2.54994
2.48218
2.31593
1.62386
-0.00128653
2.56359
2.56197
2.54982
2.48796
2.34526
1.85509
0.0418561
2.56067
2.54796
2.50561
2.42586
1.98331
2.54714
2.52783
2.49866
2.54988
2.54695
2.54051
2.53262
2.49807
2.55645
2.54231
2.49813
2.38395
1.87683
0.454573
2.56627
2.56487
2.54991
2.50536
2.41373
1.91456
0.526909
2.57355
2.56324
2.52367
2.46601
2.16478
0.74584
2.56077
2.54181
2.52376
2.55207
2.52976
2.53075
2.53671
2.52834
2.5481
2.52314
2.51026
2.44761
2.10145
0.546589
2.56475
2.56261
2.54742
2.5191
2.47635
2.12499
0.464465
2.57389
2.56829
2.55193
2.49959
2.28791
2.56866
2.55816
2.55022
2.55008
2.53617
2.53165
2.53579
2.54177
2.54604
2.5271
2.51199
2.48366
2.28674
2.56176
2.56022
2.55365
2.5389
2.5255
2.28762
-0.701233
2.573
2.57078
2.57051
2.55124
2.53382
2.5708
2.56559
2.56665
2.55518
2.54557
2.54544
2.54133
2.54657
2.54721
2.53629
2.51938
2.51127
2.48519
2.56023
2.5594
2.55565
2.55117
2.54935
2.53054
2.56851
2.57232
2.57507
2.57638
2.57676
2.57186
2.56985
2.5766
2.56275
2.55349
2.55436
2.55211
2.54726
2.55106
2.54255
2.53831
2.53136
2.5441
2.55951
2.55892
2.55603
2.55397
2.55392
2.56764
2.5668
2.56682
2.56801
2.57099
2.57427
2.56943
2.56943
2.57347
2.55864
2.55807
2.55592
2.54986
2.53903
2.55402
2.54268
2.53674
2.53362
2.5527
2.55889
2.55764
2.55276
2.54932
2.54914
2.56561
2.56426
2.56311
2.56231
2.56365
2.56758
2.56712
2.56569
2.56804
2.54805
2.56007
2.55292
2.54047
2.52925
2.55441
2.53739
2.53329
2.53425
2.55003
2.55758
2.55444
2.54555
2.5441
2.54584
2.55815
2.56021
2.55761
2.55558
2.55771
2.56283
2.56527
2.56262
2.56399
2.54698
2.56147
2.54931
2.53645
2.5331
2.55225
2.52885
2.52652
2.53509
2.54925
2.55481
2.54801
2.53651
2.53546
2.54177
2.55636
2.55302
2.55098
2.55079
2.55394
2.56169
2.56193
2.5605
2.56215
2.5588
2.56533
2.553
2.5436
2.54459
2.54755
2.52178
2.52748
2.5433
2.55708
2.54907
2.53502
2.52592
2.53189
2.54773
2.56161
2.53628
2.5457
2.54995
2.55417
2.56605
2.55625
2.56045
2.5657
2.58253
2.57601
2.56822
2.55739
2.55906
2.54841
2.53257
2.53172
2.55134
2.56756
2.5428
2.51799
2.52097
2.5258
2.55155
2.57252
2.50278
2.53772
2.54647
2.56459
2.57938
2.55638
2.56894
2.58085
2.60073
2.58987
2.58198
2.57016
2.57026
2.56014
2.53846
2.53892
2.55552
2.57496
2.55564
2.52802
2.52479
2.53535
2.55748
2.58201
2.51855
2.54305
2.55795
2.5763
2.59566
2.56487
2.58518
2.60539
152.259
146.473
147.82
143.742
147.279
157.89
161.103
162.98
141.613
153.604
158.96
156.381
135.496
141.857
143.343
131.091
142.675
160.112
169.008
149.594
152.006
170.028
160.107
154.322
164.609
159.953
130.547
129.988
134.447
132.536
126.605
132.276
137.238
124.36
118.791
118.716
113.279
115.225
111.278
124.159
118.016
110.217
139.844
108.821
122.905
160.501
159.365
154.046
133.69
140.043
145.892
145.306
147.463
155.776
154.764
116.19
115.698
121.222
117.09
112.981
109.51
115.211
111.536
112.315
121.264
117.486
133.994
156.212
152.496
159.503
154.005
163.709
158.835
157.406
163.484
123.247
113.061
138.752
121.255
116.353
112.698
123.296
125.438
138.655
158.025
157.113
154.735
154.865
157.566
150.932
146.287
140.545
145.367
145.965
138.861
151.368
98.8916
92.2982
97.4988
100.225
101.692
91.6897
92.206
92.4556
102.625
102.75
91.2783
91.9766
92.0312
104.148
92.0466
98.3747
92.8432
101.262
100.588
102.496
92.6239
92.7601
93.0511
94.6421
109.442
100.947
105.546
92.5319
91.8547
93.5071
92.5259
106.352
91.6951
99.4827
96.9055
101.34
93.5442
92.5362
93.2366
102.351
100.483
91.7074
91.4641
88.1062
103.411
102.861
92.3055
93.1479
92.785
98.0013
98.207
87.9991
84.6844
86.133
103.006
92.6958
109.355
106.83
108.102
94.0844
97.2878
94.2218
95.2546
98.2142
98.4391
98.1373
92.8527
89.1249
89.1094
86.9954
87.4215
103.707
93.978
103.384
97.1498
93.4655
92.9469
91.5762
97.8584
95.9611
91.0863
88.865
90.3066
88.2228
91.237
85.5904
91.384
91.5991
91.5291
87.1438
87.1937
86.9129
91.1373
90.4425
86.4461
85.1618
81.4082
88.3567
75.1193
91.5535
85.8866
91.4238
91.6078
92.0264
84.0977
85.9739
86.1828
87.104
86.3995
89.4967
87.26
76.0805
70.1739
79.5833
70.6846
84.6459
63.1849
91.7303
91.4869
91.5548
87.4284
88.0421
87.6348
83.7488
81.5231
62.4457
64.2972
64.0636
91.1755
90.7998
87.1938
86.1786
83.7191
80.2986
80.4787
65.0847
66.1128
64.1454
89.4151
77.8497
89.8581
87.8936
88.3329
74.5029
69.9542
66.2637
63.7385
83.837
83.8462
81.6985
66.7992
66.2779
66.9999
67.7901
61.8378
87.7672
63.8953
86.1063
86.3273
63.9159
65.0127
70.5139
83.4987
85.3806
65.4754
66.1825
70.3393
65.1455
62.6911
2.96579
65.0025
66.4898
66.7987
3.1846
4.14473
4.40081
62.0706
51.3793
3.17921
4.24368
2.97171
30.1189
2.3571
61.0599
2.93699
65.6579
65.2198
67.6483
2.87605
3.61405
3.41963
5.02733
13.2912
45.6544
17.6178
2.54193
1.83421
2.88456
1.98818
11.1522
1.70664
66.7464
68.4284
68.6926
3.5844
3.3883
4.43155
16.0203
19.9729
1.72536
1.93134
2.02099
63.2827
54.3746
3.39156
3.91978
3.14417
19.4644
14.5512
1.81221
1.95661
1.548
34.8463
2.54495
23.2399
9.28795
11.077
2.47693
2.45426
1.84695
2.08998
10.7858
11.1954
8.90603
1.71532
1.5583
1.57635
1.34552
1.41772
5.3546
1.89422
10.0578
8.76148
1.71648
1.81091
1.6057
11.9485
9.43499
1.81831
1.48495
1.5055
1.3387
1.6834
2.75101
1.64216
1.68063
1.72554
2.76149
2.76277
2.7211
1.73337
1.70706
2.76645
2.74341
2.70882
1.8971
2.5986
1.66544
2.74932
1.75604
1.74878
1.82549
2.7365
2.72432
2.72345
2.7355
2.16895
1.84955
2.13666
2.5388
2.4419
2.57324
2.39402
2.24451
2.43599
1.65637
1.63208
1.73434
2.742
2.74009
2.70522
2.15605
2.0717
2.36603
2.30671
2.29991
1.72681
1.7652
2.73857
2.70376
2.6681
2.14506
2.25565
2.3404
2.31847
2.32136
1.94934
2.54971
2.10186
2.25531
2.27208
2.46258
2.4368
2.41136
2.35441
2.34284
2.368
2.42407
2.25054
2.29489
2.31385
2.31696
2.32488
2.37495
2.36799
2.3676
2.386
2.32037
2.3161
2.31704
2.40516
2.3695
2.32704
2.33045
2.33066
2.35087
2.39236
2.4948
2.41552
2.39205
2.33483
2.49344
2.49483
2.50346
2.36779
2.38545
2.48413
2.48976
2.47955
2.37491
2.47061
2.39988
2.49716
2.35783
2.36012
2.3788
2.51231
2.50935
2.51313
2.50801
2.38172
2.38101
2.34889
2.4778
2.46288
2.44618
2.43153
2.36608
2.40545
2.38303
2.4222
2.33961
2.48656
2.48039
2.49195
2.33701
2.3856
2.33852
2.38104
2.35571
2.36088
2.39058
2.45471
2.45839
2.45121
2.37419
2.3322
2.3755
2.30365
2.36509
2.37917
2.4318
2.33628
2.37889
2.35751
2.43183
2.408
2.4183
2.3886
2.38779
2.40308
2.43262
2.28449
2.33646
2.36616
2.39293
2.35788
2.36035
2.38316
2.3845
2.40311
2.36281
2.37387
2.39572
2.38035
2.40758
2.38742
2.39521
2.41476
2.39481
2.47628
2.47231
2.48738
2.47688
2.47211
2.47197
2.46953
2.46658
2.47152
2.47089
2.47241
2.46397
2.46983
2.44812
2.45505
2.47729
2.47199
2.46703
2.46871
2.46417
2.47723
2.47135
2.47436
2.46742
2.41646
2.41778
2.40289
2.45165
2.43891
2.42048
2.4197
2.38366
2.40786
2.47377
2.48731
2.46647
2.46824
2.48024
2.46435
2.41832
2.41259
2.4662
2.38746
2.43164
2.3995
2.41914
2.42759
2.41458
2.42621
2.42056
2.42697
2.42392
2.42618
2.45073
2.44662
2.46371
2.45005
2.44151
2.46384
2.37954
2.41168
2.38975
2.41182
2.3779
2.42532
2.42524
2.41412
2.42691
2.42044
2.42607
2.41406
2.42724
2.42761
2.42811
2.39048
2.40717
2.39406
2.41735
2.40194
2.41229
2.39819
2.40695
2.40218
2.40698
2.31639
2.36483
2.37387
2.38794
2.366
2.38718
2.3932
2.4072
2.40635
2.38545
2.39214
2.39661
2.39385
2.41041
2.39254
2.39017
2.40027
2.37853
2.46628
2.45555
2.46242
2.46409
2.46061
2.45219
2.45257
2.44976
2.45816
2.46601
2.45521
2.45114
2.45726
2.44197
2.43771
2.46275
2.44881
2.46484
2.4664
2.45956
2.45538
2.45267
2.45197
2.44476
2.42987
2.41378
2.42228
2.43326
2.42688
2.40616
2.41697
2.39647
2.42545
2.39279
2.42232
2.42117
2.42921
2.41887
2.42978
2.46071
2.46957
2.45849
2.44777
2.45204
2.4464
2.42861
2.40128
2.42567
2.39569
2.42028
2.40071
2.4293
2.42679
2.42147
2.42611
2.41612
2.42637
2.4187
2.42658
2.44889
2.43975
2.44668
2.44117
2.43695
2.42247
2.39745
2.42774
2.40467
2.43043
2.39764
2.42679
2.4267
2.41467
2.42771
2.42284
2.42981
2.41761
2.42948
2.43082
2.43226
2.40888
2.418
2.4085
2.423
2.41122
2.41819
2.40798
2.39651
2.4039
2.40765
2.35235
2.39471
2.39235
2.40111
2.42463
2.3866
2.42763
2.42756
2.41674
2.42967
2.40436
2.40471
2.40097
2.40395
2.40185
2.40524
2.40663
2.40099
2.40737
2.40625
2.40564
2.41091
2.3901
2.44319
2.43385
2.4425
2.43825
2.43927
2.43581
2.42991
2.43335
2.4447
2.44571
2.44002
2.43867
2.43526
2.42895
2.4233
2.4365
2.42876
2.44123
2.43812
2.43127
2.43429
2.43191
2.42889
2.4197
2.42357
2.39497
2.40767
2.42069
2.4187
2.38286
2.3939
2.38989
2.42162
2.38156
2.42296
2.41878
2.43069
2.42081
2.43335
2.43588
2.43826
2.43562
2.42692
2.42923
2.4272
2.42682
2.40308
2.43192
2.40378
2.43101
2.40456
2.43267
2.42985
2.41804
2.42871
2.42008
2.43313
2.41965
2.43155
2.43307
2.43395
2.42939
2.42756
2.43171
2.43826
2.41342
2.43756
2.42387
2.44633
2.42067
2.44317
2.433
2.42401
2.43258
2.43239
2.43933
2.43069
2.43695
2.43264
2.43368
2.41265
2.42109
2.41291
2.42692
2.41389
2.42045
2.41142
2.4112
2.41553
2.42075
2.39127
2.4217
2.41956
2.4252
2.4341
2.40333
2.43816
2.43246
2.4255
2.43718
2.41143
2.4131
2.41006
2.41147
2.41321
2.41526
2.41646
2.41523
2.41837
2.41946
2.42347
2.42529
2.41613
2.42895
2.4285
2.43262
2.42788
2.43197
2.43246
2.42952
2.43305
2.43576
2.43004
2.43729
2.43757
2.4288
2.42169
2.424
2.42401
2.42208
2.42674
2.42433
2.41251
2.42833
2.42631
2.42284
2.41083
2.41724
2.38029
2.39164
2.42058
2.42173
2.3889
2.39994
2.39882
2.40556
2.4216
2.42398
2.42153
2.42127
2.42276
2.42023
2.43851
2.41837
2.4412
2.41945
2.43152
2.42442
2.43806
2.4372
2.42766
2.43564
2.43409
2.43859
2.44362
2.43814
2.42567
2.431
2.42792
2.42734
2.43183
2.45763
2.42722
2.45573
2.44401
2.4582
2.42949
2.45452
2.44409
2.43664
2.44059
2.45764
2.45034
2.44449
2.44163
2.43283
2.42961
2.41495
2.4211
2.41062
2.42682
2.41221
2.42118
2.40685
2.42829
2.4301
2.43395
2.42466
2.43657
2.43877
2.44252
2.42668
2.41617
2.41941
2.42179
2.42318
2.4271
2.42848
2.42989
2.43207
2.43312
2.43558
2.43949
2.44019
2.43622
2.43137
2.43652
2.43473
2.43402
2.43552
2.43913
2.44049
2.4389
2.44086
2.43144
2.44337
2.44401
2.43631
2.43141
2.43926
2.42447
2.43012
2.42924
2.42466
2.4149
2.43532
2.43508
2.42925
2.4202
2.43038
2.40755
2.41653
2.43811
2.44061
2.42664
2.43508
2.42146
2.43645
2.42679
2.42594
2.4241
2.43533
2.43232
2.43132
2.43513
2.46057
2.43605
2.43403
2.402
2.43181
2.43524
2.43685
2.43835
2.43958
2.47923
2.42733
2.44246
2.40125
2.43769
2.43078
2.43546
2.4134
2.42685
2.41418
2.43297
2.4222
2.43301
2.42645
2.44441
2.44615
2.44906
2.44648
2.45042
2.45192
2.4542
2.44683
2.42699
2.43634
2.43621
2.43754
2.44457
2.44334
2.44444
2.44638
2.44696
2.45048
2.45219
2.45257
2.45056
2.44325
2.45087
2.44482
2.44793
2.44381
2.45129
2.4554
2.45042
2.44765
2.44224
2.45191
2.45213
2.44843
2.44766
2.45557
2.4383
2.44778
2.44273
2.43592
2.42793
2.44951
2.45105
2.44466
2.43683
2.45192
2.44606
2.45307
2.45879
2.46003
2.46438
2.46681
2.4493
2.46004
2.44462
2.43985
2.44022
2.45328
2.44802
2.4497
2.44438
2.44586
2.45278
2.45337
2.45386
2.44532
2.44376
2.44905
2.45184
2.44869
2.4467
2.44874
2.45623
2.45635
2.45691
2.44218
2.44983
2.4354
2.44255
2.43971
2.44831
2.44783
2.45147
2.45213
2.45561
2.45692
2.45845
2.45908
2.45902
2.46092
2.46149
2.45894
2.4457
2.45401
2.45002
2.45134
2.45801
2.4548
2.4562
2.4575
2.4572
2.46163
2.46107
2.46004
2.4603
2.45833
2.46498
2.45797
2.4621
2.45756
2.46393
2.4674
2.46414
2.45758
2.45463
2.46251
2.46278
2.46061
2.46184
2.46621
2.45614
2.46269
2.45904
2.45302
2.44723
2.46254
2.46575
2.46027
2.45899
2.46548
2.47442
2.47195
2.4708
2.46938
2.47628
2.47416
2.46588
2.46886
2.46087
2.45666
2.45848
2.46677
2.46376
2.46558
2.45928
2.46007
2.46231
2.46326
2.46414
2.45802
2.45498
2.46271
2.46386
2.46139
2.45936
2.461
2.4617
2.46193
2.46334
2.45744
2.46433
2.45864
2.45958
2.46231
2.46452
2.46734
2.46589
2.47006
2.46077
2.46372
2.46405
2.46539
2.46238
2.46589
2.46628
2.46306
2.46017
2.46527
2.45861
2.45938
2.46347
2.46151
2.46153
2.46295
2.46212
2.46527
2.46415
2.46236
2.46443
2.47033
2.47401
2.46851
2.47108
2.46937
2.47109
2.47362
2.47288
2.46757
2.46617
2.47078
2.47134
2.4716
2.46945
2.47229
2.46802
2.47232
2.47046
2.46604
2.46967
2.47122
2.47338
2.47093
2.47761
2.47225
2.47241
2.47442
2.47487
2.47441
2.46984
2.47579
2.47012
2.47106
2.47035
2.46895
2.47076
2.47242
2.47278
2.47477
2.46467
2.46576
2.46474
2.46526
2.46603
2.46872
2.46639
2.47211
2.47212
2.46901
2.46394
2.46405
2.46513
2.46494
2.46517
2.46969
2.47336
2.47378
2.47014
2.47468
2.47417
2.47879
2.47264
2.47697
2.46506
2.46693
2.46812
2.46669
2.46788
2.46726
2.46928
2.46664
2.4689
2.4713
2.46249
2.46238
2.465
2.464
2.46522
2.46482
2.46491
2.46571
2.46594
2.4664
2.4649
2.47626
2.47776
2.47184
2.47503
2.47431
2.47286
2.47621
2.47479
2.4734
2.47688
2.4734
2.47438
2.48113
2.47489
2.47715
2.47568
2.47813
2.47502
2.47496
2.48219
2.47732
2.47643
2.47858
2.48458
2.47592
2.4711
2.47688
2.47776
2.47733
2.47711
2.47898
2.47176
2.4723
2.47371
2.47569
2.47777
2.47445
2.4775
2.47854
2.46489
2.46523
2.46351
2.46376
2.46414
2.47402
2.47072
2.47618
2.47524
2.47322
2.4652
2.46663
2.46491
2.46467
2.46715
2.47559
2.47773
2.4816
2.47464
2.47698
2.47899
2.48694
2.47642
2.47724
2.46985
2.46625
2.46974
2.46712
2.47101
2.46483
2.4698
2.46861
2.47289
2.47423
2.46656
2.46815
2.46752
2.46865
2.46953
2.46715
2.46768
2.46766
2.46853
2.46862
2.46558
2.47907
2.48033
2.47269
2.47759
2.47527
2.47626
2.47919
2.4762
2.47608
2.4839
2.47591
2.47826
2.48501
2.47871
2.47917
2.47992
2.48074
2.47828
2.48167
2.48614
2.48089
2.48042
2.48409
2.48657
2.4779
2.47959
2.47915
2.47758
2.47757
2.47856
2.47688
2.47149
2.46991
2.475
2.47859
2.47908
2.47507
2.47881
2.47866
2.46232
2.46275
2.46237
2.46073
2.46142
2.47651
2.4768
2.47729
2.47674
2.47995
2.46395
2.46631
2.46235
2.46319
2.46488
2.47926
2.47958
2.49072
2.47805
2.47624
2.48101
2.49258
2.47898
2.47569
2.47138
2.46366
2.46955
2.46792
2.47143
2.46478
2.46968
2.46942
2.47478
2.47491
2.47103
2.47152
2.4713
2.47233
2.47302
2.47018
2.4704
2.46948
2.47225
2.47193
2.46864
2.4809
2.48046
2.48446
2.48044
2.47978
2.48689
2.48085
2.48201
2.48071
2.48511
2.48692
2.48324
2.48413
2.47877
2.47716
2.48017
2.47866
2.48175
2.48483
2.48592
2.48042
2.48179
2.48202
2.48318
2.47533
2.47444
2.47163
2.47201
2.47197
2.46885
2.46533
2.46722
2.4645
2.4743
2.47766
2.47629
2.47587
2.47521
2.47317
2.45949
2.46023
2.46277
2.45857
2.45944
2.47542
2.48188
2.47423
2.47359
2.47988
2.46278
2.46337
2.46044
2.46264
2.46261
2.47896
2.47711
2.48613
2.47909
2.47434
2.47876
2.47904
2.47822
2.47277
2.47209
2.46807
2.47029
2.47183
2.47237
2.4717
2.47102
2.46989
2.4746
2.47399
2.4728
2.47371
2.47447
2.47252
2.47386
2.47497
2.47345
2.47127
2.47761
2.47445
2.47345
2.47863
2.47588
2.48314
2.47922
2.47999
2.47751
2.47617
2.47573
2.48282
2.48144
2.48127
2.47872
2.4772
2.47507
2.47241
2.47691
2.47497
2.48027
2.47842
2.47915
2.47601
2.47766
2.47499
2.476
2.46822
2.46241
2.45918
2.46671
2.46492
2.45786
2.45519
2.46218
2.46075
2.47665
2.47272
2.47109
2.47665
2.4706
2.46936
2.45875
2.45944
2.4658
2.45919
2.46004
2.47118
2.47573
2.46898
2.46887
2.4714
2.46356
2.46343
2.46159
2.46513
2.46596
2.47407
2.47026
2.47149
2.47598
2.46994
2.47257
2.46434
2.47274
2.46734
2.47217
2.47445
2.47089
2.47311
2.47228
2.47598
2.47072
2.47036
2.47308
2.47234
2.47218
2.47359
2.47559
2.47203
2.4734
2.47972
2.47524
2.47293
2.48083
2.47552
2.47586
2.47258
2.46924
2.47242
2.47262
2.47119
2.46795
2.46889
2.46681
2.47357
2.47263
2.46833
2.46867
2.46788
2.47025
2.46771
2.47275
2.47029
2.47442
2.4722
2.4737
2.47035
2.47071
2.46963
2.47159
2.46281
2.45599
2.45422
2.46408
2.46154
2.45515
2.45399
2.46051
2.46104
2.47384
2.46908
2.46848
2.47082
2.46731
2.46734
2.45994
2.46154
2.46763
2.46218
2.46385
2.46714
2.4669
2.46601
2.46575
2.46358
2.46762
2.46978
2.4664
2.4705
2.4739
2.4665
2.46408
2.45717
2.46952
2.46524
2.4651
2.45271
2.46635
2.46286
2.47158
2.47531
2.46938
2.46825
2.47042
2.47297
2.46804
2.47159
2.47103
2.46928
2.47188
2.47333
2.47428
2.47168
2.47284
2.48
2.47593
2.47373
2.47789
2.47527
2.47406
2.46594
2.46301
2.46416
2.46528
2.46293
2.46116
2.46217
2.45965
2.46407
2.46356
2.45986
2.46007
2.45987
2.46512
2.46284
2.46773
2.46524
2.46704
2.46696
2.46855
2.46413
2.46356
2.46433
2.46555
2.46145
2.45588
2.45539
2.46357
2.46095
2.45635
2.45634
2.4625
2.46366
2.4676
2.46553
2.46547
2.46438
2.46397
2.46384
2.46483
2.46705
2.47009
2.46859
2.47029
2.46471
2.46199
2.4642
2.46367
2.46145
2.47426
2.47798
2.47566
2.47793
2.48115
2.46357
2.46408
2.45691
2.46379
2.46215
2.46273
2.46207
2.46227
2.46175
2.46911
2.46956
2.46737
2.46507
2.46908
2.46708
2.46721
2.47405
2.46805
2.4673
2.46978
2.47123
2.47085
2.46794
2.46958
2.47556
2.47389
2.46982
2.47373
2.47239
2.47081
2.46095
2.4602
2.45942
2.46026
2.4574
2.4594
2.46018
2.45668
2.45715
2.45701
2.45628
2.45569
2.45544
2.46148
2.46037
2.46338
2.46254
2.46086
2.46218
2.46308
2.46095
2.45942
2.46127
2.462
2.46105
2.45676
2.45811
2.46198
2.46061
2.45699
2.45978
2.46557
2.46661
2.46183
2.46277
2.46294
2.4605
2.46224
2.46271
2.47221
2.47396
2.47289
2.47585
2.47776
2.46224
2.46149
2.46169
2.46066
2.46151
2.48247
2.48422
2.48412
2.48655
2.48723
2.46503
2.46545
2.4674
2.46165
2.46199
2.46337
2.47083
2.46144
2.46255
2.47016
2.46638
2.46866
2.46648
2.4721
2.46742
2.47107
2.4784
2.46707
2.46715
2.4659
2.46815
2.46869
2.46505
2.46766
2.47229
2.4718
2.46875
2.47169
2.47214
2.47146
2.46105
2.46333
2.46132
2.46206
2.45798
2.46515
2.46548
2.46133
2.4563
2.45528
2.46076
2.45898
2.45686
2.4606
2.46188
2.46294
2.46459
2.45979
2.46191
2.46231
2.46356
2.46161
2.46373
2.46425
2.46152
2.45783
2.46248
2.46208
2.46296
2.45888
2.46537
2.46901
2.47064
2.4608
2.46247
2.46316
2.46252
2.46349
2.46425
2.47929
2.48229
2.47583
2.48148
2.48451
2.45945
2.46133
2.46166
2.45927
2.46167
2.48964
2.48946
2.48944
2.4918
2.49128
2.46553
2.46559
2.46962
2.46179
2.46387
2.4631
2.46677
2.46277
2.46477
2.47558
2.46959
2.47507
2.47368
2.48126
2.47376
2.48013
2.48554
2.46758
2.46809
2.46549
2.4685
2.46973
2.46758
2.46997
2.47217
2.4746
2.47294
2.47418
2.47763
2.47744
2.46681
2.47099
2.4705
2.46989
2.46638
2.47628
2.47432
2.47215
2.46373
2.46068
2.47174
2.46963
2.4662
2.46454
2.46834
2.46755
2.47133
2.46473
2.46747
2.46641
2.47103
2.46863
2.47164
2.46972
2.46589
2.46145
2.46875
2.46687
2.469
2.4644
2.47212
2.47319
2.47551
2.46583
2.46547
2.46624
2.47017
2.46849
2.46924
2.48334
2.48544
2.48058
2.4846
2.48622
2.46063
2.46381
2.46762
2.46413
2.46818
2.49397
2.49341
2.49439
2.49545
2.49555
2.46612
2.46809
2.46448
2.46499
2.46631
2.46437
2.46227
2.46804
2.46819
2.48787
2.47915
2.48636
2.48749
2.49434
2.48454
2.49165
2.49538
2.46902
2.47047
2.47046
2.47245
2.47359
2.47355
2.47511
2.4766
2.48114
2.48014
2.47898
2.48493
2.48627
2.47554
2.4801
2.48196
2.47815
2.47825
2.48701
2.48176
2.48407
2.47613
2.47298
2.48402
2.48262
2.48015
2.4732
2.47881
2.47574
2.48031
2.47315
2.47622
2.47395
2.48034
2.47828
2.48092
2.47844
2.47291
2.46878
2.47611
2.47536
2.47684
2.47329
2.47968
2.47864
2.4822
2.47504
2.47251
2.47313
2.48008
2.47719
2.47769
2.48709
2.48869
2.48686
2.4894
2.49076
2.46991
2.47448
2.47864
2.47657
2.48071
2.49779
2.49768
2.49964
2.49982
2.49933
2.47158
2.47611
2.46155
2.47247
2.47195
2.47295
2.46314
2.47808
2.47596
2.50013
2.48762
2.49509
2.50009
2.50311
2.48905
2.4967
2.50179
2.47324
2.47693
2.47746
2.47879
2.47887
2.48059
2.48187
2.48185
2.48692
2.48621
2.48451
2.48813
2.49276
2.48464
2.48899
2.49122
2.4849
2.48951
2.49493
2.48884
2.49419
2.48854
2.48733
2.49477
2.49391
2.4942
2.48455
2.49009
2.48475
2.48869
2.48405
2.48538
2.48346
2.48922
2.48909
2.48919
2.48869
2.48113
2.47676
2.48297
2.48554
2.48581
2.48061
2.48606
2.48583
2.48915
2.48483
2.48202
2.48234
2.48891
2.48653
2.48651
2.49223
2.4933
2.49203
2.49437
2.49521
2.48335
2.4849
2.48902
2.48874
2.48743
2.50133
2.50053
2.50162
2.50265
2.50129
2.48071
2.48555
2.46812
2.48417
2.48066
2.48603
2.47763
2.48874
2.48622
2.50294
2.48865
2.49611
2.50047
2.50123
2.48704
2.49402
2.50138
2.48176
2.48714
2.48417
2.48509
2.48644
2.48707
2.48772
2.48792
2.48987
2.49091
2.49011
2.49147
2.49023
2.49302
2.4955
2.49837
2.49375
2.49855
2.50149
2.49759
2.50352
2.49838
2.50101
2.50344
2.50306
2.50696
2.49525
2.49952
2.49177
2.49382
2.49282
2.49213
2.49329
2.49467
2.49506
2.494
2.49607
2.4907
2.48403
2.48932
2.49458
2.49551
2.48829
2.49334
2.49233
2.49541
2.49211
2.49029
2.48992
2.49434
2.49321
2.49275
2.49658
2.49729
2.49603
2.49833
2.49891
2.4918
2.48918
2.4945
2.49392
2.49103
2.50264
2.50148
2.50197
2.50271
2.5016
2.48976
2.49332
2.48604
2.49273
2.49107
2.49379
2.49247
2.496
2.4951
2.4994
2.48518
2.49171
2.49455
2.49808
2.48334
2.4909
2.49966
2.49198
2.49607
2.49048
2.49153
2.49413
2.49339
2.49524
2.49201
2.49308
2.49368
2.49386
2.49447
2.49041
2.49639
2.49649
2.50459
2.49962
2.50621
2.50595
2.49998
2.50622
2.50864
2.51018
2.51014
2.51175
2.51056
2.50322
2.50492
2.49498
2.49533
2.49559
2.49511
2.49706
2.49714
2.49557
2.49561
2.49698
2.4999
2.49128
2.497
2.50073
2.50326
2.49381
2.50022
2.49797
2.50008
2.49562
2.49532
2.49497
2.49622
2.49663
2.4965
2.49987
2.50058
2.49861
2.50109
2.50184
2.49597
2.49367
2.49761
2.49788
2.49665
2.50283
2.50168
2.5023
2.50307
2.50182
2.49625
2.49882
2.49618
2.49846
2.49835
2.49726
2.49876
2.50025
2.50034
2.49818
2.48469
2.49188
2.49227
2.49961
2.48956
2.49546
2.50047
2.49932
2.50193
2.49631
2.49886
2.50041
2.49859
2.5014
2.49609
2.49553
2.49571
2.4982
2.49654
2.49437
2.49635
2.49642
2.50493
2.49858
2.50455
2.50298
2.49705
2.50274
2.50968
2.50818
2.50733
2.50658
2.50473
2.50364
2.5036
2.49536
2.49531
2.49616
2.49578
2.49628
2.49749
2.49633
2.49599
2.49524
2.506
2.49666
2.50228
2.50556
2.50653
2.49956
2.50392
2.50186
2.50338
2.49639
2.49735
2.49753
2.49634
2.4979
2.49825
2.50217
2.50294
2.49986
2.50291
2.50373
2.49987
2.49978
2.50023
2.50199
2.50274
2.5032
2.50193
2.50249
2.50318
2.50189
2.50131
2.50364
2.50034
2.50161
2.50139
2.50065
2.5015
2.50305
2.50268
2.50122
2.49548
2.49967
2.49638
2.50221
2.50088
2.50216
2.50169
2.50405
2.50462
2.50058
2.50318
2.5037
2.50118
2.50328
2.50067
2.49842
2.5004
2.5056
2.50013
2.50174
2.49661
2.49701
2.50091
2.49621
2.50097
2.49914
2.49583
2.49957
2.50437
2.50329
2.50304
2.50286
2.50299
2.50421
2.50493
2.49551
2.49613
2.4961
2.49657
2.49425
2.49918
2.49608
2.49744
2.49364
2.50555
2.50385
2.50506
2.50501
2.50468
2.50888
2.50535
2.50504
2.50578
2.49622
2.49851
2.49892
2.49604
2.49937
2.49973
2.50322
2.50415
2.50038
2.50295
2.50421
2.50382
2.50518
2.50273
2.50538
2.50733
2.50272
2.50158
2.50144
2.50187
2.50099
2.50645
2.50942
2.50286
2.5049
2.50395
2.50558
2.50506
2.50658
2.50559
2.50208
2.50285
2.50226
2.49938
2.50109
2.50203
2.50134
2.50123
2.50572
2.5066
2.50293
2.50382
2.5061
2.50442
2.50471
2.50748
2.50186
2.50231
2.50707
2.50265
2.50516
2.49755
2.49816
2.49768
2.49564
2.49852
2.49663
2.49565
2.49764
2.5016
2.50226
2.49966
2.50025
2.50105
2.50524
2.50459
2.49727
2.49882
2.49645
2.49865
2.49392
2.50187
2.49702
2.50006
2.49512
2.50435
2.50921
2.50411
2.50561
2.50334
2.50642
2.5019
2.50542
2.5042
2.49635
2.50019
2.5005
2.49713
2.50093
2.50079
2.50226
2.50318
2.50067
2.50138
2.50167
2.50648
2.5091
2.50495
2.50703
2.50892
2.50076
2.50028
2.49969
2.49962
2.49941
2.51088
2.5112
2.50687
2.50799
2.50644
2.5106
2.50648
2.50904
2.50602
2.4997
2.50092
2.50015
2.49947
2.49848
2.49973
2.49883
2.49959
2.50588
2.50662
2.50456
2.50541
2.50761
2.50476
2.50574
2.50409
2.50375
2.50553
2.50358
2.50478
2.50198
2.49883
2.49962
2.49592
2.49571
2.49693
2.49565
2.49586
2.49643
2.49904
2.50018
2.49762
2.49825
2.5005
2.50301
2.50152
2.50064
2.5025
2.49769
2.50179
2.49696
2.50378
2.49844
2.50377
2.49919
2.50214
2.50458
2.50042
2.50096
2.50137
2.5032
2.50047
2.50254
2.50152
2.49807
2.50152
2.50073
2.49863
2.50134
2.49991
2.49994
2.5
2.49982
2.49871
2.49877
2.50665
2.50783
2.50419
2.50533
2.50633
2.49869
2.49885
2.49857
2.49803
2.49839
2.51197
2.5098
2.50455
2.50745
2.5049
2.50952
2.50373
2.50618
2.50255
2.49743
2.49856
2.49769
2.49724
2.4966
2.49764
2.49714
2.49793
2.50694
2.50481
2.50653
2.50654
2.50753
2.50907
2.50702
2.503
2.50553
2.50512
2.50251
2.50541
2.49981
2.50051
2.50149
2.49578
2.49618
2.49627
2.4962
2.49671
2.49652
2.49776
2.50162
2.49711
2.49763
2.50207
2.50076
2.50031
2.50388
2.5047
2.49939
2.50611
2.50124
2.50463
2.50071
2.50821
2.50269
2.50064
2.50214
2.50095
2.49873
2.49976
2.50115
2.50127
2.5009
2.50052
2.49858
2.5004
2.49853
2.49818
2.49906
2.49706
2.49766
2.49801
2.49855
2.49709
2.49771
2.50301
2.50428
2.50024
2.50005
2.50173
2.49798
2.49845
2.4987
2.49828
2.49867
2.50692
2.50383
2.50214
2.50553
2.50221
2.50416
2.4997
2.50416
2.50227
2.49672
2.49708
2.49719
2.49603
2.4971
2.49714
2.49772
2.49788
2.50152
2.50086
2.5078
2.50718
2.50102
2.50549
2.5062
2.50158
2.50449
2.50172
2.50021
2.50287
2.49843
2.50259
2.50355
2.49655
2.49725
2.49655
2.49669
2.4977
2.49647
2.49707
2.50114
2.49614
2.49594
2.49944
2.49976
2.4991
2.50481
2.50395
2.50264
2.50898
2.50389
2.5038
2.5044
2.50752
2.50509
2.49913
2.50043
2.50144
2.49863
2.49888
2.49962
2.50042
2.50013
2.49959
2.49782
2.49809
2.49587
2.4978
2.49773
2.49526
2.49721
2.49786
2.49806
2.49736
2.49822
2.49712
2.49914
2.49605
2.49485
2.49676
2.49881
2.49899
2.49956
2.49943
2.49949
2.50097
2.49858
2.49797
2.50282
2.50221
2.49837
2.4966
2.50045
2.50064
2.49814
2.49734
2.49836
2.49759
2.49878
2.49781
2.49893
2.49936
2.50065
2.49943
2.50398
2.50386
2.50098
2.50262
2.50162
2.49912
2.50113
2.49945
2.49801
2.5
2.49818
2.50382
2.50336
2.49688
2.49806
2.49641
2.49734
2.49839
2.49658
2.49496
2.49771
2.49536
2.49462
2.4964
2.4984
2.49781
2.50264
2.50108
2.50459
2.50444
2.50612
2.5017
2.50303
2.50138
2.50751
2.49878
2.49824
2.49928
2.49809
2.49852
2.49693
2.49843
2.49914
2.49879
2.49815
2.49802
2.49545
2.49828
2.49877
2.49625
2.49798
2.49865
2.49835
2.49868
2.4991
2.49385
2.49478
2.49549
2.49415
2.49384
2.50004
2.49983
2.50075
2.50093
2.50066
2.49656
2.49515
2.49474
2.49761
2.49865
2.49345
2.49347
2.49589
2.49876
2.49952
2.49839
2.49944
2.49947
2.50051
2.49884
2.50001
2.50128
2.49857
2.5
2.50174
2.50018
2.50176
2.50121
2.49935
2.4973
2.49932
2.49831
2.4968
2.49885
2.49872
2.5026
2.5017
2.49803
2.49885
2.49712
2.49878
2.49931
2.49778
2.49487
2.4956
2.49625
2.4955
2.49518
2.49742
2.4973
2.49973
2.49912
2.50113
2.4994
2.50874
2.49972
2.5001
2.49819
2.50812
2.49832
2.49603
2.49776
2.49782
2.49813
2.49551
2.49694
2.4986
2.49825
2.49836
2.49959
2.49731
2.49801
2.50045
2.4984
2.49978
2.49983
2.49924
2.50067
2.50005
2.49516
2.494
2.49673
2.49611
2.49447
2.50204
2.50166
2.50236
2.50332
2.50329
2.49459
2.49433
2.49229
2.4952
2.49825
2.49132
2.49043
2.4949
2.49677
2.50132
2.49929
2.50065
2.50108
2.50196
2.49951
2.50127
2.50315
2.50092
2.4999
2.50047
2.49877
2.50129
2.49969
2.49829
2.49658
2.49845
2.49761
2.4966
2.49809
2.49937
2.50081
2.50026
2.4994
2.49957
2.49836
2.49983
2.49959
2.49875
2.4963
2.49547
2.49788
2.49714
2.49636
2.4975
2.49797
2.49851
2.49837
2.4999
2.49729
2.50493
2.49919
2.50016
2.49648
2.50032
2.49807
2.49585
2.4967
2.49846
2.49845
2.49594
2.49727
2.49806
2.49861
2.49779
2.50126
2.49945
2.49879
2.50221
2.50064
2.50064
2.50066
2.49849
2.50054
2.50155
2.49719
2.49581
2.49896
2.49836
2.49786
2.50606
2.50559
2.50644
2.50701
2.50684
2.4952
2.49721
2.48951
2.49523
2.49624
2.49413
2.49107
2.49627
2.49611
2.50284
2.49983
2.50197
2.50254
2.50395
2.50038
2.50299
2.50571
2.49902
2.49872
2.49892
2.49785
2.49964
2.49834
2.4976
2.49671
2.49793
2.49741
2.49704
2.49803
2.50047
2.50009
2.50049
2.50017
2.49951
2.49904
2.50058
2.49966
2.49946
2.49802
2.49757
2.49972
2.49903
2.49886
2.49864
2.49947
2.49918
2.50066
2.50055
2.49672
2.49681
2.50033
2.50132
2.49812
2.49646
2.49905
2.49669
2.49836
2.49961
2.49973
2.49778
2.49932
2.49876
2.49924
2.50089
2.5034
2.50217
2.50307
2.50444
2.50347
2.50008
2.50084
2.49772
2.49927
2.49944
2.49969
2.50005
2.502
2.50119
2.50201
2.50665
2.50883
2.50512
2.50581
2.50969
2.49942
2.50113
2.49401
2.49786
2.49702
2.49848
2.49719
2.49945
2.49887
2.50457
2.50107
2.50383
2.50238
2.50446
2.50187
2.50409
2.50637
2.4989
2.49931
2.49814
2.49766
2.4987
2.49821
2.49798
2.49783
2.49861
2.49861
2.4985
2.49943
2.50184
2.50135
2.50227
2.50118
2.50024
2.5001
2.50195
2.50114
2.50093
2.50007
2.50009
2.50155
2.50101
2.5012
2.50032
2.50105
2.5022
2.50339
2.5023
2.50004
2.49856
2.50222
2.50352
2.50162
2.49998
2.50032
2.49868
2.49994
2.50067
2.50086
2.50021
2.50084
2.49985
2.50065
2.50461
2.50513
2.5042
2.50537
2.50562
2.50472
2.49923
2.49932
2.49829
2.49975
2.49961
2.50269
2.50356
2.50463
2.50394
2.50469
2.50452
2.50786
2.50238
2.50338
2.50571
2.50242
2.50363
2.49935
2.5004
2.49992
2.50224
2.50052
2.50156
2.50034
2.50366
2.50218
2.50343
2.5013
2.50233
2.50213
2.50253
2.50456
2.50001
2.5003
2.49861
2.4986
2.49868
2.49887
2.49941
2.49956
2.50047
2.50072
2.50042
2.50142
2.50273
2.50324
2.50397
2.50283
2.5022
2.50188
2.50365
2.50311
2.50276
2.50182
2.50207
2.50289
2.5024
2.5028
2.50165
2.50213
2.50423
2.50455
2.50437
2.5029
2.50113
2.50327
2.50485
2.50319
2.50254
2.50129
2.50115
2.50135
2.50119
2.50159
2.50194
2.50174
2.50133
2.5019
2.50523
2.50595
2.50509
2.50428
2.50593
2.50491
2.50015
2.4999
2.49919
2.5002
2.49984
2.50457
2.50524
2.50532
2.50465
2.50517
2.50194
2.50333
2.49892
2.50052
2.50074
2.5044
2.50456
2.5015
2.50206
2.50088
2.50335
2.50202
2.50208
2.50099
2.50087
2.50171
2.50148
2.49996
2.49894
2.501
2.50024
2.50055
2.50066
2.50124
2.50011
2.50079
2.5003
2.50139
2.50232
2.50137
2.50238
2.5028
2.5021
2.50324
2.50254
2.5044
2.50436
2.50424
2.50394
2.50343
2.50453
2.50454
2.50379
2.50283
2.50328
2.50364
2.50312
2.50355
2.50251
2.50281
2.50435
2.50371
2.50461
2.50287
2.50374
2.50228
2.50367
2.50224
2.5043
2.50175
2.50217
2.50176
2.50152
2.50184
2.50232
2.50172
2.50219
2.5022
2.50327
2.50534
2.50433
2.50217
2.50425
2.5036
2.4999
2.49945
2.49959
2.49915
2.49848
2.50446
2.50466
2.50433
2.50406
2.50417
2.49876
2.49755
2.49498
2.49682
2.49409
2.50435
2.504
2.50217
2.50208
2.5013
2.50294
2.50278
2.50221
2.50161
2.49693
2.50034
2.49909
2.49782
2.49536
2.49969
2.49804
2.4947
2.50209
2.50308
2.50308
2.5041
2.50333
2.50451
2.50584
2.50272
2.50395
2.50409
2.50323
2.50433
2.50154
2.50395
2.50334
2.50456
2.50468
2.50386
2.50446
2.50451
2.50376
2.50331
2.50369
2.50402
2.50345
2.50377
2.50304
2.5032
2.50262
2.50151
2.50248
2.50159
2.50393
2.50088
2.50134
2.50092
2.50329
2.50194
2.50232
2.50153
2.50185
2.50198
2.5023
2.50135
2.50197
2.50171
2.50133
2.50307
2.50283
2.50108
2.50231
2.50232
2.49841
2.49762
2.49965
2.4978
2.4969
2.50353
2.50399
2.50307
2.50311
2.50402
2.49452
2.49149
2.49104
2.49219
2.49032
2.50367
2.50369
2.50343
2.50236
2.50191
2.50293
2.5042
2.50244
2.50201
2.49494
2.4992
2.49749
2.49704
2.49499
2.49895
2.49738
2.49302
2.50399
2.50459
2.5061
2.50748
2.50594
2.50715
2.50868
2.50357
2.50462
2.50446
2.50385
2.50464
2.501
2.50285
2.50251
2.50434
2.50419
2.50358
2.50423
2.50389
2.50333
2.50355
2.50379
2.50423
2.50362
2.5038
2.5033
2.50332
2.50089
2.50062
2.50088
2.50033
2.50284
2.50058
2.50083
2.49987
2.50211
2.50196
2.50214
2.50111
2.50194
2.50194
2.502
2.50088
2.50148
2.50122
2.50129
2.50231
2.50218
2.50192
2.50259
2.50239
2.49745
2.49627
2.49921
2.49704
2.4956
2.503
2.50397
2.503
2.50288
2.50381
2.49058
2.49036
2.48903
2.48942
2.49062
2.50357
2.50335
2.5048
2.50237
2.50174
2.50287
2.50481
2.50207
2.50115
2.49542
2.499
2.49754
2.49714
2.49598
2.49921
2.49791
2.49431
2.50462
2.50421
2.50771
2.50911
2.50663
2.5075
2.50883
2.50399
2.50457
2.50433
2.50408
2.50447
2.50108
2.50227
2.50216
2.50417
2.50363
2.50307
2.50406
2.50346
2.50293
2.50358
2.5038
2.50414
2.50353
2.5038
2.5033
2.50318
2.50055
2.50058
2.501
2.49942
2.5011
2.5008
2.5011
2.49906
2.49981
2.50184
2.50193
2.50086
2.50174
2.50177
2.50176
2.50074
2.50106
2.50086
2.50273
2.50292
2.50278
2.50364
2.50327
2.50308
2.49661
2.4949
2.49915
2.49625
2.4947
2.50293
2.50349
2.50354
2.50312
2.50336
2.48907
2.49147
2.48886
2.48927
2.49224
2.50309
2.50276
2.5042
2.5017
2.50037
2.50216
2.50352
2.50128
2.49964
2.49667
2.49957
2.49837
2.49784
2.49723
2.49997
2.49893
2.49628
2.50334
2.50227
2.50663
2.50763
2.50434
2.50511
2.50604
2.5041
2.50434
2.50368
2.5041
2.50406
2.5015
2.50219
2.50238
2.50402
2.50339
2.50288
2.50407
2.50342
2.50292
2.50348
2.50383
2.50407
2.50346
2.5039
2.50312
2.50314
2.5006
2.50049
2.50118
2.49887
2.49881
2.50082
2.50132
2.49875
2.49829
2.50153
2.50159
2.50072
2.50173
2.50128
2.50144
2.50062
2.50076
2.5008
2.50362
2.50353
2.50344
2.50205
2.5028
2.50282
2.49611
2.4946
2.49947
2.49648
2.49515
2.50286
2.5031
2.5036
2.50226
2.50262
2.49042
2.49332
2.49168
2.4921
2.49483
2.5024
2.50198
2.50265
2.50097
2.49921
2.50189
2.50205
2.50084
2.49914
2.49786
2.5005
2.49949
2.4989
2.49856
2.50117
2.50009
2.49815
2.5013
2.50067
2.50344
2.50421
2.50161
2.50197
2.50265
2.5042
2.50361
2.50244
2.50432
2.50325
2.50252
2.50276
2.5033
2.50421
2.50356
2.50308
2.50444
2.50382
2.50336
2.50354
2.50403
2.50421
2.50369
2.50421
2.50321
2.50336
2.50005
2.50024
2.50163
2.49884
2.49846
2.50125
2.50216
2.49938
2.4993
2.50114
2.50158
2.50074
2.50208
2.50116
2.50159
2.5007
2.50093
2.50112
2.49989
2.50165
2.50129
2.49907
2.5007
2.49956
2.49713
2.49618
2.5004
2.49828
2.4976
2.50128
2.50183
2.50129
2.5002
2.50112
2.49446
2.49671
2.49665
2.49698
2.49883
2.5013
2.50147
2.50161
2.50085
2.49938
2.50134
2.5014
2.50098
2.49972
2.49944
2.50179
2.50076
2.50053
2.50047
2.50238
2.50153
2.5005
2.50038
2.50032
2.50075
2.50133
2.50068
2.50009
2.50047
2.50449
2.50314
2.50158
2.5048
2.50317
2.50361
2.50401
2.50486
2.50474
2.50418
2.50374
2.50506
2.50462
2.50415
2.50389
2.50442
2.50452
2.50411
2.50463
2.50358
2.50379
2.50146
2.50256
2.50295
2.50049
2.50059
2.50386
2.50395
2.50196
2.50202
2.50137
2.50182
2.50097
2.50265
2.50163
2.50217
2.50107
2.50135
2.5016
2.49776
2.50007
2.49881
2.49877
2.50072
2.49995
2.4996
2.49924
2.50166
2.50104
2.50085
2.50001
2.50145
2.50099
2.50078
2.50279
2.49959
2.50094
2.50178
2.50196
2.50299
2.50172
2.50268
2.50136
2.5014
2.50018
2.50266
2.50157
2.50211
2.50089
2.50148
2.50282
2.50231
2.50158
2.50242
2.50323
2.50294
2.5029
2.50057
2.5011
2.49955
2.49988
2.50074
2.49931
2.49954
2.50545
2.50337
2.50173
2.50635
2.50387
2.50506
2.50567
2.50635
2.50532
2.50507
2.50453
2.50552
2.50546
2.50483
2.50434
2.50483
2.50485
2.50453
2.505
2.50403
2.50433
2.50446
2.50768
2.50503
2.50379
2.50355
2.50659
2.50606
2.50588
2.5051
2.50203
2.50253
2.50139
2.50327
2.50241
2.5028
2.50169
2.5019
2.5022
2.50496
2.50668
2.50519
2.51105
2.51246
2.51087
2.50236
2.50245
2.50287
2.50343
2.50377
2.50241
2.50489
2.50626
2.50592
2.50706
2.50417
2.50468
2.50618
2.50616
2.50596
2.50419
2.50557
2.50225
2.50294
2.50182
2.50493
2.50309
2.50396
2.50262
2.50313
2.50359
2.50344
2.50216
2.5038
2.50382
2.50384
2.50506
2.50165
2.50235
2.49906
2.4994
2.50186
2.49912
2.49949
2.50715
2.50454
2.50259
2.50754
2.50528
2.50605
2.50689
2.50737
2.50569
2.50576
2.50503
2.50577
2.50598
2.50516
2.50468
2.50512
2.50505
2.50479
2.5052
2.50461
2.5049
2.5091
2.50886
2.50659
2.50715
2.50622
2.50759
2.50662
2.50748
2.50661
2.50285
2.50311
2.50213
2.50405
2.50323
2.50336
2.50251
2.50255
2.50284
2.51211
2.51496
2.51386
2.51075
2.51324
2.51352
2.50408
2.5046
2.50364
2.50453
2.50503
2.50907
2.50848
2.51077
2.51064
2.50926
2.50744
2.50661
2.5083
2.50791
2.50671
2.50692
2.50796
2.50407
2.50507
2.50357
2.50677
2.50507
2.50606
2.50469
2.50425
2.50392
2.50423
2.50224
2.50439
2.50406
2.50458
2.50555
2.50319
2.50435
2.49924
2.49983
2.5035
2.49976
2.50038
2.50763
2.50593
2.50342
2.50729
2.50634
2.50592
2.50776
2.50788
2.50578
2.50619
2.50529
2.50581
2.50641
2.5054
2.50488
2.50526
2.50506
2.505
2.50531
2.50512
2.50535
2.50773
2.50663
2.5065
2.50706
2.50653
2.50673
2.50653
2.5061
2.50621
2.50363
2.50359
2.50293
2.5048
2.50399
2.50378
2.50329
2.50316
2.50342
2.50909
2.51187
2.51144
2.50736
2.51027
2.50919
2.50484
2.50528
2.50395
2.50508
2.50532
2.51094
2.50953
2.5114
2.51064
2.50927
2.50795
2.50657
2.50815
2.50764
2.50611
2.50849
2.50867
2.50599
2.50705
2.50604
2.508
2.5069
2.50791
2.50756
2.5045
2.50407
2.5049
2.50239
2.50463
2.50428
2.50495
2.50526
2.50595
2.50791
2.50038
2.50115
2.50552
2.50144
2.50216
2.50711
2.50657
2.50388
2.5066
2.50665
2.50552
2.50784
2.50787
2.50602
2.50669
2.50557
2.50643
2.50706
2.50586
2.50518
2.5054
2.50533
2.50544
2.50556
2.50557
2.50591
2.50615
2.50552
2.50679
2.50504
2.50575
2.50576
2.50707
2.50421
2.50517
2.5043
2.504
2.50368
2.50548
2.50467
2.50423
2.50403
2.50376
2.50409
2.50556
2.50891
2.50788
2.50458
2.50805
2.50729
2.50525
2.50542
2.50419
2.50546
2.50551
2.51033
2.5091
2.51015
2.51004
2.50929
2.50719
2.5065
2.50759
2.50694
2.50754
2.50872
2.50886
2.50728
2.50855
2.50884
2.50848
2.50743
2.50886
2.50948
2.5047
2.50451
2.50473
2.50264
2.50508
2.50483
2.50509
2.50597
2.50945
2.51032
2.50282
2.50361
2.50933
2.50411
2.50497
2.50651
2.50706
2.50467
2.50625
2.50746
2.50537
2.50808
2.50852
2.50703
2.50761
2.50634
2.50784
2.50833
2.50707
2.50585
2.50585
2.50641
2.50641
2.50628
2.50634
2.50692
2.50522
2.50543
2.50723
2.50349
2.50427
2.50603
2.50726
2.50315
2.50326
2.50511
2.50457
2.50447
2.50644
2.50565
2.50497
2.50491
2.50451
2.50494
2.5044
2.50765
2.50711
2.50482
2.50775
2.50735
2.50572
2.50567
2.50472
2.50596
2.50594
2.51013
2.50981
2.51034
2.5106
2.51052
2.50692
2.50774
2.50804
2.50721
2.50847
2.50922
2.50999
2.50757
2.50913
2.50955
2.50922
2.50897
2.50991
2.51004
2.5059
2.50561
2.50596
2.5066
2.50761
2.50702
2.50714
2.5091
2.51102
2.5118
2.5067
2.50741
2.51271
2.51047
2.51056
2.50613
2.50783
2.5088
2.50886
2.50893
2.50761
2.50913
2.50983
2.50879
2.5092
2.508
2.50978
2.51021
2.50899
2.50717
2.50691
2.50828
2.50809
2.50773
2.50759
2.50841
2.5058
2.50641
2.50742
2.50344
2.50246
2.50728
2.50775
2.50425
2.50201
2.50632
2.50551
2.5055
2.50779
2.50707
2.50609
2.50613
2.50548
2.50603
2.50561
2.50823
2.5082
2.50668
2.50915
2.50929
2.50629
2.50632
2.50569
2.50656
2.50664
2.51106
2.51123
2.51137
2.51148
2.51194
2.5075
2.50937
2.50833
2.50774
2.50964
2.51091
2.51187
2.51055
2.51086
2.51066
2.51141
2.51167
2.51163
2.51132
2.50942
2.509
2.5087
2.50901
2.51128
2.50987
2.50986
2.51158
2.51236
2.51286
2.51306
2.51263
2.51306
2.51389
2.5134
2.51091
2.51005
2.51142
2.51205
2.51201
2.51056
2.51046
2.511
2.51074
2.51109
2.51005
2.51159
2.51178
2.51106
2.50908
2.50868
2.51049
2.5101
2.50971
2.50926
2.51012
2.50759
2.50909
2.50823
2.50525
2.50234
2.50934
2.50886
2.50653
2.50323
2.50783
2.50677
2.50685
2.50925
2.50853
2.50746
2.50762
2.50663
2.50726
2.50788
2.51011
2.51038
2.50914
2.51095
2.51127
2.50693
2.50699
2.50688
2.50722
2.50735
2.51182
2.51249
2.5122
2.51212
2.51297
2.508
2.50948
2.50846
2.50827
2.50906
2.51259
2.51315
2.51218
2.51226
2.51204
2.51299
2.51266
2.5125
2.51228
2.51154
2.51027
2.51068
2.50923
2.51082
2.51019
2.51088
2.51034
2.51298
2.51291
2.51317
2.51277
2.51135
2.51232
2.51202
2.51202
2.5125
2.5113
2.51158
2.5116
2.51048
2.5115
2.51175
2.51234
2.51237
2.51202
2.51305
2.51307
2.51286
2.51108
2.51076
2.51263
2.51201
2.51179
2.51088
2.51155
2.51062
2.51198
2.5095
2.50834
2.50439
2.51183
2.51052
2.51031
2.50602
2.50905
2.50803
2.50838
2.51031
2.50937
2.50855
2.509
2.50786
2.50842
2.51037
2.51164
2.51195
2.51143
2.51228
2.5125
2.50757
2.50771
2.50801
2.50786
2.50812
2.5124
2.51344
2.51308
2.51276
2.51378
2.50854
2.50889
2.50882
2.50888
2.50872
2.51373
2.51402
2.5129
2.51273
2.51232
2.51345
2.51299
2.51306
2.5125
2.50989
2.50964
2.51051
2.50757
2.50872
2.50877
2.50975
2.50896
2.51281
2.51272
2.51213
2.51185
2.51138
2.51168
2.51183
2.51076
2.51075
2.50993
2.51034
2.51028
2.50949
2.51269
2.51415
2.51374
2.51367
2.51365
2.51446
2.5144
2.51443
2.51287
2.51272
2.51453
2.51366
2.51364
2.51203
2.51231
2.51307
2.51398
2.51176
2.51202
2.50805
2.51493
2.51314
2.51348
2.50991
2.50958
2.50882
2.50941
2.51129
2.50992
2.50859
2.50949
2.50883
2.50902
2.51238
2.51298
2.51304
2.51333
2.51385
2.51372
2.50817
2.50846
2.50847
2.50837
2.50886
2.51328
2.51416
2.51433
2.51392
2.51463
2.50905
2.50891
2.50912
2.50929
2.50884
2.51421
2.51453
2.51303
2.51348
2.5128
2.51388
2.51339
2.51383
2.51344
2.50781
2.50795
2.50896
2.50762
2.50758
2.50801
2.50852
2.50849
2.51289
2.51335
2.51172
2.51201
2.51219
2.51225
2.51217
2.51007
2.51067
2.51016
2.51003
2.51078
2.50919
2.51533
2.51644
2.51526
2.5154
2.51527
2.51622
2.51655
2.51623
2.51439
2.51463
2.51612
2.5152
2.515
2.51222
2.51241
2.51489
2.5159
2.51443
2.5148
2.5114
2.51696
2.51564
2.51603
2.51279
2.51003
2.50846
2.5093
2.51126
2.51023
2.50884
2.50923
2.50896
2.50877
2.51429
2.51487
2.51461
2.51549
2.5161
2.51571
2.5082
2.50876
2.50743
2.5076
2.50865
2.51474
2.51524
2.51617
2.51571
2.51601
2.50891
2.50858
2.50826
2.50858
2.50799
2.51503
2.5157
2.51408
2.51419
2.51405
2.51513
2.51478
2.51508
2.51468
2.50773
2.50835
2.50855
2.50782
2.50745
2.50844
2.50826
2.50787
2.51418
2.5148
2.51293
2.51278
2.51376
2.51344
2.51321
2.51056
2.511
2.51068
2.51042
2.51122
2.50932
2.51754
2.51872
2.51725
2.51742
2.51726
2.51815
2.51847
2.51818
2.51625
2.51492
2.51781
2.51737
2.51533
2.51252
2.51223
2.5171
2.51866
2.51696
2.51718
2.51418
2.51894
2.51821
2.51834
2.51549
2.51014
2.50873
2.50863
2.51049
2.50941
2.50863
2.50806
2.50808
2.50699
2.51691
2.51756
2.51707
2.51863
2.51918
2.51869
2.50649
2.50747
2.50483
2.5048
2.50601
2.51685
2.51694
2.5186
2.5182
2.51806
2.50707
2.50684
2.50537
2.50564
2.50503
2.51654
2.51754
2.51551
2.51602
2.51553
2.517
2.51637
2.51678
2.51627
2.50653
2.50805
2.50746
2.50669
2.50529
2.50696
2.50641
2.50533
2.5153
2.51569
2.5136
2.51371
2.51456
2.51447
2.51425
2.51012
2.5112
2.5104
2.5095
2.511
2.50779
2.51981
2.52123
2.51924
2.52
2.51953
2.52067
2.521
2.5208
2.51776
2.5158
2.51886
2.5182
2.51571
2.51182
2.51135
2.52071
2.52318
2.51949
2.51998
2.51738
2.52202
2.52099
2.52223
2.51988
2.50835
2.50776
2.50654
2.50838
2.50705
2.50654
2.50484
2.50532
2.50339
2.5207
2.52096
2.52057
2.5231
2.52299
2.52271
2.50254
2.50298
2.49969
2.49912
2.49969
2.51977
2.5194
2.52193
2.52165
2.52101
2.5025
2.50221
2.49889
2.4992
2.49856
2.5187
2.52007
2.51716
2.51766
2.51689
2.51943
2.51826
2.51874
2.51778
2.50334
2.50529
2.50459
2.50273
2.5004
2.50325
2.50213
2.49994
2.51611
2.51664
2.51493
2.51472
2.51428
2.51507
2.51485
2.50866
2.51056
2.5092
2.5078
2.51005
2.50451
2.52316
2.52566
2.52205
2.52243
2.52186
2.52376
2.52458
2.52302
2.51847
2.51555
2.5207
2.51878
2.51561
2.51114
2.51115
2.52583
2.52889
2.52269
2.52493
2.52279
2.52709
2.52471
2.52812
2.52612
2.50574
2.50455
2.50221
2.50597
2.50394
2.50197
2.49961
2.50026
2.49684
2.52575
2.52546
2.52524
2.52873
2.52824
2.52814
2.49462
2.49447
2.49028
2.48872
2.48871
2.52387
2.5229
2.52667
2.52649
2.52512
2.49347
2.49338
2.4867
2.48699
2.48642
2.52166
2.52353
2.51929
2.51995
2.5187
2.52237
2.52049
2.52126
2.5198
2.49675
2.50038
2.49884
2.49686
2.49253
2.49707
2.49504
2.49063
2.51718
2.51814
2.51519
2.51517
2.51648
2.5154
2.51546
2.50662
2.50946
2.50783
2.50533
2.50901
2.49974
2.52873
2.53238
2.52577
2.52719
2.52468
2.5281
2.53015
2.52679
2.51931
2.51605
2.52366
2.52002
2.51687
2.5112
2.51114
2.53223
2.53578
2.52785
2.53153
2.52967
2.5345
2.53163
2.53542
2.53255
2.50217
2.49869
2.49561
2.50294
2.49983
2.49484
2.49136
2.49172
2.48618
2.5319
2.53117
2.5313
2.53586
2.53503
2.53515
2.48107
2.47924
2.47358
2.46825
2.46684
2.52947
2.52767
2.53295
2.53279
2.53058
2.47607
2.47728
2.46286
2.46269
2.46509
2.52565
2.52813
2.52176
2.52277
2.52115
2.52623
2.5232
2.52468
2.52267
2.4875
2.49355
2.49072
2.48872
2.48058
2.48952
2.48549
2.47528
2.51964
2.52143
2.51553
2.516
2.51906
2.51689
2.51703
2.50429
2.50882
2.50721
2.50391
2.50888
2.49509
2.53634
2.54024
2.53077
2.53333
2.52914
2.53364
2.53648
2.53148
2.52086
2.51785
2.52744
2.52164
2.51885
2.51113
2.51112
2.54078
2.54603
2.53589
2.5397
2.53562
2.54359
2.53985
2.54387
2.53831
2.49705
2.49
2.48456
2.49872
2.49315
2.48394
2.47674
2.47663
2.46622
2.5405
2.53959
2.53943
2.54495
2.54392
2.54366
2.45042
2.44586
2.43674
2.42091
2.41559
2.53639
2.53387
2.54066
2.54023
2.53754
2.43946
2.44712
2.41022
2.4067
2.42036
2.53098
2.53408
2.52506
2.52689
2.52423
2.53156
2.52726
2.52935
2.5263
2.47134
2.48524
2.47905
2.47476
2.45927
2.48054
2.47139
2.44621
2.52333
2.52526
2.51967
2.51959
2.52263
2.52137
2.522
2.5043
2.50943
2.50821
2.50523
2.51071
2.49056
2.54366
2.54654
2.53659
2.53934
2.53367
2.53933
2.54183
2.53546
2.52243
2.51984
2.5313
2.52312
2.52067
2.51098
2.51065
2.54954
2.55253
2.54292
2.54711
2.54047
2.54981
2.54526
2.5496
2.54264
2.48808
2.47593
2.46427
2.49171
2.48134
2.46689
2.45044
2.44736
2.42633
2.54882
2.54795
2.54769
2.55243
2.55181
2.55145
2.37891
2.35699
2.3445
2.30471
2.25082
2.54438
2.54195
2.54877
2.54835
2.54644
2.34131
2.38056
2.28718
2.23364
2.31473
2.53763
2.54145
2.52962
2.53223
2.5287
2.53829
2.53249
2.53554
2.53156
2.44345
2.47524
2.46157
2.45708
2.42307
2.47024
2.45019
2.39067
2.52764
2.5303
2.52286
2.52414
2.52741
2.52479
2.5262
2.50605
2.51205
2.51038
2.50689
2.51338
2.48639
2.54916
2.55154
2.54186
2.54394
2.53719
2.54427
2.54565
2.53894
2.52402
2.52146
2.53515
2.52522
2.52229
2.51027
2.51003
2.55518
2.55722
2.54724
2.55164
2.54488
2.5541
2.54866
2.55338
2.54665
2.47258
2.45592
2.42929
2.48159
2.46224
2.44353
2.40383
2.38962
2.34135
2.55555
2.55544
2.55493
2.55805
2.55864
2.55781
2.2051
1.89105
2.09814
2.03751
1.15631
2.55168
2.55044
2.55616
2.55478
2.55409
1.85811
2.21585
2.03786
1.14509
2.04821
2.54537
2.54924
2.5358
2.5394
2.53489
2.5463
2.5394
2.54384
2.5388
2.39806
2.46529
2.43715
2.43731
2.36717
2.46087
2.4243
2.28032
2.53359
2.53748
2.52722
2.52944
2.53433
2.5303
2.53256
2.50845
2.51536
2.51452
2.51087
2.51806
2.48473
2.55386
2.55648
2.54695
2.54691
2.54082
2.55001
2.54831
2.54303
2.52687
2.52364
2.54006
2.52926
2.52589
2.51042
2.51276
2.55947
2.56116
2.54961
2.55555
2.54794
2.55771
2.55075
2.55668
2.5499
2.45316
2.42935
2.37412
2.47531
2.44691
2.4197
2.33976
2.25057
2.07385
2.56052
2.56123
2.55991
2.56246
2.56315
2.56158
1.85531
0.642813
1.45151
-0.565709
1.72549
0.776527
-2.09716
-0.529965
-0.71122
-0.0458618
-0.496971
0.0720909
2.55791
2.55632
2.56189
2.5607
2.55819
0.643365
1.80412
1.79505
0.740553
1.3939
-0.72181
-0.411741
-0.512459
0.135182
-0.721784
0.0472189
2.55302
2.55799
2.54383
2.54883
2.54341
2.55455
2.54986
2.55418
2.54918
2.33709
2.45873
2.41417
2.41934
2.31315
2.46037
2.40981
1.99895
2.54189
2.54729
2.53407
2.53698
2.54239
2.53798
2.54044
2.51499
2.52178
2.52199
2.51978
2.52637
2.49062
2.55826
2.55738
2.55372
2.55025
2.54565
2.55752
2.55125
2.54873
2.53228
2.52929
2.54673
2.53679
2.53395
2.51707
2.52443
2.56132
2.56021
2.55097
2.55657
2.54949
2.55323
2.54918
2.55409
2.54812
2.44536
2.42528
2.32633
2.48486
2.44265
2.4429
2.27327
2.02845
2.0111
0.221585
0.275315
0.53305
2.56225
2.5637
2.56221
2.56159
2.56376
2.56251
0.260972
1.84043
1.0512
1.7127
0.719153
1.86017
1.11536
0.0779419
-0.00140573
-0.149866
0.122474
0.172634
0.169073
0.051123
2.56318
2.56186
2.56516
2.56479
2.56541
1.06542
1.64632
0.228264
1.89973
1.21018
1.75863
0.752793
-0.110542
0.0748829
0.180354
0.23747
0.0986935
0.166529
0.176809
2.56285
2.56755
2.55607
2.56054
2.5554
2.56945
2.56447
2.56794
2.56293
2.30152
2.46715
2.41429
2.44807
2.27445
2.47894
2.4316
1.95209
0.204719
0.375983
0.580765
2.55393
2.56152
2.54313
2.54559
2.55413
2.5492
2.55099
2.52602
2.53253
2.53442
2.5325
2.53933
2.50982
2.55332
2.54697
2.55829
2.55065
2.55015
2.55663
2.54844
2.54964
2.54153
2.54001
2.55169
2.54517
2.5462
2.53319
2.54123
2.55709
2.55212
2.54471
2.54864
2.54346
2.53903
2.53813
2.542
2.53474
2.46173
2.46913
2.31157
2.51448
2.48663
2.49122
2.36742
2.12933
0.688832
2.28644
0.798387
0.464689
0.360235
0.587526
0.79283
2.56003
2.56317
2.56154
2.55719
2.56246
2.56004
1.13288
1.8571
1.25893
1.98976
1.23246
1.92172
1.37002
0.185747
0.409147
0.108612
0.494487
0.311912
0.431922
0.158055
2.56566
2.56752
2.56615
2.56558
2.56849
1.35922
1.90881
1.15738
1.9975
1.47309
1.91719
1.12593
0.178815
0.564914
0.29503
0.511653
0.174802
0.473721
0.323524
2.57056
2.57157
2.57144
2.5733
2.56905
2.57403
2.57312
2.57392
2.57258
2.32128
2.49598
2.45995
2.48174
2.37545
2.519
2.49143
0.877455
2.22228
0.780024
0.880619
0.594709
0.636029
2.56856
2.57218
2.55582
2.557
2.56617
2.56221
2.56285
2.5402
2.54752
2.55091
2.54863
2.55588
2.53779
2.54066
2.53817
2.55321
2.54513
2.54738
2.54939
2.54382
2.54523
2.54722
2.55046
2.55114
2.54774
2.55291
2.54718
2.55064
2.54689
2.54411
2.53193
2.5352
2.52494
2.52948
2.53043
2.53401
2.52238
2.5097
2.50292
2.41502
2.53958
2.53704
2.50713
2.50367
2.31568
0.891341
2.41778
0.462908
0.818101
2.55418
2.56045
2.55782
2.55212
2.55836
2.55595
1.21263
2.09719
1.45947
2.03106
0.78396
2.11348
1.33697
0.431324
0.417684
0.0951078
0.199931
0.54802
0.228217
0.237506
2.5649
2.56875
2.56308
2.56374
2.56741
1.53586
2.00311
1.02198
2.14013
1.43673
1.98603
0.679709
0.10413
0.469981
0.334049
0.210736
0.287059
0.124632
0.450389
2.57185
2.57181
2.57454
2.5732
2.57339
2.57378
2.57249
2.57213
2.57212
2.45915
2.53647
2.52576
2.52727
2.50701
2.54973
2.54247
2.39136
2.57313
2.57308
2.56693
2.56901
2.57034
2.57029
2.57258
2.55817
2.56288
2.56244
2.5649
2.5661
2.55974
2.54194
2.54797
2.54721
2.54604
2.54526
2.54888
2.5518
2.54849
2.54804
2.55302
2.55149
2.5498
2.55279
2.55132
2.55165
2.54403
2.54559
2.53548
2.53593
2.5297
2.54151
2.54174
2.54056
2.53478
2.54319
2.5131
2.50976
2.54377
2.54796
2.52395
2.53118
2.51364
2.54032
2.55117
2.55676
2.55489
2.55087
2.55573
2.55444
2.28229
1.47836
2.42795
2.4453
2.07711
-0.741042
-0.095551
2.56248
2.56667
2.56087
2.56126
2.5656
1.51166
2.30131
2.46045
2.05745
2.47227
-0.0477717
2.57181
2.57013
2.57158
2.57091
2.57232
2.57054
2.57011
2.57049
2.57192
2.53816
2.55905
2.56187
2.56991
2.55895
2.5673
2.57525
2.56529
2.5728
2.57233
2.57097
2.57299
2.57136
2.57134
2.57279
2.56961
2.56866
2.5682
2.57332
2.57034
2.57301
2.5537
2.55801
2.55363
2.55692
2.55324
2.55937
2.56008
2.55774
2.55337
2.5541
2.55923
2.55802
2.55692
2.55259
2.55302
2.54773
2.55026
2.54756
2.54468
2.53988
2.54958
2.55199
2.5486
2.54497
2.55022
2.52835
2.53355
2.54724
2.54991
2.53548
2.54005
2.54541
2.55352
2.55141
2.55539
2.55463
2.55246
2.55551
2.55519
2.51704
2.43463
2.53528
2.5559
2.53982
2.56037
2.56429
2.55972
2.55982
2.56321
2.44224
2.53705
2.55258
2.53953
2.56063
2.56783
2.56621
2.569
2.5705
2.57195
2.56753
2.5682
2.56992
2.57162
2.57057
2.57214
2.57925
2.572
2.57158
2.57131
2.57708
2.57626
2.57176
2.57073
2.57147
2.57237
2.57035
2.56996
2.57118
2.57468
2.57112
2.56953
2.57318
2.57065
2.57523
2.56053
2.5613
2.56337
2.56167
2.56154
2.56405
2.56194
2.56189
2.5616
2.55807
2.56308
2.56067
2.55551
2.55264
2.54947
2.55294
2.55511
2.55539
2.55197
2.54925
2.55646
2.55756
2.55453
2.55234
2.54867
2.54047
2.54433
2.54497
2.5457
2.54094
2.54463
2.55591
2.55365
2.55396
2.55602
2.5561
2.55534
2.55651
2.55681
2.56396
2.56093
2.55463
2.56913
2.56488
2.5596
2.56241
2.55922
2.5593
2.56164
2.56484
2.56466
2.56882
2.56856
2.56621
2.5651
2.5642
2.56637
2.56871
2.57084
2.56592
2.56606
2.56772
2.57008
2.57194
2.57142
2.57467
2.56687
2.5694
2.5689
2.57201
2.57137
2.56955
2.56879
2.56916
2.56987
2.56822
2.56812
2.56874
2.57191
2.56959
2.56779
2.56966
2.56815
2.57107
2.56134
2.56123
2.56176
2.56116
2.55971
2.5581
2.55998
2.55642
2.5556
2.55026
2.55268
2.54991
2.54514
2.54426
2.53813
2.55689
2.55818
2.55881
2.55619
2.55419
2.55919
2.5593
2.55736
2.55487
2.54085
2.53849
2.54206
2.53283
2.53588
2.5341
2.5365
2.54947
2.54423
2.55641
2.55687
2.55725
2.55709
2.55694
2.5573
2.56298
2.56111
2.55301
2.55887
2.558
2.55883
2.56082
2.55837
2.55804
2.55985
2.56534
2.56101
2.56215
2.56343
2.55874
2.56306
2.56186
2.56409
2.56586
2.56765
2.56276
2.56252
2.56461
2.56605
2.56624
2.56626
2.56828
2.56027
2.56398
2.56412
2.56591
2.56517
2.56829
2.56743
2.56724
2.56755
2.56614
2.56649
2.5667
2.56705
2.56627
2.5642
2.56547
2.56488
2.566
2.56094
2.5608
2.55444
2.55862
2.55314
2.55209
2.55772
2.55082
2.54586
2.54119
2.54616
2.54417
2.53909
2.53428
2.53306
2.55907
2.5597
2.55916
2.55823
2.55445
2.56074
2.55879
2.55864
2.55319
2.53247
2.53183
2.53416
2.52888
2.53198
2.5305
2.53489
2.54139
2.54178
2.55744
2.55677
2.55694
2.55744
2.55636
2.55613
2.55257
2.55392
2.54847
2.54913
2.55229
2.55679
2.55847
2.55646
2.55501
2.55667
2.5599
2.55659
2.55619
2.55862
2.55524
2.56006
2.55806
2.55974
2.56205
2.56343
2.55779
2.55693
2.55998
2.56056
2.5618
2.56223
2.56387
2.55569
2.56037
2.56106
2.5623
2.56171
2.56589
2.56403
2.56549
2.56512
2.56361
2.56398
2.56368
2.56391
2.56335
2.5615
2.56291
2.56224
2.56274
2.5613
2.56362
2.55239
2.55819
2.55053
2.55572
2.56108
2.55306
2.54481
2.53946
2.55115
2.54772
2.54212
2.53552
2.53919
2.56005
2.56024
2.55845
2.55848
2.55149
2.56264
2.55899
2.55801
2.55056
2.53528
2.53373
2.5382
2.53725
2.53998
2.53667
2.54178
2.54532
2.54926
2.55699
2.55544
2.55474
2.55594
2.55382
2.55269
2.54792
2.5524
2.55237
2.54937
2.5544
2.55252
2.55399
2.55233
2.54929
2.55012
2.55867
2.55544
2.55811
2.55989
2.55733
2.5548
2.55023
2.55225
2.5559
2.55708
2.54704
2.54655
2.5504
2.55237
2.55926
2.56055
2.56207
2.55443
2.56046
2.56108
2.56254
2.56286
2.56078
2.55726
2.56222
2.56139
2.55849
2.55963
2.55975
2.56226
2.56123
2.5602
2.56274
2.56107
2.56299
2.56895
2.57664
2.56206
2.56697
2.5587
2.57059
2.57514
2.56654
2.55426
2.54823
2.56909
2.56264
2.5564
2.54677
2.5555
2.56144
2.56398
2.5619
2.55892
2.55142
2.57008
2.56759
2.56205
2.5545
2.54743
2.54289
2.54732
2.55226
2.55471
2.54835
2.55249
2.55465
2.56036
2.55506
2.55189
2.55052
2.55525
2.55096
2.54949
2.55315
2.55876
2.56235
2.55897
2.56468
2.54558
2.54414
2.54626
2.54233
2.5362
2.56323
2.56083
2.56735
2.5681
2.56864
2.54264
2.53052
2.54008
2.54173
2.54696
2.52179
2.53112
2.53028
2.54026
2.56237
2.56372
2.56553
2.56177
2.56726
2.57065
2.5712
2.57165
2.55298
2.54833
2.55744
2.55793
2.55576
2.55643
2.55779
2.56438
2.56162
2.56355
2.56934
2.56456
2.57187
2.58544
2.60315
2.5815
2.58484
2.57704
2.59809
2.59969
2.59193
2.57305
2.56628
2.59987
2.58734
2.58037
2.56464
2.58037
2.56679
2.58157
2.57555
2.56623
2.55963
2.59304
2.59003
2.58015
2.56926
2.56078
2.55453
2.55798
2.56908
2.56933
2.55992
2.56583
2.56687
2.57518
2.55568
2.54949
2.54846
2.56747
2.55718
2.55797
2.56508
2.572
2.57407
2.57425
2.58005
2.53891
2.52638
2.55201
2.55086
2.53675
2.5725
2.57662
2.58072
2.57643
2.58505
2.51531
2.52592
2.52488
2.5214
2.5364
2.51181
2.52638
2.52373
2.53701
2.57347
2.57792
2.57883
2.57327
2.58508
2.58934
2.59087
2.59017
2.54692
2.54987
2.55561
2.55894
2.56003
2.56157
2.56527
2.57689
2.57001
2.57963
2.58977
2.58069
2.59728
2.60127
2.6028
2.60011
2.59372
2.59012
2.58374
2.57901
2.57828
2.58981
2.57954
2.56984
2.57834
2.56022
2.55319
2.56679
2.55258
2.5542
2.56801
2.56115
2.56486
2.57561
2.56833
2.55786
2.55892
2.54626
2.53836
2.52874
2.53517
2.52561
2.52557
2.54437
2.53203
2.54035
2.56156
2.55252
2.55936
2.57639
2.5843
2.55486
2.5412
2.52163
2.51838
2.52141
2.52493
2.52888
2.52984
2.54316
2.54319
2.54966
2.56399
2.56371
2.5678
2.58136
2.58755
2.52947
2.53116
2.52895
2.5413
2.54452
2.55075
2.55155
2.56492
2.56466
2.57636
2.58796
2.59314
2.59617
2.55605
2.56776
2.57509
2.59693
2.58859
103.208
102.727
103.281
93.606
93.6955
95.5371
95.4033
105.566
102.744
100.668
93.2941
92.8681
94.8921
94.2328
102.449
102.815
104.017
94.5586
96.4324
94.6314
96.945
103.428
104.795
104.474
99.4157
100.989
102.275
103.776
99.831
102.945
101.528
101.021
99.9177
100.865
100.254
99.1068
100.296
99.3233
98.4579
94.8791
99.8897
96.0179
106.713
108.234
109.223
94.6358
97.2736
94.6485
97.8918
105.836
107.683
107.116
104.452
105.764
105.212
107.506
103.917
106.004
104.621
104.353
103.822
106.484
104.619
100.614
102.912
100.046
100.233
95.1371
97.4771
91.7941
107.474
108.601
107.188
104.448
108.84
98.0749
101.769
104.158
105.531
102.774
105.413
100.409
98.8603
94.2327
91.8954
92.1913
91.9838
87.1895
87.2506
87.1228
86.48
90.4954
91.2316
90.6994
85.571
83.6885
85.3601
83.9571
92.6718
92.2518
92.6589
87.76
86.9381
88.2436
85.4909
91.852
91.1204
91.0691
86.1274
82.7867
82.4191
77.1991
65.8195
65.4655
65.1819
5.79825
6.27415
5.61447
4.55768
58.0485
64.982
61.4221
5.61939
3.39661
4.81858
3.5239
65.6214
66.212
62.1482
4.6187
4.87663
5.94778
4.37913
54.3711
49.7199
38.5921
4.45049
3.20076
3.03396
2.62744
1.79052
1.80874
1.73732
2.6916
2.69433
2.70673
2.70085
1.75705
1.72371
1.66714
2.72705
2.67421
2.71626
2.71237
1.76729
1.82654
1.84715
2.68401
2.67037
2.67456
2.65006
1.9133
1.9097
1.97076
2.66544
2.61565
2.58202
2.52391
2.41274
2.42139
2.40788
2.53863
2.54148
2.51958
2.51767
2.40024
2.4147
2.42841
2.54884
2.51535
2.50486
2.47471
2.39663
2.41426
2.40309
2.52789
2.50562
2.54339
2.51027
2.37844
2.38417
2.35759
2.52141
2.48623
2.49193
2.44396
2.47483
2.466
2.45816
2.4681
2.46789
2.46165
2.45427
2.46913
2.45846
2.45526
2.47293
2.47248
2.4504
2.45301
2.45742
2.46592
2.44796
2.46645
2.45846
2.46381
2.44977
2.43743
2.44434
2.42133
2.45496
2.43864
2.44224
2.42405
2.45911
2.45182
2.44584
2.44616
2.44781
2.43507
2.43547
2.46791
2.44361
2.44855
2.45442
2.45733
2.43292
2.43725
2.4496
2.45462
2.44197
2.444
2.43296
2.44129
2.42914
2.43317
2.43957
2.4267
2.43973
2.42422
2.43533
2.42219
2.43813
2.41744
2.42607
2.42539
2.43177
2.4044
2.42007
2.44669
2.42326
2.42153
2.43954
2.43723
2.41681
2.40695
2.41301
2.42961
2.41331
2.42365
2.39079
2.42083
2.40057
2.41449
2.43198
2.41633
2.43001
2.40718
2.42988
2.41236
2.42892
2.39981
2.41666
2.42251
2.42887
2.39956
2.41528
2.43008
2.41451
2.39596
2.4349
2.42699
2.41602
2.39368
2.3786
2.41564
2.39316
2.41768
2.37887
2.4143
2.39055
2.40487
2.4294
2.4116
2.43115
2.40613
2.43081
2.41344
2.4305
2.40468
2.41642
2.43299
2.43307
2.41371
2.41601
2.42979
2.42198
2.4029
2.44182
2.43502
2.42865
2.41765
2.39712
2.41643
2.39847
2.43154
2.42087
2.42226
2.41012
2.41435
2.43529
2.42126
2.43956
2.42529
2.44014
2.43121
2.43744
2.42724
2.41736
2.44913
2.44256
2.44202
2.42501
2.442
2.43714
2.43243
2.4539
2.44868
2.44703
2.44446
2.44438
2.43077
2.42457
2.4527
2.46579
2.44075
2.43923
2.43692
2.44463
2.44166
2.4509
2.4499
2.44956
2.45211
2.44871
2.45656
2.43914
2.46638
2.45729
2.47106
2.45447
2.4551
2.45671
2.45529
2.4631
2.46109
2.46468
2.46237
2.47825
2.45075
2.45352
2.46227
2.48319
2.45894
2.46511
2.45901
2.45527
2.46188
2.46071
2.4681
2.46067
2.47058
2.46661
2.48268
2.47012
2.47817
2.47462
2.48951
2.48346
2.46648
2.47043
2.46459
2.46928
2.4722
2.47435
2.46956
2.48216
2.46545
2.47482
2.46769
2.48098
2.47084
2.48208
2.47434
2.46467
2.47528
2.46858
2.47768
2.46631
2.47788
2.47996
2.48986
2.48893
2.48188
2.48221
2.49013
2.49051
2.47999
2.47602
2.47996
2.47522
2.48724
2.48328
2.49336
2.47954
2.47534
2.48484
2.47423
2.47855
2.47933
2.48453
2.47728
2.46795
2.47635
2.47819
2.47506
2.47221
2.47626
2.48337
2.49033
2.4919
2.48238
2.48419
2.49051
2.49302
2.49149
2.49489
2.49898
2.48554
2.49158
2.50015
2.49726
2.47842
2.48291
2.48177
2.47762
2.47877
2.48395
2.4749
2.47302
2.47708
2.47921
2.48229
2.4693
2.48192
2.4814
2.48366
2.48945
2.49119
2.48085
2.48212
2.48733
2.48808
2.4886
2.49316
2.48816
2.48435
2.48434
2.48518
2.47909
2.48133
2.48202
2.46844
2.48042
2.48291
2.47911
2.46587
2.4664
2.48755
2.48253
2.47566
2.46461
2.48828
2.4812
2.47837
2.4841
2.48411
2.47561
2.47386
2.48008
2.47965
2.47918
2.47736
2.47013
2.4759
2.47378
2.47142
2.46295
2.48385
2.47543
2.46301
2.47695
2.48307
2.47351
2.46208
2.46585
2.48224
2.47623
2.4682
2.46699
2.47509
2.46956
2.46924
2.47504
2.47382
2.46772
2.46507
2.46888
2.46863
2.46884
2.46602
2.45725
2.46523
2.46464
2.46158
2.45295
2.47987
2.47077
2.46338
2.47461
2.47424
2.46803
2.46633
2.46799
2.46801
2.46281
2.46717
2.46817
2.46203
2.46145
2.46074
2.46233
2.46384
2.45957
2.45685
2.45542
2.45915
2.46091
2.45649
2.44914
2.45636
2.45774
2.45184
2.44565
2.46658
2.4652
2.46753
2.46445
2.45937
2.4611
2.46715
2.4652
2.4588
2.46198
2.46536
2.46582
2.45775
2.46324
2.4539
2.44937
2.45459
2.45558
2.45249
2.44697
2.45188
2.45508
2.44761
2.44232
2.4507
2.45304
2.445
2.44031
2.45322
2.45841
2.46506
2.45662
2.45017
2.4577
2.46387
2.46345
2.45714
2.4639
2.45806
2.45938
2.45647
2.46468
2.4536
2.44906
2.45189
2.46068
2.45668
2.45405
2.45416
2.45207
2.44542
2.44011
2.45354
2.45281
2.44819
2.44247
2.45134
2.45896
2.46342
2.45845
2.45335
2.46086
2.46242
2.4575
2.45658
2.46333
2.45699
2.4558
2.45691
2.46033
2.46192
2.46222
2.45925
2.47099
2.46786
2.46982
2.46511
2.45587
2.45365
2.44793
2.46565
2.46058
2.46036
2.45469
2.45932
2.46375
2.46301
2.46776
2.4654
2.46694
2.4641
2.45308
2.45814
2.45747
2.4621
2.45267
2.46127
2.45626
2.47407
2.47617
2.47146
2.48056
2.47961
2.48175
2.47711
2.46629
2.46798
2.46171
2.4799
2.47227
2.47531
2.46844
2.47265
2.47121
2.46763
2.47924
2.47984
2.47654
2.47256
2.45887
2.4671
2.46022
2.47316
2.46954
2.47535
2.46838
2.48491
2.48743
2.48175
2.48828
2.4894
2.49178
2.48551
2.47913
2.48265
2.47454
2.4922
2.48585
2.48886
2.47993
2.48643
2.48209
2.47898
2.48924
2.49187
2.48639
2.48555
2.47821
2.48356
2.47815
2.48724
2.48533
2.48785
2.48497
2.49283
2.49393
2.48887
2.4889
2.4969
2.49408
2.49091
2.49182
2.49259
2.48574
2.49927
2.49814
2.49483
2.491
2.49569
2.48899
2.49019
2.49405
2.49823
2.49023
2.49229
2.49216
2.48907
2.48949
2.49141
2.49519
2.4905
2.4925
2.50246
2.49415
2.49359
2.49608
2.50564
2.49562
2.49688
2.50617
2.49606
2.49543
2.50913
2.51278
2.49744
2.4994
2.49921
2.49084
2.49205
2.49448
2.49943
2.49127
2.49136
2.49472
2.49255
2.49364
2.49318
2.4938
2.4943
2.49527
2.50457
2.49583
2.49836
2.49473
2.50201
2.49572
2.49802
2.51227
2.49918
2.50162
2.51114
2.50999
2.49943
2.50264
2.49871
2.49161
2.48985
2.49383
2.4975
2.49198
2.48833
2.49314
2.4967
2.49658
2.49608
2.49302
2.49926
2.49803
2.4995
2.49501
2.49607
2.49302
2.497
2.49475
2.49441
2.50811
2.49852
2.50244
2.50589
2.50509
2.498
2.50453
2.49669
2.49245
2.48866
2.49569
2.49587
2.49324
2.49006
2.49352
2.50158
2.49988
2.4986
2.49558
2.50326
2.50265
2.49456
2.4947
2.49326
2.49285
2.49242
2.49453
2.49279
2.50108
2.49745
2.50391
2.4992
2.49704
2.49658
2.49947
2.4962
2.49451
2.49251
2.49945
2.49707
2.49614
2.49483
2.49816
2.50432
2.50482
2.50008
2.50057
2.50449
2.50535
2.49051
2.49501
2.49247
2.49259
2.4896
2.49574
2.49246
2.49396
2.49645
2.49645
2.49347
2.49605
2.49623
2.49972
2.4984
2.49781
2.49686
2.50145
2.49949
2.49854
2.49837
2.50194
2.50399
2.5042
2.49998
2.50222
2.5024
2.5029
2.48983
2.49748
2.49427
2.49411
2.4905
2.49919
2.49684
2.50079
2.49627
2.50632
2.49285
2.50289
2.49751
2.51259
2.4999
2.49829
2.49891
2.50176
2.49996
2.49777
2.49905
2.50166
2.50087
2.50157
2.49755
2.50053
2.49904
2.4999
2.49117
2.50026
2.4974
2.49606
2.49165
2.50071
2.49662
2.5015
2.49642
2.51045
2.49265
2.49924
2.49406
2.50339
2.49983
2.49772
2.49884
2.50184
2.50007
2.49799
2.49914
2.49904
2.49632
2.49834
2.49321
2.49774
2.49345
2.49697
2.4924
2.50043
2.49534
2.49778
2.49415
2.49983
2.49535
2.49672
2.49012
2.49593
2.49145
2.49504
2.48795
2.49156
2.50043
2.49825
2.49982
2.49963
2.50041
2.49805
2.50045
2.49656
2.49055
2.49561
2.49221
2.49551
2.4881
2.49364
2.49609
2.4989
2.49623
2.50054
2.49781
2.49939
2.49738
2.49397
2.48867
2.48818
2.49408
2.49352
2.49138
2.48627
2.49944
2.49787
2.50088
2.49755
2.49834
2.49779
2.50122
2.49504
2.48725
2.49211
2.4942
2.49504
2.48829
2.49142
2.49908
2.49925
2.49773
2.50114
2.49989
2.49805
2.4976
2.494
2.49377
2.48605
2.49711
2.49548
2.49472
2.48876
2.49684
2.49747
2.50099
2.49607
2.49548
2.49722
2.5
2.49521
2.49048
2.49143
2.49644
2.49623
2.49354
2.49283
2.50039
2.49586
2.4971
2.50016
2.50052
2.49456
2.49767
2.4973
2.49523
2.49237
2.49979
2.49917
2.49708
2.49552
2.49704
2.49893
2.49993
2.5001
2.50106
2.50131
2.50121
2.49804
2.49676
2.49511
2.49933
2.49926
2.49975
2.49693
2.50064
2.49579
2.49842
2.50087
2.50092
2.49797
2.49926
2.50083
2.49929
2.49839
2.50192
2.50168
2.5012
2.50122
2.50586
2.50256
2.50217
2.50263
2.50803
2.5039
2.50339
2.50091
2.50217
2.49887
2.50302
2.50277
2.50386
2.50107
2.50167
2.50061
2.50127
2.50369
2.50278
2.50241
2.50369
2.5019
2.50233
2.50292
2.50224
2.502
2.50335
2.50414
2.50757
2.50466
2.50497
2.5034
2.5068
2.50482
2.50621
2.50375
2.50522
2.50253
2.50448
2.50422
2.50549
2.5033
2.50374
2.50412
2.50565
2.50551
2.50418
2.50534
2.50671
2.50199
2.50408
2.50524
2.50188
2.50195
2.50405
2.50535
2.50537
2.5041
2.50544
2.50127
2.50393
2.50264
2.50373
2.50436
2.50493
2.50362
2.50378
2.50356
2.50414
2.50359
2.5041
2.50558
2.50661
2.50385
2.50372
2.5053
2.50611
2.50188
2.50404
2.50513
2.50209
2.50187
2.50464
2.50538
2.50209
2.50129
2.50187
2.50004
2.50084
2.50078
2.50146
2.50278
2.5034
2.50334
2.50244
2.50269
2.50283
2.50318
2.50314
2.50476
2.50541
2.502
2.50268
2.50425
2.50466
2.502
2.50491
2.50461
2.50315
2.50219
2.5055
2.50431
2.50004
2.50118
2.50165
2.5003
2.49954
2.50216
2.50228
2.50233
2.50248
2.5031
2.50223
2.50228
2.50225
2.50363
2.50222
2.5037
2.50378
2.50187
2.50184
2.50327
2.50313
2.50256
2.5053
2.50388
2.50372
2.50282
2.50476
2.50358
2.49957
2.50267
2.50338
2.50082
2.49987
2.50222
2.50342
2.50277
2.50251
2.50393
2.50281
2.50281
2.50266
2.50375
2.50169
2.50247
2.50254
2.50239
2.50174
2.50184
2.50227
2.50308
2.50411
2.50343
2.50365
2.50334
2.50363
2.50351
2.49999
2.50204
2.50287
2.49993
2.49936
2.50172
2.50251
2.50302
2.5024
2.50342
2.50197
2.503
2.50189
2.50269
2.50199
2.50118
2.50219
2.50288
2.50236
2.50119
2.50255
2.50343
2.50343
2.50349
2.50357
2.5036
2.50342
2.50372
2.49935
2.50112
2.50254
2.4964
2.4988
2.50045
2.50198
2.50288
2.50142
2.50244
2.50036
2.50261
2.50095
2.50221
2.50285
2.50176
2.50328
2.50396
2.50342
2.50245
2.50395
2.50379
2.50359
2.50381
2.50381
2.504
2.5038
2.504
2.49877
2.49975
2.50092
2.49792
2.50032
2.49972
2.5017
2.50266
2.50008
2.50221
2.49996
2.50312
2.50073
2.50259
2.50392
2.50327
2.50451
2.50503
2.50429
2.50403
2.50504
2.50425
2.50389
2.50406
2.50407
2.50444
2.50404
2.50421
2.50231
2.50124
2.50224
2.50531
2.50446
2.5043
2.50366
2.5036
2.50258
2.50307
2.50316
2.50466
2.50429
2.50394
2.50452
2.50462
2.50547
2.50561
2.50457
2.50489
2.50563
2.5046
2.5041
2.5043
2.50402
2.50471
2.50416
2.50437
2.50505
2.50673
2.50453
2.50611
2.50464
2.50784
2.50443
2.50534
2.5056
2.50456
2.50656
2.50573
2.50638
2.50534
2.50453
2.50495
2.50556
2.50573
2.50447
2.5048
2.50538
2.5048
2.50417
2.50435
2.50386
2.50485
2.50416
2.50423
2.50371
2.50768
2.5041
2.50586
2.50296
2.50707
2.50451
2.50569
2.50676
2.50586
2.50812
2.5056
2.50733
2.50627
2.5045
2.50467
2.50533
2.50586
2.50474
2.50447
2.50513
2.50485
2.50393
2.50382
2.5039
2.5049
2.50401
2.5036
2.50285
2.50687
2.50545
2.50398
2.50301
2.50687
2.50642
2.50543
2.5078
2.50633
2.50899
2.50683
2.50824
2.50666
2.50519
2.50467
2.50505
2.50661
2.50587
2.50476
2.5051
2.50506
2.5039
2.50333
2.50491
2.50542
2.50407
2.50336
2.50315
2.50682
2.50694
2.50315
2.50277
2.50686
2.50706
2.51018
2.50882
2.5081
2.51007
2.51282
2.51002
2.51013
2.50681
2.50501
2.50547
2.50828
2.50787
2.50543
2.50599
2.50599
2.50453
2.50363
2.50666
2.50672
2.50518
2.50423
2.50195
2.50706
2.5077
2.50401
2.50104
2.50749
2.50812
2.51294
2.51121
2.51175
2.51102
2.51189
2.51219
2.51359
2.50897
2.50613
2.50671
2.5099
2.50998
2.50698
2.50752
2.50757
2.50609
2.50505
2.50881
2.50852
2.50712
2.50613
2.50073
2.50801
2.50825
2.50642
2.50077
2.50871
2.5085
2.5112
2.51236
2.51377
2.51156
2.51077
2.51248
2.51282
2.51091
2.50796
2.50843
2.51152
2.51168
2.50858
2.50943
2.50948
2.5082
2.50722
2.51088
2.51036
2.50911
2.50815
2.50183
2.50959
2.50855
2.50956
2.5035
2.51053
2.50893
2.51073
2.51268
2.51224
2.51242
2.51098
2.51293
2.51221
2.51249
2.50936
2.51028
2.51299
2.51313
2.51043
2.51085
2.51112
2.5101
2.50907
2.51269
2.51168
2.51077
2.50965
2.50559
2.51153
2.5095
2.51237
2.5079
2.51251
2.51033
2.51139
2.51324
2.51246
2.5138
2.51204
2.51363
2.51296
2.5137
2.5119
2.51141
2.51539
2.51426
2.51333
2.51181
2.51219
2.5114
2.5101
2.51412
2.51272
2.51206
2.51029
2.50996
2.51361
2.5111
2.51489
2.51191
2.51473
2.51238
2.51271
2.51418
2.51356
2.51561
2.5136
2.51495
2.51437
2.51523
2.51462
2.5124
2.51758
2.51666
2.51585
2.51339
2.51312
2.51249
2.5107
2.51539
2.51316
2.51266
2.51136
2.51366
2.51607
2.51368
2.51781
2.51549
2.51767
2.51528
2.51453
2.51596
2.51529
2.51802
2.51575
2.51717
2.51641
2.51867
2.51695
2.51459
2.51995
2.52
2.51847
2.51654
2.5129
2.51278
2.51162
2.51666
2.51266
2.51308
2.51132
2.51784
2.5196
2.51736
2.5221
2.52023
2.52173
2.51934
2.51721
2.51862
2.51758
2.52111
2.51877
2.52015
2.51887
2.52072
2.5199
2.51776
2.52283
2.52119
2.52223
2.51809
2.51205
2.5124
2.50939
2.51681
2.51121
2.51205
2.50728
2.52269
2.52422
2.52174
2.52778
2.52572
2.5271
2.52473
2.52061
2.52182
2.52021
2.52537
2.52279
2.52367
2.5216
2.52128
2.5253
2.51814
2.52706
2.52192
2.52764
2.51917
2.51026
2.51055
2.50471
2.51572
2.50942
2.50912
2.50187
2.52878
2.53007
2.52762
2.53389
2.53144
2.53304
2.53019
2.52515
2.52574
2.52314
2.53027
2.52743
2.52817
2.52482
2.52307
2.52892
2.51979
2.53254
2.52433
2.53056
2.52082
2.50843
2.50746
2.49866
2.51574
2.50745
2.50651
2.49535
2.53422
2.53662
2.53284
2.54155
2.53709
2.54024
2.53582
2.52996
2.53098
2.52659
2.5365
2.53285
2.53414
2.52898
2.52564
2.53228
2.52194
2.53609
2.52672
2.53409
2.5229
2.506
2.50549
2.4917
2.51543
2.50413
2.50416
2.48722
2.53979
2.54392
2.53893
2.54881
2.5426
2.54777
2.54218
2.5359
2.53777
2.53168
2.54412
2.53909
2.54193
2.53471
2.52797
2.53618
2.52474
2.53804
2.52941
2.53831
2.52726
2.50183
2.50308
2.48272
2.51487
2.49924
2.50331
2.47914
2.54557
2.55118
2.54554
2.55472
2.54824
2.55429
2.54879
2.54232
2.54683
2.53752
2.55309
2.5453
2.55129
2.54054
2.53159
2.54023
2.5316
2.53967
2.53418
2.54242
2.53631
2.49749
2.5052
2.4777
2.51811
2.49815
2.50733
2.4784
2.55031
2.55844
2.55104
2.55955
2.55318
2.5607
2.55329
2.5479
2.5555
2.54383
2.56041
2.55105
2.5583
2.54768
2.5369
2.54414
2.54322
2.54177
2.53832
2.54196
2.53777
2.5015
2.5102
2.48014
2.52779
2.50877
2.51267
2.48304
2.55359
2.56108
2.55573
2.55891
2.55313
2.56123
2.55793
2.55515
2.55997
2.55497
2.56469
2.56098
2.56418
2.56362
2.53836
2.54158
2.53369
2.53671
2.53697
2.53379
2.52789
2.51741
2.51489
2.49353
2.53548
2.52668
2.51603
2.50432
2.54928
2.55961
2.55613
2.55249
2.54314
2.55746
2.55213
2.56221
2.56754
2.56782
2.56405
2.56055
2.56924
2.5685
2.53359
2.51991
2.51728
2.52835
2.53161
2.51852
2.51227
2.53467
2.5176
2.51233
2.53652
2.54009
2.51554
2.51403
2.53805
2.55486
2.54777
2.54641
2.53569
2.55263
2.54536
2.55858
2.56961
2.56769
2.56141
2.55673
2.56796
2.56477
2.53188
2.52074
2.51076
2.53918
2.53464
2.53012
2.51773
2.54228
2.5141
2.51154
2.53701
2.54384
2.5178
2.5173
2.53829
2.55108
2.54481
2.5462
2.53903
2.55045
2.54438
2.55657
2.56623
2.56389
2.55953
2.55688
2.56507
2.56347
2.54082
2.53426
2.52469
2.54991
2.54761
2.54062
2.53443
2.54625
2.52309
2.52197
2.54596
2.54846
2.534
2.53209
2.54277
2.55111
2.54653
2.54905
2.54506
2.55194
2.54857
2.55734
2.56431
2.56355
2.55907
2.55707
2.56356
2.56314
2.55386
2.5458
2.54315
2.55614
2.55544
2.5492
2.54728
2.55126
2.54159
2.54043
2.55396
2.55046
2.54508
2.54302
2.54845
2.5532
2.55074
2.55296
2.55079
2.55405
2.55223
2.55699
2.56281
2.56255
2.55846
2.55695
2.56181
2.56193
2.55356
2.55068
2.54767
2.55475
2.55052
2.55033
2.54568
2.54516
2.54436
2.54139
2.54514
2.5395
2.54022
2.53691
2.55208
2.5543
2.55255
2.55448
2.55256
2.55401
2.55181
2.55581
2.56049
2.56022
2.5564
2.55429
2.55897
2.55846
2.54686
2.54858
2.54179
2.55106
2.54389
2.54588
2.53785
2.53449
2.5363
2.53312
2.53759
2.53198
2.53287
2.53007
2.55183
2.55303
2.55005
2.55381
2.54962
2.55131
2.54677
2.55165
2.55648
2.55545
2.55193
2.54805
2.55382
2.55164
2.54208
2.54306
2.53517
2.54986
2.5438
2.54102
2.53394
2.53193
2.5322
2.53136
2.5385
2.53435
2.53178
2.53193
2.54618
2.54838
2.54297
2.54987
2.54074
2.54395
2.53672
2.54322
2.54927
2.5466
2.54307
2.53662
2.5439
2.54045
2.54844
2.54319
2.53718
2.55984
2.5552
2.54682
2.53867
2.5395
2.53564
2.53667
2.54969
2.5454
2.53997
2.54116
2.53747
2.53799
2.53132
2.5471
2.53383
2.53344
2.52652
2.52871
2.53408
2.53288
2.52823
2.52005
2.52371
2.52332
2.56408
2.5509
2.54273
2.57909
2.57455
2.5572
2.55026
2.55345
2.54283
2.5451
2.56759
2.56452
2.54954
2.55186
2.5364
2.52651
2.52242
2.55851
2.54217
2.53455
2.5226
2.52642
2.51967
2.51498
2.53161
2.53018
2.51951
2.52273
2.53858
2.52162
2.53197
2.53463
2.54156
2.52921
2.53836
2.55507
2.54628
2.55101
2.55353
2.56146
2.55074
2.55874
2.51478
2.51077
2.51657
2.52179
2.51423
2.50915
2.51513
2.51609
2.52663
2.52344
2.52032
2.52245
2.52448
2.52677
2.53643
2.53419
2.54356
2.53256
2.54063
2.54071
2.54753
2.55535
2.55611
2.55783
2.55496
2.56137
2.56181
2.56796
2.53889
2.54642
2.54467
2.53953
2.54237
2.54811
2.54829
2.55459
2.55192
2.56546
2.55538
2.56182
2.56124
2.57344
)
;

boundaryField
{
    fbOut
    {
        type            fixedValue;
        value           uniform 0;
    }
    CAD_patch1
    {
        type            zeroGradient;
    }
    fbGasin
    {
        type            zeroGradient;
    }
    CAD_patch3
    {
        type            zeroGradient;
    }
    fbBioin
    {
        type            zeroGradient;
    }
}


// ************************************************************************* //
