/*--------------------------------*- C++ -*----------------------------------*\
| =========                 |                                                 |
| \\      /  F ield         | OpenFOAM: The Open Source CFD Toolbox           |
|  \\    /   O peration     | Version:  5.x                                   |
|   \\  /    A nd           | Web:      www.OpenFOAM.org                      |
|    \\/     M anipulation  |                                                 |
\*---------------------------------------------------------------------------*/
FoamFile
{
    version     2.0;
    format      ascii;
    class       volScalarField;
    location    "7.1";
    object      p;
}
// * * * * * * * * * * * * * * * * * * * * * * * * * * * * * * * * * * * * * //

dimensions      [0 2 -2 0 0 0 0];

internalField   nonuniform List<scalar> 
10571
(
245.878
243.301
251.575
243.306
209.017
241.778
234.42
234.482
208.652
85.7357
241.453
237.871
231.352
217.505
192.563
38.7315
231.31
226.723
215.673
187.83
68.699
208.498
197.144
187.706
106.317
79.894
99.7943
53.3294
35.3594
87.3738
33.2939
22.8119
16.0879
20.0342
125.759
121.103
26.9199
12.7473
19.1709
24.1818
63.4853
25.4648
13.7035
28.5844
25.9905
28.357
18.895
28.3646
33.4365
19.3615
18.3919
22.3188
22.8718
17.4813
17.0186
18.9531
22.7821
22.7497
28.93
18.1898
17.3301
21.4289
20.7438
23.7826
20.0975
18.6657
21.8071
20.5063
23.0529
20.3253
21.3298
21.3085
19.9362
19.1555
19.0845
18.7846
19.2997
19.2372
20.75
19.4311
18.6954
21.5738
19.8125
19.475
20.7366
19.935
17.4418
21.4589
19.7309
20.5276
20.6513
19.165
20.0522
20.1778
20.6488
20.5567
17.9278
18.9778
19.2662
18.3003
17.1417
19.0441
19.6512
18.2198
16.9464
18.5037
18.8857
19.0442
19.7452
18.1819
16.8017
17.8248
19.1823
20.6832
18.3596
17.1048
16.6185
20.2384
19.8117
19.3515
15.5362
18.7502
18.5574
16.3255
14.3227
18.8876
19.3953
17.3232
15.4988
15.194
14.0636
18.5929
18.6832
19.5404
17.1477
15.0543
14.8157
14.1863
18.7034
20.5684
14.7202
13.8626
14.2179
19.5726
18.6016
14.2487
13.7618
15.0532
13.2541
13.345
13.8626
18.2248
16.4128
14.9095
13.6913
13.7209
14.019
18.0342
18.2051
16.7777
14.446
13.5977
14.0188
14.2027
17.9869
15.3937
13.159
13.8174
14.1785
14.2108
17.1176
13.2358
13.7195
13.4815
13.1966
13.5384
13.4555
13.7035
12.8302
12.5161
12.7392
13.6266
13.7983
13.786
15.1809
15.0521
12.4875
12.9248
13.7093
13.924
14.07
13.5954
12.4709
13.3018
13.7493
14.086
14.1951
12.977
13.3396
13.7001
13.4131
13.2541
13.4062
13.3899
13.5788
13.1556
13.3167
13.3357
13.8314
13.7244
14.2448
13.0604
12.9692
13.2026
13.3546
13.8722
13.8422
14.145
13.0869
13.3457
13.4021
13.626
13.6821
13.2073
13.3463
13.5934
13.4339
13.3316
13.4063
13.3681
13.5224
13.2423
13.4386
13.4448
13.7426
13.1672
13.0953
13.1657
13.3294
13.4326
13.7714
13.5615
13.1735
13.2192
13.3273
13.4047
13.3784
13.2653
13.3408
13.4686
13.3996
13.3594
13.3829
13.3173
13.4485
13.2898
13.3389
13.3415
13.4852
13.1286
13.1458
13.1669
13.249
13.3589
13.5082
13.3635
13.1676
13.2503
13.3204
13.3143
13.4227
13.2729
13.328
13.39
13.3717
13.3519
13.3377
13.2793
13.4075
13.3049
13.302
13.305
13.3943
13.3412
13.195
13.1655
13.2226
13.3618
13.4208
13.4652
13.1606
13.2447
13.292
13.3061
13.4243
13.2764
13.3167
13.3463
13.3572
13.3499
13.3158
13.2587
13.3695
13.34
13.2898
13.2893
13.3662
13.3554
13.2606
13.2393
13.2496
13.3532
13.3882
13.4341
13.2138
13.2421
13.2575
13.2769
13.4046
13.2791
13.2965
13.3087
13.3027
13.2817
13.2687
13.2171
13.3038
13.3459
13.2449
13.2398
13.3087
13.3058
13.2959
13.3093
13.2643
13.311
13.3569
13.3684
13.2555
13.2394
13.2313
13.2375
13.3723
13.2786
13.2745
13.2737
13.2416
13.2004
13.1673
13.1935
13.2286
13.2332
13.1831
13.1701
13.2356
13.2535
13.2695
13.2895
13.243
13.2715
13.326
13.3067
13.257
13.2246
13.1979
13.2015
13.3281
13.2695
13.2561
13.235
13.1568
12.9713
12.9498
13.1159
13.1551
13.1183
13.0961
13.1108
13.1759
13.1995
13.2108
13.2184
13.2069
13.2161
13.271
13.2523
13.2283
13.194
13.1448
13.1315
13.2526
13.2512
13.2346
13.1741
13.0559
12.8527
12.8402
13.0457
13.0911
13.0041
13.0274
13.0473
13.0952
13.1344
13.1538
13.1499
13.1292
13.1224
13.1466
13.1654
13.2007
13.1536
13.0634
13.0061
13.1356
13.2284
13.2191
13.0959
12.9997
12.8353
12.8393
13.0094
13.0089
12.9063
12.9479
12.9383
12.9749
13.0694
13.128
13.1006
13.0473
12.9573
12.9575
13.0486
13.1974
13.1174
12.9936
12.8257
13.0041
13.2102
13.2045
13.0458
12.9788
12.8928
12.8598
12.9546
12.9876
12.8806
12.8206
12.8051
12.936
13.0742
13.1567
13.1054
12.977
12.8457
12.8501
12.9884
13.2416
13.1281
12.996
12.751
12.9341
13.2178
13.1866
13.0978
12.9885
12.9946
12.8795
12.9244
13.0183
12.9631
12.7781
12.761
13.0451
13.1972
13.244
13.1783
12.9923
12.8664
12.875
13.1396
13.3406
13.2159
13.0694
12.898
13.033
13.2807
13.2137
13.2371
13.0173
13.1407
12.9395
12.8662
13.1454
13.1063
12.8734
12.8751
13.2861
13.4195
13.3662
13.2906
13.1185
13.0095
13.1699
13.499
13.4592
13.3583
13.2042
13.1567
13.2647
13.398
13.2978
13.3015
13.1432
13.357
13.1209
12.9726
13.3284
13.2923
12.9971
13.0053
13.4139
13.364
13.4882
13.4173
13.2951
13.209
13.4553
13.5962
13.5535
13.4971
13.3641
13.3718
13.4431
13.5277
13.4227
13.3282
13.3716
13.627
13.384
13.137
13.3126
13.5008
13.0954
13.0443
13.4656
13.6425
13.5835
13.5274
13.4441
13.3627
13.5521
13.3868
13.6063
13.5923
13.504
13.5146
13.4569
13.6265
13.5605
13.4351
13.7429
13.8482
13.7915
13.4398
12.9654
13.6429
13.3974
13.214
13.4679
13.5768
13.637
13.5971
13.5433
13.4834
13.5298
13.2925
13.6356
13.641
13.6072
13.5773
13.4462
13.6775
13.6479
13.5743
14.2973
13.9013
14.0977
14.0362
13.4521
13.6883
13.6248
13.5868
13.5845
13.5406
13.6629
13.6348
13.5988
13.5906
13.569
13.4129
13.655
13.6534
13.6706
13.601
13.5226
13.6976
13.6942
13.661
14.2862
13.8562
14.1007
14.1517
14.0416
13.7121
13.6854
13.7321
13.6575
13.6375
13.6886
13.662
13.6207
13.6456
13.5699
13.5617
13.6739
13.6589
13.7106
13.6588
13.6696
13.7036
13.7097
13.7201
14.0975
13.8326
13.9845
14.0184
13.968
13.7189
13.7041
13.7521
13.6754
13.7048
13.7141
13.6845
13.6478
13.6633
13.5563
13.6257
13.6972
13.6743
13.7039
13.6707
13.6786
13.7101
13.7088
13.7175
13.9589
13.8387
13.8854
13.9089
13.8758
13.736
13.7162
13.7467
13.683
13.7347
13.7356
13.7126
13.6802
13.6726
13.6107
13.6804
13.7238
13.6958
13.6953
13.673
13.6758
13.7264
13.7161
13.707
13.8875
13.8401
13.8339
13.8433
13.8322
13.7762
13.7367
13.7335
13.7088
13.755
13.7584
13.7449
13.717
13.7002
13.6821
13.7299
13.7524
13.7342
13.7165
13.6975
13.7249
13.7511
13.737
13.7275
13.8529
13.8319
13.8165
13.8171
13.8171
13.7972
13.7604
13.7345
13.7456
13.7715
13.7763
13.7686
13.7553
13.7396
13.7455
13.7762
13.7822
13.7681
13.7511
13.7394
13.7725
13.7695
13.7769
13.7652
13.8384
13.8193
13.8156
13.8107
13.8012
13.7959
13.7772
13.7538
13.7774
13.7881
13.7903
13.7829
13.7754
13.7675
13.7913
13.8064
13.8019
13.7811
13.7832
13.7908
13.8152
13.7884
13.8109
13.8255
13.8364
13.8146
13.8153
13.8124
13.7871
13.8008
13.7849
13.7809
13.7961
13.8001
13.7896
13.7825
13.7837
13.7802
13.8058
13.8217
13.8078
13.7944
13.7955
13.8225
13.8342
13.8084
13.8231
13.8514
13.8453
13.8204
13.8166
13.8207
13.781
13.8152
13.798
13.7946
13.8022
13.8068
13.8127
13.8035
13.7874
13.7875
13.8085
13.8256
13.7957
13.8159
13.8038
13.8346
13.8427
13.8245
13.8216
13.8464
13.8551
13.8285
13.8219
13.8338
13.7962
13.8363
13.8142
13.7939
13.8033
13.8094
13.8343
13.8374
13.7867
13.7856
13.8063
13.8229
13.7893
13.8243
13.8081
13.8371
13.8434
13.8254
13.8212
13.8439
13.8571
13.8272
13.8323
13.8393
13.8164
13.8362
13.8235
13.7951
13.8044
13.8131
13.8356
13.8707
13.7863
13.7686
13.8054
13.8198
13.8109
13.8172
13.8106
13.8334
13.8374
13.8218
13.8229
13.8421
13.8546
13.8166
13.842
13.839
13.8336
13.7976
13.8173
13.8049
13.8109
13.8192
13.8399
13.8542
13.812
13.7753
13.8113
13.823
13.8275
13.8242
13.8126
13.8308
13.8354
13.8241
13.8256
13.8398
13.8507
13.8191
13.8381
13.8371
13.8464
13.7826
13.8082
13.8158
13.8239
13.8308
13.833
13.825
13.8072
13.8039
13.8284
13.835
13.8286
13.8304
13.8182
13.8324
13.841
13.8318
13.8353
13.844
13.8511
13.8296
13.8267
13.8384
13.8564
13.7953
13.8082
13.8258
13.8426
13.8468
13.8316
13.827
13.8299
13.8414
13.8503
13.8515
13.8419
13.831
13.8306
13.8453
13.8553
13.8491
13.8494
13.8542
13.8693
13.8533
13.8291
13.8471
13.8653
13.8157
13.8184
13.8457
13.8644
13.8644
13.8347
13.8325
13.8707
13.8524
13.8672
13.8662
13.8499
13.8459
13.8504
13.8593
13.87
13.8677
13.8636
13.8669
13.9009
13.8821
13.8695
13.8925
13.8847
13.8432
13.8599
13.8832
13.8774
13.879
13.8459
13.841
13.8649
13.8533
13.8769
13.8766
13.8521
13.8588
13.8678
13.8729
13.8794
13.8744
13.8742
13.8779
13.9186
13.9004
13.9035
13.911
13.893
13.8775
13.9077
13.9019
13.8903
13.8904
13.8807
13.8709
13.8662
13.8683
13.882
13.8842
13.8594
13.8704
13.8796
13.8825
13.8855
13.8741
13.8795
13.885
13.9179
13.9134
13.9139
13.9174
13.9038
13.8957
13.9149
13.91
13.8988
13.8985
13.894
13.8936
13.8788
13.88
13.8842
13.8905
13.8802
13.8783
13.8847
13.8873
13.8919
13.8756
13.8813
13.8883
13.9172
13.9142
13.9169
13.9131
13.9069
13.8963
13.907
13.9093
13.9023
13.9033
13.9029
13.9045
13.8835
13.8868
13.8867
13.8971
13.9083
13.8881
13.887
13.8897
13.8993
13.886
13.8863
13.8899
13.9077
13.9078
13.9068
13.9094
13.9073
13.9007
13.9115
13.9081
13.9047
13.9069
13.9099
13.9068
13.8815
13.8905
13.8896
13.9053
13.921
13.8969
13.8874
13.8935
13.9067
13.9031
13.8927
13.894
13.9079
13.9103
13.9044
13.9081
13.9074
13.9126
13.9223
13.9107
13.9077
13.9099
13.9172
13.9088
13.8891
13.8935
13.8923
13.9148
13.9138
13.9008
13.8897
13.8971
13.9118
13.9248
13.9063
13.9033
13.9073
13.9121
13.9085
13.9087
13.9076
13.9148
13.9237
13.9135
13.91
13.9118
13.9256
13.9123
13.8993
13.8933
13.8949
13.9208
13.9188
13.8899
13.887
13.8964
13.9143
13.9317
13.9099
13.914
13.906
13.898
13.9059
13.9049
13.9064
13.8928
13.9116
13.916
13.9096
13.9112
13.9205
13.9048
13.8896
13.8901
13.8961
13.9201
13.9219
13.8786
13.8643
13.8935
13.9138
13.9218
13.8974
13.9094
13.902
13.854
13.8971
13.9007
13.9039
13.8451
13.8885
13.915
13.91
13.9083
13.9023
13.8842
13.8802
13.8884
13.8997
13.914
13.9194
13.8681
13.8478
13.8859
13.9139
13.9091
13.8795
13.8979
13.8973
13.8295
13.889
13.8937
13.8991
13.8163
13.8692
13.9074
13.9088
13.9043
13.8837
13.8649
13.8757
13.893
13.9041
13.9077
13.9134
13.857
13.8437
13.887
13.9148
13.896
13.8654
13.8894
13.8907
13.8558
13.8838
13.885
13.8946
13.8306
13.8572
13.8953
13.9037
13.8998
13.8767
13.8522
13.8693
13.8974
13.9025
13.9016
13.9045
13.8493
13.8456
13.8877
13.9093
13.8843
13.859
13.8845
13.8847
13.8794
13.8806
13.8762
13.8864
13.8475
13.8549
13.8824
13.8958
13.8932
13.8709
13.8387
13.8598
13.8975
13.8975
13.8958
13.8911
13.8432
13.8464
13.8843
13.9022
13.8737
13.8549
13.8846
13.8753
13.8895
13.876
13.8696
13.8765
13.8732
13.8526
13.8714
13.8842
13.8852
13.8628
13.8292
13.8472
13.8919
13.8909
13.8897
13.8763
13.8348
13.8447
13.8801
13.8924
13.8618
13.8505
13.8814
13.88
13.8797
13.866
13.8682
13.8675
13.8854
13.836
13.865
13.8704
13.8748
13.854
13.8245
13.8328
13.8752
13.8775
13.8798
13.8616
13.8266
13.8398
13.8705
13.8779
13.8504
13.8436
13.8714
13.8939
13.8589
13.8526
13.8668
13.864
13.8576
13.8206
13.8552
13.8548
13.8617
13.838
13.8101
13.8188
13.8504
13.8547
13.8625
13.848
13.8189
13.8266
13.8518
13.8589
13.8406
13.8344
13.8558
13.8803
13.8403
13.8397
13.854
13.8648
13.8361
13.8141
13.8358
13.8374
13.8485
13.8313
13.801
13.8109
13.8257
13.8259
13.8392
13.8376
13.8144
13.8096
13.8305
13.8338
13.8324
13.822
13.8354
13.8622
13.8279
13.8308
13.8411
13.8685
13.8187
13.8084
13.8081
13.821
13.8354
13.8262
13.808
13.7976
13.8036
13.797
13.8104
13.8322
13.8072
13.79
13.7973
13.8002
13.8227
13.8077
13.8093
13.855
13.8238
13.8274
13.833
13.8637
13.8109
13.7928
13.7822
13.7935
13.8158
13.8249
13.8127
13.7822
13.7795
13.7607
13.7733
13.8297
13.7966
13.7662
13.7675
13.7591
13.8132
13.793
13.7824
13.8583
13.8307
13.8332
13.8328
13.8461
13.8147
13.7926
13.7666
13.7552
13.7794
13.8312
13.8203
13.7804
13.7535
13.7106
13.7187
13.8355
13.7941
13.7453
13.7322
13.7092
13.8155
13.7821
13.7553
13.8732
13.8532
13.8506
13.8433
13.8288
13.8355
13.8087
13.7663
13.7077
13.7215
13.8658
13.8438
13.7984
13.7308
13.6484
13.637
13.8613
13.8131
13.7295
13.6851
13.6324
13.8305
13.7769
13.7258
13.9014
13.8975
13.8814
13.8651
13.8209
13.874
13.8368
13.7739
13.6284
13.614
13.9169
13.8937
13.8419
13.7215
13.553
13.4621
13.9145
13.8587
13.7148
13.6171
13.4987
13.86
13.7794
13.6935
13.9403
13.9665
13.9284
13.8967
13.8178
13.938
13.8909
13.7834
13.4931
13.3704
13.991
13.9663
13.9013
13.7231
13.4084
13.054
14.0003
13.9243
13.724
13.5044
13.2348
13.9082
13.7962
13.6609
13.9893
14.0512
13.9894
13.9365
13.8138
14.0283
13.9542
13.8042
13.3079
12.738
14.0933
14.0782
13.9807
13.7355
13.2206
12.1398
14.0953
14.0136
13.7517
13.3927
12.7311
13.9734
13.8298
13.6446
14.0476
14.14
14.06
13.9841
13.8077
14.1206
14.0208
13.8072
13.1073
11.0681
14.1867
14.1643
14.0572
13.7406
13.0379
10.7772
-7.69184
14.2104
14.1379
13.854
13.3008
11.6039
14.0431
13.8899
13.6732
14.114
14.2278
14.1303
14.0439
13.8257
14.2327
14.0805
13.8576
13.1051
9.50744
0.380734
14.2775
14.2359
14.0957
13.8043
13.0205
10.2399
0.6506
14.2531
14.2336
13.9688
13.3927
10.3896
14.0919
13.9631
13.7676
14.1883
14.2808
14.1875
14.1243
13.9047
14.3184
14.1653
13.9565
13.3516
10.519
2.59117
14.3634
14.3122
14.154
13.9167
13.1906
10.2728
3.11993
14.284
14.292
14.0951
13.654
11.3479
3.74156
14.1278
14.0515
13.9182
14.2695
14.2842
14.2137
14.2034
14.0531
14.3459
14.205
13.9912
13.5387
10.7473
2.69922
14.3844
14.3677
14.2683
14.0753
13.5091
10.9793
2.3613
14.3222
14.2882
14.2363
13.977
13.0174
14.2587
14.1448
14.099
14.3554
14.3125
14.2462
14.307
14.246
14.3312
14.2288
14.0921
13.7427
12.2516
14.373
14.3649
14.2888
14.121
13.6818
11.1968
-3.78079
14.3543
14.2677
14.2613
14.0031
13.8259
14.389
14.3073
14.2489
14.3652
14.3181
14.307
14.3312
14.3108
14.3122
14.2349
14.1598
13.9027
13.6988
14.341
14.3188
14.2402
14.1159
13.8237
13.3061
14.353
14.2757
14.2093
13.992
14.1425
14.3915
14.2954
14.2629
14.3648
14.3194
14.3256
14.3372
14.3384
14.2993
14.2287
14.1812
14.0647
14.1564
14.3014
14.2841
14.2008
14.1473
14.0296
14.1153
14.3307
14.2936
14.2231
14.1098
14.3444
14.3516
14.3119
14.3091
14.3628
14.3141
14.3301
14.3434
14.3515
14.2869
14.2307
14.2249
14.1976
14.3412
14.2803
14.256
14.211
14.2114
14.1974
14.3848
14.3074
14.301
14.3157
14.2989
14.4737
14.3503
14.3742
14.4518
14.3682
14.3084
14.3312
14.3494
14.3783
14.2834
14.2486
14.2735
14.3025
14.4202
14.275
14.2431
14.2372
14.2741
14.3432
14.4753
14.2978
14.3165
14.3788
14.4185
14.5244
14.3657
14.405
14.5126
14.3933
14.313
14.3441
14.3644
14.4119
14.2936
14.2893
14.3259
14.3803
14.4666
14.2937
14.2769
14.2991
14.3552
14.4284
14.4973
14.3169
14.379
14.4371
14.4902
14.5416
14.3979
14.4509
14.5381
14.4361
14.3295
14.3679
14.3952
14.454
14.3185
14.3353
14.3703
14.4263
14.4989
14.3347
14.3294
14.3584
14.4059
14.4619
14.5061
14.3758
14.432
14.4704
14.5011
14.5305
14.4601
14.494
14.5327
14.4913
14.3601
14.3828
14.4291
14.5048
14.3414
14.35
14.3798
14.4448
14.5195
14.3745
14.3721
14.3831
14.4097
14.4555
14.5147
14.4229
14.4593
14.4761
14.5026
14.5253
14.5317
14.543
14.5275
14.5303
14.4007
14.4068
14.4601
14.5442
14.3633
14.3713
14.4044
14.4661
14.5364
14.4043
14.3953
14.4066
14.4295
14.4695
14.5193
14.445
14.4805
14.4898
14.5046
14.5256
14.5783
14.567
14.5336
287.267
272.148
285.729
279.368
265.75
271.644
259.917
248.632
269.507
279.9
282.668
270.558
261.288
275.697
263.935
256.646
254.245
259.761
253.617
251.951
249.926
247.789
233.67
247.655
242.161
210.528
266.266
255.335
260.452
255.959
247.725
249.648
243.803
238.981
246.715
237.696
236.517
250.404
249.074
246.741
248.628
243.754
232.618
238.591
218.99
198.067
173.79
120.019
253.361
256.19
252.341
246.289
239.933
245.572
238.89
235.123
236.136
234.331
237.165
244.454
250.698
245.727
259.426
238.358
212.891
250.116
220.869
142.284
85.801
150.993
252.716
250.742
241.424
248.8
249.729
234.785
237.807
238.959
239.232
248.517
270.09
253.7
273.229
274.922
236.637
288.772
247.243
173.98
251.238
253.536
255.415
253.281
267.174
278.443
257.858
276.304
251.811
172.892
250.464
258.195
255.319
196.533
190.521
195.365
247.371
236.212
190.683
181.321
168.157
215.106
126.841
244.071
178.738
249.306
244.631
247.66
166.319
167.83
174.827
184.588
184.704
220.508
181.55
92.3211
61.5925
128.43
69.7623
137.411
37.0456
243.296
242.985
243.624
192.205
202.612
201.804
46.8929
27.6327
22.5851
20.8559
20.1233
241.433
238.054
201.413
200.293
190.641
23.5665
44.6861
22.7263
23.0923
22.7631
233.503
173.143
230.801
223.664
224.198
167.687
193.119
141.366
148.922
118.96
189.436
160.003
71.0856
49.0208
79.7647
70.1988
31.0967
212.593
122.402
206.819
185.494
124.621
91.7253
58.6701
179.047
175.234
37.7223
42.4426
28.0904
73.3325
79.9508
27.8319
120.978
111.64
120.582
65.8797
49.8287
61.3998
90.1767
81.235
52.8396
44.5058
34.9279
52.6815
29.1159
92.7781
35.2823
65.6662
70.7914
69.5795
29.234
22.1811
23.6278
20.4267
24.4721
42.2182
21.8761
24.9315
21.2672
22.1705
20.2262
20.8023
21.96
105.969
123.169
118.416
40.7501
57.5296
45.5104
22.5207
22.7902
22.2247
23.0641
22.753
123.263
113.513
61.359
53.1692
47.8211
24.5473
23.5805
24.392
23.9253
23.9102
88.2915
34.8272
99.0369
36.6117
43.3056
24.0016
22.2571
21.4265
20.2133
28.357
34.1482
36.2631
20.5672
23.3779
23.3158
26.0448
25.4493
27.377
19.3821
23.2733
20.8414
19.7005
19.7504
20.0893
20.9491
18.1477
20.6847
20.2228
20.8038
21.908
19.3708
19.8882
35.207
22.3376
27.7035
23.4007
19.9497
20.0962
29.6587
24.0364
23.2392
20.7004
20.6258
24.834
21.6547
20.2638
19.7397
18.5086
18.463
18.2728
19.6947
19.7109
19.774
19.8488
22.1751
20.2802
22.122
20.4985
22.1234
18.7505
21.889
22.4347
21.9174
20.6111
25.7077
22.1808
19.8802
20.6859
20.1775
22.9344
22.7761
22.5665
22.8919
22.6891
24.1114
23.2249
21.6558
20.3027
20.3745
23.1519
23.6992
22.9695
22.5297
23.3322
21.5852
20.5931
19.184
20.7631
19.6605
20.4285
19.7769
20.445
19.8199
22.1262
21.8268
22.8851
19.641
20.938
20.4642
21.0035
21.194
20.0949
20.17
20.6339
20.8098
20.1722
20.3222
20.5214
21.0441
21.6343
20.8662
20.8846
21.2167
20.748
19.3274
19.1428
20.1425
19.2239
19.0788
18.8871
18.9705
18.6446
18.9011
19.1398
18.6369
18.2645
18.4985
19.9889
18.553
19.1751
19.0509
19.2951
19.1688
19.482
19.0549
19.1699
19.0551
19.2573
21.1554
18.0047
19.9239
18.3414
19.0161
17.6002
18.2707
20.7016
18.9607
19.0088
19.5147
19.3495
18.7427
18.9407
18.841
22.0242
22.0842
19.8894
20.2409
21.0937
19.1687
19.3125
19.1115
18.7927
18.9896
21.4858
21.4562
19.6151
20.3525
18.8406
19.7668
19.4193
19.5599
19.7672
19.7392
19.4412
19.388
19.6329
19.8274
19.5613
19.781
19.7403
18.5904
18.2351
19.0456
18.296
18.6032
20.101
20.2184
20.1983
20.3269
20.2041
20.0599
20.2042
20.9707
20.7319
20.3132
20.9004
20.397
20.2495
19.0041
18.9135
18.2501
18.83
18.545
17.6889
18.6644
18.4222
18.0225
17.4255
17.0254
17.0823
15.3483
16.583
15.4017
18.9445
18.8432
19.1505
18.9227
19.1211
18.9402
19.0734
18.8021
19.0281
17.6202
17.2047
17.7627
15.6774
16.2913
17.1929
16.9367
18.0465
17.0192
18.553
18.6934
18.551
18.4489
18.4655
18.359
18.4842
19.672
16.9458
16.7695
15.2368
18.648
18.8946
18.7947
18.5848
18.8132
18.9854
16.9797
16.0509
15.2096
15.3214
19.1894
19.0266
19.295
19.5681
19.9044
18.9613
19.1511
19.3758
19.7435
16.0913
18.1937
16.5936
14.2617
14.4028
15.7319
15.1576
14.638
20.237
19.9668
19.908
20.0175
20.0657
19.7456
19.8356
20.415
19.8347
19.4104
19.322
19.4658
17.3063
18.7928
17.0015
16.567
17.9483
17.2347
15.0087
15.4305
14.6454
14.7953
14.3723
14.259
13.7563
14.1835
14.7488
14.3336
18.6919
17.8461
19.1782
18.663
19.0623
18.1058
17.3305
18.4091
17.5686
14.8441
16.4558
15.0059
13.8932
14.1994
14.1774
13.7823
15.2584
13.9645
18.3599
18.2708
18.2002
18.1071
17.9309
17.9614
13.8155
15.2338
14.9668
14.0921
13.9099
14.0993
14.0147
14.1839
14.1716
14.2903
14.0321
14.1146
14.1057
14.3261
18.5468
18.6635
18.3743
18.4454
18.4548
14.9809
14.3721
14.2613
14.1362
14.0389
14.1142
14.1839
14.3283
14.2018
14.284
14.1562
14.3534
14.1795
14.2647
18.8048
18.4737
18.9066
19.0031
19.2371
18.3856
18.6474
18.3936
18.4808
14.1774
13.8817
14.2243
13.9086
14.2014
13.8415
14.3029
14.2101
19.3531
18.6213
19.5778
19.7231
18.7549
19.1853
19.0814
16.3439
18.6669
15.6995
13.4118
16.5336
13.692
14.2021
13.5385
13.9619
14.0128
13.8708
13.5817
13.6583
13.6623
13.7471
14.0224
13.5928
13.6188
13.7738
14.0438
13.8287
16.1209
13.8657
13.6926
16.4126
13.589
13.5294
13.5978
13.3562
13.0914
13.9823
13.3697
13.7572
13.7887
13.9021
13.5133
13.7858
13.7699
14.1755
13.9228
14.5324
14.0038
14.0891
13.9418
14.0186
17.1742
17.366
17.6466
15.1244
16.1964
16.556
14.125
13.7973
14.1995
13.7893
14.2117
13.8591
14.178
14.1389
14.1719
14.2336
13.8444
14.0567
14.009
14.15
18.277
18.1685
17.1847
17.6739
17.3717
14.2194
14.1639
14.3293
13.9578
14.1662
14.0547
14.2486
14.2875
14.1983
14.2492
14.1182
14.2083
14.1144
14.2231
17.8988
16.4961
18.5566
17.2117
17.269
16.7898
16.6463
15.46
15.2632
14.087
13.8458
14.1341
13.7767
14.0263
13.8743
14.0466
14.364
14.1422
14.3885
14.2331
14.1875
14.2136
17.3888
15.0397
16.3578
15.5789
14.1818
13.1658
13.253
13.4662
13.5152
13.3474
13.3586
13.2979
13.7238
13.3799
13.3363
13.5029
13.5278
13.5191
13.4546
13.4419
13.4503
13.4769
13.5651
13.428
13.419
13.4786
13.6921
13.6223
13.4975
13.1374
13.4159
13.2488
13.382
13.209
13.3145
13.1924
13.3103
13.8114
13.5967
13.6954
13.6285
13.7036
13.5885
13.6163
14.031
14.6913
13.8826
14.7036
13.9852
14.0573
14.1672
14.206
13.3805
14.3665
13.9494
12.9906
13.166
12.9937
14.243
13.9107
14.143
13.7801
14.3548
13.8942
14.1609
14.0666
13.9251
14.1362
13.985
14.2446
13.9449
14.2123
15.0406
15.047
13.5115
13.0826
13.1512
14.1318
13.965
14.2177
13.9048
14.1612
13.8937
14.2203
14.185
14.1302
14.1979
14.0749
14.2282
14.1278
14.2436
14.4065
13.2853
13.1268
13.3213
13.0988
12.9157
13.0834
12.9771
13.1602
13.9736
13.8358
13.9453
13.7096
13.899
13.7694
13.8545
14.4004
13.9108
14.3586
14.2014
14.219
14.2331
13.1298
13.1366
13.1366
13.2324
13.082
13.1782
13.2045
13.3418
13.3162
13.3331
13.3295
13.3143
13.6519
13.349
13.3706
13.421
13.428
13.4149
13.4167
13.4293
13.4013
13.4005
13.459
13.4248
13.3939
13.4553
13.5836
13.5602
13.1413
13.1876
13.3033
13.1924
13.2607
13.2994
13.3285
13.2321
13.2669
13.6335
13.5642
13.6078
13.5519
13.6107
13.5122
13.6056
13.5564
13.1809
13.016
13.0296
13.042
13.0534
13.0641
13.0371
14.7574
13.7976
14.1971
13.4778
14.8214
13.6168
14.1274
14.3362
14.1426
14.3697
14.4341
14.4274
14.2449
14.4042
13.0199
13.0299
13.0636
13.0204
13.0519
14.2386
13.8114
14.3413
13.7246
14.1782
13.5776
14.1942
14.3022
14.1984
14.3042
14.196
14.294
14.2073
14.2858
13.1096
13.11
13.2107
13.1382
13.176
13.0812
13.1842
13.1237
13.1726
13.793
13.6839
13.7485
13.5166
13.697
13.5861
13.6732
13.4511
13.1945
13.1982
13.235
13.247
13.2348
13.2592
13.2695
13.3268
13.341
13.3473
13.3305
13.3443
13.5299
13.3841
13.3823
13.4156
13.4243
13.3999
13.4039
13.4117
13.393
13.3905
13.4453
13.4218
13.3817
13.4279
13.5325
13.498
13.2353
13.2709
13.3557
13.2725
13.2973
13.3522
13.3642
13.2973
13.3246
13.587
13.4616
13.5967
13.4844
13.5714
13.4178
13.5915
13.1346
13.3046
13.1297
13.0948
13.0766
13.188
13.1248
13.1105
13.3982
14.0696
13.0749
13.2037
11.8638
13.0725
13.0854
13.1258
13.1182
13.1095
14.1176
13.1884
13.3516
12.1654
13.106
13.1468
13.147
13.1804
13.173
13.2188
13.1523
13.1689
13.1611
13.1874
13.6149
13.4973
13.5964
13.3427
13.5493
13.4433
13.5434
13.4117
13.2289
13.2217
13.2675
13.2705
13.2653
13.2688
13.2764
13.3239
13.3365
13.3339
13.3184
13.3354
13.4213
13.371
13.3598
13.3904
13.3931
13.3833
13.3793
13.3779
13.3755
13.3674
13.4141
13.3828
13.3579
13.4045
13.4629
13.439
13.2987
13.3162
13.3583
13.3142
13.3367
13.3571
13.353
13.325
13.3358
13.5557
13.3754
13.5789
13.4244
13.5471
13.3523
13.5557
13.417
13.4667
13.2338
13.1611
13.1467
13.2683
13.1968
13.1849
13.2805
12.8383
13.2535
13.3903
13.3668
13.1411
13.1321
13.1666
13.1594
13.1562
12.9962
13.1862
13.4361
13.4294
13.3051
13.1561
13.165
13.1509
13.184
13.1906
13.158
13.1466
13.1925
13.1952
13.4982
13.4055
13.4953
13.3097
13.4617
13.3794
13.4656
13.4267
13.2312
13.2349
13.274
13.2824
13.2739
13.2808
13.288
13.3164
13.3305
13.323
13.3079
13.3266
13.3657
13.3539
13.3489
13.3697
13.3669
13.3666
13.3619
13.3563
13.3554
13.3532
13.397
13.3654
13.3485
13.3818
13.4204
13.4033
13.3244
13.3286
13.3482
13.3283
13.3295
13.3527
13.3406
13.3252
13.3305
13.5334
13.3403
13.5297
13.3914
13.5169
13.3336
13.5056
13.4695
13.4513
13.2949
13.2359
13.2217
13.3122
13.2748
13.2558
13.4278
13.4027
13.3669
13.416
13.3881
13.1887
13.1903
13.229
13.2255
13.2267
13.4536
13.3778
13.4603
13.4453
13.3969
13.1845
13.2149
13.1536
13.2065
13.2113
13.1861
13.174
13.2264
13.2344
13.4362
13.3576
13.4449
13.2935
13.4157
13.3343
13.4282
13.4179
13.2459
13.2586
13.2862
13.2906
13.2777
13.2882
13.2908
13.2957
13.3201
13.3078
13.2828
13.3131
13.3278
13.3409
13.3232
13.3523
13.3439
13.3454
13.3292
13.321
13.3248
13.3449
13.3603
13.3377
13.3341
13.3456
13.3825
13.3594
13.3298
13.3211
13.3302
13.3256
13.3272
13.324
13.3107
13.3217
13.3092
13.4873
13.3175
13.4739
13.3408
13.4547
13.2867
13.4379
13.4191
13.3841
13.3301
13.312
13.2884
13.3368
13.3367
13.318
13.3914
13.383
13.3315
13.3683
13.374
13.256
13.2549
13.2848
13.2803
13.2748
13.4248
13.3927
13.3991
13.4157
13.3838
13.2425
13.2636
13.1986
13.2446
13.2477
13.239
13.2196
13.2605
13.2582
13.3967
13.3119
13.4083
13.2558
13.3785
13.2895
13.3889
13.3891
13.2666
13.2734
13.2878
13.2888
13.2799
13.2855
13.285
13.2703
13.3019
13.2854
13.2587
13.2917
13.2907
13.2862
13.2339
13.2973
13.2869
13.2943
13.2657
13.2508
13.2643
13.3005
13.3231
13.2688
13.2722
13.29
13.3297
13.2922
13.2998
13.2606
13.279
13.3045
13.298
13.2584
13.2447
13.2587
13.2614
13.4157
13.2469
13.3938
13.2636
13.3751
13.2071
13.3448
13.3523
13.3187
13.3161
13.3363
13.323
13.2745
13.3098
13.2964
13.3511
13.3497
13.2808
13.3314
13.3264
13.2902
13.2835
13.2891
13.2833
13.2787
13.3948
13.372
13.3371
13.3684
13.358
13.2742
13.2733
13.234
13.2694
13.2647
13.2619
13.2425
13.2709
13.2636
13.3626
13.2695
13.3688
13.2182
13.3502
13.248
13.3515
13.3534
13.2763
13.2757
13.2819
13.2802
13.2757
13.2771
13.2744
13.2467
13.2818
13.2654
13.2345
13.2737
13.256
13.1412
13.0268
13.2304
13.1767
13.2249
13.1779
13.0644
13.1687
13.2518
13.2584
13.206
13.2163
13.2202
13.2586
13.2284
13.2135
13.1596
13.171
13.2005
13.1866
13.0873
13.0246
13.1248
13.0829
13.3293
13.1731
13.295
13.1956
13.2861
13.1412
13.249
13.2799
13.2392
13.2349
13.2693
13.2588
13.1937
13.2268
13.2189
13.3024
13.3024
13.2277
13.2682
13.276
13.2646
13.264
13.2413
13.2379
13.2426
13.3409
13.3378
13.2805
13.3203
13.3175
13.2625
13.2455
13.2413
13.2649
13.2592
13.2436
13.2312
13.2547
13.2482
13.3294
13.2245
13.3267
13.1711
13.2893
13.1902
13.2903
13.2951
13.2704
13.2619
13.2705
13.2665
13.2618
13.2627
13.2568
13.2203
13.2647
13.2456
13.2027
13.2542
13.2084
12.9261
12.835
13.1105
12.947
13.1029
13.0441
12.8943
13.0394
13.1636
13.1776
13.1059
13.1054
13.1409
13.19
13.148
13.0944
13.0223
12.8983
13.0439
12.9706
12.8972
12.8146
12.9555
12.8612
13.2423
13.1071
13.2105
13.1198
13.1969
13.068
13.1692
13.2026
13.1686
13.1495
13.1852
13.1774
13.106
13.1435
13.1353
13.2324
13.2415
13.1676
13.1928
13.2064
13.2082
13.2189
13.1798
13.1775
13.1949
13.288
13.2884
13.215
13.2467
13.2471
13.2267
13.2075
13.215
13.2423
13.2347
13.2119
13.1945
13.2317
13.2199
13.2341
13.1443
13.2399
13.0756
13.1696
13.089
13.1829
13.1983
13.2509
13.24
13.253
13.2441
13.2407
13.243
13.2318
13.1819
13.2417
13.2257
13.1629
13.2298
13.1355
12.8098
12.8453
12.9998
12.901
12.9914
12.9766
12.9263
12.9654
13.056
13.0964
13.0166
13.0234
13.0568
13.1061
13.0595
12.955
12.9093
12.7709
12.8738
12.7775
12.8327
12.76
12.8115
12.7301
13.1503
13.0226
13.1266
13.0486
13.1042
12.9712
13.0801
13.127
13.086
13.0693
13.1064
13.0951
13.0272
13.0813
13.0743
13.1461
13.1658
13.1004
13.1007
13.1267
13.1511
13.1767
13.1331
13.1297
13.1628
13.2008
13.1917
13.109
13.1536
13.1284
13.1936
13.1837
13.1762
13.2217
13.2069
13.1933
13.1602
13.2197
13.1985
13.0989
13.0291
13.1191
12.9197
13.0312
12.9618
13.0542
13.0693
13.2286
13.223
13.2328
13.2195
13.2192
13.2266
13.2107
13.1525
13.2173
13.2157
13.1624
13.207
13.0623
12.8954
12.9523
12.9713
12.9534
12.9589
12.9594
12.9853
12.9491
13.0032
13.0441
12.9851
12.986
13.0306
13.0257
13.0067
12.8911
12.9036
12.7724
12.7869
12.718
12.8573
12.7971
12.7912
12.73
13.0544
12.9201
13.0275
12.9937
13.0275
12.8765
12.9852
13.05
13.0153
13.0006
13.0687
13.0682
12.9964
13.0769
13.0744
13.0694
13.0946
13.0567
13.0603
13.0838
13.1247
13.1647
13.1297
13.1256
13.1735
13.1028
13.0623
13.0015
13.0616
13.0115
13.1872
13.1977
13.1543
13.2252
13.1982
13.2077
13.1564
13.2416
13.2077
12.9619
12.9204
12.9975
12.7541
12.9086
12.9258
12.9678
12.9533
13.2212
13.2325
13.223
13.2062
13.2091
13.2273
13.2073
13.1804
13.1956
13.1956
13.231
13.1883
13.0582
13.007
13.0479
12.9415
13.0166
12.933
12.947
13.0459
12.9346
12.9744
12.9989
12.982
12.9731
12.9777
12.9896
12.9925
12.9337
12.9811
12.8245
12.8206
12.7582
12.9382
12.8499
12.8612
12.7847
13.0298
12.8583
12.9799
12.9861
13.0322
12.8644
13.0164
13.0204
13.0678
13.0163
13.1042
13.0992
13.0583
13.1461
13.1421
13.0773
13.115
13.1223
13.1543
13.2113
13.155
13.203
13.1913
13.1897
13.241
13.0469
12.9873
13.0385
13.1091
13.0159
13.2304
13.2719
13.1779
13.2725
13.2336
13.2813
13.2051
13.3134
13.2692
12.8907
12.9635
12.9808
12.8059
12.9049
13.0286
13.0179
12.9598
13.2524
13.2868
13.2374
13.2223
13.238
13.254
13.2389
13.2731
13.1913
13.1884
13.2909
13.1987
13.1334
13.0854
13.1217
12.9686
13.0719
12.9573
12.9919
13.097
12.9883
12.9733
12.9776
12.9949
12.975
12.9865
13.019
13.055
13.041
13.1125
12.8934
12.9166
12.8032
13.0611
12.9463
12.9796
12.8306
13.0732
12.8877
13.0748
13.0734
13.1485
12.9214
13.1575
13.1377
13.2395
13.1217
13.2126
13.2055
13.1987
13.2819
13.2731
13.2599
13.3203
13.3252
13.4253
13.4977
13.244
13.2931
13.3017
13.3013
13.3464
13.2216
13.0818
13.2896
13.3797
13.2005
13.3316
13.3909
13.2603
13.369
13.3251
13.3982
13.3158
13.4267
13.3848
12.9745
13.116
13.0841
13.0362
13.0832
13.1887
13.1588
13.1447
13.3327
13.3905
13.2861
13.2815
13.3247
13.3187
13.3163
13.2999
13.226
13.2439
13.2965
13.2535
13.3074
13.1679
13.2359
13.0272
13.1333
13.0285
13.0925
13.1914
13.0885
12.9907
13.019
13.0688
13.0329
13.0833
13.1116
13.2012
13.202
13.3127
13.0181
13.0616
12.873
13.2387
13.112
13.1609
12.9483
13.2208
13.002
13.2597
13.2448
13.3261
13.1078
13.3628
13.3451
13.3986
13.2888
13.3591
13.355
13.3815
13.4359
13.4377
13.4838
13.574
13.412
13.4342
13.4833
13.3662
13.4016
13.4288
13.4283
13.4517
13.6337
13.312
13.6196
13.7166
13.3994
13.4514
13.5008
13.3876
13.488
13.4534
13.5108
13.4517
13.5408
13.5143
13.204
13.1973
13.2221
13.269
13.3172
13.224
13.2859
13.365
13.4541
13.5166
13.3807
13.3807
13.4609
13.4369
13.4409
13.3159
13.3065
13.3432
13.3378
13.355
13.2914
13.3319
13.4553
13.181
13.275
13.1736
13.2906
13.3726
13.2798
13.1126
13.1709
13.2384
13.2183
13.2514
13.2637
13.2911
13.4414
13.5717
13.2313
13.2838
13.0647
13.4902
13.3734
13.4165
13.2255
13.4526
13.1876
13.4917
13.3479
13.5339
13.2625
13.6508
13.4479
13.5636
13.4743
13.507
13.5141
13.5623
13.5687
13.581
13.3919
13.434
13.5108
13.3846
13.4169
13.4885
13.4963
13.5404
13.5403
13.5347
13.5961
13.4693
13.4943
13.5089
13.4842
13.543
13.5732
13.5118
13.5855
13.5675
13.5835
13.5564
13.6142
13.6077
13.4165
13.287
13.3691
13.448
13.4752
13.3675
13.4419
13.4854
13.5701
13.6141
13.5035
13.5052
13.5798
13.5604
13.56
13.3982
13.4434
13.488
13.4494
13.5164
13.3776
13.5991
13.7468
13.4213
13.496
13.4095
13.5919
13.6713
13.5679
13.3544
13.3363
13.5429
13.5328
13.4783
13.3554
13.4188
13.6894
13.7577
13.53
13.5454
13.4141
13.752
13.6813
13.6512
13.5888
13.6175
13.2948
13.8273
13.2185
13.6136
13.1613
13.7779
13.8625
13.9586
13.6382
13.6187
13.6348
13.6968
13.6545
13.6697
13.4395
13.4322
13.6425
13.4285
13.4307
13.5824
13.5653
13.6152
13.6141
13.587
13.4326
13.393
13.299
13.3528
13.2786
13.5977
13.6159
13.5902
13.6341
13.6338
13.6228
13.6142
13.6462
13.653
13.5139
13.4468
13.5024
13.5553
13.54
13.5176
13.5459
13.4238
13.6415
13.662
13.6099
13.6109
13.6576
13.6438
13.6469
13.523
13.591
13.6098
13.5789
13.6442
13.5108
13.9011
14.0344
13.8205
13.8758
13.7956
14.0641
14.0511
14.0437
13.7483
13.6529
14.0536
14.0485
13.9846
13.3263
13.458
13.7694
13.7663
13.8277
13.7285
13.7118
13.8967
13.956
13.7687
13.79
13.4444
12.9744
13.5671
12.9352
13.2378
12.9881
13.4896
13.7316
13.5808
13.7279
13.677
13.6899
13.7343
13.6896
13.7002
13.4201
13.438
13.5175
13.4361
13.4546
13.636
13.6039
13.6525
13.6517
13.6178
13.3389
13.265
13.3423
13.3669
13.3436
13.6312
13.6437
13.6292
13.656
13.6639
13.6459
13.6426
13.6625
13.6712
13.5672
13.5675
13.574
13.5879
13.5773
13.5998
13.5908
13.4825
13.674
13.6816
13.6641
13.6704
13.6901
13.676
13.6854
13.632
13.6818
13.6748
13.6695
13.7095
13.6214
14.1171
14.1408
14.24
14.16
14.1962
14.3008
14.193
14.2417
14.28
14.2896
14.3426
14.3413
14.3912
13.8491
14.2064
13.7604
13.755
14.023
13.7714
13.8293
13.88
14.0276
13.7638
13.8402
13.4179
13.3351
13.5713
13.8999
13.6946
13.6605
13.6794
13.5949
13.6586
13.7327
13.6979
13.7061
13.7316
13.7071
13.7121
13.503
13.5077
13.5841
13.5656
13.559
13.6647
13.6316
13.675
13.6747
13.6469
13.4287
13.4881
13.4931
13.4987
13.5991
13.655
13.6662
13.6551
13.6686
13.6762
13.6645
13.6671
13.6741
13.6811
13.5959
13.6244
13.6183
13.6281
13.6414
13.6601
13.6606
13.5935
13.6868
13.6912
13.6793
13.693
13.7021
13.6802
13.6971
13.6977
13.7282
13.705
13.7152
13.7401
13.695
14.1154
14.066
14.2667
14.1679
14.2114
14.1776
14.1123
14.144
14.2761
14.3183
14.1921
14.1798
14.1889
14.2606
14.1539
13.7531
13.7555
14.0016
13.7601
13.8331
13.8393
13.9673
13.7635
13.8145
13.8488
13.8056
13.7587
14.0225
13.8846
13.8485
13.7862
13.7174
13.7516
13.7308
13.7155
13.7182
13.7319
13.7224
13.7242
13.62
13.6076
13.6805
13.6551
13.6443
13.6844
13.6633
13.7018
13.6939
13.6796
13.5606
13.6301
13.6037
13.6011
13.6392
13.6779
13.6906
13.6787
13.6813
13.6873
13.6852
13.6899
13.6894
13.6957
13.679
13.6835
13.6784
13.6666
13.6659
13.6856
13.6686
13.6951
13.6957
13.7014
13.6792
13.6987
13.7078
13.6835
13.7003
13.7237
13.7444
13.711
13.7253
13.7409
13.7252
14.0113
13.9613
14.0901
14.0476
14.0696
14.0165
13.9876
14.0029
14.0889
14.0753
14.0191
14.0139
13.9959
14.044
13.9701
13.7612
13.7699
13.9333
13.7747
13.798
13.8341
13.9036
13.7876
13.7874
13.8754
13.8589
13.7931
13.9142
13.8516
13.8471
13.785
13.7672
13.7702
13.7338
13.7296
13.7307
13.741
13.7374
13.7375
13.674
13.6704
13.7227
13.6903
13.6904
13.7042
13.695
13.7248
13.717
13.7097
13.629
13.6413
13.6503
13.6545
13.6496
13.7041
13.7184
13.701
13.6986
13.703
13.709
13.7121
13.7099
13.7129
13.6342
13.6924
13.6602
13.6681
13.6373
13.6864
13.6629
13.6625
13.7082
13.7175
13.6898
13.7044
13.7179
13.7015
13.7128
13.7234
13.7333
13.7114
13.7232
13.7298
13.7085
13.92
13.8884
13.9586
13.9379
13.948
13.915
13.9006
13.906
13.9549
13.9386
13.9168
13.9134
13.8999
13.9217
13.8904
13.7824
13.798
13.8787
13.8002
13.7828
13.8408
13.8591
13.8132
13.7838
13.8305
13.8308
13.7779
13.8494
13.8143
13.8136
13.7715
13.7691
13.7674
13.7522
13.7473
13.746
13.7694
13.7597
13.7568
13.7086
13.7095
13.7448
13.7273
13.7272
13.7303
13.7254
13.747
13.7438
13.7418
13.6838
13.6693
13.7051
13.7076
13.6934
13.7336
13.747
13.722
13.7224
13.7239
13.7385
13.7354
13.7347
13.7352
13.6627
13.6857
13.6786
13.6846
13.6891
13.6919
13.6951
13.6984
13.728
13.739
13.7134
13.7243
13.7395
13.7311
13.7413
13.7241
13.7316
13.7241
13.7324
13.7397
13.7137
13.8655
13.8497
13.8827
13.875
13.8751
13.8599
13.8589
13.8538
13.8852
13.8722
13.867
13.8657
13.8496
13.8692
13.8506
13.8131
13.8221
13.8445
13.8253
13.789
13.8371
13.8341
13.8314
13.7946
13.8064
13.8025
13.7711
13.8222
13.8028
13.7936
13.7731
13.7676
13.7696
13.7902
13.7719
13.7673
13.8119
13.7915
13.7888
13.7439
13.7432
13.7627
13.759
13.7578
13.7564
13.7567
13.7661
13.7635
13.7639
13.7321
13.7254
13.7549
13.7534
13.756
13.7624
13.7734
13.7492
13.7487
13.7466
13.7686
13.7606
13.7617
13.7575
13.7135
13.7071
13.7125
13.7178
13.7371
13.729
13.732
13.7492
13.7498
13.76
13.7533
13.7618
13.7597
13.7677
13.7778
13.7449
13.748
13.7553
13.7618
13.7668
13.7477
13.8393
13.8325
13.8445
13.8493
13.839
13.8357
13.8434
13.8311
13.8517
13.8329
13.8439
13.8427
13.8202
13.8356
13.8245
13.8238
13.8201
13.8267
13.8306
13.7982
13.8256
13.8213
13.8246
13.7984
13.8019
13.7888
13.7813
13.8098
13.7996
13.7859
13.7872
13.7746
13.7794
13.8209
13.8097
13.808
13.8166
13.8146
13.8119
13.7724
13.7718
13.7794
13.7834
13.7826
13.7704
13.7639
13.782
13.7777
13.7674
13.7736
13.7793
13.7926
13.789
13.7967
13.7786
13.7847
13.7718
13.7741
13.7702
13.7933
13.7815
13.7851
13.7832
13.7599
13.7562
13.7609
13.7676
13.7821
13.7913
13.7883
13.7965
13.7726
13.7819
13.7756
13.7871
13.7799
13.7814
13.7896
13.767
13.7885
13.7961
13.782
13.8023
13.788
13.8277
13.8247
13.8313
13.839
13.828
13.8316
13.8349
13.8309
13.8361
13.8133
13.836
13.8324
13.8111
13.8147
13.8071
13.8139
13.8091
13.8171
13.8156
13.7951
13.8153
13.815
13.8088
13.7913
13.7978
13.789
13.7932
13.7944
13.7941
13.7876
13.7958
13.7843
13.7892
13.8108
13.8068
13.8065
13.8079
13.8001
13.8003
13.7934
13.7927
13.7949
13.8006
13.7999
13.785
13.7721
13.7919
13.7865
13.7801
13.8023
13.8109
13.8152
13.8114
13.8194
13.79
13.7938
13.7911
13.7886
13.7919
13.8039
13.7987
13.8045
13.7998
13.7987
13.8187
13.8069
13.8117
13.8112
13.8331
13.8187
13.8267
13.7916
13.8009
13.784
13.7887
13.7983
13.7902
13.7856
13.8195
13.8099
13.8201
13.8418
13.8223
13.8508
13.8242
13.8249
13.8339
13.8329
13.8379
13.835
13.8332
13.8439
13.8312
13.8133
13.8397
13.8329
13.8203
13.8028
13.8024
13.8089
13.8106
13.8157
13.8065
13.7909
13.817
13.819
13.8087
13.7955
13.7913
13.7862
13.7978
13.7823
13.7898
13.7824
13.7968
13.7937
13.7972
13.809
13.7998
13.7999
13.813
13.8058
13.806
13.8059
13.8055
13.804
13.8097
13.8091
13.7895
13.7867
13.798
13.8007
13.7936
13.8177
13.8256
13.8248
13.8212
13.8285
13.7983
13.8023
13.8063
13.8236
13.8207
13.8041
13.8034
13.8247
13.8345
13.8207
13.8354
13.8271
13.8281
13.8306
13.833
13.8349
13.8395
13.8148
13.8257
13.8013
13.8018
13.8184
13.8138
13.8167
13.8407
13.8225
13.8219
13.838
13.827
13.8475
13.8271
13.8306
13.8369
13.8336
13.8473
13.84
13.8346
13.8489
13.8367
13.8298
13.8512
13.8418
13.841
13.8062
13.8129
13.8145
13.8206
13.8237
13.8129
13.8044
13.8238
13.8276
13.8181
13.8149
13.7904
13.7781
13.7952
13.7861
13.7954
13.7763
13.7949
13.8
13.8017
13.8182
13.816
13.8165
13.8234
13.8259
13.8231
13.8119
13.8113
13.8085
13.8131
13.8124
13.8139
13.8031
13.8245
13.8264
13.8153
13.8227
13.8293
13.8251
13.8226
13.8288
13.8025
13.8055
13.7926
13.8226
13.833
13.7874
13.7894
13.8203
13.8254
13.838
13.8354
13.842
13.8365
13.8432
13.8352
13.8462
13.8443
13.829
13.8253
13.8235
13.8294
13.8269
13.829
13.8368
13.8382
13.8311
13.8218
13.84
13.8311
13.8458
13.8331
13.8331
13.844
13.8357
13.8508
13.8465
13.8348
13.8492
13.8461
13.8511
13.857
13.8496
13.859
13.8205
13.8275
13.8244
13.8254
13.831
13.8232
13.8213
13.8303
13.8307
13.8258
13.8177
13.8039
13.7766
13.7969
13.8061
13.8119
13.7832
13.802
13.8037
13.8069
13.825
13.831
13.8249
13.8262
13.8328
13.8214
13.8136
13.8132
13.8108
13.8143
13.8133
13.8358
13.8203
13.8353
13.8301
13.8205
13.8215
13.8265
13.8214
13.8204
13.8243
13.8096
13.8128
13.7845
13.8222
13.8207
13.7968
13.7821
13.8259
13.8176
13.8445
13.837
13.8477
13.8353
13.8431
13.8394
13.8473
13.8409
13.82
13.8172
13.827
13.8366
13.8241
13.8241
13.8324
13.838
13.8295
13.8228
13.8361
13.8301
13.8427
13.8317
13.831
13.8462
13.8345
13.8449
13.8455
13.8348
13.8429
13.8525
13.8636
13.8564
13.8548
13.8645
13.8343
13.8416
13.8205
13.8041
13.8274
13.8215
13.8083
13.8218
13.8232
13.8073
13.8
13.8186
13.7903
13.8082
13.8255
13.8264
13.7983
13.8145
13.8113
13.8162
13.8242
13.8386
13.8334
13.8176
13.8407
13.8459
13.8156
13.8148
13.8151
13.8173
13.8167
13.8275
13.8242
13.8394
13.8318
13.8326
13.8198
13.8217
13.8203
13.8208
13.8215
13.8203
13.8287
13.7817
13.8299
13.8132
13.8242
13.7802
13.8328
13.8092
13.8397
13.8404
13.8445
13.8321
13.837
13.8416
13.8413
13.8351
13.8162
13.8153
13.8227
13.8298
13.8194
13.8229
13.828
13.8341
13.8296
13.8232
13.8318
13.8286
13.8408
13.832
13.8348
13.8446
13.8358
13.8422
13.8434
13.8365
13.8415
13.8556
13.8631
13.8528
13.8551
13.8608
13.8474
13.8497
13.7958
13.7981
13.8228
13.7943
13.8006
13.8164
13.8275
13.7912
13.8143
13.8351
13.8049
13.8187
13.8406
13.8412
13.8129
13.8235
13.8214
13.8277
13.8096
13.8425
13.8454
13.8049
13.8396
13.8406
13.821
13.8207
13.8241
13.8262
13.8259
13.8336
13.837
13.8364
13.8354
13.8356
13.824
13.8241
13.8275
13.8289
13.8294
13.8326
13.8342
13.7889
13.8345
13.808
13.8264
13.81
13.8392
13.8204
13.8362
13.8423
13.8398
13.8313
13.8366
13.8446
13.8403
13.8367
13.8236
13.8378
13.8271
13.8304
13.8273
13.8324
13.8353
13.8318
13.8295
13.8286
13.8327
13.8328
13.8409
13.8376
13.8396
13.8422
13.8374
13.8408
13.8422
13.8377
13.8417
13.8532
13.8587
13.8496
13.8516
13.8577
13.851
13.8519
13.8058
13.8138
13.8318
13.7944
13.826
13.8237
13.8367
13.7986
13.8241
13.8458
13.8205
13.8313
13.8517
13.8504
13.8285
13.8415
13.8359
13.8454
13.8072
13.8323
13.8343
13.8127
13.827
13.8303
13.8332
13.8332
13.8382
13.841
13.8411
13.8387
13.8331
13.8321
13.84
13.8316
13.8364
13.8379
13.8426
13.8442
13.8464
13.838
13.8413
13.8339
13.8454
13.835
13.8351
13.8445
13.8506
13.8442
13.8403
13.848
13.8434
13.8382
13.8452
13.8506
13.848
13.8474
13.8503
13.8583
13.839
13.8414
13.8377
13.8447
13.8476
13.837
13.8387
13.8417
13.8413
13.8437
13.8485
13.8409
13.8455
13.8443
13.8387
13.8431
13.8512
13.8434
13.8479
13.8515
13.8577
13.8583
13.8539
13.8597
13.8567
13.8623
13.8214
13.8299
13.8393
13.8028
13.8187
13.8399
13.8391
13.811
13.8204
13.8561
13.8374
13.8529
13.86
13.8633
13.8482
13.8643
13.8555
13.8652
13.8189
13.8255
13.8285
13.826
13.8268
13.8295
13.85
13.8503
13.8552
13.8584
13.8587
13.839
13.8351
13.8326
13.8367
13.8397
13.8529
13.8564
13.859
13.8606
13.8642
13.8454
13.8491
13.8447
13.8539
13.8506
13.8464
13.8437
13.8567
13.8545
13.8529
13.8555
13.8545
13.8517
13.8602
13.8613
13.8613
13.863
13.8633
13.865
13.8514
13.855
13.8594
13.8587
13.863
13.8487
13.8501
13.8564
13.8552
13.8575
13.8606
13.8569
13.8718
13.8606
13.8538
13.8573
13.8749
13.8711
13.8719
13.8611
13.8645
13.8845
13.8753
13.8758
13.8702
13.8812
13.8394
13.851
13.8454
13.8233
13.8266
13.8672
13.8577
13.8386
13.833
13.8716
13.8642
13.874
13.8757
13.8795
13.8808
13.8819
13.8741
13.8815
13.8334
13.83
13.8321
13.8425
13.8348
13.8367
13.8671
13.8671
13.8718
13.8738
13.8738
13.8368
13.8424
13.8373
13.8377
13.8449
13.8676
13.8713
13.8719
13.8731
13.8764
13.8512
13.8526
13.8456
13.86
13.8587
13.8516
13.8484
13.8624
13.8613
13.8681
13.8672
13.8681
13.8663
13.8741
13.873
13.874
13.8756
13.8667
13.8683
13.8657
13.8695
13.8722
13.87
13.8742
13.8625
13.8643
13.8694
13.8684
13.8698
13.8728
13.8876
13.9014
13.8915
13.8896
13.8881
13.9054
13.9018
13.9015
13.8933
13.894
13.913
13.9071
13.9066
13.8921
13.8991
13.8648
13.8793
13.8723
13.858
13.8458
13.8949
13.8847
13.8781
13.8681
13.8873
13.8909
13.8884
13.8906
13.8932
13.9003
13.8946
13.8881
13.8935
13.854
13.842
13.8466
13.8667
13.8573
13.862
13.8801
13.8797
13.885
13.8849
13.8845
13.8472
13.8522
13.8643
13.8631
13.862
13.8775
13.8798
13.8807
13.8812
13.8825
13.856
13.8615
13.8529
13.8629
13.863
13.8538
13.8566
13.8633
13.8634
13.8793
13.8782
13.879
13.8779
13.8828
13.8823
13.8831
13.8825
13.869
13.8693
13.8734
13.8767
13.8741
13.8752
13.8787
13.874
13.8743
13.8771
13.8776
13.8775
13.8819
13.9106
13.9104
13.9152
13.9109
13.9132
13.9155
13.9148
13.9189
13.9167
13.912
13.9198
13.9193
13.9128
13.9047
13.9084
13.8903
13.8967
13.9003
13.8958
13.8867
13.9055
13.908
13.9025
13.8976
13.8983
13.9066
13.8994
13.8984
13.9031
13.9094
13.9036
13.8982
13.9021
13.878
13.8754
13.8765
13.8866
13.8859
13.8857
13.8894
13.8889
13.8949
13.8933
13.8923
13.8754
13.8725
13.8891
13.8827
13.8875
13.8842
13.8847
13.8872
13.8869
13.887
13.8668
13.8776
13.8593
13.8665
13.8653
13.8701
13.8618
13.8741
13.8688
13.886
13.8856
13.8864
13.885
13.8891
13.8883
13.8898
13.8886
13.8701
13.873
13.8773
13.8797
13.8737
13.8779
13.8808
13.8812
13.8796
13.8801
13.8828
13.8811
13.8871
13.9139
13.923
13.92
13.9199
13.9209
13.9228
13.9257
13.9214
13.9196
13.9136
13.9187
13.9179
13.91
13.9109
13.9093
13.9011
13.9045
13.9123
13.9066
13.9044
13.9166
13.916
13.9094
13.9069
13.9067
13.9097
13.9065
13.9058
13.9087
13.909
13.9083
13.905
13.9065
13.8927
13.8917
13.8909
13.8967
13.8964
13.8948
13.8958
13.8946
13.9014
13.8981
13.8968
13.8901
13.8991
13.8984
13.8968
13.9001
13.8896
13.8892
13.8936
13.8922
13.8913
13.8832
13.8911
13.8681
13.8823
13.8749
13.8895
13.8769
13.8931
13.8844
13.8924
13.8901
13.8932
13.8881
13.8952
13.8912
13.8967
13.8955
13.8784
13.8863
13.88
13.8822
13.8799
13.8836
13.8854
13.8839
13.8825
13.8833
13.8845
13.8849
13.8891
13.9229
13.9155
13.9182
13.9235
13.9175
13.9136
13.9179
13.9131
13.9123
13.9062
13.9113
13.9085
13.9048
13.9067
13.9065
13.905
13.9053
13.9151
13.9083
13.9066
13.9104
13.9106
13.9046
13.9033
13.91
13.9081
13.9088
13.9077
13.9094
13.9074
13.9082
13.9071
13.9075
13.9006
13.9014
13.8985
13.9051
13.9071
13.9027
13.9
13.8989
13.9054
13.9021
13.901
13.9023
13.9009
13.9069
13.9061
13.9058
13.8952
13.8934
13.9007
13.8983
13.8953
13.9148
13.9294
13.8883
13.9024
13.8983
13.921
13.9007
13.9159
13.9079
13.8978
13.8928
13.9004
13.8916
13.9008
13.8941
13.9041
13.9033
13.8956
13.9032
13.8891
13.89
13.8948
13.8966
13.8959
13.886
13.8885
13.8906
13.89
13.8924
13.892
13.9095
13.9084
13.9106
13.9124
13.9102
13.9096
13.9097
13.9088
13.9069
13.9048
13.9066
13.9067
13.9055
13.9078
13.9073
13.9065
13.9097
13.905
13.9029
13.8983
13.9082
13.9003
13.904
13.8993
13.9079
13.9074
13.9078
13.9071
13.9076
13.9077
13.9077
13.908
13.9087
13.9101
13.9137
13.9085
13.9153
13.9206
13.9147
13.9037
13.9034
13.9087
13.9059
13.9061
13.9082
13.9109
13.9129
13.9101
13.9165
13.9019
13.8976
13.9102
13.9055
13.9
13.9265
13.9223
13.9015
13.9255
13.913
13.9154
13.8982
13.9214
13.9172
13.9032
13.8963
13.9076
13.8957
13.9059
13.8967
13.9099
13.9097
13.9082
13.9103
13.9027
13.9004
13.9134
13.9115
13.9081
13.8929
13.8944
13.8983
13.8978
13.9013
13.8969
13.9081
13.907
13.9082
13.9086
13.9079
13.9066
13.9081
13.9068
13.9074
13.9062
13.9074
13.9081
13.9065
13.9076
13.9082
13.9142
13.9191
13.9032
13.9063
13.9057
13.9129
13.9054
13.9112
13.9127
13.9078
13.9089
13.9082
13.9078
13.9079
13.909
13.9082
13.9094
13.9099
13.9196
13.9269
13.9199
13.9214
13.9314
13.9239
13.9078
13.9087
13.911
13.9097
13.9113
13.914
13.9208
13.9222
13.919
13.926
13.9086
13.903
13.9184
13.9118
13.9064
13.9236
13.9279
13.8967
13.9223
13.9205
13.9161
13.8992
13.9256
13.9229
13.9071
13.898
13.9107
13.8967
13.9083
13.9007
13.9115
13.9134
13.9262
13.936
13.9198
13.913
13.9326
13.9253
13.9195
13.9055
13.9103
13.9109
13.9137
13.9182
13.9108
13.9071
13.9074
13.9059
13.907
13.9055
13.9051
13.9073
13.9045
13.9078
13.906
13.9072
13.9066
13.9057
13.9083
13.9079
13.9217
13.9148
13.9032
13.9144
13.9183
13.9071
13.9037
13.9089
13.9162
13.9079
13.9097
13.9086
13.9074
13.9078
13.91
13.9086
13.9102
13.9102
13.9205
13.9327
13.9249
13.9153
13.9291
13.9216
13.911
13.9124
13.9121
13.9115
13.9121
13.9227
13.9305
13.9253
13.9229
13.9331
13.9149
13.9102
13.9213
13.9158
13.9128
13.9311
13.934
13.8995
13.9278
13.9209
13.9212
13.901
13.9308
13.919
13.9079
13.9022
13.9107
13.8962
13.9073
13.8996
13.9098
13.9143
13.9314
13.9282
13.9246
13.9213
13.9266
13.9202
13.922
13.9178
13.9205
13.9054
13.9185
13.9186
13.9134
13.9041
13.9018
13.9038
13.9053
13.9027
13.9017
13.904
13.8996
13.9047
13.9053
13.9042
13.9022
13.9047
13.9069
13.9058
13.8965
13.872
13.9013
13.8929
13.9084
13.8812
13.894
13.8663
13.8938
13.9073
13.9099
13.9082
13.9054
13.9063
13.9086
13.907
13.9096
13.9084
13.9028
13.919
13.9121
13.8849
13.903
13.8968
13.9117
13.9121
13.9096
13.9109
13.9112
13.918
13.9323
13.9123
13.9091
13.9265
13.9157
13.9146
13.9178
13.9137
13.9158
13.9344
13.9303
13.9019
13.9317
13.918
13.9212
13.9015
13.9302
13.9166
13.906
13.895
13.9077
13.8888
13.9041
13.89
13.9055
13.9132
13.9266
13.9236
13.9139
13.9197
13.9145
13.9048
13.9171
13.916
13.9124
13.8875
13.9089
13.9036
13.904
13.8981
13.8921
13.8995
13.9034
13.8979
13.8979
13.9025
13.8978
13.8995
13.9036
13.8991
13.8976
13.9012
13.9041
13.9021
13.8465
13.8299
13.8835
13.8279
13.8714
13.8321
13.8727
13.7995
13.8487
13.9049
13.9072
13.9053
13.9021
13.903
13.9054
13.9032
13.907
13.9051
13.8666
13.8843
13.8796
13.8512
13.8669
13.8629
13.9097
13.9098
13.9064
13.908
13.9084
13.8995
13.9173
13.8913
13.8894
13.9084
13.9117
13.9153
13.9111
13.9095
13.9143
13.9234
13.917
13.8998
13.9268
13.9137
13.9165
13.8969
13.9235
13.9092
13.9037
13.8851
13.9028
13.8862
13.9053
13.8821
13.9013
13.9146
13.9198
13.9152
13.8975
13.9124
13.902
13.8898
13.9058
13.9015
13.8955
13.8715
13.8949
13.8876
13.8931
13.8858
13.8824
13.8969
13.9006
13.8962
13.8944
13.8985
13.8938
13.8949
13.8973
13.8933
13.8918
13.8935
13.8992
13.896
13.828
13.8402
13.8667
13.8004
13.8325
13.8388
13.8672
13.8209
13.831
13.9007
13.903
13.9011
13.8968
13.8984
13.8998
13.8987
13.9032
13.9008
13.8447
13.8575
13.8527
13.8451
13.8542
13.8496
13.9061
13.9067
13.9023
13.9042
13.9047
13.8824
13.9018
13.8795
13.8783
13.898
13.9071
13.9119
13.905
13.9052
13.9092
13.9122
13.9084
13.8926
13.919
13.9043
13.9097
13.8869
13.9138
13.8985
13.9089
13.8788
13.901
13.8888
13.9126
13.8776
13.9017
13.9134
13.9096
13.9034
13.8838
13.8989
13.8895
13.8779
13.8941
13.8889
13.8808
13.8618
13.8843
13.8755
13.8861
13.8826
13.8841
13.8934
13.8965
13.8936
13.8932
13.894
13.8943
13.8894
13.89
13.8881
13.8871
13.8864
13.8935
13.8902
13.8545
13.8669
13.8721
13.8434
13.8431
13.8701
13.8784
13.8643
13.8601
13.8954
13.8957
13.8958
13.8909
13.8919
13.8925
13.8927
13.8979
13.8945
13.8502
13.8539
13.8498
13.8568
13.8536
13.8503
13.9014
13.9018
13.8966
13.8982
13.8986
13.8748
13.8953
13.8739
13.8707
13.8922
13.9029
13.9042
13.8987
13.8994
13.9016
13.9047
13.9003
13.8808
13.9071
13.8927
13.8982
13.8744
13.8998
13.8861
13.9139
13.8787
13.9023
13.8865
13.9111
13.8832
13.9024
13.9057
13.8965
13.8893
13.8723
13.8881
13.8791
13.867
13.8822
13.881
13.8714
13.857
13.8783
13.8676
13.8841
13.8853
13.8841
13.8899
13.8899
13.8926
13.8838
13.8851
13.8872
13.8836
13.8827
13.8794
13.88
13.8795
13.8863
13.882
13.879
13.8879
13.8827
13.8845
13.8718
13.886
13.884
13.8987
13.8761
13.8879
13.8891
13.8892
13.8814
13.8835
13.8846
13.8851
13.8909
13.8868
13.8654
13.8529
13.8505
13.872
13.8515
13.8498
13.8949
13.8953
13.8894
13.8912
13.8916
13.8664
13.8883
13.868
13.8618
13.8832
13.8961
13.8992
13.8924
13.8931
13.8972
13.8945
13.8877
13.8678
13.8917
13.8793
13.8837
13.8608
13.8835
13.8717
13.9052
13.8871
13.902
13.8824
13.897
13.8886
13.9014
13.8977
13.882
13.8744
13.8616
13.876
13.8679
13.8564
13.87
13.8757
13.8642
13.8532
13.873
13.8608
13.8839
13.8813
13.8766
13.8757
13.8804
13.8798
13.8732
13.8762
13.8729
13.8767
13.8766
13.8756
13.8774
13.8751
13.8781
13.8753
13.8941
13.8931
13.8827
13.8988
13.8737
13.8871
13.8784
13.8912
13.8673
13.8791
13.8798
13.8805
13.8715
13.8745
13.8742
13.8758
13.8826
13.8779
13.8734
13.8484
13.8478
13.873
13.8468
13.8468
13.8873
13.8873
13.8802
13.8818
13.8825
13.8563
13.8775
13.857
13.8504
13.8715
13.8895
13.8946
13.8853
13.8847
13.89
13.8802
13.8727
13.8542
13.8749
13.8647
13.8689
13.8476
13.8671
13.858
13.8885
13.8863
13.8976
13.8756
13.8788
13.8819
13.8914
13.886
13.8674
13.8607
13.851
13.8636
13.8559
13.8458
13.8574
13.8696
13.8571
13.8473
13.8652
13.8529
13.8771
13.8706
13.8639
13.8722
13.8723
13.8699
13.8744
13.8686
13.868
13.883
13.8748
13.8894
13.8905
13.8781
13.8734
13.8725
13.8837
13.8708
13.8711
13.8796
13.8587
13.8696
13.8624
13.8676
13.8498
13.8705
13.8683
13.8709
13.8649
13.8673
13.8623
13.8665
13.8727
13.8671
13.8729
13.844
13.8432
13.8734
13.8426
13.8381
13.8768
13.8769
13.8687
13.871
13.8711
13.8418
13.865
13.8472
13.8328
13.8578
13.8793
13.8839
13.8713
13.8716
13.8762
13.8658
13.8592
13.842
13.8594
13.8518
13.8546
13.8369
13.8526
13.8459
13.8696
13.8752
13.8831
13.8616
13.8591
13.867
13.8746
13.8692
13.8547
13.8491
13.8402
13.8511
13.8456
13.8351
13.8448
13.8602
13.8484
13.8394
13.8538
13.8437
13.8642
13.8568
13.8497
13.876
13.8627
13.8669
13.8696
13.8562
13.8622
13.8914
13.8862
13.8903
13.8847
13.8943
13.8743
13.8753
13.8589
13.8502
13.8533
13.8565
13.8411
13.849
13.8449
13.8468
13.8337
13.8659
13.857
13.8632
13.8644
13.8647
13.8533
13.8603
13.8628
13.8595
13.8726
13.843
13.8383
13.866
13.8511
13.8476
13.8638
13.8636
13.8544
13.8551
13.8556
13.8242
13.8516
13.8314
13.8215
13.8444
13.8621
13.8672
13.8518
13.8521
13.8555
13.853
13.8477
13.8328
13.8464
13.8406
13.8423
13.8292
13.8409
13.836
13.8491
13.857
13.8631
13.8437
13.8385
13.8456
13.8496
13.8473
13.8446
13.8402
13.8292
13.8385
13.8367
13.8243
13.8327
13.8467
13.8384
13.8287
13.8386
13.8329
13.8464
13.8433
13.838
13.8609
13.8502
13.8564
13.8548
13.8449
13.8507
13.8754
13.8975
13.8701
13.8671
13.8919
13.8758
13.8782
13.8437
13.8378
13.8377
13.8387
13.8278
13.8332
13.8317
13.8316
13.8231
13.8636
13.8498
13.8565
13.8668
13.8617
13.8474
13.8518
13.8562
13.8518
13.8564
13.8589
13.8548
13.848
13.8542
13.8532
13.8459
13.8465
13.8424
13.8368
13.8371
13.825
13.8397
13.8312
13.8284
13.8362
13.8399
13.8422
13.8256
13.8274
13.8272
13.8434
13.84
13.8267
13.8364
13.8324
13.8343
13.8253
13.8335
13.829
13.8238
13.8313
13.8338
13.8121
13.8075
13.8152
13.8163
13.8176
13.8364
13.8326
13.8185
13.8277
13.828
13.8134
13.8225
13.8303
13.8265
13.815
13.8213
13.82
13.8228
13.8342
13.8323
13.8512
13.8412
13.8467
13.8494
13.8391
13.8446
13.8602
13.8824
13.857
13.8546
13.8744
13.8811
13.8807
13.8325
13.8281
13.8272
13.8264
13.8199
13.8247
13.8245
13.8222
13.8172
13.8589
13.8462
13.847
13.8681
13.8547
13.8455
13.8425
13.8462
13.8399
13.8397
13.843
13.8443
13.8338
13.8343
13.8367
13.8264
13.8267
13.8282
13.8156
13.8152
13.8289
13.8319
13.8238
13.8285
13.8306
13.8128
13.8091
13.7935
13.7972
13.791
13.8376
13.8357
13.8239
13.8314
13.8255
13.8307
13.8198
13.8297
13.8219
13.7895
13.7995
13.7979
13.781
13.7701
13.7834
13.7784
13.7805
13.829
13.8257
13.8076
13.8182
13.8168
13.803
13.8131
13.8116
13.813
13.8004
13.8015
13.8062
13.7957
13.8326
13.8356
13.8503
13.8393
13.8447
13.8533
13.842
13.847
13.851
13.8676
13.8552
13.8497
13.862
13.8771
13.8705
13.8259
13.8268
13.8239
13.8201
13.8161
13.8255
13.8255
13.8196
13.8171
13.8507
13.8402
13.8367
13.8563
13.847
13.8308
13.8304
13.8316
13.8225
13.831
13.8301
13.833
13.8318
13.8306
13.8322
13.8022
13.8007
13.8001
13.7852
13.7829
13.8293
13.8323
13.8277
13.8313
13.8363
13.7776
13.7712
13.7486
13.7548
13.7484
13.8354
13.8375
13.8148
13.829
13.8207
13.8307
13.8118
13.8308
13.8224
13.7512
13.7676
13.7585
13.7515
13.7306
13.7507
13.7403
13.737
13.8238
13.824
13.8003
13.8092
13.813
13.8003
13.8058
13.7913
13.7994
13.787
13.7819
13.793
13.7689
13.8418
13.8515
13.8596
13.8477
13.8523
13.8689
13.8564
13.8605
13.851
13.8592
13.8641
13.855
13.8596
13.8631
13.8585
13.8314
13.8401
13.8301
13.8223
13.8207
13.8398
13.8375
13.8296
13.8263
13.8413
13.8165
13.8193
13.8362
13.8332
13.8015
13.8075
13.8093
13.7948
13.8359
13.8346
13.8354
13.8437
13.8421
13.8429
13.7626
13.759
13.7543
13.7328
13.7296
13.8375
13.8426
13.8451
13.8509
13.8549
13.7249
13.7143
13.6837
13.6914
13.6762
13.8427
13.8518
13.812
13.8362
13.8269
13.8458
13.8175
13.8463
13.8376
13.7069
13.7319
13.7185
13.7092
13.6793
13.7114
13.6956
13.6773
13.8271
13.8357
13.8023
13.8057
13.821
13.8069
13.8083
13.7733
13.7881
13.779
13.7658
13.7848
13.7407
13.8653
13.8842
13.8812
13.8688
13.8721
13.8969
13.8849
13.887
13.8623
13.8642
13.8858
13.8728
13.8723
13.8575
13.8605
13.8534
13.8724
13.8488
13.8415
13.8348
13.8725
13.865
13.8592
13.8478
13.8242
13.786
13.7912
13.8244
13.8148
13.7721
13.7745
13.7749
13.7522
13.8566
13.8557
13.8553
13.8758
13.876
13.8745
13.6949
13.69
13.6761
13.6356
13.6313
13.8672
13.8734
13.8889
13.8881
13.8947
13.6401
13.6247
13.5668
13.5763
13.554
13.8694
13.8908
13.8326
13.8621
13.8516
13.8848
13.8539
13.8836
13.871
13.6446
13.689
13.6675
13.6531
13.5979
13.6643
13.6312
13.5749
13.8483
13.865
13.8143
13.8152
13.8439
13.8258
13.8261
13.7592
13.7838
13.7768
13.7544
13.7847
13.7096
13.9078
13.9364
13.916
13.9046
13.9052
13.938
13.9283
13.9261
13.8858
13.8834
13.9195
13.9014
13.8967
13.8658
13.8746
13.897
13.9281
13.8861
13.8824
13.8682
13.9285
13.9119
13.9109
13.8936
13.8054
13.7597
13.7517
13.8199
13.7945
13.7482
13.7271
13.7193
13.6782
13.9014
13.9032
13.9011
13.9335
13.9364
13.9337
13.5509
13.5402
13.5143
13.4014
13.3925
13.9159
13.9224
13.9527
13.9522
13.96
13.4617
13.456
13.2974
13.3092
13.3256
13.9224
13.968
13.8803
13.9102
13.8959
13.9541
13.9128
13.9462
13.9268
13.536
13.6362
13.5851
13.5626
13.4496
13.6059
13.5292
13.3908
13.887
13.9139
13.8417
13.8424
13.8826
13.8611
13.8631
13.752
13.7887
13.786
13.7529
13.7965
13.6763
13.9693
14.005
13.9629
13.9556
13.9501
13.9899
13.986
13.9763
13.9193
13.9116
13.9634
13.9392
13.9287
13.884
13.8948
13.9653
14.0088
13.9437
13.9476
13.9233
14.0082
13.9803
13.9884
13.9569
13.7797
13.7351
13.6886
13.8167
13.7607
13.7194
13.6358
13.61
13.5209
13.9723
13.9739
13.9714
14.016
14.0151
14.0121
13.1854
13.1355
13.1134
12.7888
12.6105
13.992
14.0001
14.0357
14.0355
14.0461
12.9754
13.1102
12.66
12.4569
12.7863
14.0133
14.0626
13.953
13.9889
13.9627
14.0476
13.9945
14.033
14.0004
13.3379
13.5736
13.4593
13.4388
13.1927
13.5389
13.3789
13.0201
13.9462
13.9824
13.8826
13.8891
13.9404
13.9103
13.9182
13.7589
13.8092
13.8102
13.7704
13.826
13.6484
14.0436
14.0842
14.0196
14.0193
14.0054
14.0505
14.0548
14.0367
13.9617
13.9478
14.0173
13.9861
13.9686
13.9046
13.9162
14.0589
14.1098
14.0207
14.0319
13.9952
14.0945
14.0638
14.0761
14.0384
13.7348
13.7039
13.5588
13.8103
13.7083
13.6785
13.4519
13.3641
13.1517
14.0643
14.0668
14.0548
14.1146
14.1251
14.1064
12.2235
11.0592
12.0515
11.3519
7.46482
14.0852
14.1085
14.1553
14.14
14.1656
10.6599
12.2669
11.3489
7.34444
11.4042
14.1182
14.1653
14.0358
14.0825
14.046
14.1546
14.0673
14.1442
14.0945
13.0168
13.5115
13.2883
13.3363
12.794
13.4936
13.1979
12.2855
14.0211
14.0555
13.9422
13.9549
14.0105
13.9781
13.9935
13.7893
13.8496
13.857
13.8186
13.8788
13.6524
14.1252
14.1671
14.0835
14.0917
14.0697
14.118
14.1291
14.1035
14.013
13.9911
14.0804
14.0423
14.0174
13.9302
13.9511
14.16
14.2206
14.1074
14.1258
14.084
14.1861
14.1518
14.1817
14.1293
13.6719
13.6472
13.3268
13.81
13.6283
13.6088
13.1766
12.7651
11.9006
14.1636
14.1746
14.1548
14.2232
14.2344
14.2131
10.5229
4.67367
8.7849
-0.794059
9.77477
4.8052
-9.28389
-3.46179
-3.21102
-0.217759
-1.9374
-0.26746
14.178
14.2077
14.2215
14.2152
14.233
4.88618
10.0271
10.1732
4.51551
7.66058
-2.5865
-2.41599
-2.98924
-0.900113
-3.95108
-0.38237
14.2067
14.2361
14.107
14.1853
14.1112
14.2365
14.1933
14.1918
14.1032
12.5609
13.4893
13.1142
13.3189
12.3922
13.5243
13.0712
10.589
14.0768
14.0904
14.0124
14.0362
14.066
14.0387
14.0762
13.8584
13.9148
13.9228
13.9012
13.9508
13.7125
14.2055
14.2397
14.1512
14.1641
14.1371
14.1846
14.1948
14.1704
14.0743
14.048
14.1506
14.1094
14.0838
13.9793
14.0205
14.2775
14.3227
14.192
14.2314
14.1717
14.262
14.2264
14.2695
14.208
13.5895
13.6111
13.0689
13.858
13.5852
13.6594
12.7908
11.5206
10.9468
2.13242
1.39736
2.55208
14.2879
14.3071
14.2837
14.3481
14.3646
14.346
2.45402
10.1009
6.28567
9.94789
4.71884
10.2339
6.88279
0.439471
1.13387
-0.442426
1.14782
0.795566
2.0073
0.287023
14.266
14.2613
14.3326
14.3133
14.2913
6.10172
8.94102
1.69649
10.3005
7.02607
9.66464
4.66905
-0.333577
0.172293
0.801698
2.11015
0.307171
1.66789
1.02793
14.2593
14.2787
14.2575
14.1902
14.0955
14.268
14.2682
14.2
14.1161
12.407
13.5811
13.0909
13.5003
12.4112
13.6319
13.178
10.119
1.86108
2.55502
3.66255
14.1098
14.1381
14.0642
14.117
14.1105
14.0883
14.1549
13.9526
13.9895
14.0023
14.0017
14.03
13.8375
14.2696
14.2859
14.2178
14.2218
14.2037
14.2485
14.2415
14.2343
14.1474
14.1261
14.2275
14.1901
14.1736
14.0718
14.1265
14.3506
14.3576
14.2508
14.2961
14.2358
14.2797
14.2613
14.3062
14.2519
13.6467
13.7118
12.8249
13.9722
13.7555
13.79
13.0707
11.5776
4.44984
12.1024
5.0961
2.365
1.76927
3.01125
4.22253
14.383
14.3943
14.382
14.3905
14.3971
14.3921
6.52221
10.2927
7.3696
10.7917
6.91685
10.6629
7.6084
0.935816
2.89574
0.626199
2.90568
1.59757
2.86802
0.641954
14.3463
14.316
14.3768
14.3673
14.3368
7.40064
10.2256
6.20811
10.5056
7.51605
10.3583
6.56617
0.818874
2.66983
1.24084
2.91226
0.77417
3.01966
1.42664
14.2956
14.3138
14.2567
14.2123
14.1623
14.3013
14.2558
14.2311
14.2302
12.5831
13.7001
13.3735
13.8306
13.0457
13.8064
13.6089
5.57458
12.2695
6.52309
4.52405
3.91915
3.41164
14.1699
14.1943
14.1254
14.1969
14.1906
14.1891
14.2347
14.054
14.0802
14.0982
14.1108
14.1224
14.0065
14.2878
14.281
14.278
14.256
14.2649
14.3075
14.2646
14.2974
14.2373
14.2247
14.3134
14.2932
14.2761
14.1832
14.2366
14.3397
14.3295
14.2678
14.2935
14.2459
14.2986
14.2758
14.2997
14.251
13.8723
13.8708
13.2609
14.147
14.0287
13.9833
13.7428
11.976
4.40903
12.9097
1.8741
3.69261
14.3869
14.3929
14.388
14.3684
14.3901
14.3722
6.28987
11.1046
7.48822
10.6003
2.67361
11.1361
6.9059
1.97842
2.38323
0.418582
0.311566
2.1351
0.466923
1.05996
14.3775
14.3552
14.3833
14.3708
14.3662
7.28799
10.6757
6.0771
10.4406
6.68501
10.4981
4.48206
0.440847
2.63277
1.50221
1.66665
0.574692
1.41981
2.41355
14.3338
14.3523
14.2997
14.2694
14.2928
14.3433
14.3375
14.3061
14.2997
13.5205
13.9262
13.8527
13.9957
13.7704
14.021
14.018
13.2876
14.2238
14.2741
14.2398
14.2663
14.3157
14.2986
14.314
14.162
14.1715
14.2341
14.2444
14.255
14.1925
14.2886
14.309
14.3362
14.2851
14.3298
14.3535
14.3279
14.3475
14.3435
14.3155
14.3647
14.3559
14.3377
14.2863
14.3196
14.3294
14.3287
14.2868
14.3089
14.2673
14.3142
14.2964
14.3138
14.2876
14.1736
14.1425
13.9946
14.2937
14.2413
14.2378
14.1367
13.6097
13.9414
14.3536
14.3806
14.3591
14.3414
14.3636
14.3451
11.8439
7.32478
13.2795
12.6829
10.207
-4.15713
-0.398127
14.3593
14.3673
14.3581
14.3454
14.363
7.2053
12.3869
12.4538
10.966
13.2366
-0.898376
14.3625
14.3652
14.3541
14.3265
14.2925
14.3578
14.3636
14.3481
14.3352
13.9002
14.0863
14.1298
13.9897
13.9938
14.1045
14.1996
14.0715
14.3292
14.3911
14.3588
14.3589
14.4121
14.3786
14.3745
14.3019
14.3217
14.3156
14.3188
14.3332
14.2628
14.3259
14.3357
14.3571
14.3404
14.3539
14.3636
14.3499
14.3607
14.3589
14.3493
14.3652
14.3622
14.3571
14.3379
14.3477
14.3256
14.3213
14.3085
14.3161
14.2995
14.3194
14.3182
14.3152
14.3019
14.2802
14.268
14.2053
14.3231
14.3016
14.2686
14.2391
14.085
14.1902
14.3306
14.3445
14.3296
14.3196
14.3204
14.3116
13.2922
12.8247
13.995
13.71
13.7869
14.3293
14.3546
14.3204
14.3117
14.3403
13.2866
13.6876
13.9379
14.093
14.1092
14.3614
14.3512
14.3642
14.3646
14.3788
14.3434
14.3479
14.361
14.3765
14.0686
14.1218
14.2339
14.0432
14.1707
14.1633
14.2641
14.2294
14.4054
14.3876
14.3671
14.3578
14.3646
14.3466
14.3337
14.3181
14.3077
14.2846
14.3118
14.289
14.2776
14.3408
14.3412
14.3687
14.3545
14.3649
14.3693
14.3544
14.3653
14.3636
14.3618
14.364
14.3624
14.3641
14.3537
14.3565
14.3166
14.3118
14.3244
14.3123
14.3015
14.3175
14.3264
14.308
14.3009
14.3127
14.284
14.2665
14.3421
14.3293
14.2967
14.2919
14.2499
14.3087
14.3097
14.3007
14.2957
14.3007
14.2862
14.2832
13.9969
14.1161
14.2691
14.1659
14.2768
14.2964
14.3235
14.2867
14.2851
14.3082
14.2961
14.3008
14.2882
14.4052
14.3837
14.3371
14.323
14.3307
14.3491
14.3592
14.3175
14.3142
14.3367
14.3414
14.2882
14.238
14.3389
14.2121
14.3719
14.3548
14.4196
14.4178
14.3702
14.3548
14.3444
14.3251
14.3475
14.3519
14.3355
14.3496
14.3106
14.3477
14.3828
14.3505
14.3643
14.3384
14.3352
14.3652
14.3505
14.3598
14.3608
14.3474
14.3542
14.3621
14.3654
14.3636
14.3627
14.367
14.3604
14.3683
14.3069
14.3032
14.323
14.3035
14.2997
14.3104
14.3184
14.3005
14.2972
14.3491
14.3103
14.3182
14.3637
14.3686
14.3232
14.3447
14.3505
14.3808
14.2929
14.2754
14.2727
14.2873
14.2702
14.2692
14.2725
14.3658
14.3852
14.339
14.4065
14.2789
14.2938
14.2766
14.2741
14.2832
14.4524
14.4406
14.44
14.4566
14.4819
14.3101
14.3001
14.3028
14.3276
14.3304
14.3016
14.2932
14.3237
14.327
14.4291
14.4532
14.4624
14.367
14.4624
14.4951
14.4893
14.5032
14.3485
14.3469
14.3623
14.352
14.355
14.3717
14.3658
14.4068
14.3835
14.3885
14.4298
14.3994
14.5019
14.335
14.3377
14.36
14.3492
14.3529
14.3645
14.3547
14.3568
14.3663
14.3717
14.378
14.3741
14.3813
14.3805
14.3944
14.3023
14.3041
14.319
14.2976
14.2957
14.3093
14.3217
14.2975
14.2982
14.3902
14.3419
14.3726
14.394
14.4098
14.3611
14.397
14.4075
14.4301
14.2854
14.2714
14.2719
14.287
14.2763
14.2762
14.3881
14.4456
14.445
14.4201
14.4619
14.2692
14.2787
14.2806
14.2742
14.281
14.4948
14.5168
14.4894
14.4896
14.5352
14.2935
14.2907
14.2891
14.3251
14.3315
14.2977
14.293
14.3344
14.3447
14.4927
14.5111
14.5151
14.4614
14.5151
14.5245
14.5351
14.5374
14.3524
14.3645
14.3816
14.3788
14.3791
14.3952
14.3937
14.4463
14.4139
14.4257
14.4645
14.4307
14.5256
14.3438
14.3533
14.3743
14.3633
14.366
14.3892
14.3755
14.381
14.3863
14.3961
14.413
14.4029
14.4162
14.4121
14.4333
14.3079
14.3134
14.3273
14.3034
14.3055
14.3197
14.3348
14.311
14.3139
14.4289
14.3821
14.4195
14.4312
14.4476
14.404
14.4406
14.4516
14.4702
14.292
14.2831
14.2803
14.3005
14.2951
14.2908
14.4491
14.485
14.4819
14.4681
14.4933
14.2905
14.29
14.3123
14.3124
14.3084
14.5102
14.5373
14.5009
14.5068
14.527
14.3073
14.3377
14.3185
14.3509
14.3671
14.3476
14.3471
14.372
14.3905
14.5294
14.5333
14.546
14.4979
14.5269
14.5337
14.539
14.5355
14.3843
14.4115
14.4175
14.422
14.4298
14.4483
14.4508
14.481
14.4557
14.4737
14.4977
14.4781
14.5412
14.3661
14.3825
14.4077
14.391
14.4014
14.4271
14.4066
14.4225
14.424
14.4409
14.461
14.4469
14.4682
14.4585
14.4837
14.3248
14.3405
14.3448
14.3184
14.3235
14.342
14.3547
14.3285
14.334
14.47
14.4243
14.4606
14.4745
14.4915
14.4386
14.4808
14.4896
14.5041
14.3127
14.3167
14.312
14.3288
14.3382
14.3326
14.485
14.5034
14.5096
14.495
14.5119
14.3368
14.3366
14.3568
14.3581
14.3634
14.515
14.5241
14.5133
14.5234
14.5239
14.3667
14.3915
14.3735
14.3977
14.416
14.3978
14.4004
14.4158
14.4394
14.5246
14.5256
14.5295
14.5022
14.5189
14.5184
14.5212
14.5263
14.4398
14.471
14.4743
14.4798
14.4952
14.507
14.512
14.5105
14.5013
14.5193
14.5238
14.5275
14.5257
14.4029
14.4722
14.4533
14.4237
14.4476
14.4947
14.4657
14.4822
14.4747
14.5045
14.5284
14.5086
14.5501
14.5232
14.5833
14.3593
14.3862
14.3631
14.3414
14.3401
14.4066
14.3989
14.362
14.3523
14.524
14.4605
14.4993
14.5478
14.5812
14.4885
14.5376
14.5238
14.5679
14.3499
14.3586
14.3516
14.3651
14.3765
14.3703
14.5026
14.5183
14.5469
14.5169
14.5351
14.3759
14.385
14.3897
14.3902
14.3995
14.5279
14.5199
14.5237
14.5421
14.5253
14.4114
14.4241
14.434
14.4387
14.477
14.4428
14.4544
14.4728
14.5098
14.5161
14.5175
14.5189
14.5046
14.5186
14.5202
14.5259
14.5309
14.5104
14.5523
14.5389
14.5433
14.5688
14.5668
14.5677
14.5372
14.5502
14.5616
14.5484
14.5648
14.5322
14.4549
14.5101
14.4709
14.4933
14.515
14.5491
14.5681
14.3917
14.403
14.3666
14.3695
14.434
14.3734
14.3914
14.5009
14.4166
14.4491
14.562
14.4949
14.5318
14.5553
14.3782
14.3883
14.3817
14.3641
14.3795
14.3829
14.3849
14.3849
14.3951
14.4301
14.4096
14.4296
14.5003
14.4576
14.4886
14.5126
14.539
14.4001
14.4053
14.4043
14.4151
14.4228
14.4164
14.4297
14.4376
14.4467
14.4484
14.4623
14.4897
14.4785
14.4934
14.5415
14.5211
14.4298
14.4576
14.4828
14.517
14.4874
14.5043
14.5139
14.498
14.5104
14.5103
14.5118
14.5144
14.5209
14.56
14.5744
14.5772
14.5524
14.5709
250.501
237.115
243.051
189.586
203.037
194.532
207.758
236.744
242.823
236.873
184.133
167.775
208.36
181.631
238.401
240.782
235.644
198.301
206.609
210.409
211.935
234.659
233.309
232.118
210.858
209.823
212.432
214.069
226.331
226.818
215.686
184.116
150.329
169.847
113.137
173.533
200.288
147.763
93.582
38.7894
68.9935
29.2548
233.678
235.493
231.818
209.194
216.87
197.834
211.874
230.094
228.846
227.498
208.052
198.446
200.631
180.585
201.842
211.941
196.501
124.242
67.8988
103.27
48.56
110.591
186.53
95.1436
66.911
32.8068
57.5906
33.225
229.495
222.396
224.936
188.829
170.83
161.765
149.459
195.892
216.726
190.576
88.4238
45.4426
65.48
45.7881
104.132
81.0236
87.3729
27.26
31.1749
20.6689
21.6027
44.1414
75.4421
42.5696
28.1204
23.1813
23.4773
20.8199
97.6693
118.23
132.466
21.5927
21.2715
27.2851
24.4595
147.786
101.966
140.004
29.5746
31.8536
27.1022
29.3582
18.8207
18.2924
18.1257
19.4783
19.2607
19.7454
19.7353
22.5242
18.2977
21.3276
19.2979
21.3181
18.7699
19.9078
18.1247
18.0864
17.9387
19.5701
20.0971
19.4889
20.0704
18.8171
18.8946
19.0715
19.5057
19.6043
19.8018
19.5708
18.9791
19.4197
19.1227
19.1448
19.0272
19.1064
18.6432
19.6825
18.6244
18.7506
18.6947
18.6586
18.3229
18.1435
20.0653
19.296
19.697
19.0944
19.4436
19.1024
19.0267
19.5534
19.5738
19.5666
19.2385
19.2073
19.3196
19.2831
18.9706
18.899
18.4226
19.3576
18.7939
18.6897
18.2922
17.8758
18.0457
17.8443
17.7017
16.5265
17.8266
17.6293
18.7709
18.9396
18.7193
18.9602
18.5384
18.774
18.6392
18.9603
19.0691
19.0844
18.8861
18.7712
18.8152
18.886
17.6917
18.4072
18.247
14.4292
14.7519
16.8568
17.9725
14.8793
17.7002
17.5823
14.2737
13.8101
17.5028
16.4298
18.4488
18.5739
18.5304
18.9428
18.1659
18.233
18.3941
18.6492
18.551
18.6601
18.4685
18.5624
18.2723
18.4507
13.4364
14.1659
14.8809
13.6074
13.5614
13.1986
12.9602
13.5045
14.9357
13.8871
13.4383
13.5372
13.0079
12.9796
16.842
17.8189
18.2603
15.0203
13.8784
17.1662
16.7634
18.5305
17.9827
18.2723
17.8586
17.5093
17.7958
17.2738
13.5591
13.2382
13.1639
13.4417
13.4667
13.3283
13.3517
13.5065
13.1949
13.239
13.4053
13.4522
13.3673
13.3647
12.6543
14.2902
13.2233
13
13.0364
12.5396
12.3556
13.7889
14.9277
13.8188
12.3612
12.3761
12.5246
12.559
13.431
13.3721
13.3866
13.4019
13.4146
13.3769
13.3852
13.4292
13.356
13.3858
13.38
13.4206
13.3541
13.3831
13.2361
12.969
13.0335
13.2065
13.2518
13.1589
13.2318
13.0531
13.1569
13.1083
13.1729
13.2314
13.1496
13.1926
13.4001
13.3757
13.3892
13.4051
13.3806
13.372
13.3865
13.405
13.3584
13.3723
13.3476
13.377
13.3546
13.3435
13.2548
13.1757
13.2139
13.2715
13.2692
13.1794
13.2096
13.1975
13.1154
13.1707
13.1669
13.1865
13.1022
13.158
13.3566
13.356
13.3549
13.3557
13.3372
13.3415
13.3243
13.355
13.3306
13.3162
13.2896
13.3409
13.3026
13.3023
13.2911
13.1921
13.2236
13.2998
13.3099
13.2119
13.2435
13.2027
13.099
13.1479
13.1652
13.2207
13.109
13.1417
13.3243
13.3274
13.3075
13.3273
13.3117
13.3187
13.2998
13.3328
13.2874
13.2987
13.2729
13.3205
13.2785
13.2944
13.3157
13.2312
13.2534
13.3139
13.3117
13.262
13.2558
13.2329
13.1421
13.1584
13.1882
13.2396
13.1886
13.2003
13.2948
13.309
13.288
13.2969
13.2706
13.2917
13.2693
13.2994
13.2647
13.2818
13.2326
13.2731
13.2404
13.2586
13.3164
13.321
13.2803
13.3642
13.3219
13.3705
13.306
13.2554
13.2227
13.2359
13.284
13.2702
13.2479
13.2555
13.2453
13.2718
13.247
13.2316
13.2236
13.2367
13.2183
13.2447
13.2158
13.2272
13.2071
13.2146
13.1974
13.1916
13.2991
13.3817
13.3052
13.2943
13.2634
13.3507
13.2833
13.2699
13.268
13.2626
13.3115
13.2668
13.2764
13.2681
13.1876
13.1748
13.181
13.0543
13.1267
13.0843
13.1299
13.1833
13.1756
13.1567
13.1599
13.1491
13.1437
13.1215
13.1951
13.2983
13.2459
13.1753
13.1183
13.2407
13.2071
13.2518
13.2688
13.2598
13.255
13.2268
13.2485
13.2398
13.0601
12.988
13.0747
12.8744
12.9973
12.9098
13.0244
13.1146
13.1054
13.0887
13.0769
13.0821
13.0691
13.0578
13.0433
13.1822
13.1492
13.0604
12.9631
13.1265
13.0809
13.1885
13.2232
13.2087
13.1836
13.1467
13.1986
13.1748
12.9556
12.874
12.9934
12.8326
12.945
12.8478
12.9745
13.0497
13.0421
13.0313
13.027
13.0257
13.017
13.0105
12.8797
13.0745
13.0152
12.9468
12.7925
13.0318
12.9505
13.1032
13.1772
13.1422
13.1201
13.0626
13.1602
13.1152
12.945
12.8488
12.9613
12.8529
12.9423
12.8671
12.9437
13.0137
12.9838
12.9873
12.9795
12.9948
12.946
12.9534
12.7191
13.0033
12.8948
12.8747
12.6856
12.9865
12.8535
13.0299
13.1572
13.1004
13.0889
13.0067
13.1599
13.0952
12.9263
12.8765
12.9173
12.8675
12.9142
12.8698
12.8849
12.9624
12.913
12.9156
12.9449
12.9393
12.8834
12.8803
12.6824
12.9915
12.8466
12.9071
12.7039
13.0143
12.8555
13.0023
13.1848
13.1052
13.1258
13.0122
13.2097
13.1269
12.8993
12.8536
12.8443
12.8996
12.8798
12.8293
12.7947
12.9141
12.8511
12.8468
12.8874
12.8866
12.7985
12.7894
12.7583
13.0594
12.9142
13.023
12.8177
13.114
12.9785
13.0542
13.2639
13.1774
13.2196
13.1012
13.3118
13.2278
12.8848
12.8156
12.7631
13.0107
12.9372
12.8407
12.7682
12.9183
12.76
12.7885
12.9013
13.0097
12.737
12.8284
12.8945
13.205
13.066
13.1963
12.9864
13.2825
13.1588
13.1838
13.3728
13.3019
13.3526
13.2633
13.4233
13.3682
13.0261
12.8959
12.8019
13.2414
13.1372
13.0174
12.8786
13.1098
12.7597
12.8647
13.0471
13.1399
12.8311
12.937
13.0832
13.3643
13.2485
13.4004
13.2171
13.445
13.344
13.3483
13.47
13.4359
13.4742
13.4245
13.5045
13.4942
13.2589
13.1727
12.9714
13.573
13.4218
13.4312
13.167
13.1303
12.9041
12.9474
13.2593
13.1594
12.9689
12.8502
13.3286
13.5168
13.4284
13.59
13.4461
13.5737
13.5088
13.4892
13.5352
13.5402
13.567
13.537
13.5586
13.5653
13.6339
13.6908
13.4479
13.9839
13.9129
13.8815
13.7568
13.217
13.1421
12.8596
13.7519
13.4823
13.4405
13.1148
13.5401
13.6242
13.5693
13.6683
13.6094
13.6528
13.6109
13.5778
13.5788
13.5854
13.617
13.6043
13.5937
13.6049
14.12
13.9483
13.9486
14.1291
14.1718
13.9459
14.0065
13.8487
13.7471
13.4903
14.1602
14.0516
13.9218
13.749
13.6618
13.677
13.6473
13.7034
13.6843
13.6915
13.6723
13.6237
13.6066
13.6206
13.6495
13.6416
13.619
13.6334
14.136
13.9257
14.0024
14.0454
14.073
13.8874
13.9614
14.0759
13.9833
13.8645
14.0902
14.0318
13.9771
13.8899
13.6987
13.7022
13.6875
13.7169
13.7158
13.7113
13.6982
13.6578
13.6368
13.6467
13.6729
13.6711
13.6558
13.6613
14.0061
13.8571
13.9185
13.9292
13.9485
13.8294
13.8759
13.9747
13.9462
13.8765
13.9573
13.9256
13.901
13.8539
13.7244
13.7195
13.7036
13.7233
13.7257
13.7287
13.7085
13.6818
13.6757
13.6758
13.6966
13.6933
13.6944
13.6892
13.9042
13.811
13.8466
13.8541
13.8708
13.7945
13.8241
13.8886
13.8642
13.8342
13.8711
13.8589
13.8327
13.8156
13.7255
13.7387
13.7145
13.7533
13.7328
13.7513
13.7246
13.7048
13.7135
13.7055
13.7292
13.7189
13.7307
13.7218
13.8461
13.7869
13.8105
13.8221
13.8286
13.7824
13.7972
13.8367
13.8161
13.7998
13.8263
13.8202
13.8023
13.7842
13.7495
13.7617
13.738
13.7927
13.7675
13.7734
13.7517
13.7337
13.746
13.7368
13.7583
13.7477
13.7584
13.7493
13.817
13.7838
13.7917
13.8149
13.8086
13.7848
13.7893
13.8088
13.796
13.7729
13.8122
13.7992
13.7915
13.7626
13.7787
13.7862
13.7642
13.7965
13.7849
13.7897
13.7709
13.7596
13.7703
13.7589
13.7774
13.7698
13.7805
13.7675
13.8039
13.7881
13.7901
13.8157
13.8031
13.7917
13.7924
13.7911
13.7923
13.7592
13.8114
13.784
13.7947
13.757
13.7869
13.783
13.7743
13.7957
13.7882
13.7757
13.7759
13.7778
13.7865
13.7766
13.7824
13.7835
13.7833
13.7864
13.8061
13.796
13.7953
13.8152
13.8122
13.7998
13.8005
13.7795
13.7983
13.7591
13.8155
13.7777
13.7999
13.7588
13.794
13.7798
13.7794
13.8082
13.8026
13.7914
13.7855
13.7885
13.7673
13.7921
13.7892
13.7932
13.7551
13.7895
13.821
13.8061
13.8095
13.8189
13.8312
13.8139
13.8215
13.7832
13.8048
13.7649
13.8269
13.7931
13.8107
13.7711
13.8094
13.8128
13.8002
13.8264
13.8149
13.8398
13.8125
13.8024
13.7615
13.7877
13.8181
13.813
13.7844
13.793
13.8407
13.8202
13.8289
13.8269
13.8486
13.8212
13.8314
13.8062
13.8153
13.7797
13.8381
13.8209
13.8178
13.7891
13.8213
13.8507
13.8093
13.8414
13.8207
13.8677
13.8025
13.8114
13.8063
13.797
13.8549
13.8117
13.8297
13.7998
13.8493
13.8208
13.8321
13.8375
13.8454
13.8199
13.8299
13.8322
13.8182
13.7977
13.8395
13.8401
13.8201
13.8055
13.8176
13.8808
13.8165
13.8182
13.8095
13.8681
13.8446
13.8171
13.8457
13.8059
13.8741
13.8238
13.8455
13.8153
13.8411
13.8219
13.8293
13.8429
13.8373
13.8235
13.8303
13.8453
13.8226
13.8121
13.8383
13.8497
13.8282
13.821
13.7992
13.8521
13.8728
13.7833
13.8021
13.8358
13.8789
13.8387
13.8389
13.8219
13.8343
13.8624
13.8335
13.8305
13.8295
13.8219
13.8307
13.8315
13.8237
13.819
13.8322
13.8531
13.8324
13.8294
13.8365
13.8558
13.8383
13.8394
13.8077
13.8199
13.856
13.7871
13.8041
13.8108
13.8288
13.8605
13.8276
13.8295
13.8236
13.8474
13.825
13.829
13.8262
13.8163
13.8377
13.8236
13.8312
13.8153
13.8465
13.8579
13.8466
13.849
13.8395
13.8586
13.854
13.8587
13.795
13.8087
13.811
13.8043
13.7926
13.8111
13.8003
13.8334
13.83
13.8301
13.8301
13.8264
13.8383
13.8372
13.8398
13.8169
13.8531
13.8445
13.8542
13.8304
13.8665
13.8622
13.8613
13.8708
13.8673
13.8745
13.874
13.8811
13.795
13.8163
13.7872
13.8282
13.8055
13.8258
13.7855
13.8226
13.8447
13.846
13.8353
13.8198
13.847
13.8512
13.8795
13.8685
13.8961
13.8916
13.8998
13.9084
13.9217
13.8922
13.8941
13.8903
13.9054
13.9039
13.9162
13.9081
13.8214
13.8407
13.8012
13.8599
13.843
13.8586
13.8273
13.8228
13.8492
13.8568
13.8547
13.8317
13.8536
13.8628
13.9122
13.9146
13.9276
13.9084
13.9175
13.9138
13.9286
13.9081
13.9236
13.9186
13.9161
13.9102
13.9256
13.9218
13.8617
13.8766
13.8539
13.8897
13.8769
13.8882
13.8698
13.8443
13.8608
13.8693
13.8844
13.8585
13.872
13.8779
13.9187
13.9141
13.9227
13.9174
13.917
13.915
13.9174
13.9104
13.9206
13.9154
13.9161
13.9088
13.916
13.9104
13.8899
13.8934
13.8824
13.8975
13.8985
13.8959
13.8908
13.8733
13.8845
13.8883
13.9001
13.8848
13.8889
13.8952
13.914
13.9134
13.9117
13.9133
13.9115
13.9099
13.9099
13.9071
13.9117
13.907
13.9117
13.9062
13.9087
13.9057
13.9034
13.8978
13.8949
13.8966
13.905
13.9001
13.8973
13.891
13.8933
13.8987
13.9077
13.8944
13.8986
13.9031
13.9097
13.9023
13.9091
13.9014
13.9084
13.8964
13.9062
13.906
13.9071
13.9056
13.9084
13.9063
13.9069
13.9062
13.906
13.9036
13.9012
13.9077
13.9106
13.9066
13.9036
13.8978
13.895
13.9026
13.906
13.8999
13.8968
13.9026
13.9078
13.9006
13.9062
13.9079
13.9066
13.9088
13.9068
13.9063
13.9083
13.9067
13.9081
13.9063
13.9088
13.907
13.9127
13.9122
13.9085
13.9154
13.9161
13.917
13.9148
13.8992
13.9023
13.9022
13.9121
13.9004
13.9054
13.9027
13.9049
13.9159
13.9072
13.908
13.9038
13.9168
13.9064
13.907
13.9107
13.9096
13.9076
13.9069
13.912
13.9117
13.9177
13.9157
13.9153
13.9074
13.9126
13.9107
13.9103
13.9042
13.9072
13.9042
13.9102
13.9028
13.9111
13.9057
13.9021
13.9125
13.9038
13.9017
13.8997
13.9043
13.9003
13.9061
13.9101
13.9127
13.9027
13.905
13.9067
13.9116
13.9012
13.9007
13.9012
13.8724
13.8822
13.8852
13.8856
13.8946
13.9128
13.9031
13.8959
13.8833
13.9115
13.8983
13.8964
13.8935
13.8947
13.8926
13.8944
13.8832
13.89
13.9038
13.9035
13.9078
13.8979
13.9019
13.8999
13.9028
13.8579
13.864
13.8654
13.8229
13.8372
13.8436
13.8443
13.8723
13.9076
13.8935
13.873
13.8643
13.8999
13.889
13.8918
13.8771
13.8852
13.8859
13.8888
13.8752
13.8819
13.8989
13.896
13.8978
13.8891
13.8951
13.8918
13.8934
13.8259
13.8303
13.8284
13.8209
13.8243
13.8236
13.8194
13.8581
13.8936
13.8856
13.8587
13.8515
13.8892
13.8804
13.8855
13.876
13.8793
13.8826
13.882
13.8787
13.8777
13.8901
13.888
13.8896
13.8808
13.8847
13.8852
13.8858
13.8294
13.8215
13.8191
13.8404
13.8397
13.8205
13.82
13.8458
13.8846
13.8752
13.8455
13.8414
13.8789
13.8688
13.8782
13.8781
13.8757
13.8785
13.8741
13.8749
13.8722
13.8789
13.8811
13.8814
13.8721
13.8733
13.8758
13.876
13.8496
13.8197
13.8208
13.8555
13.8575
13.8213
13.8199
13.8386
13.8726
13.8612
13.8334
13.8348
13.8662
13.8534
13.8698
13.8698
13.8665
13.8717
13.8649
13.8638
13.8591
13.8688
13.8713
13.8707
13.8684
13.865
13.8678
13.865
13.8595
13.824
13.8171
13.8874
13.8577
13.8254
13.8162
13.8314
13.8604
13.8456
13.8264
13.8297
13.8555
13.8392
13.8596
13.8559
13.8511
13.8596
13.8546
13.8483
13.8441
13.8626
13.8654
13.8602
13.8683
13.8622
13.8627
13.8556
13.852
13.8255
13.8167
13.8726
13.8412
13.8224
13.816
13.8279
13.8506
13.8342
13.8176
13.8246
13.8446
13.829
13.8496
13.8402
13.8376
13.8458
13.8443
13.8326
13.8324
13.8661
13.8582
13.8529
13.8617
13.8718
13.8524
13.8531
13.8286
13.8172
13.8178
13.8462
13.8185
13.8186
13.8202
13.8248
13.8382
13.8251
13.8059
13.8236
13.831
13.8223
13.8395
13.8261
13.8271
13.8346
13.8358
13.8206
13.8221
13.8727
13.8445
13.8542
13.8468
13.8705
13.8363
13.8533
13.8136
13.823
13.8225
13.8271
13.8091
13.8232
13.8223
13.8225
13.8249
13.8208
13.8031
13.8207
13.8197
13.8199
13.8336
13.8156
13.8173
13.8282
13.8316
13.8126
13.8144
13.8654
13.8269
13.8468
13.8364
13.8572
13.8185
13.8406
13.8051
13.8164
13.8196
13.8135
13.803
13.812
13.8138
13.8171
13.817
13.8187
13.8114
13.8129
13.8176
13.8181
13.8311
13.8117
13.8134
13.8288
13.8326
13.8122
13.8143
13.8477
13.8126
13.8314
13.8314
13.8404
13.8088
13.8214
13.804
13.811
13.8045
13.8109
13.8058
13.8116
13.7958
13.8093
13.8198
13.8176
13.8153
13.808
13.8236
13.8175
13.8371
13.8159
13.8179
13.8403
13.8442
13.822
13.8247
13.8351
13.8061
13.8128
13.8362
13.8324
13.8082
13.8083
13.8086
13.8144
13.7899
13.8232
13.8132
13.8202
13.7904
13.8092
13.8289
13.8193
13.8291
13.8117
13.8356
13.8241
13.8542
13.8314
13.8348
13.864
13.8669
13.8442
13.8475
13.8333
13.8136
13.8067
13.8526
13.837
13.8225
13.8072
13.8206
13.8304
13.7989
13.852
13.8362
13.8489
13.8164
13.8204
13.8523
13.832
13.8655
13.833
13.8728
13.8447
13.8831
13.8612
13.8638
13.9025
13.9018
13.8828
13.8828
13.8437
13.8346
13.81
13.8795
13.8521
13.8475
13.8135
13.8584
13.8751
13.8374
13.9012
13.8849
13.9059
13.8708
13.8584
13.8989
13.8624
13.9257
13.8966
13.9362
13.8869
13.9239
13.9091
13.9055
13.9572
13.9484
13.9378
13.929
13.8619
13.8622
13.8189
13.9151
13.8728
13.8789
13.8244
13.9138
13.9427
13.9101
13.981
13.9482
13.9897
13.9514
13.9347
13.9844
13.9194
14.0193
13.9803
14.0371
13.9622
13.975
13.9687
13.9547
14.0242
14.0037
14.005
13.9841
13.8858
13.8989
13.8337
13.9588
13.9001
13.918
13.8421
13.9877
14.0423
13.9983
14.0727
14.0292
14.0874
14.0422
14.028
14.1065
14.0141
14.127
14.072
14.1724
14.0941
14.035
14.042
14.0139
14.0959
14.0673
14.0818
14.0445
13.9167
13.9384
13.8488
14.0113
13.9361
13.9638
13.8548
14.0733
14.1322
14.0845
14.1758
14.1226
14.1793
14.1349
14.1136
14.2106
14.1698
14.1952
14.1606
14.2305
14.2106
14.1003
14.1186
14.0747
14.1604
14.1333
14.1516
14.1037
13.9618
13.99
13.8609
14.0814
13.9962
14.0194
13.8729
14.1726
14.2335
14.1845
14.2827
14.2163
14.2825
14.2265
14.2023
14.2485
14.2218
14.2755
14.237
14.2664
14.2391
14.1675
14.1766
14.129
14.2032
14.1982
14.1819
14.1396
14.0412
14.0458
13.9065
14.1648
14.0904
14.0716
13.9661
14.2521
14.3238
14.2663
14.3386
14.2716
14.3517
14.2905
14.2722
14.2881
14.2676
14.3411
14.3093
14.3098
14.2981
14.2297
14.1658
14.1453
14.2268
14.2641
14.1817
14.1753
14.1447
14.1053
14.032
14.2516
14.2035
14.1703
14.1253
14.2889
14.3721
14.3131
14.3432
14.2865
14.3626
14.3057
14.3489
14.3337
14.3314
14.3766
14.3492
14.3555
14.3515
14.2973
14.2131
14.2247
14.2864
14.3207
14.2643
14.3044
14.2671
14.2467
14.2167
14.3246
14.3115
14.3058
14.2772
14.2866
14.3421
14.3062
14.3202
14.2822
14.3268
14.2981
14.3414
14.358
14.3573
14.3443
14.3142
14.3488
14.3498
14.334
14.2866
14.3144
14.3192
14.3371
14.2949
14.3123
14.3276
14.3139
14.2902
14.3338
14.3389
14.3077
14.2942
14.284
14.3144
14.2946
14.3055
14.2828
14.3029
14.2847
14.2909
14.3323
14.3356
14.3008
14.275
14.3147
14.3127
14.3379
14.2994
14.3104
14.3289
14.3375
14.3013
14.3067
14.3451
14.3091
14.2986
14.3406
14.3455
14.3064
14.2981
14.28
14.29
14.274
14.2928
14.2758
14.2786
14.266
14.2582
14.2952
14.2863
14.2684
14.2448
14.2762
14.2654
14.3369
14.3025
14.3052
14.3295
14.3363
14.3011
14.3015
14.347
14.3112
14.3056
14.3453
14.3492
14.3135
14.3123
14.2727
14.272
14.2617
14.2836
14.271
14.2696
14.2597
14.2331
14.2647
14.2544
14.2456
14.2253
14.2622
14.2484
14.3373
14.3053
14.3021
14.3361
14.3427
14.3104
14.3035
14.3545
14.3176
14.3222
14.3548
14.3624
14.3235
14.335
14.2726
14.2697
14.2593
14.286
14.2775
14.2712
14.2642
14.2248
14.266
14.2492
14.252
14.2364
14.2713
14.2571
14.3539
14.3215
14.3128
14.353
14.3672
14.3277
14.3211
14.3755
14.3338
14.3528
14.3769
14.3931
14.3471
14.3717
14.2875
14.2774
14.2774
14.305
14.3016
14.2924
14.3
14.2682
14.282
14.2816
14.2999
14.2977
14.304
14.3097
14.386
14.3421
14.3395
14.3774
14.3971
14.3514
14.3534
14.4149
14.366
14.3908
14.4104
14.4349
14.3791
14.4045
14.3123
14.3167
14.321
14.3283
14.328
14.3365
14.3417
14.3319
14.3371
14.3414
14.3514
14.3558
14.3647
14.3712
14.4113
14.3573
14.3659
14.3992
14.4263
14.3628
14.3819
14.4655
14.3932
14.4167
14.4505
14.4945
14.4109
14.4415
14.3401
14.356
14.3593
14.3499
14.3489
14.3683
14.3722
14.3591
14.3597
14.3705
14.3597
14.3739
14.3755
14.3846
14.407
14.3844
14.4067
14.399
14.4214
14.4037
14.4222
14.478
14.436
14.4679
14.4617
14.489
14.456
14.4805
14.3784
14.3912
14.3988
14.3866
14.3944
14.4075
14.4157
14.3939
14.4055
14.4149
14.3989
14.408
14.4228
14.4301
14.4302
14.4307
14.4517
14.4238
14.4406
14.4429
14.4575
14.48
14.4713
14.492
14.468
14.4862
14.4753
14.4931
14.4642
14.4762
14.4871
14.4773
14.4805
14.5038
14.5097
14.4916
14.4927
14.5073
14.4874
14.4954
14.5109
14.5128
)
;

boundaryField
{
    fbOut
    {
        type            fixedValue;
        value           uniform 0;
    }
    CAD_patch1
    {
        type            zeroGradient;
    }
    fbGasin
    {
        type            zeroGradient;
    }
    CAD_patch3
    {
        type            zeroGradient;
    }
    fbBioin
    {
        type            zeroGradient;
    }
}


// ************************************************************************* //
