/*--------------------------------*- C++ -*----------------------------------*\
| =========                 |                                                 |
| \\      /  F ield         | OpenFOAM: The Open Source CFD Toolbox           |
|  \\    /   O peration     | Version:  5.x                                   |
|   \\  /    A nd           | Web:      www.OpenFOAM.org                      |
|    \\/     M anipulation  |                                                 |
\*---------------------------------------------------------------------------*/
FoamFile
{
    version     2.0;
    format      ascii;
    class       volScalarField;
    location    "3.35";
    object      Ksl;
}
// * * * * * * * * * * * * * * * * * * * * * * * * * * * * * * * * * * * * * //

dimensions      [1 -3 -1 0 0 0 0];

internalField   nonuniform List<scalar> 
10571
(
4054.99
1462.99
4189.42
2815.97
9035.28
1665.13
1375.65
1473.77
3106.18
3102.39
1627.15
5226.33
785.75
478.62
3200.97
2915.83
10698.2
1924.44
694.561
8093.32
10342
8763.32
5003.35
9335.46
7699.45
2990.42
3902.02
3919.61
7965.51
459.619
3661.99
4703.15
6097.86
9396.82
1918.31
207.999
5296.61
2418.86
2276.53
6633.83
1585.09
2140
1676.42
1272.87
1128.3
5943.49
2143.87
781.479
9889.57
2633.86
1255.77
9895.77
1526.17
544.909
6834.18
5768.79
5754.83
3134.7
5020.76
133.114
4115.1
1019.41
922.389
926.233
940.23
1283.61
1237.22
756.542
173.032
1427.21
987.05
596.768
4468.44
7219.76
760.998
2634.25
1384.65
5287.65
5651.12
4315.72
1674.05
319.454
12206.9
3838.65
3500.9
3919.13
2025.47
490.345
1487.04
568.469
802.487
847.762
131.982
327.181
116.056
174.457
1207.39
7942.18
321.838
343.624
332.081
1027.18
42.7046
117.182
155.792
453.359
830.437
243.158
33.1528
190.981
237.86
1528.72
354.574
37.3679
99.1337
40.7074
82.981
301.051
113.384
53.2122
641.412
705.731
733.876
652.41
171.842
158.635
25.5527
20.8008
22.0842
1177.34
11332.6
479.827
21.4624
6.6152
30.4388
23.4241
2052.4
9913.14
173.443
18.2863
34.1902
27.5478
80.5014
314.878
85.3413
36.1004
224.94
59.936
143.268
33.5605
103.142
69.0619
35.6909
264.433
208.796
118.84
5288.93
397.465
4.95553
0.643314
10.0918
47.6337
79.8682
8359.17
155.395
25.9492
18.8312
19.2863
17.0665
1537.63
123.385
74.0043
27.9726
290.193
55.9307
73.8836
15.6337
92.9144
72.2504
63.0718
330.331
137.796
89.2726
0
273.064
2.11103e-13
2.30188
146.604
71.1515
9.6443
0
102.765
63.0355
79.5107
19.6224
9.26178
0
27.2228
7.30362
0
346.715
53.712
23.2669
6.42335
123.679
29.7008
33.3318
10.9643
2.42654
8.53473
0
129.537
6.94342
17.9458
73.4592
2.33338
3.24923e-13
0
82.2557
51.5746
45.5109
28.1234
0
16.6979
0
0
492.788
128.583
14.7797
67.2209
85.5692
30.3728
38.9574
6.05439
0.579896
0
223.914
5.61129
79.5959
6.30428
0
0
147.153
47.1535
0.81715
0
0
0
0
0
63.9976
43.755
38.9001
79.5327
1.87567
20.2951
78.784
4.75474
0
0
76.4799
114.541
118.05
9.91428
0
0
9.05642
1.61273
0
0
0
0
0
0
0
3.51742
21.2774
61.7419
0
17.9366
34.8562
2.48938
0
0
86.4342
47.9652
18.357
1.22488
0
0
0.41645
0
0
0
0
0
0
0
0
16.0243
11.4977
0
0
30.6773
7.32078
0.495701
0
0
101.742
11.9429
1.88819
0
0
0
0
0
0
0
0
0
0
0
0
3.65002
9.87343
0
0
33.9646
5.53753
0
0
0
14.9141
14.8122
0
0
0
0
0
0
0
0
0
0
0
0
0
5.14453
3.88979
0
0
10.0958
1.48974
0
0
0
18.8327
0
0
0
0
0
4.03288
0
0
0
0
0
0
0
0
1.10893
0
0
0
36.8054
0
0
0
0
0
0.954304
0
0
0
0
0
0
0
0
0
0
0
0
0
0
0
0
0
8.96881
0
0
0
0
17.7732
0
0
0
0
0
0
0
0
0
0
0
0
0
0
0
0
0
0
4.37763
0
0
0
0
0
0
0
0
0
0
0
0
0
0
0
0
0
0
0
0
0
0
0
0
0
0
0
0
0
0
0
0
0
0
0
0
0
0
0
0
0
0
0
0
0
0
0
0
0
0
0
0
0
0
0
0
0
0
0
0
0
0
0
0
0
0
0
0
0
0
0
0
0
0
0
0
0
0
0
0
0
0
0
0
0
0
0
0
0
0
0
0
0
0
0
0
0
0
0
0
0
0
0
0
0
0
0
0
0
0
0
0
0
0
0
0
0
0
0
0
0
0
0
0
0
0
0
0
0
0
0
0
0
0
0
0
0
0
0
0
0
0
0
0
0
0
0
0
0
0
0
0
0
0
0
0
0
0
0
0
0
0
0
0
0
0
0
0
0
0
0
0
0
0
0
0
0
0
0
0
0
0
0
0
0
0
0
0
0
0
0
0
0
0
0
0
0
0
0
0
0
0
0
0
0
0
0
0
0
0
0
0
0
0
0
0
0
0
0
0
0
0
0
0
0
0
0
0
0
0
0
0
0
0
0
0
0
0
0
0
0
0
0
0
0
0
0
0
0
0
0
0
0
0
0
0
0
0
0
0
0
0
0
0
0
0
0
0
0
0
0
0
0
0
0
0
0
0
0
0
0
0
0
0
0
0
0
0
0
0
0
0
0
0
0
0
0
0
0
0
0
0
0
0
0
0
0
0
0
0
0
0
0
0
0
0
0
0
0
0
0
0
0
0
0
0
0
0
0
0
0
0
0
0
0
0
0
0
0
0
0
0
0
0
0
0
0
0
0
0
0
0
0
0
0
0
0
0
0
0
0
0
0
0
0
0
0
0
0
0
0
0
0
0
0
0
0
0
0
0
0
0
0
0
0
0
0
0
0
0
0
0
0
0
0
0
0
0
0
0
0
0
0
0
0
0
0
0
0
0
0
0
0
0
0
0
0
0
0
0
0
0
0
0
0
0
0
0
0
0
0
0
0
0
0
0
0
0
0
0
0
0
0
0
0
0
0
0
0
0
0
0
0
0
0
0
0
0
0
0
0
0
0
0
0
0
0
0
0
0
0
0
0
0
0
0
0
0
0
0
0
0
0
0
0
0
0
0
0
0
0
0
0
0
0
0
0
0
0
0
0
0
0
0
0
0
0
0
0
0
0
0
0
0
0
0
0
0
0
0
0
0
0
0
0
0
0
0
0
0
0
0
0
0
0
0
0
0
0
0
0
0
0
0
0
0
0
0
0
0
0
0
0
0
0
0
0
0
0
0
0
0
0
0
0
0
0
0
0
0
0
0
0
0
0
0
0
0
0
0
0
0
0
0
0
0
0
0
0
0
0
0
0
0
0
0
0
0
0
0
0
0
0
0
0
0
0
0
0
0
0
0
0
0
0
0
0
0
0
0
0
0
0
0
0
0
0
0
0
0
0
0
0
0
0
0
0
0
0
0
0
0
0
0
0
0
0
0
0
0
0
0
0
0
0
0
0
0
0
0
0
0
0
0
0
0
0
0
0
0
0
0
0
0
0
0
0
0
0
0
0
0
0
0
0
0
0
0
0
0
0
0
0
0
0
0
0
0
0
0
0
0
0
0
0
0
0
0
0
0
0
0
0
0
0
0
0
0
0
0
0
0
0
0
0
0
0
0
0
0
0
0
0
0
0
0
0
0
0
0
0
0
0
0
0
0
0
0
0
0
0
0
0
0
0
0
0
0
0
0
0
0
0
0
0
0
0
0
0
0
0
0
0
0
0
0
0
0
0
0
0
0
0
0
0
0
0
0
0
0
0
0
0
0
0
0
0
0
0
0
0
0
0
0
0
0
0
0
0
0
0
0
0
0
0
0
0
0
0
0
0
0
0
0
0
0
0
0
0
0
0
0
0
0
0
0
0
0
0
0
0
0
0
0
0
0
0
0
0
0
0
0
0
0
0
0
0
0
0
0
0
0
0
0
0
0
0
0
0
0
0
0
0
0
0
0
0
0
0
0
0
0
0
0
0
0
0
0
0
0
0
0
0
0
0
0
0
0
0
0
0
0
0
0
0
0
0
0
0
0
0
0
0
0
0
0
0
0
0
0
0
0
0
0
0
0
0
0
0
0
0
0
0
0
0
0
0
0
0
0
0
0
0
0
0
0
0
0
0
0
0
0
0
0
0
0
0
0
0
0
0
0
0
0
0
0
0
0
0
0
0
0
0
0
0
0
0
0
0
0
0
0
0
0
0
0
0
0
0
0
0
0
0
0
0
0
0
0
0
0
0
0
0
0
0
0
0
0
0
0
0
0
0
0
0
0
0
0
0
0
0
0
0
0
0
0
0
0
0
0
0
0
0
0
0
0
0
0
0
0
0
0
0
0
0
0
0
0
0
0
0
0
0
0
0
0
0
0
0
0
0
0
0
0
0
0
0
0
0
0
0
0
0
0
0
0
0
0
0
0
0
0
0
0
0
0
0
0
0
0
0
0
0
0
0
0
0
0
0
0
0
0
0
0
0
0
0
0
0
0
0
0
0
0
0
0
0
0
0
0
0
0
0
0
0
0
0
0
0
0
0
0
0
0
0
0
0
0
0
0
0
0
0
0
0
0
0
0
0
0
0
0
0
0
0
0
0
0
0
0
0
0
0
0
0
0
0
0
0
0
0
0
0
0
0
0
0
0
0
0
0
0
0
0
0
0
0
0
0
0
0
0
0
0
0
0
0
0
0
0
0
0
0
0
0
0
0
0
0
0
0
0
0
0
0
0
0
0
0
0
0
0
0
0
0
0
0
0
0
0
0
0
0
0
0
0
0
0
0
0
0
0
0
0
0
0
0
0
0
0
0
0
0
0
0
0
0
0
0
0
0
0
0
0
0
0
0
0
0
0
0
0
0
0
0
0
0
0
0
0
0
0
0
0
0
0
0
0
0
0
0
0
0
0
0
0
0
0
0
0
0
0
0
0
0
0
0
0
0
0
0
0
0
0
0
0
0
0
0
0
0
0
0
0
0
0
0
0
0
0
0
0
0
0
0
0
0
0
0
0
0
0
0
0
0
0
0
0
0
0
0
0
0
0
0
0
0
0
0
0
0
0
0
0
0
0
0
0
0
0
0
0
0
0
0
0
0
0
0
0
0
0
0
0
0
0
0
0
0
0
0
0
0
0
0
8237.55
2184.54
4369.08
2815.53
2399.31
1202.72
4350.78
6799.45
4388.91
6980.44
7082.2
3751.92
4115.97
7149.73
461.442
9014.76
2801.07
572.688
2973.67
376.91
1188.72
5312.73
5111.22
1382.57
2799.55
3700.49
4558.34
3671.66
4447.2
2369.48
952.004
854.183
110.343
4430.61
5377.96
201.157
2595.6
713.912
249.495
5220.08
2713.04
949.529
1834.34
2747.06
2954.24
2873.22
5648.51
6521.07
4110.12
4665.55
7517.75
3024.57
473.85
5462.5
1010.86
19.2747
0.398635
35.3821
34.9576
274.104
61.943
7.54979
98.6204
815.578
2635.82
962.38
2702.43
4148.9
6019.36
3659.8
8589.62
8176.76
1896.15
8098.24
4599.59
588.187
413.671
1353.19
960.787
233.48
353.348
739.314
1150.44
1563.34
4937.77
3322.78
7016.54
6114.62
3955.17
1343.71
1024.51
2062.66
730.191
803.477
886.49
3645.93
5257.15
6810.93
677.536
6935.34
3891.33
5994.88
11088.4
9423.89
4403.38
7761.34
8060.19
5755.23
7302.24
9707.46
11553.5
1458.87
2520.76
1428.67
1133.2
884.187
4682.44
1891.9
2041.1
1577.78
7901.3
5190.59
6846.84
10415
10582.2
7797.55
9797.93
7258.19
10504.9
3111.31
916.429
3213.3
3045.38
1471.91
633.603
1826.57
1156.91
4658.68
4678.67
1552.07
2888.75
5488.43
768.589
153.091
338.742
1422.82
5733.9
1880.21
977.968
7737.77
11084.2
5482.04
7136.52
11713.5
9877.48
7204.28
8613.35
11715.6
10678.6
10029.5
9201.66
11184.6
7181.11
5962.96
5720.9
5620.47
9625.96
10509.2
11736.7
7655.6
8774.17
10393.6
9821.16
11444.8
5649.55
6781.24
10513.4
9210.23
11773.3
6696.62
5172.47
5512.68
11156.3
8380.34
10501.7
13780.9
6165.31
10140.4
4737.8
3464.38
9600.58
5726.8
4122.28
10303.6
6362.52
2820.94
2994.05
3349.92
786.704
1508.49
1456.64
3902.98
756.42
860.866
12102.6
7721.91
11262.9
5686.64
10989.1
9708.97
12327.5
11695.4
11554.9
1305.06
2229.68
558.122
1759.66
4396.77
1083.44
9192.98
4930.22
9593.53
8699.75
6407.74
164.674
227.045
3136.29
222.545
635.911
851.149
4860.91
4796.47
5814.57
1045.88
2986.67
4516.05
2791.02
11309.8
4480.41
968.768
759.49
3989.55
930.211
491.953
439.119
490.539
853.265
673.988
500.729
340.285
417.611
11444.6
2888.53
3147.36
9006.93
2300.72
1486.59
2000.07
1607.06
5676.09
971.903
732.411
1444.15
703.339
8576.45
11099.5
12105.8
6031.54
7419.69
10969.9
5484.45
4493.37
8215.44
5595.36
9198.79
6463.96
5353.84
3783.51
2501.79
4195.95
4022.68
3658.12
1178.11
717.529
5480.05
3999.91
942.722
1477.03
3466.7
8766.16
5812.66
1207.08
2041.56
2791.65
1144.17
4271.51
879.113
3223.66
7420.88
2681.34
4937.14
10313.6
7514.27
1533.92
4568.05
347.048
397.635
23.1428
1477.95
2155.99
11767.3
5357.26
4245.35
4271.06
555.576
481.88
81.2752
273.562
5445.29
4495.38
545.837
2658.12
783.98
1022.35
716.074
2823.27
947.066
579.126
371.56
222.223
517.292
411.119
338.978
390.7
75.3877
1426.79
915.424
1323.48
328.119
523.081
385.967
198.169
501.033
179.181
367.234
250.026
101.159
407.272
11137.4
4681.3
6517.73
3854.86
2159.16
1857.85
1370.82
867.929
3052.85
3175.6
2658.35
1228.5
1685.95
1280.26
1094.69
2621.29
3240.66
4130.22
999.897
2147.81
9922.14
3560.88
1719.47
543.821
1117.21
313.085
414.086
922.865
607.982
125.169
363.541
433.822
458.291
5776.88
12527.9
10376.9
7259.29
9422.78
9220.53
477.996
0
331.703
730.906
3.00569
7516.51
3281.93
5852.08
4855.41
1402.27
0
297.841
706.284
8.26555
338.403
2425.01
1331.2
3029.88
1326.52
636.708
837.729
197.074
1274.13
333.834
117.898
432.663
268.286
266.283
68.6781
81.2302
119.402
110.25
794.853
841.992
157.399
328.215
308.507
134.029
264.049
75.724
114.194
106.744
54.5268
182.733
38.5996
1368.3
622.179
1291.93
739.329
501.56
714.162
741.849
345.142
872.206
1035.4
1069.49
1026.93
643.985
564.092
344.403
9625.02
3374.63
1314.12
4743.18
400.94
3053.88
539.061
2304.69
421.206
447.4
317.014
290.131
160.939
529.132
65.384
204.391
629.496
711.037
4877.66
1262.42
1272.56
423.664
384.26
119.301
1272.25
43.5636
780.353
2896.58
603.995
426.5
643.332
658.899
118.274
474.551
67.7082
439.185
2545.08
648.941
603.864
1031.59
743.623
31.0682
995.904
233.574
216.942
0
766.065
270.819
59.1044
78.2052
92.6399
27.9921
53.2135
30.1709
45.9199
109.265
734.997
885.79
92.0602
309.141
334.105
113.033
220.527
31.4274
154.697
61.184
48.2701
216.277
18.283
504.116
376.407
661.936
429.022
523.365
432.635
196.402
770.012
929.39
253.896
563.664
339.071
136.553
301.607
332.518
371.014
217.573
669.429
555.235
194.285
112.417
225.813
215.479
218.487
401.482
24.4814
122.721
152.725
317.515
25.7957
85.03
430.2
422.872
273.257
331.955
105.17
163.812
246.826
83.7835
3283.94
2617.88
7264.51
381.427
7356.07
72.4655
4072.47
10489.8
9283.82
10991
10960.9
10214.8
10850.9
10889.8
124.685
381.563
444.08
147.534
235.116
7153.33
889.344
3451.64
78.4217
3246.48
372.696
7681.24
13260.1
10885.9
11714.9
10439.4
11116.5
10912.3
11338.5
558.755
409.439
0
618.099
244.153
182.634
0
564.116
177.409
41.5082
20.4061
4.91381
21.3664
14.9821
8.83255
0
60.6384
779.501
687.068
101.86
200.998
254.433
101.791
22.2396
45.0447
143.407
26.9811
99.2239
41.093
17.9531
305.499
66.6038
275.228
626.808
195.185
193.129
98.4661
138.741
95.3488
126.611
219.116
89.902
177.123
235.17
230.176
128.285
155.104
95.6634
136.27
171.721
67.4413
91.364
91.4012
154.764
277.407
7.35791
87.5208
90.586
175.282
32.4485
139.712
489.426
454.822
475.555
74.6631
2191.11
17593.8
5.04054
501.273
148.319
244.482
117.134
146.429
259.144
99.6945
1136.31
139.363
407.668
416.845
230.061
187.809
65.4445
11600.1
4895.12
9083.04
27.2896
837.264
33.4472
787.037
93.1664
160.869
218.982
89.5314
180.612
171.539
34.3858
378.659
96.4082
1.96312
10.8329
3.21364
9259.82
5742.88
15272.8
25.6687
895.564
8.50204
702.075
362.009
428.804
0
505.362
120.74
108.915
7.48366
439.446
85.5643
22.8494
14.7951
5.52475
16.9518
13.4343
33.7878
0
204.645
0.439837
0
23530.1
1.58133
170.121
543.274
294.608
104.301
110.618
103.557
78.3398
65.3066
36.8235
50.3422
47.964
0.329811
0
27.2646
9.73547
0.258161
180.437
43.108
76.0927
211.157
33.1639
64.8348
107.033
133.153
293.328
102.886
160.715
208.095
175.728
130.767
86.0333
26.8839
73.4037
129.567
85.8868
28.6076
42.1429
98.2428
181.496
101.518
152.43
98.6976
246.166
61.1499
170.531
237.888
7.66232
193.735
2.73447
0
0
0
0
81.743
100.35
85.9186
69.8377
65.4217
43.2553
20.6638
51.6136
16.7787
31.2217
0
13.534
1.90362
0
2.49461
0
0
0
2.08124e-13
0
65.9599
186.332
135.979
63.0268
123.158
0
0
0
4.66076
0
4.7965
0
0
0
0
0
0
0
0
359.356
325.853
7.25916
374.342
94.9903
67.8449
7.28825
370.208
58.8085
13.4591
12.5842
3.60827
39.7102
0
7.56613
0
0
9.56714
0
0
0
0
158.746
85.8826
36.0677
2.55794e-12
18.9903
14.8265
0
31.8869
0
1.82186
6.2313
0
0
10.3278
21.4005
121.901
78.2859
76.0152
344.458
28.0105
82.7753
102.41
217.754
371.22
125.103
529.373
458.907
607.945
82.0071
74.1042
14.0331
38.185
35.4848
98.0361
34.196
40.4733
0.531815
371.257
127.745
160.284
251.152
261.39
127.816
56.8062
207.686
53.171
52.2009
123.048
23.9207
23.3132
51.5413
32.0482
0
3.27931
0
4.22576
0
3.52955
0
0
0
0
0
0
0
0
50.3216
107.046
124.085
38.545
144.603
0
0
0
0
0
0
0
0
0
0
0
0
0
0
335.651
372.196
51.1318
308.392
110.787
134.801
126.94
92.0062
85.5199
0
0
0
0
0
0
0
0
41.9705
12.2694
0
0
6.74463
6.13133
0
9.62509
0
0
9.51867
24.959
0
61.3985
73.4289
341.336
39.8785
84.5836
212.438
55.396
109.049
94.5216
205.464
326.464
114.542
68.886
101.35
12.8339
67.1123
23.1909
54.2686
59.3387
12.7705
93.0999
51.6946
45.313
17.6894
64.9909
19.7706
18.7364
17.7162
11.7706
5.21392
0
6.3798
0
53.1606
88.5311
22.7353
33.1886
95.4901
39.2748
0
0
0
0
0
97.5921
281.263
152.733
92.4954
232.223
0
0
0
0
0
327.34
129.12
290.319
27.8683
18.8893
46.3621
91.9244
10.5657
1.88312
0
0
0
0
0
0
0
0
7.01528
5.98312
2.31003e-13
0
0
0
3.92504
0
0
0
0
0
0
62.4576
44.5595
50.0077
52.2582
99.2448
0
20.9593
53.8368
103.488
13.9468
0
47.9999
7.53988
0
0
27.5449
7.40639
50.7703
10.7552
20.9338
23.6564
54.6452
15.3608
19.1304
2.99495
5.19877
0
0
0
0
0
0
0
27.808
72.5489
40.467
48.0663
44.4661
56.0679
0
0
0
0
0
111.281
110.614
103.276
39.2553
37.8895
0
0
0
0
0
54.481
48.3654
0
14.901
0
0.107457
4.79852
13.4073
0.0906761
0
0
0
0
0
0
0
0
0
0
0
18.0351
0
0
0
0
0
0
0
0
0
18.5004
13.8721
0
8.55619
0.91605
0
5.4171
3.14182
0
0
0
0
0
0
0
21.6125
21.8377
20.778
22.5834
13.0454
6.42168
23.1531
6.47038
13.1829
0
0
0
0
0
0
0
0
0
55.0783
78.6508
48.2045
46.8255
35.903
46.2947
0
0
0
0
0
51.5305
33.2857
30.3223
45.3577
10.151
0
0
0
0
0
12.2443
0
0
7.09581
0
7.42217
0
0
0
0
0
0
0
0
0
0
0
0
0
0
0
0
0
0
0
0
0
0
0
0
0.243831
0
0
0
0
0
0
0
0
0
0
0
0
0
0
28.9207
17.6898
11.2387
6.422
12.1269
10.6093
8.37501
18.8941
14.1001
0
0
0
0
0
0
0
0
0
61.6918
61.3178
45.1042
40.0417
37.0894
43.0587
0
0
0
0
0
37.7801
17.203
33.3614
21.3935
5.32876
0
0
0
0
0
0
0
0
0
0
0
0
0
0
0
0
0
0
0
0
0
0
0
0
0
0
0
0
0
0
0
0
0
0
0
0
0
0
0
0
0
0
0
0
0
0
0
0
0
0
16.2392
9.30626
16.7565
20.3287
38.0643
5.83065
7.66821
14.1201
108.144
0
0
0
0
0
0
0
0
0
21.4171
12.0502
35.9681
46.6937
43.0188
32.5064
0
0
0
0
0
19.1866
10.3043
9.80553
7.3039
1.87524e-14
0
0
0
0
0
7.31279
7.10034
0
0
0
0
0
0
0
0
0
0
0
0
0
0
0
0
0
0
0
0
0
0
0
0
0
0
0
0
0
0
0
0
0
0
0
0
0
0
0
0
0
0
0
32.7877
77.3566
0.44428
47.7189
84.8783
11.0696
0
32.9752
9.04891
0
0
0
0
0
0
0
0
0
22.3019
17.7746
20.9581
26.3436
10.0605
12.191
0
0
0
0
0
3.24524
0
19.7835
3.22196
0
0
0
0
0
0
0
0
0
0
0
0
0
0
0
0
0
0
0
0
0
0
0
0
0
0
0
0
0
0
0
0
0
0
0
0
0
0
0
0
0
0
0
0
0
0
0
0
0
0
0
81.4989
5.17354
2.76778
29.1868
0
0
0
7.17395e-14
0
0
0
0
0
0
0
0
0
0
41.3764
10.8801
20.5996
6.51163
0
14.5726
0
0
0
0
0
0
1.48117
9.105
0.111619
2.67911
0
0
0
0
0
0
0
0
0
0
0
0
0
0
0
0
0
0
0
0
0
0
0
0
0
0
0
0
0
0
0
0
0
0
0
0
0
0
0
0
0
0
0
0
0
0
0
0
0
0
4.96243
0
0
0
0
0
0
0
4.18577
0
0
0
0
0
0
0
0
0
0.053078
20.3031
16.7809
9.19379
8.87869
14.3152
0
0
0
0
0
0
0
0.902352
6.15044
0
0
0
0
0
0
0
0
0
0
0
0
0
0
0
0
0
0
0
0
0
0
0
0
0
0
0
0
0
0
0
0
0
0
0
0
0
0
0
0
0
0
0
0
0
0
0
0
0
0
0
0
0
0
0
0
0
0
0
0
0
0
0
0
0
0
0
0
0
17.2262
8.83851
18.9695
9.15353
8.97335
22.851
0
0
0
0
0
0
0
0
0
0
0
0
0
0
0
0
0
0
0
0
0
0
0
0
0
0
0
0
0
0
0
0
0
0
0
0
0
0
0
0
0
0
0
0
0
0
0
0
0
0
0
0
0
0
0
0
0
0
0
0
0
0
0
0
0
0
0
0
0
0
0
0
0
0
0
0
0
0
0
8.41112
3.14844
0
0
0
0
0
0
0
0
0
0
0
0
0
0
0
0
0
0
0
0
0
0
0
0
0
0
0
0
0
0
0
0
0
0
0
0
0
0
0
0
0
0
0
0
0
0
0
0
0
0
0
0
0
0
0
0
0
0
0
0
0
0
0
0
0
0
0
0
0
0
0
0
0
0
0
0
0
0
0
0
0
0
0
0
0
0
0
0
0
0
0
0
0
0
0
0
0
0
0
0
0
0
0
0
0
0
0
0
0
0
0
0
0
0
0
0
0
0
0
0
0
0
0
0
0
0
0
0
0
0
0
0
0
0
0
0
0
0
0
0
0
0
0
0
0
0
0
0
0
0
0
0
0
0
0
0
0
0
0
0
0
0
0
0
0
0
0
0
0
0
0
0
0
0
0
0
0
0
0
0
0
0
0
0
0
0
0
0
0
0
0
0
0
0
0
0
0
0
0
0
0
0
0
0
0
0
0
0
0
0
0
0
0
0
0
0
0
0
0
0
0
0
0
0
0
0
0
0
0
0
0
0
0
0
0
0
0
0
0
0
0
0
0
0
0
0
0
0
0
0
0
0
0
0
0
0
0
0
0
0
0
0
0
0
0
0
0
0
0
0
0
0
0
0
0
0
0
0
0
0
0
0
0
0
0
0
0
0
0
0
0
0
0
0
0
0
0
0
0
0
0
0
0
0
0
0
0
0
0
0
0
0
0
0
0
0
0
0
0
0
0
0
0
0
0
0
0
0
0
0
0
0
0
0
0
0
0
0
0
0
0
0
0
0
0
0
0
0
0
0
0
0
0
0
0
0
0
0
0
0
0
0
0
0
0
0
0
0
0
0
0
0
0
0
0
0
0
0
0
0
0
0
0
0
0
0
0
0
0
0
0
0
0
0
0
0
0
0
0
0
0
0
0
0
0
0
0
0
0
0
0
0
0
0
0
0
0
0
0
0
0
0
0
0
0
0
0
0
0
0
0
0
0
0
0
0
0
0
0
0
0
0
0
0
0
0
0
0
0
0
0
0
0
0
0
0
0
0
0
0
0
0
0
0
0
0
0
0
0
0
0
0
0
0
0
0
0
0
0
0
0
0
0
0
0
0
0
0
0
0
0
0
0
0
0
0
0
0
0
0
0
0
0
0
0
0
0
0
0
0
0
0
0
0
0
0
0
0
0
0
0
0
0
0
0
0
0
0
0
0
0
0
0
0
0
0
0
0
0
0
0
0
0
0
0
0
0
0
0
0
0
0
0
0
0
0
0
0
0
0
0
0
0
0
0
0
0
0
0
0
0
0
0
0
0
0
0
0
0
0
0
0
0
0
0
0
0
0
0
0
0
0
0
0
0
0
0
0
0
0
0
0
0
0
0
0
0
0
0
0
0
0
0
0
0
0
0
0
0
0
0
0
0
0
0
0
0
0
0
0
0
0
0
0
0
0
0
0
0
0
0
0
0
0
0
0
0
0
0
0
0
0
0
0
0
0
0
0
0
0
0
0
0
0
0
0
0
0
0
0
0
0
0
0
0
0
0
0
0
0
0
0
0
0
0
0
0
0
0
0
0
0
0
0
0
0
0
0
0
0
0
0
0
0
0
0
0
0
0
0
0
0
0
0
0
0
0
0
0
0
0
0
0
0
0
0
0
0
0
0
0
0
0
0
0
0
0
0
0
0
0
0
0
0
0
0
0
0
0
0
0
0
0
0
0
0
0
0
0
0
0
0
0
0
0
0
0
0
0
0
0
0
0
0
0
0
0
0
0
0
0
0
0
0
0
0
0
0
0
0
0
0
0
0
0
0
0
0
0
0
0
0
0
0
0
0
0
0
0
0
0
0
0
0
0
0
0
0
0
0
0
0
0
0
0
0
0
0
0
0
0
0
0
0
0
0
0
0
0
0
0
0
0
0
0
0
0
0
0
0
0
0
0
0
0
0
0
0
0
0
0
0
0
0
0
0
0
0
0
0
0
0
0
0
0
0
0
0
0
0
0
0
0
0
0
0
0
0
0
0
0
0
0
0
0
0
0
0
0
0
0
0
0
0
0
0
0
0
0
0
0
0
0
0
0
0
0
0
0
0
0
0
0
0
0
0
0
0
0
0
0
0
0
0
0
0
0
0
0
0
0
0
0
0
0
0
0
0
0
0
0
0
0
0
0
0
0
0
0
0
0
0
0
0
0
0
0
0
0
0
0
0
0
0
0
0
0
0
0
0
0
0
0
0
0
0
0
0
0
0
0
0
0
0
0
0
0
0
0
0
0
0
0
0
0
0
0
0
0
0
0
0
0
0
0
0
0
0
0
0
0
0
0
0
0
0
0
0
0
0
0
0
0
0
0
0
0
0
0
0
0
0
0
0
0
0
0
0
0
0
0
0
0
0
0
0
0
0
0
0
0
0
0
0
0
0
0
0
0
0
0
0
0
0
0
0
0
0
0
0
0
0
0
0
0
0
0
0
0
0
0
0
0
0
0
0
0
0
0
0
0
0
0
0
0
0
0
0
0
0
0
0
0
0
0
0
0
0
0
0
0
0
0
0
0
0
0
0
0
0
0
0
0
0
0
0
0
0
0
0
0
0
0
0
0
0
0
0
0
0
0
0
0
0
0
0
0
0
0
0
0
0
0
0
0
0
0
0
0
0
0
0
0
0
0
0
0
0
0
0
0
0
0
0
0
0
0
0
0
0
0
0
0
0
0
0
0
0
0
0
0
0
0
0
0
0
0
0
0
0
0
0
0
0
0
0
0
0
0
0
0
0
0
0
0
0
0
0
0
0
0
0
0
0
0
0
0
0
0
0
0
0
0
0
0
0
0
0
0
0
0
0
0
0
0
0
0
0
0
0
0
0
0
0
0
0
0
0
0
0
0
0
0
0
0
0
0
0
0
0
0
0
0
0
0
0
0
0
0
0
0
0
0
0
0
0
0
0
0
0
0
0
0
0
0
0
0
0
0
0
0
0
0
0
0
0
0
0
0
0
0
0
0
0
0
0
0
0
0
0
0
0
0
0
0
0
0
0
0
0
0
0
0
0
0
0
0
0
0
0
0
0
0
0
0
0
0
0
0
0
0
0
0
0
0
0
0
0
0
0
0
0
0
0
0
0
0
0
0
0
0
0
0
0
0
0
0
0
0
0
0
0
0
0
0
0
0
0
0
0
0
0
0
0
0
0
0
0
0
0
0
0
0
0
0
0
0
0
0
0
0
0
0
0
0
0
0
0
0
0
0
0
0
0
0
0
0
0
0
0
0
0
0
0
0
0
0
0
0
0
0
0
0
0
0
0
0
0
0
0
0
0
0
0
0
0
0
0
0
0
0
0
0
0
0
0
0
0
0
0
0
0
0
0
0
0
0
0
0
0
0
0
0
0
0
0
0
0
0
0
0
0
0
0
0
0
0
0
0
0
0
0
0
0
0
0
0
0
0
0
0
0
0
0
0
0
0
0
0
0
0
0
0
0
0
0
0
0
0
0
0
0
0
0
0
0
0
0
0
0
0
0
0
0
0
0
0
0
0
0
0
0
0
0
0
0
0
0
0
0
0
0
0
0
0
0
0
0
0
0
0
0
0
0
0
0
0
0
0
0
0
0
0
0
0
0
0
0
0
0
0
0
0
0
0
0
0
0
0
0
0
0
0
0
0
0
0
0
0
0
0
0
0
0
0
0
0
0
0
0
0
0
0
0
0
0
0
0
0
0
0
0
0
0
0
0
0
0
0
0
0
0
0
0
0
0
0
0
0
0
0
0
0
0
0
0
0
0
0
0
0
0
0
0
0
0
0
0
0
0
0
0
0
0
0
0
0
0
0
0
0
0
0
0
0
0
0
0
0
0
0
0
0
0
0
0
0
0
0
0
0
0
0
0
0
0
0
0
0
0
0
0
0
0
0
0
0
0
0
0
0
0
0
0
0
0
0
0
0
0
0
0
0
0
0
0
0
0
0
0
0
0
0
0
0
0
0
0
0
0
0
0
0
0
0
0
0
0
0
0
0
0
0
0
0
0
0
0
0
0
0
0
0
0
0
0
0
0
0
0
0
0
0
0
0
0
0
0
0
0
0
0
0
0
0
0
0
0
0
0
0
0
0
0
0
0
0
0
0
0
0
0
0
0
0
0
0
0
0
0
0
0
0
0
0
0
0
0
0
0
0
0
0
0
0
0
0
0
0
0
0
0
0
0
0
0
0
0
0
0
0
0
0
0
0
0
0
0
0
0
0
0
0
0
0
0
0
0
0
0
0
0
0
0
0
0
0
0
0
0
0
0
0
0
0
0
0
0
0
0
0
0
0
0
0
0
0
0
0
0
0
0
0
0
0
0
0
0
0
0
0
0
0
0
0
0
0
0
0
0
0
0
0
0
0
0
0
0
0
0
0
0
0
0
0
0
0
0
0
0
0
0
0
0
0
0
0
0
0
0
0
0
0
0
0
0
0
0
0
0
0
0
0
0
0
0
0
0
0
0
0
0
0
0
0
0
0
0
0
0
0
0
0
0
0
0
0
0
0
0
0
0
0
0
0
0
0
0
0
0
0
0
0
0
0
0
0
0
0
0
0
0
0
0
0
0
0
0
0
0
0
0
0
0
0
0
0
0
0
0
0
0
0
0
0
0
0
0
0
0
0
0
0
0
0
0
0
0
0
0
0
0
0
0
0
0
0
0
0
0
0
0
0
0
0
0
0
0
0
0
0
0
0
0
0
0
0
0
0
0
0
0
0
0
0
0
0
0
0
0
0
0
0
0
0
0
0
0
0
0
0
0
0
0
0
0
0
0
0
0
0
0
0
0
0
0
0
0
0
0
0
0
0
0
0
0
0
0
0
0
0
0
0
0
0
0
0
0
0
0
0
0
0
0
0
0
0
0
0
0
0
0
0
0
0
0
0
0
0
0
0
0
0
0
0
0
0
0
0
0
0
0
0
0
0
0
0
0
0
0
0
0
0
0
0
0
0
0
0
0
0
0
0
0
0
0
0
0
0
0
0
0
0
0
0
0
0
0
0
0
0
0
0
0
0
0
0
0
0
0
0
0
0
0
0
0
0
0
0
0
0
0
0
0
0
0
0
0
0
0
0
0
0
0
0
0
0
0
0
0
0
0
0
0
0
0
0
0
0
0
0
0
0
0
0
0
0
0
0
0
0
0
0
0
0
0
0
0
0
0
0
0
0
0
0
0
0
0
0
0
0
0
0
0
0
0
0
0
0
0
0
0
0
0
0
0
0
0
0
0
0
0
0
0
0
0
0
0
0
0
0
0
0
0
0
0
0
0
0
0
0
0
0
0
0
0
0
0
0
0
0
0
0
0
0
0
0
0
0
0
0
0
0
0
0
0
0
0
0
0
0
0
0
0
0
0
0
0
0
0
0
0
0
0
0
0
0
0
0
0
0
0
0
0
0
0
0
0
0
0
0
0
0
0
0
0
0
0
0
0
0
0
0
0
0
0
0
0
0
0
0
0
0
0
0
0
0
0
0
0
0
0
0
0
0
0
0
0
0
0
0
0
0
0
0
0
0
0
0
0
0
0
0
0
0
0
0
0
0
0
0
0
0
0
0
0
0
0
0
0
0
0
0
0
0
0
0
0
0
0
0
0
0
0
0
0
0
0
0
0
0
0
0
0
0
0
0
0
0
0
0
0
0
0
0
0
0
0
0
0
0
0
0
0
0
0
0
0
0
0
0
0
0
0
0
0
0
0
0
0
0
0
0
0
0
0
0
0
0
0
0
0
0
0
0
0
0
0
0
0
0
0
0
0
0
0
0
0
0
0
0
0
0
0
0
0
0
0
0
0
0
0
0
0
0
0
0
0
0
0
0
0
0
0
0
0
0
0
0
0
0
0
0
0
0
0
0
0
0
0
0
0
0
0
0
0
0
0
0
0
0
0
0
0
0
0
0
0
0
0
0
0
0
0
0
0
0
0
0
0
0
0
0
0
0
0
0
0
0
0
0
0
0
0
0
0
0
0
0
0
0
0
0
0
0
0
0
0
0
0
0
0
0
0
0
0
0
0
0
0
0
0
0
0
0
0
0
0
0
0
0
0
0
0
0
0
0
0
0
0
0
0
0
0
0
0
0
0
0
0
0
0
0
0
0
0
0
0
0
0
0
0
0
0
0
0
0
0
0
0
0
0
0
0
0
0
0
0
0
0
0
0
0
0
0
0
0
0
0
0
0
0
0
0
0
0
0
0
0
0
0
0
0
0
0
0
0
0
0
0
0
0
0
0
0
0
0
0
0
0
0
0
0
0
0
0
0
0
0
0
0
0
0
0
0
0
0
0
0
0
0
0
0
0
0
0
0
0
0
0
0
0
0
0
0
0
0
0
0
0
0
0
0
0
0
0
0
0
0
0
0
0
0
0
0
0
0
0
0
0
0
0
0
0
0
0
0
0
0
0
0
0
0
0
0
0
0
0
0
0
0
0
0
0
0
0
0
0
0
0
0
0
0
0
0
0
0
0
0
0
0
0
0
0
0
0
0
0
0
0
0
0
0
0
0
0
0
0
0
0
0
0
0
0
0
0
0
0
0
0
0
0
0
0
0
0
0
0
0
0
0
0
0
0
0
0
0
0
0
0
0
0
0
0
0
0
0
0
0
0
0
0
0
0
0
0
0
0
0
0
0
0
0
0
0
0
0
0
0
0
0
0
0
0
0
0
0
0
0
0
0
0
0
0
0
0
0
0
0
0
0
0
0
0
0
0
0
0
0
0
0
0
0
0
0
0
0
0
0
0
0
0
0
0
0
0
0
0
0
0
0
0
0
0
0
0
0
0
0
0
0
0
0
0
0
0
0
0
0
0
0
0
0
0
0
0
0
0
0
0
0
0
0
0
0
0
0
0
0
0
0
0
0
0
0
0
0
0
0
0
0
0
0
0
0
0
0
0
0
0
0
0
0
0
0
0
0
0
0
0
0
0
0
0
0
0
0
0
0
0
0
0
0
0
0
0
0
0
0
0
0
0
0
0
0
0
0
0
0
0
0
0
0
0
0
0
0
0
0
0
0
0
0
0
0
0
0
0
0
0
0
0
0
0
0
0
0
0
0
0
0
0
0
0
0
0
0
0
0
0
0
0
0
0
0
0
0
0
0
0
0
0
0
0
0
0
0
0
0
0
0
0
0
0
0
0
0
0
0
0
0
0
0
0
0
0
0
0
0
0
0
0
0
0
0
0
0
0
0
0
0
0
0
0
0
0
0
0
0
0
0
0
0
0
0
0
0
0
0
0
0
0
0
0
0
0
0
0
0
0
0
0
0
0
0
0
0
0
0
0
0
0
0
0
0
0
0
0
0
0
0
0
0
0
0
0
0
0
0
0
0
0
0
0
0
0
0
0
0
0
0
0
0
0
0
0
0
0
0
0
0
0
0
0
0
0
0
0
0
0
0
0
0
0
0
0
0
0
0
0
0
0
0
0
0
0
0
0
0
0
0
0
0
0
0
0
0
0
0
0
0
0
0
0
0
0
0
0
0
0
0
0
0
0
0
0
0
0
0
0
0
0
0
0
0
0
0
0
0
0
0
0
0
0
0
0
0
0
0
0
0
0
0
0
0
0
0
0
0
0
0
0
0
0
0
0
0
0
0
0
0
0
0
0
0
0
0
0
0
0
0
0
0
0
0
0
0
0
0
0
0
0
0
0
0
0
0
0
0
0
0
0
0
0
0
0
0
0
0
0
0
0
0
0
0
0
0
0
0
0
0
0
0
0
0
0
0
0
0
0
0
0
0
0
0
0
0
0
0
0
0
0
0
0
0
0
0
0
0
0
0
0
0
0
0
0
0
0
0
0
0
0
0
0
0
0
0
0
0
0
0
0
0
0
0
0
0
0
0
0
0
0
0
0
0
0
0
0
0
0
0
0
0
0
0
0
0
0
0
0
0
0
0
0
0
0
0
0
0
0
0
0
0
0
0
0
0
0
0
0
0
0
0
0
0
0
0
0
0
0
0
0
0
0
0
0
0
0
0
0
0
0
0
0
0
0
0
0
0
0
0
0
0
0
0
0
0
0
0
0
0
0
0
0
0
0
0
0
0
0
0
0
0
0
0
0
0
0
0
0
0
0
0
0
0
0
0
0
0
0
0
0
0
0
0
0
0
0
0
0
0
0
0
0
0
0
0
0
0
0
0
0
0
0
0
0
0
0
0
0
0
0
0
0
0
0
0
0
0
0
0
0
0
0
0
0
0
0
0
0
0
0
0
0
0
0
0
0
0
0
0
0
0
0
0
0
0
0
0
0
0
0
0
0
0
0
0
0
0
0
0
0
0
0
0
0
0
0
0
0
0
0
0
0
0
0
0
0
0
0
0
0
0
0
0
0
0
0
0
0
0
0
0
0
0
0
0
0
0
0
0
0
0
0
0
0
0
0
0
0
0
0
0
0
0
0
0
0
0
0
0
0
0
0
0
0
0
0
0
0
0
0
0
0
0
0
0
0
0
0
0
0
0
0
0
0
0
0
0
0
0
0
0
0
0
0
0
0
0
0
0
0
0
0
0
0
0
0
0
0
0
0
0
0
0
0
0
0
0
0
0
0
0
0
0
0
0
0
0
0
0
0
0
0
0
0
0
0
0
0
0
0
0
0
0
0
0
0
0
0
0
0
0
0
0
0
0
0
0
0
0
0
0
0
0
0
0
0
0
0
0
0
0
0
0
0
0
0
0
0
0
0
0
0
0
0
0
0
0
0
0
0
0
0
0
0
0
0
0
0
0
0
0
0
0
0
0
0
0
0
0
0
0
0
0
0
0
0
0
0
0
0
0
0
0
0
0
0
0
0
0
0
0
0
0
0
0
0
0
0
0
0
0
0
0
0
0
0
0
0
0
0
0
0
0
0
0
0
0
0
0
0
0
0
0
0
0
0
0
0
0
0
0
0
0
0
0
0
0
0
0
0
0
0
0
0
0
0
0
0
0
0
0
0
0
0
0
0
0
0
0
0
0
0
0
0
0
0
0
0
0
0
0
0
0
0
0
0
0
0
0
0
0
0
0
0
0
0
0
0
0
0
0
0
0
0
0
0
0
0
0
0
0
0
0
0
0
0
0
0
0
0
0
0
0
0
0
0
0
0
0
0
0
0
0
0
0
0
0
0
0
0
0
0
0
0
0
0
0
0
0
0
0
0
0
0
0
0
0
0
0
0
0
0
0
0
0
0
0
0
0
0
0
0
0
0
0
0
0
0
0
0
0
0
0
0
0
0
0
0
0
0
0
0
0
0
0
0
0
0
0
0
0
0
0
0
0
0
0
0
0
0
0
0
0
0
0
0
0
0
0
0
0
0
0
0
0
0
0
0
0
0
0
0
0
0
0
0
0
0
0
0
0
0
0
0
0
0
0
0
0
0
0
0
0
0
0
0
0
0
0
0
0
0
0
0
0
0
0
0
0
0
0
0
0
0
0
0
0
0
0
0
0
0
0
0
0
0
0
0
0
0
0
0
0
0
0
0
0
0
0
0
0
0
0
0
0
0
0
0
0
0
0
0
0
0
0
0
0
0
0
0
0
0
0
0
0
0
0
0
0
0
0
0
0
0
0
0
0
0
0
0
0
0
0
0
0
0
0
0
0
0
0
0
0
0
0
0
0
0
0
0
0
0
0
0
0
0
0
0
0
0
0
0
0
0
0
0
0
0
0
0
0
0
0
0
0
0
0
0
0
0
0
0
0
0
0
0
0
0
0
0
0
0
0
0
0
0
0
0
0
0
0
0
0
0
0
0
0
0
0
0
0
0
0
0
0
0
0
0
0
0
0
0
0
0
0
0
0
0
0
0
0
0
0
0
0
0
0
0
0
0
0
0
0
0
0
0
0
0
0
0
0
0
0
0
0
0
0
0
0
0
0
0
0
0
0
0
0
0
0
0
0
0
0
0
0
0
0
0
0
0
0
0
0
0
0
0
0
0
0
0
0
0
0
0
0
0
0
0
0
0
0
0
0
0
0
0
0
0
0
0
0
0
0
0
0
0
0
0
0
0
0
0
0
0
0
0
0
0
0
0
0
0
0
0
0
0
0
0
0
0
0
0
0
0
0
0
0
0
0
0
0
0
0
0
0
0
0
0
0
0
0
0
0
0
0
0
0
0
0
0
0
0
0
0
0
0
0
0
0
0
0
0
0
0
0
0
0
0
0
0
0
0
0
0
0
0
0
0
0
0
0
0
0
0
0
0
0
0
0
0
0
0
0
0
0
0
0
0
0
0
0
0
0
0
0
0
0
0
0
0
0
0
0
0
0
0
0
0
0
0
0
0
0
0
0
0
0
0
0
0
0
0
0
0
0
0
0
0
0
0
0
0
0
0
0
0
0
0
0
0
0
0
0
0
0
0
0
0
0
0
0
0
0
0
0
0
0
0
0
0
0
0
0
0
0
0
0
0
0
0
0
0
0
0
0
0
0
0
0
0
0
0
0
0
0
0
0
0
0
0
0
0
0
0
0
0
0
0
0
0
0
0
0
0
0
0
0
0
0
0
0
0
0
0
0
0
0
0
0
0
0
0
0
0
0
0
0
0
0
0
0
0
0
0
0
0
0
0
0
0
0
0
0
0
0
0
0
0
0
0
0
0
0
0
0
0
0
0
0
0
0
0
0
0
0
0
0
0
0
0
0
0
0
0
0
0
0
0
0
0
0
0
0
0
0
0
0
0
0
0
0
0
0
0
0
0
0
0
0
0
0
0
0
0
0
0
0
0
0
0
0
0
0
0
0
0
0
0
0
0
0
0
0
0
0
0
0
0
0
0
0
0
0
0
0
0
0
0
0
0
0
0
0
0
0
0
0
0
0
0
0
0
0
0
0
0
0
0
0
0
0
0
0
0
0
0
0
0
0
0
0
0
0
0
0
0
0
0
0
0
0
0
0
0
0
0
0
0
2818.94
4767.03
1808.36
4475.47
7199.14
4653.18
5200.38
6957.02
1048.42
3329.22
3683.85
5907.5
1823.99
5225.34
1099.96
3735.87
1948.41
1538.18
1050.95
699.557
4013.72
3695.94
929.373
547.036
3157.39
5926.29
2822.74
1828.06
1516.65
3932.56
4100.07
4926.53
4427.3
4473.4
6187.44
5033.14
5616.19
4841.98
4601.83
5335.29
6236.85
5439.19
4290.98
7239.77
4829.83
662.684
5739.72
811.111
6241.3
272.239
927.838
697.094
2932.01
1674.63
4919.81
2806.75
1102.97
692.686
3049.74
3843.23
4739
4001.7
6055.79
2102.61
4845.62
5984.35
2315.74
2344.97
5542.87
6825.91
679.105
6683.45
3703.47
9806.01
5978.3
7720.03
8679.31
4385.13
1311.25
4889.17
5113
8115.19
10205.5
9774.83
9361.34
2465.43
8083.45
4116.61
8854.28
1932.57
7653.94
1283.83
3874.52
3809.09
6939.86
3211.64
6382.08
3863.35
764.636
76.3839
2157.86
288.921
343.735
243.809
377.666
4336
94.5582
4880.75
127.868
1330.45
65.1671
3249.99
5597.91
1892.06
7723.51
772.586
1580.48
4404.1
6752.1
6176.89
8016.35
7961.56
8291.56
7665.2
9950.11
8053.11
930.341
375.998
799.678
1544.91
4130.94
3308.47
3118.32
498.46
93.8128
1734.29
49.6171
663.523
234.998
1341.78
789.01
1912.7
2518.11
476.795
617.084
306.602
262.934
3845.37
2663.55
1001.76
477.623
925.322
121.53
74.311
9243.7
8704.89
9448.44
4333.8
3690.94
6411.91
5985.07
6720.48
720.781
5188.45
4171.71
3566.43
2111.23
738.225
316.723
90.6036
89.5217
296.033
262.427
59.961
62.2094
1000.24
130.426
468.168
565.817
328.405
171.327
170.414
56.4219
329.692
113.692
204.218
56.6999
21.799
21.3915
21.4771
381.039
16.9879
24.6977
0.202812
16.5491
10.791
448.942
120.481
126.781
525.507
1007.38
249.59
199.909
134.186
162.946
20.3983
245.655
12.115
83.7632
30.5035
49.0773
30.7227
17.5211
84.9655
63.0461
62.9431
28.5816
4.33437
33.5166
2.21228
9.51434
0
28.1161
0
154.42
132.105
152.399
219.015
46.4303
89.3314
68.8307
21.6276
50.6388
2.34912
23.8782
25.3708
32.4879
43.7801
77.9671
55.1439
17.308
75.8624
88.153
42.5108
25.0255
0
6.71372
0
15.6004
0.332758
0.109044
0
23.7128
80.0112
87.3923
40.7058
12.0235
179.842
63.4656
9.36782
133.329
88.0961
12.2186
56.4876
68.5372
118.403
98.2707
70.2716
10.8209
79.3017
66.4883
48.2194
21.0849
0
12.2765
0
9.01444
14.3648
0.237911
11.3711
9.53417
195.54
161.417
23.0944
15.5833
19.7548
90.5734
62.7713
118.116
194.325
27.5621
303.82
107.696
227.512
21.5634
29.1295
25.1124
21.8201
15.708
8.9301
21.169
4.80846
5.85815
2.40222
5.70754
0
0
0
35.3129
21.7871
79.3044
41.8008
41.0226
32.9218
72.0662
59.4218
35.1788
49.9379
57.7556
22.6814
39.1415
19.9299
3.34702
7.82747
3.41135
10.3515
20.296
6.56966
15.9817
0
21.9462
72.3359
21.0101
30.3896
191.736
389.049
53.4128
24.3801
37.2343
31.0263
91.4598
40.4445
17.0005
22.9098
24.4297
6.38844
83.4458
9.4118
30.0137
4.71333
27.4525
31.2026
23.1012
9.44964
26.7002
42.0026
52.1029
142.242
132.043
182.21
81.4345
97.375
29.4707
12.3707
98.9951
11.8923
22.3949
22.0673
78.3445
73.3334
364.677
10.1315
26.8281
7.65476
17.7684
0
51.8321
4.7313
38.4208
26.0415
60.7828
12.5202
18.3118
18.6785
60.5973
32.8566
21.9204
16.3045
16.4832
17.6769
3.51039
5.14205
1.71367e-14
52.1819
27.2861
9.07051
0
30.8105
4.69594
0
10.8146
0
0
0
7.06226
0
30.9818
12.0889
30.4393
57.7858
35.5024
24.3055
24.6923
8.54846
9.65732
1.94242
0.19254
0
0.172553
0
4.25491
53.3049
0.172751
2.47211
0
39.4755
0
0
3.47881
0
0
0
0
0
61.3746
10.8454
0
11.6532
32.0061
19.7372
4.84076
9.64621
5.34985
0
9.67591
0
0
0
0
6.02996
0
0
0
0
4.87756
0
0
0
0
0
0
0
21.2221
4.32907e-13
9.60125
23.3442
6.19654
9.39341
1.74787e-14
0
0
0
0
0
0
0
0
0
0
0
0
0
0
0
0
0
0
0
0
0
2.97324
19.2071
14.1901
11.9928
7.31584
4.69815
0
0.630268
0.157066
0
2.06247
0.960926
4.4177
0
0
0
0
0
0
0
0
0
0
0
0
0
0
0
0.150048
0
0
13.2329
0
9.47972
0
0
0
0
4.42161
4.32969
0
0
0
0
0
0
0
0
0
0
0
0
0
0
0
0
0
4.6996
0
8.58422
0
4.63887
0
0
0
0
0
0
0
0
0
0
0
0
0
0
0
0
0
0
0
0
0
0
0
0
0
0
0
0
0
0
0
0
0
0
0
0
0
0
0
0
0
0
0
0
0
0
0
0
0
0
0
0
0
0
0
0
0
0
0
0
0
0
0
0
0
0
0
0
0
0
0
0
0
0
0
0
0
0
0
0
0
0
0
0
0
0
0
0
0
0
0
0
0
0
0
0
0
0
0
0
0
0
0
0
0
0
0
0
0
0
0
0
0
0
0
0
0
0
0
0
0
0
0
0
0
0
0
0
0
0
0
0
0
0
0
0
0
0
0
0
0
0
0
0
0
0
0
0
0
0
0
0
0
0
0
0
0
0
0
0
0
0
0
0
0
0
0
0
0
0
0
0
0
0
0
0
0
0
0
0
0
0
0
0
0
0
0
0
0
0
0
0
0
0
0
0
0
0
0
0
0
0
0
0
0
0
0
0
0
0
0
0
0
0
0
0
0
0
0
0
0
0
0
0
0
0
0
0
0
0
0
0
0
0
0
0
0
0
0
0
0
0
0
0
0
0
0
0
0
0
0
0
0
0
0
0
0
0
0
0
0
0
0
0
0
0
0
0
0
0
0
0
0
0
0
0
0
0
0
0
0
0
0
0
0
0
0
0
0
0
0
0
0
0
0
0
0
0
0
0
0
0
0
0
0
0
0
0
0
0
0
0
0
0
0
0
0
0
0
0
0
0
0
0
0
0
0
0
0
0
0
0
0
0
0
0
0
0
0
0
0
0
0
0
0
0
0
0
0
0
0
0
0
0
0
0
0
0
0
0
0
0
0
0
0
0
0
0
0
0
0
0
0
0
0
0
0
0
0
0
0
0
0
0
0
0
0
0
0
0
0
0
0
0
0
0
0
0
0
0
0
0
0
0
0
0
0
0
0
0
0
0
0
0
0
0
0
0
0
0
0
0
0
0
0
0
0
0
0
0
0
0
0
0
0
0
0
0
0
0
0
0
0
0
0
0
0
0
0
0
0
0
0
0
0
0
0
0
0
0
0
0
0
0
0
0
0
0
0
0
0
0
0
0
0
0
0
0
0
0
0
0
0
0
0
0
0
0
0
0
0
0
0
0
0
0
0
0
0
0
0
0
0
0
0
0
0
0
0
0
0
0
0
0
0
0
0
0
0
0
0
0
0
0
0
0
0
0
0
0
0
0
0
0
0
0
0
0
0
0
0
0
0
0
0
0
0
0
0
0
0
0
0
0
0
0
0
0
0
0
0
0
0
0
0
0
0
0
0
0
0
0
0
0
0
0
0
0
0
0
0
0
0
0
0
0
0
0
0
0
0
0
0
0
0
0
0
0
0
0
0
0
0
0
0
0
0
0
0
0
0
0
0
0
0
0
0
0
0
0
0
0
0
0
0
0
0
0
0
0
0
0
0
0
0
0
0
0
0
0
0
0
0
0
0
0
0
0
0
0
0
0
0
0
0
0
0
0
0
0
0
0
0
0
0
0
0
0
0
0
0
0
0
0
0
0
0
0
0
0
0
0
0
0
0
0
0
0
0
0
0
0
0
0
0
0
0
0
0
0
0
0
0
0
0
0
0
0
0
0
0
0
0
0
0
0
0
0
0
0
0
0
0
0
0
0
0
0
0
0
0
0
0
0
0
0
0
0
0
0
0
0
0
0
0
0
0
0
0
0
0
0
0
0
0
0
0
0
0
0
0
0
0
0
0
0
0
0
0
0
0
0
0
0
0
0
0
0
0
0
0
0
0
0
0
0
0
0
0
0
0
0
0
0
0
0
0
0
0
0
0
0
0
0
0
0
0
0
0
0
0
0
0
0
0
0
0
0
0
0
0
0
0
0
0
0
0
0
0
0
0
0
0
0
0
0
0
0
0
0
0
0
0
0
0
0
0
0
0
0
0
0
0
0
0
0
0
0
0
0
0
0
0
0
0
0
0
0
0
0
0
0
0
0
0
0
0
0
0
0
0
0
0
0
0
0
0
0
0
0
0
0
0
0
0
0
0
0
0
0
0
0
0
0
0
0
0
0
0
0
0
0
0
0
0
0
0
0
0
0
0
0
0
0
0
0
0
0
0
0
0
0
0
0
0
0
0
0
0
0
0
0
0
0
0
0
0
0
0
0
0
0
0
0
0
0
0
0
0
0
0
0
0
0
0
0
0
0
0
0
0
0
0
0
0
0
0
0
0
0
0
0
0
0
0
0
0
0
0
0
0
0
0
0
0
0
0
0
0
0
0
0
0
0
0
0
0
0
0
0
0
0
0
0
0
0
0
0
0
0
0
0
0
0
0
0
0
0
0
0
0
0
0
0
0
0
0
0
0
0
0
0
0
0
0
0
0
0
0
0
0
0
0
0
0
0
0
0
0
0
0
0
0
0
0
0
0
0
0
0
0
0
0
0
0
0
0
0
0
0
0
0
0
0
0
0
0
0
0
0
0
0
0
0
0
0
0
0
0
0
0
0
0
0
0
0
0
0
0
0
0
0
0
0
0
0
0
0
0
0
0
0
0
0
0
0
0
0
0
0
0
0
0
0
0
0
0
0
0
0
0
0
0
0
0
0
0
0
0
0
0
0
0
0
0
0
0
0
0
0
0
0
0
0
0
0
0
0
0
0
0
0
0
0
0
0
0
0
0
0
0
0
0
0
0
0
0
0
0
0
0
0
0
0
0
0
0
0
0
0
0
0
0
0
0
0
0
0
0
0
0
0
0
0
0
0
0
0
0
0
0
0
0
0
0
0
0
0
0
0
0
0
0
0
0
0
0
0
0
0
0
0
0
0
0
0
0
0
0
0
0
0
0
0
0
0
0
0
0
0
0
0
0
0
0
0
0
0
0
0
0
0
0
0
0
0
0
0
0
0
0
0
0
0
0
0
0
0
0
0
0
0
0
0
0
0
0
0
0
0
0
0
0
0
0
0
0
0
0
0
0
0
0
0
0
0
0
0
0
0
0
0
0
0
0
0
0
0
0
0
0
0
0
0
0
0
0
0
0
0
0
0
0
0
0
0
0
0
0
0
0
0
0
0
0
0
0
0
0
0
0
0
0
0
0
0
0
0
0
0
0
0
0
0
0
0
0
0
0
0
0
0
0
0
0
0
0
0
0
0
0
0
0
0
0
0
0
0
0
0
0
0
0
0
0
0
0
0
0
0
0
0
0
0
0
0
0
0
0
0
0
0
0
0
0
0
0
0
0
0
0
0
0
0
0
0
0
0
0
0
0
0
0
0
0
0
0
0
0
0
0
0
0
0
0
0
0
0
0
0
0
0
0
0
0
0
0
0
0
0
0
0
0
0
0
0
0
0
0
0
0
0
0
0
0
0
0
0
0
0
0
0
0
0
0
0
0
0
0
0
0
0
0
0
0
0
0
0
0
0
0
0
0
0
0
0
0
0
0
0
0
0
0
0
0
0
0
0
0
0
0
0
0
0
0
0
0
0
0
0
0
0
0
0
0
0
0
0
0
0
0
0
0
0
0
0
0
0
0
0
0
0
0
0
0
0
0
0
0
0
0
0
0
0
0
0
0
0
0
0
0
0
0
0
0
0
0
0
0
0
0
0
0
0
0
0
0
0
0
0
0
0
0
0
0
0
0
0
0
0
0
0
0
0
0
0
0
0
0
0
0
0
0
0
0
0
0
0
0
0
0
0
)
;

boundaryField
{
    fbOut
    {
        type            zeroGradient;
    }
    CAD_patch1
    {
        type            zeroGradient;
    }
    fbGasin
    {
        type            zeroGradient;
    }
    CAD_patch3
    {
        type            zeroGradient;
    }
    fbBioin
    {
        type            zeroGradient;
    }
}


// ************************************************************************* //
