/*--------------------------------*- C++ -*----------------------------------*\
| =========                 |                                                 |
| \\      /  F ield         | OpenFOAM: The Open Source CFD Toolbox           |
|  \\    /   O peration     | Version:  5.x                                   |
|   \\  /    A nd           | Web:      www.OpenFOAM.org                      |
|    \\/     M anipulation  |                                                 |
\*---------------------------------------------------------------------------*/
FoamFile
{
    version     2.0;
    format      ascii;
    class       volScalarField;
    location    "1.8";
    object      p;
}
// * * * * * * * * * * * * * * * * * * * * * * * * * * * * * * * * * * * * * //

dimensions      [0 2 -2 0 0 0 0];

internalField   nonuniform List<scalar> 
10571
(
119.415
120.348
121.191
121.866
123.371
119.43
118.912
117.089
116.858
119.14
110.752
116.465
114.864
116.064
115.757
116.493
115.369
112.695
114.188
113.504
113.459
112.097
112.139
113.117
98.4672
94.8513
100.571
101.261
93.4594
97.4076
88.9291
86.2114
85.9032
85.3417
96.806
96.4113
83.2281
70.605
86.0091
88.2104
89.5756
84.499
88.9457
95.7255
88.8805
88.0874
90.1172
88.811
14.2015
6.77062
17.1109
22.0284
10.5847
13.3196
3.35935
3.05367
3.13434
8.09069
11.1205
15.7077
3.04962
2.69473
3.19975
13.1744
9.50263
3.09246
3.30834
19.0418
14.0605
9.60327
18.1291
14.2182
2.24047
2.37772
2.22143
2.16506
2.28495
2.26772
1.77252
1.87078
1.85341
2.28732
2.33853
2.28151
1.92363
2.14894
1.87266
2.17869
2.40358
1.8818
1.85761
2.08651
2.19024
2.37352
2.22433
2.24452
2.36885
2.36927
2.3686
2.37296
2.34868
2.35348
2.59813
2.65659
2.52279
2.26395
2.37447
2.37525
2.65507
2.71503
2.5182
2.28145
2.36133
2.47877
2.504
2.22116
2.31234
2.33438
2.35718
2.341
2.3759
2.35875
2.36572
2.37688
2.35447
2.34546
2.35548
2.41088
2.37446
2.34039
2.38836
2.36447
2.37112
2.42807
2.48927
2.41807
2.36626
2.37807
2.35835
2.34407
2.38555
2.2951
2.347
2.34848
2.37691
2.35634
2.37126
2.35589
2.34989
2.36549
2.35802
2.34716
2.34288
2.36643
2.37502
2.374
2.39113
2.36454
2.3613
2.37679
2.40121
2.41555
2.38646
2.39529
2.35553
2.3546
2.38924
2.33449
2.36711
2.38992
2.36245
2.38176
2.37166
2.37145
2.36825
2.34942
2.3709
2.36656
2.36407
2.37293
2.39252
2.39269
2.38382
2.38676
2.38281
2.37403
2.41012
2.42116
2.42735
2.39758
2.39584
2.37386
2.39888
2.411
2.37949
2.39286
2.39675
2.38494
2.39933
2.39573
2.39005
2.39422
2.37527
2.38942
2.38972
2.39356
2.40061
2.41083
2.4065
2.39769
2.39111
2.40714
2.40272
2.43519
2.43872
2.43493
2.4131
2.40596
2.40105
2.43099
2.42635
2.41443
2.40656
2.41174
2.4156
2.4155
2.40788
2.41447
2.40405
2.40826
2.41468
2.43324
2.41923
2.41831
2.42035
2.40556
2.42372
2.41092
2.44054
2.4348
2.43358
2.4214
2.4184
2.44376
2.43338
2.4308
2.4173
2.42779
2.42475
2.42592
2.41335
2.42574
2.41805
2.41659
2.42817
2.44977
2.42188
2.42326
2.4302
2.41469
2.42906
2.42157
2.43737
2.4311
2.42973
2.41794
2.42642
2.43809
2.4367
2.43441
2.42524
2.43166
2.4291
2.43027
2.4151
2.42635
2.41632
2.41869
2.42699
2.4379
2.4222
2.43156
2.43721
2.4231
2.42984
2.4328
2.43239
2.43111
2.42795
2.42404
2.43561
2.43083
2.43554
2.43384
2.42706
2.43185
2.43065
2.42746
2.4162
2.42694
2.4238
2.42375
2.42478
2.43253
2.41784
2.43379
2.44525
2.42926
2.42867
2.4306
2.42413
2.43022
2.4277
2.42394
2.44098
2.42419
2.43112
2.42704
2.42538
2.42977
2.42793
2.42557
2.4253
2.42905
2.43603
2.43167
2.42703
2.42746
2.4246
2.4303
2.44917
2.43173
2.42732
2.4274
2.42159
2.42444
2.42822
2.42412
2.43492
2.41802
2.42541
2.41867
2.42338
2.42572
2.42594
2.42431
2.44241
2.4283
2.44011
2.43348
2.42815
2.42479
2.4325
2.42683
2.43523
2.43034
2.4256
2.4252
2.42072
2.41697
2.42565
2.42276
2.42561
2.40988
2.4196
2.41506
2.42087
2.42006
2.42235
2.42182
2.44358
2.42609
2.43567
2.43345
2.4292
2.42167
2.42981
2.42309
2.41733
2.42578
2.42166
2.42116
2.42068
2.41526
2.41372
2.41982
2.41667
2.40587
2.41336
2.41564
2.41872
2.41745
2.41786
2.41952
2.4268
2.42193
2.42668
2.42383
2.42301
2.41699
2.42402
2.4249
2.40577
2.41975
2.41515
2.41072
2.41698
2.41698
2.40196
2.41351
2.40805
2.40893
2.4128
2.41533
2.41839
2.42008
2.41821
2.41882
2.38969
2.41609
2.41331
2.40247
2.418
2.4098
2.41322
2.42447
2.4027
2.41519
2.40992
2.40064
2.41396
2.41609
2.3983
2.41034
2.40406
2.41622
2.4199
2.41728
2.41994
2.42649
2.42283
2.42049
2.3886
2.4131
2.40891
2.39847
2.41931
2.40812
2.4042
2.40826
2.40466
2.41312
2.41104
2.40163
2.41078
2.41456
2.40296
2.4117
2.41175
2.42508
2.42654
2.42152
2.423
2.42932
2.42739
2.42377
2.41931
2.4146
2.41248
2.41238
2.41985
2.41388
2.40026
2.39264
2.40814
2.41368
2.41657
2.41121
2.40338
2.41292
2.41166
2.41552
2.4219
2.43462
2.43017
2.42766
2.42641
2.42973
2.4305
2.42726
2.47594
2.41946
2.41611
2.40963
2.41812
2.42239
2.40534
2.38991
2.41081
2.41646
2.42246
2.41768
2.40434
2.41414
2.42327
2.42069
2.42596
2.44751
2.43627
2.43027
2.42935
2.43321
2.43381
2.4316
2.43581
2.4264
2.42233
2.41529
2.42049
2.42976
2.42061
2.40291
2.41515
2.42184
2.43032
2.42315
2.41752
2.42138
2.43364
2.42656
2.42718
2.45755
2.44633
2.43628
2.43323
2.43947
2.43799
2.43781
2.43651
2.4348
2.43284
2.43073
2.42934
2.43603
2.43907
2.42277
2.42275
2.42909
2.44031
2.43246
2.43546
2.43172
2.43992
2.43451
2.43013
2.4546
2.45087
2.44327
2.43864
2.44439
2.44245
2.44335
2.44448
2.44317
2.44414
2.44657
2.43894
2.44113
2.45349
2.44251
2.43194
2.43707
2.44931
2.44204
2.44638
2.44663
2.44424
2.44221
2.4386
2.44826
2.44986
2.44548
2.44284
2.44642
2.44544
2.44587
2.45039
2.44982
2.45227
2.45683
2.44457
2.44588
2.46218
2.45467
2.44097
2.44338
2.45573
2.45166
2.45098
2.45648
2.44853
2.4481
2.44944
2.4454
2.44917
2.44701
2.44611
2.44822
2.44874
2.44763
2.45375
2.45425
2.4564
2.45681
2.44697
2.45268
2.46517
2.45872
2.44641
2.44803
2.46017
2.45891
2.45557
2.45893
2.45139
2.45191
2.45701
2.44689
2.45084
2.44873
2.44936
2.45059
2.45137
2.44973
2.45545
2.45694
2.45819
2.45607
2.4509
2.45905
2.463
2.45815
2.4498
2.45216
2.46365
2.46237
2.45808
2.45951
2.45285
2.45458
2.45899
2.45063
2.45129
2.44918
2.45201
2.45292
2.45311
2.45153
2.45569
2.45814
2.45794
2.45515
2.45291
2.46207
2.4582
2.45529
2.45241
2.45611
2.46788
2.46657
2.45989
2.45911
2.45399
2.45632
2.45984
2.45375
2.45207
2.4506
2.45437
2.45453
2.45381
2.45258
2.45477
2.45801
2.45687
2.45269
2.45322
2.46122
2.45282
2.45214
2.45319
2.46003
2.46981
2.46765
2.4573
2.45833
2.45504
2.45759
2.46014
2.45506
2.454
2.45187
2.45664
2.45596
2.45487
2.45352
2.4546
2.45793
2.4556
2.4512
2.45457
2.46015
2.44964
2.45244
2.45333
2.46082
2.46584
2.46561
2.45815
2.45789
2.45586
2.45906
2.45961
2.45556
2.45556
2.45251
2.45868
2.45705
2.45592
2.45422
2.45544
2.45691
2.45505
2.45254
2.45613
2.459
2.45052
2.45258
2.45539
2.46104
2.45929
2.46188
2.46149
2.45633
2.45633
2.46113
2.45686
2.45261
2.45562
2.45207
2.45975
2.45653
2.45593
2.45423
2.45684
2.45549
2.4546
2.45404
2.45799
2.45457
2.44901
2.45178
2.45674
2.46019
2.44482
2.45073
2.46105
2.45571
2.45721
2.4624
2.45156
2.45042
2.45537
2.45186
2.45954
2.45588
2.45504
2.45416
2.45779
2.45437
2.45485
2.45506
2.45926
2.44611
2.4481
2.45468
2.46364
2.46035
2.42756
2.43447
2.45839
2.45574
2.45845
2.46047
2.44795
2.45078
2.45649
2.45165
2.46031
2.45552
2.45489
2.45513
2.45872
2.4552
2.45512
2.45564
2.45752
2.44456
2.44911
2.45914
2.47094
2.46247
2.431
2.42563
2.45552
2.45596
2.46113
2.45925
2.44968
2.45381
2.45749
2.45344
2.4608
2.45581
2.45664
2.45765
2.45987
2.45884
2.45548
2.45659
2.45445
2.45718
2.45206
2.46089
2.4669
2.46267
2.46991
2.44956
2.4532
2.45632
2.46628
2.46099
2.45575
2.45776
2.45905
2.45792
2.46392
2.45721
2.45833
2.46145
2.46198
2.46253
2.45831
2.45819
2.45396
2.46517
2.45573
2.45988
2.46247
2.46451
2.48134
2.46285
2.45012
2.45732
2.47237
2.46503
2.45953
2.46101
2.46122
2.46359
2.46792
2.45887
2.46028
2.46546
2.46459
2.46428
2.46036
2.46057
2.45612
2.46652
2.46021
2.45954
2.46204
2.46808
2.47227
2.46461
2.44831
2.46063
2.47509
2.46839
2.46147
2.46298
2.46217
2.46827
2.47056
2.46034
2.46193
2.46856
2.4664
2.46549
2.46339
2.46341
2.46199
2.46702
2.46615
2.46177
2.46403
2.47009
2.46767
2.46439
2.45449
2.46355
2.47424
2.47059
2.46359
2.4635
2.46171
2.47123
2.47189
2.46272
2.46305
2.47051
2.46806
2.46705
2.46608
2.46674
2.46756
2.46747
2.47243
2.46941
2.46568
2.4701
2.46649
2.4639
2.46384
2.46692
2.47221
2.47105
2.46625
2.46547
2.46081
2.47174
2.47257
2.46602
2.46443
2.47071
2.47023
2.46891
2.46922
2.47001
2.46977
2.46736
2.47291
2.47442
2.4676
2.46937
2.4665
2.46322
2.46915
2.47121
2.47059
2.47094
2.46882
2.46876
2.46178
2.47114
2.47197
2.47057
2.46664
2.47042
2.47213
2.47007
2.47317
2.47121
2.47093
2.46692
2.47268
2.4746
2.46847
2.46909
2.46723
2.46345
2.46974
2.47187
2.46946
2.4707
2.47048
2.47192
2.46574
2.47094
2.47156
2.47515
2.46972
2.47019
2.47374
2.47038
2.47466
2.47448
2.47147
2.46709
2.47188
2.4738
2.4685
2.46963
2.46851
2.46445
2.46952
2.47074
2.46879
2.4711
2.47091
2.47531
2.47004
2.47022
2.4711
2.47755
2.47234
2.47066
2.47434
2.47014
2.47241
2.47362
2.47075
2.46755
2.46951
2.47246
2.46834
2.47047
2.47082
2.46696
2.46982
2.47089
2.46837
2.47133
2.47207
2.47846
2.47228
2.4702
2.47096
2.47899
2.47506
2.47239
2.4736
2.4699
2.46934
2.47187
2.46968
2.46876
2.4682
2.47186
2.46763
2.4714
2.4733
2.47016
2.47
2.47169
2.46862
2.47149
2.4727
2.47938
2.47335
2.47211
2.47222
2.47768
2.47632
2.47434
2.47312
2.47003
2.46746
2.47059
2.46928
2.47096
2.46963
2.47074
2.46771
2.47228
2.47416
2.47211
2.4707
2.47181
2.46999
2.47242
2.47237
2.47719
2.47417
2.47403
2.4741
2.47628
2.47671
2.47549
2.47034
2.4705
2.46568
2.46814
2.46945
2.47343
2.47155
2.4695
2.46903
2.47293
2.47455
2.47276
2.47113
2.47153
2.47204
2.47345
2.47219
2.47451
2.47536
2.47545
2.47525
2.4753
2.47558
2.4765
2.46612
2.47218
2.46499
2.46758
2.47023
2.47548
2.47284
2.4689
2.47076
2.4736
2.47458
2.47351
2.47169
2.47062
2.47303
2.47426
2.47323
2.47291
2.47655
2.47472
2.47561
2.47457
2.47448
2.47566
2.46989
2.47509
2.47011
2.47015
2.4716
2.47608
2.47374
2.46816
2.47274
2.47396
2.47637
2.47472
2.47211
2.47055
2.473
2.47465
2.47458
2.47244
2.47692
2.47592
2.47522
2.47405
2.47409
2.47494
2.47927
2.47725
2.47758
2.47282
2.47325
2.4761
2.4742
2.46922
2.47445
2.47492
2.47642
2.47509
2.4722
2.47127
2.473
2.47446
2.47537
2.47342
2.47611
2.47537
2.47481
2.47421
2.47422
2.47485
2.47832
2.47778
2.47723
2.47412
2.47468
2.47714
2.47435
2.47208
2.47559
2.47583
2.47724
2.47667
2.47358
2.47189
2.47269
2.47419
2.47586
2.47387
2.47436
2.47402
2.47413
2.47446
2.47437
2.47419
2.47734
2.47785
2.47641
2.47492
2.47589
2.47756
2.47455
2.4739
2.47634
2.4761
2.47733
2.47668
2.4734
2.47245
2.47212
2.47374
2.47579
2.47345
2.47295
2.47212
2.47277
2.47435
2.47365
2.47278
2.47689
2.47789
2.4769
2.47563
2.47662
2.47758
2.47441
2.47449
2.47657
2.47622
2.47706
2.47651
2.47473
2.47312
2.47182
2.47326
2.47576
2.47391
2.47252
2.47068
2.47148
2.47442
2.4729
2.47102
2.47713
2.4781
2.4779
2.47627
2.47693
2.47799
2.47522
2.47534
2.47616
2.47561
2.47763
2.47736
2.47885
2.47411
2.47208
2.47314
2.47648
2.47402
2.4727
2.46909
2.47142
2.47511
2.47285
2.46974
2.47772
2.47845
2.47847
2.47705
2.47683
2.47852
2.47551
2.47616
2.4766
2.47509
2.47868
2.47873
2.482
2.4758
2.4727
2.4733
2.47781
2.4746
2.47355
2.46957
2.47242
2.47635
2.47421
2.47053
2.47839
2.47907
2.4789
2.4779
2.47655
2.47914
2.47713
2.47664
2.47602
2.47438
2.48025
2.47975
2.48247
2.47739
2.47353
2.47315
2.47948
2.47646
2.4757
2.47057
2.4736
2.47797
2.47647
2.47307
2.47901
2.48017
2.4799
2.47867
2.47594
2.48045
2.47978
2.47666
2.47446
2.4727
2.48266
2.48179
2.48258
2.4779
2.4728
2.47182
2.4817
2.47952
2.47781
2.47115
2.47366
2.48007
2.47922
2.47571
2.47991
2.48196
2.48145
2.47897
2.47466
2.48307
2.48179
2.47549
2.46991
2.46952
2.48699
2.48523
2.48298
2.47754
2.4706
2.46832
2.48466
2.4828
2.47885
2.47165
2.47183
2.48227
2.48163
2.47814
2.48151
2.48456
2.48319
2.47984
2.47266
2.48632
2.48498
2.47566
2.46295
2.46272
2.49045
2.48828
2.48374
2.47639
2.46511
2.46043
2.48826
2.48644
2.47969
2.47179
2.4671
2.48501
2.48371
2.48014
2.48348
2.48848
2.48537
2.48177
2.47004
2.48942
2.48649
2.47742
2.45332
2.45147
2.49381
2.49194
2.48543
2.47407
2.45467
2.4446
2.49286
2.49065
2.48121
2.4706
2.45805
2.48856
2.48585
2.48218
2.48743
2.49496
2.48893
2.48404
2.4664
2.49503
2.48581
2.47597
2.43868
2.42725
2.49917
2.49729
2.48811
2.47062
2.43744
2.4105
2.49924
2.496
2.48319
2.4674
2.44055
2.49373
2.48849
2.48283
2.49339
2.50623
2.49567
2.48699
2.46184
2.50504
2.48915
2.46956
2.41547
2.37551
2.50722
2.50471
2.49211
2.46479
2.41092
2.33137
2.5076
2.50291
2.486
2.46177
2.41028
2.50116
2.49251
2.4834
2.50078
2.51646
2.50435
2.49093
2.45727
2.51507
2.49389
2.45861
2.3846
2.23988
2.5168
2.51283
2.4972
2.45717
2.37195
2.1492
2.51742
2.51038
2.49165
2.45317
2.35133
2.50993
2.49942
2.4862
2.5099
2.52378
2.51357
2.49836
2.45754
2.52279
2.50133
2.45463
2.35986
1.87073
2.52542
2.52289
2.50415
2.45451
2.34068
1.86215
-2.01519
2.52577
2.51882
2.49955
2.44441
2.2163
2.51997
2.51011
2.49477
2.51939
2.53033
2.52457
2.50867
2.46773
2.52899
2.51347
2.47338
2.364
1.69874
0.0744028
2.5318
2.52954
2.51374
2.47946
2.33864
1.87902
0.0403147
2.53155
2.52711
2.51171
2.44626
2.06138
2.53021
2.52345
2.51197
2.52833
2.53681
2.53497
2.51972
2.49241
2.53539
2.53055
2.49709
2.40401
1.92509
0.47169
2.53659
2.53504
2.52495
2.50372
2.39841
1.93144
0.469077
2.53677
2.53627
2.52672
2.47766
2.20542
0.699007
2.53734
2.53553
2.52988
2.53797
2.54201
2.54266
2.53368
2.52411
2.54063
2.54246
2.51918
2.45445
2.06015
0.506116
2.54084
2.53967
2.54188
2.52677
2.47191
2.13074
0.39725
2.54176
2.54214
2.5377
2.49823
2.23937
2.54361
2.54341
2.53504
2.54804
2.54605
2.54779
2.54747
2.5482
2.54484
2.5457
2.5402
2.50784
2.24816
2.54495
2.54436
2.55591
2.55275
2.53804
2.29098
-1.01043
2.54601
2.54972
2.55123
2.52938
2.44078
2.54848
2.54986
2.54584
2.55333
2.54832
2.54886
2.55353
2.55941
2.5484
2.54811
2.55513
2.5379
2.46784
2.54953
2.54978
2.56363
2.56767
2.56597
2.49788
2.55005
2.55911
2.56241
2.55237
2.52938
2.55487
2.556
2.5555
2.55778
2.54825
2.55149
2.55728
2.55842
2.55087
2.55333
2.55596
2.54423
2.53144
2.55336
2.55384
2.56436
2.56724
2.56257
2.54305
2.55433
2.5598
2.56015
2.55806
2.5497
2.55787
2.55848
2.55873
2.55891
2.55231
2.55574
2.55788
2.55831
2.55312
2.55287
2.5532
2.55009
2.55183
2.55584
2.55561
2.56044
2.55969
2.56268
2.55562
2.55594
2.55866
2.55869
2.55851
2.55649
2.55833
2.55855
2.55923
2.56007
2.557
2.55815
2.55863
2.55887
2.55548
2.553
2.5525
2.55449
2.55842
2.55688
2.55647
2.55695
2.55747
2.56039
2.55932
2.55608
2.55643
2.55608
2.55837
2.55901
2.55764
2.55781
2.55885
2.56126
2.56058
2.55939
2.55933
2.55936
2.55739
2.55262
2.5544
2.55752
2.56037
2.5576
2.5564
2.55477
2.55666
2.56027
2.56095
2.55545
2.55605
2.55656
2.55823
2.56031
2.55768
2.55805
2.55939
2.5627
2.56309
2.56101
2.56016
2.55929
2.55897
2.55433
2.55695
2.55756
2.56173
2.55873
2.55666
2.55621
2.55791
2.55847
2.56235
2.55522
2.55741
2.55772
2.55876
2.56193
2.55959
2.56041
2.56185
2.56456
2.56653
2.56445
2.56211
2.56047
2.5608
2.55738
2.5584
2.5549
2.56312
2.55996
2.55744
2.55628
2.55735
2.5563
2.56385
2.55712
2.5576
2.55826
2.55992
2.56481
2.56139
2.56363
2.56645
2.56746
2.57122
2.56784
2.5646
2.56189
2.56345
2.56095
2.56061
2.55902
2.56681
2.56183
2.55893
2.55821
2.55904
2.55931
2.56788
2.55855
2.55919
2.56051
2.5638
2.57005
2.56412
2.56632
2.5703
137.68
136.197
136.014
135.528
134.901
139.434
139.993
143.807
134.103
139.049
137.308
136.925
133.921
133.783
134.111
133.644
139.603
136.721
140.941
141.745
143.702
146.949
149.27
143.026
151.049
149.052
131.995
125.663
132.122
133.888
134.37
132.617
137.058
135.07
131.932
128.607
125.275
129.159
128.834
123.68
123.022
129.349
135.751
121.618
125.14
143.478
140.237
142.886
121.423
133.785
132.486
134.411
134.484
138.421
131.391
123.74
122.172
120.754
120.539
120.999
121.123
119.869
119.783
121.798
128.242
122.057
130.109
140.385
142.156
142.278
137.788
143.464
135.051
144.592
144.144
121.489
119.989
129.697
125.404
119.423
120.423
124.736
129.7
127.642
143.534
146.482
149.897
148.457
147.469
140.521
135.21
134.295
137.541
139.956
133.381
149.587
120.394
109.248
119.202
120.809
121.678
111.163
111.458
112.432
122.708
122.301
111.465
111.803
110.991
122.379
108.631
117.805
108.165
121.061
119.95
120.929
108.47
110.632
109.739
112.258
123.391
120.747
122.377
108.393
106.04
109.928
106.92
121.297
104.192
116.926
112.185
116.268
108.935
106.309
107.196
117.754
114.826
104.507
105.269
100.512
114.596
113.454
105.765
104.675
103.132
113.451
114.557
103.074
98.9466
100.225
113.319
100.409
114.08
114.947
114.507
100.517
104.457
98.9708
100.409
113.483
113.778
113.419
107.232
100.117
100.298
96.5584
98.1278
113.011
98.4372
112.131
108.012
98.7542
99.7812
97.0246
111.572
107.823
99.1801
98.6463
96.2332
97.6212
97.034
76.8355
98.8898
98.6195
99.8377
79.4535
79.2849
80.356
98.601
96.4955
79.5284
78.2884
74.8006
93.6053
69.6196
95.5889
75.3567
97.0617
96.0229
99.3232
71.723
76.5255
75.4675
79.0856
90.145
96.4732
90.4758
71.3193
63.9971
72.599
63.2309
86.4927
56.8435
96.6241
97.0786
96.5397
76.9555
81.307
78.161
87.8138
84.7173
56.6669
62.2463
60.8851
95.6137
93.2919
81.8675
78.2716
75.2734
85.8042
88.3869
66.3853
63.9871
69.1009
90.3023
71.9575
92.5416
87.1809
88.5387
70.4791
70.1842
66.8142
66.4078
90.9555
90.2467
88.4512
74.328
75.1975
72.2483
73.3323
69.5927
87.4196
65.779
89.4971
89.0393
69.1557
72.7529
75.3778
89.9869
89.892
74.9608
74.3937
79.1485
71.3071
8.74589
2.11604
13.9668
14.1287
16.3825
2.13348
2.232
2.36775
18.3777
15.7135
2.08355
2.43268
2.26907
9.40991
2.03196
6.34513
1.94732
11.7703
10.069
13.7993
1.97668
2.20726
2.11941
2.29892
4.18771
14.8866
6.69923
2.03628
1.78396
2.20102
1.81901
4.77382
1.7258
10.4058
10.1906
12.6588
2.03556
1.87919
2.16274
11.3931
14.2503
1.52719
1.93155
1.65055
14.1549
12.6202
1.85807
2.19009
2.04012
14.737
15.1006
2.02441
1.70421
1.88173
7.89684
1.86217
12.0611
4.85952
7.36081
1.85189
1.92507
1.72007
1.71147
16.9206
16.5747
13.9108
2.10693
2.07382
2.09746
1.83578
1.84186
5.44794
1.84227
13.9188
12.8797
1.66326
1.9203
1.53062
18.2479
16.8472
2.07886
2.00523
1.79861
1.93449
2.34399
2.39131
2.2649
2.28502
2.24543
2.40019
2.39077
2.40254
2.21199
2.25715
2.40509
2.41489
2.39764
2.30722
2.3752
2.38754
2.35582
2.31756
2.34044
2.28823
2.37539
2.37793
2.3554
2.36266
2.37014
2.21012
2.30544
2.33759
2.32321
2.31645
2.2542
2.35759
2.2805
2.31974
2.33708
2.30203
2.34804
2.37866
2.35729
2.15695
2.12604
2.23399
2.21168
2.23406
2.30342
2.33862
2.38916
2.37121
2.37461
2.13379
2.16018
2.25462
2.25429
2.27158
2.42396
2.364
2.29027
2.46
2.39752
2.33861
2.32686
2.32909
2.29424
2.1818
2.21105
2.23764
2.27143
2.29873
2.33491
2.35532
2.31844
2.40883
2.27372
2.2597
2.27323
2.29769
2.28641
2.34363
2.22415
2.20767
2.33759
2.34847
2.34527
2.37192
2.37949
2.37756
2.37178
2.37936
2.3712
2.37114
2.37853
2.36994
2.36559
2.36869
2.37128
2.36794
2.37055
2.36327
2.36441
2.3539
2.35171
2.37409
2.35528
2.35752
2.36957
2.37423
2.35112
2.35244
2.34927
2.31147
2.31206
2.35699
2.35046
2.29795
2.29115
2.30059
2.2972
2.35002
2.3657
2.35872
2.34915
2.3627
2.35826
2.27269
2.31663
2.29787
2.31113
2.25107
2.36858
2.367
2.36994
2.36529
2.36642
2.3354
2.29696
2.30837
2.265
2.32259
2.36885
2.36501
2.34043
2.35959
2.34251
2.37131
2.33265
2.36789
2.33585
2.31144
2.34098
2.37476
2.24239
2.32823
2.34063
2.37286
2.33145
2.34915
2.33803
2.35255
2.39244
2.34091
2.34622
2.38118
2.34365
2.38673
2.36178
2.35432
2.38441
2.34455
2.36672
2.36096
2.37166
2.37161
2.36965
2.37135
2.36326
2.36783
2.37005
2.37298
2.37459
2.36649
2.36588
2.35598
2.35126
2.34523
2.34556
2.36404
2.34303
2.34497
2.35477
2.35973
2.33829
2.33272
2.35438
2.30503
2.32868
2.3503
2.35341
2.30053
2.3316
2.31926
2.32086
2.34551
2.35995
2.35734
2.35004
2.36027
2.35657
2.3875
2.35438
2.42037
2.35691
2.39581
2.34696
2.37566
2.39649
2.38344
2.3921
2.39033
2.39689
2.39659
2.39326
2.36104
2.36167
2.36225
2.35805
2.35774
2.42714
2.34663
2.37797
2.36716
2.38326
2.36009
2.39132
2.39682
2.38673
2.3968
2.39946
2.39931
2.39043
2.39738
2.35666
2.35247
2.3275
2.36072
2.34351
2.35092
2.31304
2.34696
2.32231
2.35553
2.36581
2.37927
2.31231
2.35726
2.36011
2.37564
2.34777
2.34323
2.33574
2.36351
2.37267
2.3498
2.35384
2.36194
2.36716
2.38283
2.37324
2.36958
2.37796
2.35849
2.35729
2.35766
2.36896
2.35978
2.36631
2.36549
2.35649
2.36314
2.36563
2.36541
2.36933
2.36741
2.36551
2.35674
2.3598
2.35188
2.35898
2.35717
2.34355
2.32361
2.3582
2.35298
2.34989
2.32055
2.35813
2.31998
2.3528
2.35962
2.35943
2.33153
2.3491
2.34185
2.38771
2.34982
2.38571
2.38806
2.39815
2.38525
2.3985
2.35649
2.3636
2.35907
2.36486
2.37001
2.36521
2.39937
2.35785
2.3914
2.37617
2.38872
2.36618
2.39491
2.39566
2.38626
2.39144
2.38693
2.39385
2.38239
2.39246
2.36009
2.35905
2.37144
2.36809
2.36488
2.39882
2.37502
2.3987
2.39139
2.40541
2.38111
2.40125
2.39859
2.38831
2.39762
2.39466
2.39931
2.39354
2.39954
2.35446
2.35946
2.31299
2.35411
2.33722
2.35749
2.32333
2.35601
2.33368
2.38151
2.37426
2.3875
2.35769
2.38978
2.38
2.39249
2.40686
2.38092
2.41074
2.39793
2.39321
2.40011
2.34821
2.35328
2.36067
2.36701
2.36903
2.36854
2.37348
2.37999
2.38359
2.39029
2.38812
2.3901
2.38337
2.36489
2.3765
2.36653
2.36123
2.36469
2.37392
2.36885
2.37016
2.37274
2.3694
2.37946
2.38048
2.37621
2.36631
2.37504
2.37044
2.38353
2.35986
2.36362
2.33506
2.38018
2.36946
2.38048
2.36043
2.36844
2.34161
2.35816
2.37492
2.37719
2.35821
2.36805
2.35864
2.38637
2.36939
2.39122
2.38454
2.39827
2.3883
2.40101
2.37581
2.38022
2.37685
2.38678
2.39011
2.38922
2.39418
2.37179
2.39397
2.38549
2.39709
2.37154
2.39533
2.39711
2.38012
2.39412
2.38791
2.40022
2.38419
2.3976
2.37982
2.3731
2.39562
2.39389
2.38304
2.40897
2.39384
2.41066
2.40481
2.41411
2.40219
2.416
2.40094
2.39648
2.40233
2.40017
2.40549
2.401
2.40605
2.3716
2.38347
2.35105
2.37377
2.36153
2.3863
2.37955
2.38778
2.38397
2.3996
2.39304
2.40311
2.39992
2.40847
2.40595
2.41053
2.41457
2.3973
2.41916
2.40244
2.39968
2.40582
2.37235
2.38899
2.38067
2.38562
2.39809
2.39324
2.39861
2.3968
2.39916
2.40797
2.40552
2.40722
2.40669
2.39416
2.40616
2.38525
2.38128
2.37949
2.39763
2.39523
2.3908
2.39088
2.38531
2.40021
2.40059
2.39677
2.38907
2.40199
2.39896
2.41244
2.38525
2.39895
2.39093
2.40579
2.40104
2.41196
2.42005
2.39056
2.38278
2.38506
2.40316
2.40482
2.40527
2.40644
2.38756
2.40195
2.39857
2.39989
2.39971
2.41316
2.4097
2.40814
2.40412
2.38833
2.40715
2.4008
2.40613
2.40293
2.40964
2.40396
2.39332
2.402
2.39997
2.40452
2.40685
2.40368
2.40754
2.399
2.41696
2.42018
2.41446
2.42275
2.40857
2.42531
2.41812
2.42307
2.40747
2.42327
2.40921
2.40279
2.40866
2.41802
2.41323
2.40862
2.40877
2.39775
2.41024
2.4041
2.40474
2.40679
2.41202
2.42037
2.41489
2.42099
2.4134
2.41736
2.41737
2.42512
2.41916
2.42512
2.4231
2.41196
2.40721
2.41845
2.40659
2.41152
2.42219
2.41594
2.42127
2.41471
2.41471
2.42122
2.42184
2.42017
2.42179
2.41344
2.41823
2.40959
2.40718
2.40219
2.41892
2.41426
2.41119
2.40776
2.4076
2.41219
2.41142
2.41661
2.41271
2.4202
2.42233
2.42902
2.41469
2.4197
2.43704
2.42154
2.42316
2.42601
2.44277
2.41571
2.42309
2.41816
2.4231
2.42309
2.43739
2.42794
2.41363
2.42161
2.42599
2.41918
2.4163
2.43561
2.42714
2.42317
2.4144
2.43456
2.41064
2.41072
2.38703
2.42667
2.4244
2.42752
2.42839
2.42939
2.44712
2.40194
2.41511
2.3799
2.40899
2.41944
2.42652
2.42524
2.42253
2.42833
2.42249
2.42807
2.42763
2.43351
2.42275
2.4294
2.42604
2.43344
2.42504
2.43196
2.42789
2.4224
2.42554
2.43041
2.4215
2.42602
2.43067
2.42546
2.42738
2.42555
2.42357
2.42704
2.42698
2.42607
2.42909
2.41921
2.41821
2.42213
2.4166
2.41525
2.42134
2.41627
2.41555
2.41251
2.42485
2.41434
2.41493
2.43088
2.42441
2.42604
2.43187
2.43186
2.42522
2.43061
2.44204
2.42676
2.42362
2.43149
2.43773
2.42717
2.44492
2.43197
2.42863
2.42862
2.45023
2.4337
2.42613
2.42886
2.43955
2.43249
2.42785
2.43814
2.43592
2.43213
2.41626
2.41963
2.41872
2.42156
2.42444
2.42862
2.4324
2.4299
2.4295
2.43505
2.41661
2.41526
2.4222
2.42239
2.41925
2.43189
2.43589
2.43232
2.43168
2.4368
2.43116
2.43782
2.4359
2.44007
2.42667
2.43362
2.42898
2.43583
2.42777
2.43373
2.42963
2.42665
2.43369
2.43583
2.42768
2.42824
2.43191
2.42891
2.43012
2.4265
2.42888
2.43045
2.42628
2.43135
2.42916
2.41749
2.41825
2.4201
2.41576
2.41646
2.41999
2.41687
2.41886
2.41725
2.43116
2.41542
2.41678
2.42737
2.42661
2.4257
2.42998
2.42744
2.4217
2.43022
2.42894
2.42624
2.42183
2.42785
2.41954
2.42921
2.4485
2.43359
2.425
2.42948
2.44051
2.43284
2.42983
2.42994
2.43577
2.43773
2.43398
2.4332
2.43502
2.43232
2.42506
2.42757
2.42669
2.42726
2.4297
2.43037
2.43669
2.42945
2.43082
2.4373
2.42398
2.4204
2.42428
2.42473
2.42187
2.43818
2.4384
2.44062
2.43917
2.44126
2.43916
2.44223
2.44088
2.44103
2.4275
2.43254
2.42991
2.4319
2.42643
2.43111
2.42885
2.42629
2.43694
2.43703
2.42921
2.43114
2.43144
2.42951
2.43137
2.42777
2.43236
2.42944
2.43014
2.43178
2.42614
2.42086
2.42501
2.42107
2.41961
2.42093
2.42379
2.42516
2.4245
2.415
2.42312
2.41828
2.4178
2.41952
2.4247
2.42398
2.42517
2.42387
2.42496
2.42564
2.41016
2.42823
2.42898
2.42424
2.40535
2.43004
2.42536
2.43116
2.42614
2.43042
2.40924
2.42788
2.42914
2.42793
2.43103
2.43133
2.42955
2.42898
2.42839
2.42749
2.42899
2.43114
2.43078
2.43016
2.43187
2.43013
2.43636
2.42789
2.42903
2.4341
2.42465
2.4239
2.42401
2.42475
2.42542
2.43707
2.43477
2.44104
2.44007
2.43898
2.43885
2.43755
2.43739
2.43596
2.42449
2.42815
2.42676
2.42319
2.42239
2.426
2.42445
2.42444
2.43588
2.4339
2.4292
2.43071
2.42812
2.42879
2.43015
2.4296
2.43083
2.42717
2.42873
2.42947
2.42513
2.42948
2.43242
2.42666
2.43276
2.42937
2.43048
2.44025
2.43332
2.42741
2.42026
2.4354
2.44166
2.42516
2.42527
2.4285
2.42352
2.42345
2.43135
2.4241
2.4066
2.42896
2.43054
2.4252
2.4091
2.42996
2.40001
2.42534
2.42781
2.43012
2.40302
2.42634
2.42728
2.4283
2.42661
2.42664
2.42625
2.4239
2.42538
2.42519
2.4312
2.43281
2.4317
2.43161
2.43133
2.42816
2.43234
2.42664
2.42726
2.43022
2.42528
2.42629
2.42385
2.42515
2.42697
2.43179
2.42864
2.43271
2.43352
2.43206
2.43027
2.42716
2.4295
2.4275
2.42023
2.42384
2.42278
2.41594
2.41887
2.42235
2.42268
2.42195
2.43098
2.4272
2.42783
2.42875
2.42297
2.42645
2.42638
2.42716
2.42783
2.42441
2.42519
2.42616
2.42309
2.43359
2.4339
2.4348
2.44573
2.43491
2.43848
2.45159
2.43747
2.4485
2.42992
2.44432
2.44475
2.4325
2.43134
2.43238
2.42354
2.42379
2.42758
2.42647
2.41236
2.42739
2.42518
2.42741
2.41774
2.43001
2.40897
2.42854
2.42928
2.43035
2.42284
2.43245
2.42939
2.43058
2.42142
2.42409
2.4238
2.41949
2.42269
2.42222
2.42985
2.42818
2.42901
2.42699
2.4252
2.4263
2.42687
2.424
2.42477
2.42334
2.42424
2.42641
2.42208
2.42286
2.42452
2.42506
2.42129
2.42103
2.42506
2.42218
2.42102
2.41495
2.42061
2.41692
2.41923
2.42128
2.42361
2.41533
2.42027
2.42129
2.42473
2.41982
2.42264
2.41797
2.42393
2.42347
2.41788
2.4214
2.42111
2.42271
2.42404
2.4202
2.42016
2.42197
2.42063
2.43333
2.43184
2.43963
2.45592
2.43755
2.43852
2.45132
2.43408
2.43908
2.43157
2.4396
2.4306
2.4264
2.43188
2.42793
2.42399
2.42354
2.42332
2.42794
2.42506
2.42435
2.42196
2.42766
2.43114
2.4294
2.43903
2.4331
2.42632
2.42739
2.4456
2.43177
2.4308
2.42872
2.41783
2.42102
2.4206
2.41624
2.41908
2.41898
2.42271
2.42162
2.42289
2.41932
2.41857
2.42233
2.41926
2.41852
2.41888
2.41436
2.42005
2.42089
2.4166
2.41673
2.41732
2.41761
2.4142
2.40835
2.41647
2.41139
2.41228
2.40319
2.41289
2.40678
2.42137
2.42069
2.42505
2.41553
2.42212
2.41995
2.42487
2.41833
2.4146
2.41236
2.41987
2.41956
2.41716
2.41857
2.41862
2.41745
2.41991
2.41688
2.41617
2.41879
2.41891
2.42834
2.42278
2.43245
2.43837
2.42956
2.41813
2.42257
2.41781
2.41696
2.41747
2.40717
2.40061
2.40929
2.42197
2.4163
2.42224
2.42002
2.42054
2.42601
2.43406
2.419
2.41847
2.42266
2.43294
2.42441
2.43979
2.42806
2.41977
2.42103
2.43093
2.42255
2.42558
2.42182
2.41474
2.41712
2.41729
2.41323
2.41528
2.41564
2.41597
2.41568
2.41722
2.41324
2.41318
2.41525
2.41026
2.41205
2.41188
2.40737
2.41349
2.41474
2.41129
2.4111
2.41311
2.41165
2.41057
2.40045
2.41027
2.40475
2.40491
2.4007
2.40876
2.4048
2.42265
2.41896
2.4232
2.41583
2.42286
2.41766
2.42069
2.41884
2.41234
2.41344
2.4197
2.41977
2.42315
2.42206
2.42178
2.41753
2.41939
2.42009
2.41908
2.4209
2.41928
2.41667
2.41216
2.40078
2.40723
2.40578
2.39704
2.39543
2.40762
2.38788
2.40614
2.38593
2.39297
2.4083
2.41384
2.41433
2.41737
2.41491
2.4156
2.41889
2.42822
2.41393
2.41336
2.41524
2.42145
2.41914
2.42691
2.42092
2.41793
2.41829
2.42351
2.41843
2.41927
2.41731
2.41204
2.41348
2.41407
2.41177
2.41213
2.41271
2.41096
2.41158
2.41381
2.40956
2.41062
2.40945
2.40633
2.40955
2.40867
2.40733
2.41044
2.41273
2.41041
2.41065
2.41326
2.41178
2.41475
2.40564
2.40904
2.40649
2.40602
2.41365
2.4102
2.40864
2.42269
2.41768
2.4196
2.42023
2.4233
2.41806
2.41945
2.42129
2.41601
2.41847
2.4247
2.42435
2.42904
2.42633
2.42617
2.42194
2.42311
2.4253
2.4243
2.42534
2.42203
2.41072
2.4108
2.3932
2.39745
2.41038
2.39166
2.40402
2.40092
2.40357
2.41241
2.39001
2.40419
2.41446
2.41597
2.41727
2.41354
2.41379
2.41271
2.41276
2.4146
2.41325
2.41306
2.41213
2.41016
2.41855
2.42195
2.41777
2.41996
2.41862
2.42012
2.41694
2.41635
2.41587
2.41269
2.4117
2.41209
2.41459
2.41212
2.41203
2.409
2.41078
2.413
2.40955
2.41156
2.40997
2.40974
2.41362
2.41258
2.41241
2.41237
2.4146
2.41345
2.41451
2.4164
2.41737
2.41938
2.42221
2.41319
2.4114
2.41757
2.42855
2.41656
2.41489
2.42503
2.41924
2.42136
2.42565
2.42763
2.42055
2.42352
2.42488
2.42069
2.4228
2.42653
2.42757
2.42983
2.42686
2.42861
2.42639
2.42745
2.42924
2.42837
2.42928
2.42552
2.41408
2.41866
2.42723
2.41092
2.40066
2.46611
2.41879
2.42478
2.40274
2.41605
2.46521
2.42421
2.42093
2.41865
2.42053
2.41545
2.41799
2.41448
2.41321
2.40941
2.41671
2.41674
2.41551
2.4112
2.41859
2.41798
2.4165
2.41888
2.41814
2.41543
2.41604
2.41593
2.41625
2.41732
2.41382
2.41313
2.42053
2.41659
2.41562
2.41092
2.41329
2.41467
2.41266
2.41519
2.41533
2.41476
2.41944
2.41777
2.41642
2.41737
2.41832
2.41802
2.4204
2.42046
2.42051
2.42171
2.43234
2.42066
2.42018
2.42454
2.43344
2.42391
2.42436
2.42973
2.42216
2.42582
2.42933
2.43076
2.42442
2.42768
2.42785
2.4252
2.42788
2.42646
2.42986
2.43095
2.42695
2.43142
2.42978
2.43083
2.43224
2.43143
2.43265
2.42932
2.42262
2.42557
2.47109
2.424
2.43623
2.44665
2.4264
2.43379
2.4378
2.42491
2.44844
2.43328
2.42572
2.42152
2.42186
2.42111
2.42461
2.41937
2.41861
2.41422
2.42271
2.42234
2.42207
2.418
2.41823
2.41282
2.41638
2.41844
2.41914
2.41099
2.41772
2.41728
2.41895
2.42368
2.42029
2.41931
2.42664
2.42465
2.42381
2.41518
2.4177
2.41861
2.4178
2.42031
2.4202
2.41776
2.42602
2.42314
2.41982
2.42391
2.4227
2.42358
2.42713
2.42495
2.42326
2.42456
2.43439
2.42695
2.42946
2.42679
2.4345
2.42923
2.43344
2.43139
2.4268
2.43018
2.43336
2.43264
2.43078
2.43285
2.43098
2.43047
2.43314
2.42878
2.43453
2.43561
2.43203
2.43824
2.43297
2.43466
2.4358
2.43538
2.43693
2.43444
2.42855
2.43203
2.43719
2.42919
2.43265
2.43584
2.43273
2.43394
2.43066
2.4264
2.43402
2.43172
2.42812
2.42305
2.42558
2.42838
2.43226
2.42571
2.4259
2.42212
2.43047
2.42946
2.42991
2.42642
2.42141
2.41095
2.42003
2.42426
2.42444
2.41281
2.42356
2.42151
2.42475
2.42985
2.42942
2.4287
2.43338
2.43419
2.4335
2.42168
2.42379
2.42491
2.42542
2.42727
2.42699
2.4231
2.43521
2.43157
2.42801
2.4308
2.42707
2.43016
2.43436
2.43011
2.42612
2.42844
2.43254
2.43179
2.43691
2.42812
2.42958
2.4341
2.43897
2.43465
2.43576
2.436
2.44037
2.43729
2.43985
2.43894
2.43602
2.43574
2.43775
2.4364
2.44191
2.44208
2.43989
2.44382
2.43842
2.43976
2.44028
2.4415
2.44227
2.44085
2.43597
2.44
2.43763
2.43667
2.43696
2.44055
2.44053
2.43979
2.43506
2.43107
2.4405
2.43881
2.43528
2.42932
2.4339
2.43612
2.43982
2.43357
2.43407
2.43126
2.4391
2.43786
2.43813
2.43625
2.42852
2.41683
2.42772
2.43435
2.43256
2.42289
2.43256
2.42889
2.43339
2.43691
2.4387
2.43803
2.44008
2.4427
2.44206
2.42999
2.43156
2.433
2.43423
2.43563
2.43674
2.43399
2.4451
2.44197
2.44072
2.43849
2.43398
2.43844
2.44229
2.43768
2.43218
2.43702
2.427
2.43647
2.44018
2.43376
2.42768
2.43931
2.44142
2.43934
2.44375
2.44153
2.44464
2.44124
2.44608
2.44311
2.44093
2.43953
2.44134
2.44352
2.44447
2.44561
2.44581
2.4453
2.44416
2.44451
2.44391
2.44547
2.44583
2.44491
2.44395
2.44758
2.44367
2.44425
2.44262
2.44668
2.44759
2.4454
2.44255
2.43998
2.44781
2.4461
2.44444
2.4386
2.44288
2.44316
2.4462
2.4421
2.44202
2.44089
2.44678
2.44615
2.44567
2.44483
2.43675
2.42944
2.43752
2.44229
2.44029
2.43631
2.44259
2.4383
2.44282
2.44256
2.44614
2.44541
2.44444
2.44908
2.4481
2.43888
2.4401
2.44028
2.44306
2.44411
2.44694
2.44697
2.45279
2.45122
2.45189
2.44622
2.44172
2.44533
2.44932
2.44518
2.44218
2.4471
2.42906
2.44245
2.4427
2.44411
2.43235
2.44598
2.44444
2.44243
2.44735
2.44421
2.44661
2.44343
2.44796
2.44495
2.44453
2.44342
2.44559
2.44752
2.44625
2.44737
2.449
2.44693
2.446
2.4465
2.447
2.44656
2.44724
2.44676
2.45073
2.45327
2.44932
2.45055
2.4479
2.45159
2.45318
2.4501
2.44946
2.44802
2.45228
2.45215
2.45055
2.44629
2.44883
2.44914
2.45195
2.44961
2.44909
2.44806
2.45228
2.45229
2.45231
2.45089
2.4437
2.4429
2.44691
2.44592
2.44674
2.44832
2.45087
2.44657
2.44917
2.44654
2.45186
2.45062
2.44944
2.45493
2.45344
2.44725
2.44809
2.44573
2.45073
2.45132
2.45471
2.45584
2.45817
2.45749
2.45889
2.45168
2.4484
2.45012
2.45323
2.4509
2.45155
2.45547
2.43609
2.44947
2.44613
2.45413
2.44205
2.45247
2.44838
2.44403
2.44828
2.44577
2.44774
2.44475
2.44882
2.44648
2.44778
2.44777
2.45019
2.44963
2.4476
2.44931
2.45039
2.45017
2.44766
2.44782
2.45011
2.44947
2.44877
2.44863
2.45516
2.45651
2.4535
2.45546
2.45208
2.45503
2.45718
2.45379
2.45403
2.45263
2.4548
2.45535
2.45406
2.45062
2.45216
2.45484
2.45772
2.45411
2.4549
2.45359
2.45578
2.45527
2.45696
2.45597
2.44953
2.45122
2.45291
2.44894
2.45144
2.45268
2.45337
2.45064
2.4516
2.45304
2.45814
2.45668
2.45691
2.46112
2.46
2.45364
2.45394
2.45004
2.45554
2.4557
2.45955
2.46111
2.46189
2.46139
2.46316
2.45455
2.45299
2.45339
2.45565
2.45455
2.45852
2.46052
2.45016
2.45475
2.45084
2.45845
2.45779
2.45621
2.45383
2.44583
2.44953
2.44749
2.44901
2.4469
2.45015
2.44846
2.45074
2.45281
2.45509
2.45159
2.45176
2.45174
2.45251
2.45237
2.45096
2.45126
2.4525
2.45206
2.45297
2.45072
2.45726
2.45754
2.45615
2.45824
2.45513
2.45669
2.45877
2.45598
2.45629
2.455
2.45571
2.45684
2.45541
2.45341
2.45428
2.46028
2.46212
2.456
2.45844
2.45775
2.45767
2.45646
2.45932
2.4583
2.45274
2.45293
2.45306
2.45214
2.45351
2.45293
2.453
2.45224
2.45265
2.46036
2.46359
2.46267
2.46256
2.46514
2.46395
2.45666
2.4568
2.45388
2.45703
2.45733
2.46343
2.46488
2.46568
2.46564
2.46602
2.45657
2.45593
2.45561
2.45732
2.45704
2.46169
2.4624
2.46202
2.45698
2.45589
2.45944
2.4627
2.45702
2.45634
2.44815
2.4508
2.44947
2.44976
2.44923
2.45142
2.45041
2.45323
2.45644
2.45669
2.45328
2.45302
2.45381
2.45378
2.45356
2.45298
2.45317
2.45336
2.45369
2.45329
2.4521
2.45727
2.45708
2.45673
2.45864
2.45618
2.45643
2.45797
2.45615
2.45697
2.4554
2.45526
2.45664
2.45516
2.45478
2.45504
2.46301
2.463
2.4568
2.45983
2.45763
2.45827
2.45685
2.45991
2.45671
2.45398
2.45267
2.45272
2.45312
2.45414
2.45245
2.45263
2.4531
2.45413
2.46348
2.46568
2.46372
2.46395
2.46541
2.46261
2.45719
2.45751
2.45833
2.45666
2.45726
2.46744
2.4665
2.46952
2.46832
2.46607
2.45797
2.4579
2.45697
2.45854
2.45877
2.46291
2.4632
2.46172
2.45692
2.45584
2.45999
2.4607
2.457
2.45503
2.45029
2.45188
2.45128
2.4513
2.45129
2.45227
2.452
2.4555
2.45637
2.4564
2.45437
2.45434
2.45528
2.45497
2.455
2.45445
2.454
2.45425
2.45521
2.45466
2.45303
2.45686
2.45635
2.45591
2.4572
2.45577
2.45529
2.45656
2.45535
2.45619
2.45501
2.4544
2.45579
2.45498
2.4553
2.45576
2.46261
2.46195
2.45654
2.45959
2.45581
2.45803
2.45592
2.45909
2.45498
2.45423
2.45239
2.45231
2.45375
2.45425
2.45331
2.45193
2.45512
2.45599
2.46467
2.46469
2.46135
2.46558
2.46335
2.46008
2.45665
2.45688
2.46086
2.45777
2.45705
2.46734
2.46489
2.46835
2.46455
2.46322
2.45915
2.4598
2.45837
2.45982
2.46115
2.46313
2.46247
2.4598
2.45729
2.45473
2.46009
2.45903
2.45763
2.45528
2.45233
2.45261
2.45275
2.45232
2.45332
2.45292
2.45338
2.45777
2.45659
2.45688
2.45562
2.45571
2.45666
2.45627
2.45644
2.45594
2.4555
2.4555
2.45655
2.45625
2.45393
2.45591
2.45566
2.45486
2.45595
2.45507
2.45484
2.45529
2.45496
2.45587
2.45522
2.45501
2.45609
2.45564
2.45658
2.45716
2.46086
2.45973
2.45538
2.45843
2.45409
2.4575
2.45486
2.45758
2.45341
2.45448
2.45478
2.45199
2.45532
2.45494
2.45629
2.45242
2.45668
2.45729
2.46634
2.46122
2.45862
2.46672
2.45861
2.45693
2.45876
2.45769
2.46138
2.45981
2.45885
2.46113
2.46088
2.46308
2.4575
2.45812
2.46055
2.46235
2.45962
2.4617
2.46327
2.46119
2.45922
2.45856
2.45777
2.45634
2.45858
2.45787
2.45723
2.45705
2.45432
2.45304
2.45402
2.45245
2.45513
2.4532
2.45455
2.45934
2.45726
2.45729
2.45675
2.45702
2.45707
2.45697
2.45724
2.45659
2.45669
2.45615
2.45632
2.45687
2.45428
2.45553
2.45556
2.45504
2.45534
2.45501
2.4555
2.45599
2.45525
2.45652
2.45621
2.45607
2.45706
2.45684
2.45764
2.45808
2.45837
2.45635
2.45437
2.45663
2.453
2.45622
2.45409
2.45546
2.45282
2.45574
2.45845
2.45331
2.45704
2.45664
2.46065
2.45427
2.45784
2.45856
2.46719
2.45564
2.45511
2.46644
2.45195
2.45197
2.4599
2.4605
2.46094
2.46056
2.46193
2.45309
2.45491
2.45394
2.44616
2.4505
2.46308
2.46391
2.46203
2.46398
2.46361
2.45665
2.45334
2.45698
2.45622
2.45734
2.45421
2.4557
2.45463
2.457
2.45589
2.45337
2.45505
2.45197
2.45652
2.45375
2.45545
2.45981
2.45711
2.45657
2.45677
2.45699
2.45615
2.4563
2.45643
2.45561
2.45689
2.45559
2.45498
2.4566
2.45417
2.4559
2.45637
2.45625
2.45686
2.45569
2.45723
2.45776
2.45634
2.45758
2.45734
2.4573
2.45805
2.45762
2.45843
2.45851
2.45357
2.45028
2.4539
2.45409
2.4531
2.45485
2.45382
2.45266
2.45396
2.45754
2.46227
2.45518
2.45878
2.4583
2.46388
2.45579
2.45924
2.45973
2.46278
2.44483
2.44463
2.45425
2.43657
2.43497
2.46049
2.46223
2.45995
2.46025
2.46166
2.4358
2.44391
2.43413
2.42422
2.43615
2.46429
2.46317
2.46165
2.46257
2.46257
2.44909
2.44484
2.45427
2.45293
2.456
2.44942
2.4529
2.45156
2.45511
2.45642
2.45416
2.45566
2.45194
2.45668
2.45432
2.45585
2.45995
2.45585
2.45531
2.45567
2.45578
2.45558
2.45535
2.45537
2.45444
2.45617
2.45485
2.45433
2.45574
2.45446
2.45687
2.45733
2.45828
2.45863
2.45715
2.45933
2.45946
2.45791
2.45841
2.45745
2.45825
2.45865
2.45727
2.4585
2.4584
2.44743
2.4457
2.45389
2.45158
2.45514
2.45432
2.45414
2.45136
2.45618
2.45901
2.46394
2.45614
2.45878
2.45921
2.46327
2.45682
2.46027
2.46083
2.44371
2.43131
2.42876
2.43475
2.42821
2.4243
2.45972
2.46163
2.46132
2.45976
2.46171
2.41631
2.42969
2.42638
2.41528
2.42889
2.46072
2.46226
2.45995
2.45986
2.46267
2.4422
2.44306
2.45231
2.45086
2.45448
2.44793
2.45257
2.45103
2.45458
2.45689
2.45486
2.45628
2.45212
2.45743
2.45549
2.45713
2.46034
2.45516
2.45528
2.4553
2.45518
2.45552
2.45506
2.45507
2.45468
2.45548
2.45527
2.45535
2.45558
2.45616
2.45805
2.45899
2.46042
2.46
2.45865
2.46133
2.46009
2.45928
2.45885
2.4571
2.45923
2.4591
2.45693
2.45815
2.45755
2.44752
2.45317
2.45557
2.45286
2.45735
2.45673
2.45741
2.45598
2.45916
2.45909
2.46297
2.45797
2.45582
2.4584
2.46226
2.45863
2.46137
2.46164
2.42776
2.43336
2.42807
2.43575
2.45518
2.4558
2.46046
2.46189
2.46262
2.46031
2.46172
2.42874
2.43669
2.44835
2.45329
2.45146
2.45988
2.46319
2.45971
2.46043
2.4643
2.44774
2.45413
2.45359
2.45234
2.45525
2.45264
2.45534
2.45445
2.45628
2.45848
2.45675
2.45859
2.45557
2.46022
2.45869
2.46078
2.46199
2.45573
2.45661
2.45529
2.45545
2.45635
2.4558
2.45581
2.45667
2.45642
2.45745
2.45763
2.45717
2.45939
2.45986
2.46131
2.46202
2.46022
2.45994
2.46256
2.46058
2.46068
2.45947
2.45685
2.4608
2.46007
2.45712
2.45703
2.45684
2.46103
2.46641
2.45908
2.45978
2.46089
2.46088
2.46039
2.46272
2.46209
2.45769
2.46094
2.45979
2.45385
2.45748
2.45949
2.46103
2.46204
2.46287
2.45717
2.47825
2.4815
2.4695
2.48889
2.48581
2.4603
2.46131
2.46319
2.46084
2.46182
2.47267
2.46419
2.48144
2.47913
2.46928
2.46196
2.46556
2.46281
2.46441
2.46706
2.46027
2.46357
2.4576
2.45696
2.4578
2.45795
2.45992
2.45905
2.4591
2.46304
2.46103
2.46379
2.46079
2.46566
2.46399
2.46646
2.46609
2.45774
2.45889
2.45638
2.45648
2.45808
2.45692
2.45703
2.45907
2.458
2.45926
2.46022
2.45883
2.46357
2.46346
2.4645
2.46284
2.46144
2.4615
2.46299
2.46257
2.46212
2.46091
2.45782
2.46328
2.46197
2.45888
2.45725
2.45814
2.46792
2.46811
2.46184
2.46444
2.46277
2.46367
2.46284
2.46533
2.46295
2.45795
2.45845
2.46216
2.45466
2.45891
2.45814
2.4637
2.46417
2.46567
2.47272
2.48545
2.48261
2.4722
2.47931
2.47767
2.46184
2.46295
2.46636
2.46364
2.46453
2.47813
2.46986
2.47667
2.47439
2.46875
2.4673
2.46845
2.46701
2.46971
2.46987
2.46478
2.46514
2.46198
2.4608
2.46033
2.46061
2.46354
2.46215
2.46132
2.46787
2.46658
2.46878
2.46606
2.46966
2.46903
2.47081
2.46936
2.45994
2.46088
2.4574
2.4578
2.4597
2.45803
2.45848
2.46135
2.45968
2.46119
2.4622
2.46049
2.46715
2.46376
2.46383
2.46322
2.46304
2.46275
2.46373
2.46416
2.46334
2.46313
2.46008
2.4656
2.46415
2.46128
2.45937
2.46107
2.46779
2.46745
2.46285
2.46576
2.46254
2.46484
2.46323
2.46616
2.46226
2.46057
2.4583
2.46484
2.45862
2.46229
2.45947
2.46598
2.4669
2.46798
2.47074
2.47441
2.47343
2.46957
2.4715
2.47062
2.46572
2.46647
2.46935
2.46783
2.46816
2.4712
2.46738
2.46938
2.46898
2.46648
2.47176
2.47103
2.46957
2.47285
2.47205
2.46529
2.46553
2.46475
2.46328
2.46242
2.4624
2.4657
2.46433
2.46353
2.4709
2.47099
2.47242
2.47028
2.47193
2.47249
2.47305
2.47137
2.46188
2.46298
2.45849
2.45935
2.4614
2.45928
2.46031
2.46314
2.46115
2.46254
2.464
2.46173
2.46966
2.4646
2.46579
2.46449
2.46563
2.46414
2.46551
2.46716
2.46513
2.46506
2.46274
2.4672
2.46643
2.46482
2.46328
2.46583
2.4674
2.46749
2.46406
2.46657
2.46299
2.46619
2.46514
2.467
2.46443
2.46391
2.46102
2.46694
2.46522
2.46545
2.46294
2.46786
2.46896
2.46952
2.46896
2.46968
2.46922
2.46873
2.46888
2.46872
2.46962
2.46942
2.47015
2.47057
2.47038
2.46762
2.46587
2.46666
2.46691
2.46577
2.47282
2.47233
2.47107
2.47255
2.47244
2.46598
2.46661
2.46629
2.46555
2.46471
2.46493
2.46691
2.46684
2.4662
2.47229
2.47331
2.47344
2.47167
2.47258
2.4737
2.47375
2.47246
2.46428
2.46576
2.46018
2.4615
2.46397
2.46137
2.46289
2.46456
2.46237
2.46374
2.46522
2.46309
2.47066
2.46725
2.4688
2.46684
2.4685
2.46658
2.46842
2.46976
2.46851
2.46766
2.46671
2.46914
2.46899
2.46807
2.46805
2.46969
2.46758
2.46766
2.46651
2.46731
2.46619
2.46803
2.46813
2.46746
2.46787
2.46715
2.46474
2.46851
2.46893
2.46825
2.4664
2.46899
2.46971
2.46963
2.46862
2.46862
2.46827
2.46879
2.46822
2.46794
2.47123
2.47103
2.46957
2.47112
2.4709
2.4666
2.46616
2.46639
2.46648
2.46681
2.47198
2.47242
2.47099
2.47148
2.47224
2.46742
2.46831
2.46738
2.46805
2.46779
2.46759
2.46795
2.46945
2.46938
2.47247
2.4736
2.47366
2.47152
2.47213
2.47306
2.47336
2.4722
2.46759
2.46942
2.46301
2.46483
2.46803
2.46448
2.46674
2.46573
2.46398
2.46535
2.46653
2.46501
2.47063
2.47028
2.47141
2.4701
2.47094
2.47052
2.47144
2.47186
2.47177
2.47019
2.46954
2.47127
2.47143
2.47143
2.47103
2.47202
2.46786
2.46817
2.46987
2.46742
2.46918
2.46958
2.47143
2.46754
2.4701
2.46899
2.46773
2.46899
2.47032
2.46951
2.46923
2.46896
2.46943
2.46928
2.46891
2.46817
2.46795
2.46902
2.46827
2.468
2.47091
2.47074
2.46914
2.47056
2.47065
2.46661
2.4676
2.46681
2.46693
2.4683
2.47114
2.47219
2.47077
2.47093
2.4721
2.46922
2.47001
2.46869
2.47071
2.47086
2.46981
2.4694
2.47179
2.47222
2.47189
2.47202
2.47285
2.47081
2.47186
2.47103
2.47227
2.47178
2.47123
2.47291
2.46672
2.46903
2.4728
2.46866
2.47121
2.46758
2.46643
2.46807
2.46863
2.46805
2.47017
2.47215
2.47244
2.47251
2.47274
2.47261
2.4733
2.47328
2.47329
2.47211
2.4721
2.47314
2.47288
2.47378
2.47262
2.47299
2.46845
2.46877
2.47243
2.46786
2.47058
2.47033
2.4727
2.46835
2.47047
2.46989
2.47022
2.46891
2.47139
2.47023
2.47067
2.46906
2.46915
2.46925
2.46909
2.4685
2.46812
2.46923
2.46889
2.46835
2.47007
2.4704
2.4693
2.46999
2.47016
2.46732
2.46885
2.46777
2.46778
2.46929
2.47077
2.47215
2.47089
2.47063
2.47201
2.47066
2.47129
2.47
2.47268
2.47326
2.47077
2.47077
2.47345
2.47437
2.47194
2.47018
2.47167
2.47067
2.47183
2.46925
2.47088
2.47135
2.47433
2.47557
2.47133
2.47356
2.47669
2.47433
2.47577
2.47007
2.46974
2.47088
2.47134
2.47115
2.4703
2.47228
2.47179
2.47346
2.47318
2.47323
2.47332
2.47258
2.47295
2.47325
2.47687
2.47426
2.47358
2.47787
2.47309
2.47289
2.46916
2.46969
2.47238
2.4689
2.47035
2.4703
2.47172
2.46938
2.47026
2.47042
2.47067
2.46936
2.47134
2.47048
2.47034
2.46966
2.46952
2.46991
2.46945
2.46943
2.46869
2.46978
2.47009
2.46919
2.47028
2.47047
2.47009
2.47066
2.47086
2.46839
2.46974
2.46954
2.4693
2.47043
2.47081
2.47169
2.47123
2.47089
2.47141
2.47212
2.47356
2.47173
2.47409
2.47535
2.4711
2.47339
2.47448
2.47576
2.47121
2.46876
2.47037
2.46992
2.47063
2.46877
2.4702
2.47086
2.47623
2.47663
2.47683
2.47759
2.4788
2.47814
2.47849
2.47283
2.47282
2.4738
2.47393
2.47424
2.47134
2.47111
2.47028
2.47285
2.47165
2.47237
2.47209
2.47056
2.47163
2.474
2.47714
2.47403
2.47419
2.47533
2.47233
2.47196
2.47043
2.47088
2.47091
2.46986
2.4702
2.46999
2.47012
2.47039
2.47022
2.4704
2.4699
2.46987
2.47006
2.47026
2.46943
2.46996
2.47031
2.47058
2.47018
2.47084
2.46985
2.47065
2.47156
2.47063
2.47088
2.47116
2.47094
2.47106
2.4714
2.47051
2.47143
2.47215
2.47181
2.4724
2.47098
2.47122
2.47145
2.47109
2.47127
2.47541
2.47686
2.47476
2.47484
2.47513
2.47284
2.47523
2.47465
2.47469
2.47038
2.46982
2.47079
2.47077
2.47059
2.47137
2.47199
2.4714
2.47624
2.4759
2.47836
2.47849
2.47893
2.47804
2.47822
2.47522
2.47506
2.47581
2.47626
2.47567
2.47347
2.4695
2.46884
2.4713
2.46963
2.47091
2.47052
2.4689
2.47035
2.47422
2.47409
2.47331
2.47439
2.47355
2.47177
2.47168
2.47209
2.47333
2.46939
2.4709
2.47038
2.46994
2.46882
2.47167
2.47049
2.47024
2.46887
2.46995
2.46937
2.47024
2.46855
2.46987
2.47071
2.47076
2.47116
2.47218
2.4714
2.47173
2.47266
2.47203
2.47111
2.47157
2.47184
2.4712
2.47175
2.47297
2.47302
2.47395
2.47379
2.4733
2.47136
2.47143
2.47179
2.47179
2.47185
2.47701
2.4755
2.47564
2.47395
2.47445
2.47263
2.47506
2.47316
2.47409
2.4714
2.47319
2.47356
2.47301
2.47218
2.47412
2.47473
2.47315
2.47534
2.47498
2.47705
2.47762
2.47704
2.47674
2.47686
2.47706
2.47594
2.47667
2.47749
2.47629
2.47491
2.4682
2.46713
2.4698
2.46793
2.46949
2.46875
2.46639
2.46804
2.4742
2.47303
2.47228
2.47312
2.47192
2.47148
2.47114
2.47382
2.47393
2.46827
2.47232
2.47055
2.47025
2.46801
2.47279
2.47072
2.47034
2.46847
2.46984
2.46926
2.47042
2.46851
2.46987
2.47084
2.47094
2.47232
2.47301
2.47256
2.47312
2.47341
2.47305
2.47146
2.47202
2.4726
2.47191
2.47242
2.47401
2.47313
2.47423
2.47379
2.47295
2.47245
2.47247
2.47288
2.47299
2.47278
2.47419
2.47316
2.47357
2.47216
2.47376
2.47196
2.47231
2.47226
2.47327
2.47302
2.47559
2.47571
2.47497
2.47373
2.47802
2.47637
2.47475
2.47465
2.47425
2.4763
2.47634
2.47583
2.47615
2.47597
2.47734
2.47649
2.47641
2.477
2.4764
2.47625
2.4668
2.4675
2.46748
2.46512
2.46628
2.46685
2.46511
2.46546
2.47098
2.47042
2.46884
2.46981
2.46934
2.4708
2.47077
2.47432
2.47493
2.46803
2.47334
2.47112
2.47116
2.46864
2.47399
2.47178
2.47062
2.46876
2.46991
2.46976
2.47091
2.46912
2.46984
2.47117
2.47143
2.47423
2.47378
2.47356
2.47548
2.47396
2.47416
2.47239
2.47283
2.47327
2.47287
2.47317
2.47367
2.4731
2.47452
2.47379
2.47353
2.47351
2.47313
2.47385
2.47382
2.47325
2.47294
2.47312
2.4712
2.4727
2.4732
2.47259
2.47062
2.47307
2.4733
2.47382
2.47868
2.47604
2.475
2.47391
2.4777
2.47489
2.47573
2.47395
2.47384
2.47595
2.47545
2.47487
2.47587
2.47513
2.47617
2.47599
2.47504
2.47536
2.47564
2.47619
2.4689
2.47102
2.46619
2.4651
2.46463
2.46728
2.46801
2.46447
2.47015
2.46997
2.46501
2.46859
2.47081
2.47109
2.47175
2.47566
2.47629
2.47001
2.47466
2.47271
2.47351
2.47219
2.47528
2.47384
2.47129
2.46979
2.46996
2.47087
2.47174
2.47051
2.47024
2.47189
2.47244
2.4766
2.47504
2.47506
2.47737
2.47599
2.47591
2.47329
2.47364
2.47376
2.47353
2.47397
2.4745
2.47413
2.4754
2.47551
2.47496
2.47412
2.47336
2.47457
2.47441
2.4735
2.47351
2.47414
2.47037
2.47337
2.47339
2.474
2.47093
2.47376
2.47341
2.47433
2.4763
2.4743
2.47585
2.47502
2.47539
2.4745
2.47541
2.4739
2.47394
2.47561
2.47485
2.47418
2.47519
2.4745
2.47467
2.47532
2.47428
2.47438
2.47499
2.47515
2.47474
2.47857
2.47213
2.4754
2.47108
2.47869
2.48211
2.48074
2.46829
2.47201
2.47649
2.47208
2.47377
2.47238
2.47337
2.4768
2.4771
2.47504
2.47586
2.4751
2.47649
2.47746
2.47639
2.47631
2.47233
2.47133
2.47079
2.47241
2.47296
2.47213
2.47149
2.47302
2.4736
2.47772
2.4763
2.47646
2.47776
2.47632
2.47658
2.47366
2.47423
2.47442
2.47381
2.47456
2.47609
2.47555
2.47648
2.47619
2.47577
2.47449
2.47357
2.4746
2.47445
2.47367
2.47477
2.47519
2.47183
2.47422
2.47336
2.47494
2.47321
2.47457
2.47362
2.47543
2.47508
2.47497
2.47573
2.47561
2.47487
2.47509
2.47504
2.47411
2.47453
2.47505
2.4743
2.47407
2.47487
2.4743
2.47401
2.47487
2.47407
2.47396
2.47482
2.47508
2.48051
2.48051
2.4839
2.48371
2.48495
2.48483
2.48308
2.4841
2.47584
2.47534
2.47897
2.47722
2.47594
2.47436
2.47509
2.47738
2.47767
2.47857
2.47684
2.47706
2.47762
2.47873
2.47723
2.47741
2.47368
2.47291
2.47237
2.474
2.47432
2.47353
2.47322
2.47427
2.47478
2.4777
2.47631
2.47645
2.47784
2.47701
2.47716
2.47399
2.47473
2.47547
2.47421
2.47498
2.47605
2.47561
2.47673
2.47609
2.47603
2.47422
2.47364
2.47435
2.47405
2.47363
2.47558
2.47606
2.47444
2.47493
2.47437
2.4758
2.47554
2.47532
2.47526
2.47545
2.47427
2.4751
2.47484
2.47498
2.4738
2.47474
2.47451
2.47489
2.47541
2.47457
2.47415
2.4744
2.4748
2.47461
2.47408
2.47482
2.47438
2.4741
2.47478
2.47457
2.47977
2.47896
2.48276
2.48133
2.48211
2.48047
2.47966
2.48013
2.47755
2.47623
2.47777
2.47751
2.47644
2.47564
2.47611
2.47788
2.47797
2.47858
2.47755
2.47745
2.47784
2.47833
2.47772
2.47736
2.47493
2.47403
2.47404
2.47531
2.47564
2.47447
2.47523
2.47512
2.47585
2.4782
2.4773
2.47765
2.47824
2.47731
2.47762
2.47443
2.47525
2.47584
2.47457
2.47544
2.47646
2.47653
2.47746
2.47696
2.4768
2.47391
2.47342
2.47401
2.47379
2.47324
2.47644
2.47661
2.47639
2.47564
2.47591
2.47583
2.4767
2.47557
2.47595
2.47446
2.47329
2.47418
2.47314
2.47378
2.47267
2.47354
2.47357
2.4757
2.47564
2.47537
2.47508
2.47447
2.47522
2.47492
2.47396
2.47469
2.4741
2.47367
2.47436
2.47358
2.47834
2.47799
2.47885
2.47855
2.47867
2.47796
2.47799
2.47779
2.47747
2.47662
2.477
2.47739
2.4768
2.47653
2.47689
2.47798
2.47791
2.47807
2.47777
2.47726
2.47786
2.47785
2.47774
2.47719
2.47633
2.47491
2.4761
2.47634
2.47677
2.47541
2.47673
2.47636
2.47645
2.47809
2.47738
2.47767
2.4779
2.47744
2.47764
2.47473
2.47557
2.47616
2.47469
2.47562
2.47715
2.47654
2.47711
2.47693
2.47618
2.47365
2.47298
2.47354
2.47352
2.47281
2.47644
2.47616
2.47643
2.47547
2.47558
2.47571
2.47607
2.47567
2.47539
2.47264
2.47185
2.47255
2.47128
2.4712
2.47096
2.47132
2.472
2.4754
2.47514
2.47483
2.47456
2.47425
2.47451
2.47425
2.47326
2.47393
2.47321
2.47282
2.47349
2.47193
2.4778
2.47778
2.47754
2.47788
2.47731
2.47753
2.47802
2.47724
2.47735
2.47696
2.47695
2.47737
2.47703
2.47707
2.47715
2.47784
2.47784
2.47771
2.4777
2.47724
2.47798
2.47768
2.47769
2.4774
2.47697
2.47535
2.47686
2.47677
2.47705
2.47585
2.47695
2.47645
2.47644
2.47775
2.47747
2.47758
2.47775
2.47764
2.47773
2.4749
2.4756
2.47594
2.47499
2.47506
2.47692
2.47622
2.47724
2.47724
2.47649
2.47337
2.47272
2.47316
2.47332
2.47274
2.47622
2.47642
2.47581
2.47574
2.47544
2.47611
2.4758
2.47589
2.47551
2.47007
2.47022
2.4701
2.46981
2.46942
2.46929
2.46931
2.47131
2.4751
2.47523
2.4744
2.47414
2.47463
2.47447
2.47418
2.4724
2.4732
2.47271
2.47202
2.473
2.47008
2.47797
2.47827
2.47782
2.47825
2.4775
2.47822
2.47847
2.47795
2.47744
2.47715
2.47742
2.47761
2.47737
2.47728
2.47736
2.47796
2.4782
2.4778
2.47778
2.47765
2.47824
2.47804
2.47797
2.478
2.47702
2.47669
2.47683
2.47695
2.47691
2.47759
2.47678
2.47636
2.47624
2.47793
2.47798
2.47804
2.47825
2.47841
2.4784
2.47494
2.4747
2.47541
2.475
2.47503
2.47764
2.47712
2.47812
2.47804
2.47797
2.47332
2.47297
2.47319
2.47341
2.47325
2.47676
2.47733
2.47599
2.47627
2.47578
2.47701
2.47646
2.47683
2.47631
2.4696
2.46882
2.46931
2.4691
2.47011
2.46909
2.46978
2.4719
2.47559
2.47618
2.47486
2.47449
2.47564
2.47544
2.47505
2.4721
2.47312
2.47326
2.47239
2.47345
2.46995
2.47865
2.47908
2.47868
2.47874
2.47844
2.47916
2.47907
2.47893
2.47785
2.4776
2.47807
2.47813
2.47773
2.47737
2.47733
2.47856
2.479
2.47837
2.47826
2.47841
2.47873
2.47878
2.47864
2.47885
2.47667
2.47744
2.47649
2.47672
2.47638
2.47692
2.47599
2.47595
2.47558
2.47868
2.47892
2.47882
2.47911
2.47951
2.47928
2.47479
2.47493
2.47492
2.47445
2.47451
2.47844
2.4789
2.47939
2.47911
2.47977
2.47344
2.47353
2.47327
2.47344
2.47362
2.47812
2.47899
2.47714
2.47763
2.477
2.47864
2.47809
2.47847
2.47791
2.47096
2.46981
2.47069
2.47
2.47176
2.47086
2.47179
2.4731
2.47691
2.47779
2.47615
2.47573
2.47714
2.47695
2.47649
2.47324
2.47421
2.47519
2.47408
2.47507
2.47171
2.47952
2.48006
2.47956
2.47947
2.47936
2.47985
2.4799
2.47974
2.47838
2.47786
2.47863
2.47844
2.47796
2.47723
2.47708
2.47952
2.48017
2.47927
2.47913
2.47932
2.47953
2.47982
2.47976
2.47987
2.47599
2.47627
2.47541
2.47631
2.47559
2.47565
2.47478
2.47502
2.47432
2.47954
2.48021
2.47974
2.4802
2.48106
2.48038
2.47368
2.47396
2.47367
2.47289
2.4735
2.48019
2.48063
2.48127
2.48099
2.48157
2.47317
2.47378
2.47258
2.47271
2.47348
2.48
2.48116
2.47913
2.47936
2.47891
2.48052
2.48028
2.48041
2.47994
2.47259
2.47214
2.47292
2.47086
2.47309
2.47333
2.47387
2.47395
2.47876
2.47981
2.47781
2.47748
2.47895
2.47886
2.47852
2.47518
2.47615
2.47781
2.47635
2.47728
2.4744
2.48064
2.4813
2.48021
2.4804
2.48014
2.48086
2.48115
2.48087
2.4788
2.47805
2.47951
2.47935
2.47823
2.4769
2.47666
2.48108
2.48233
2.48045
2.48056
2.48055
2.48097
2.48115
2.48157
2.4814
2.47508
2.47515
2.47409
2.47541
2.47437
2.47436
2.47304
2.4734
2.47229
2.48126
2.48184
2.48134
2.48285
2.48324
2.48273
2.47174
2.47254
2.47149
2.47027
2.47094
2.48333
2.48275
2.48473
2.48609
2.48407
2.47181
2.47292
2.47049
2.47066
2.47191
2.4825
2.48403
2.48159
2.48167
2.48113
2.48311
2.48298
2.48304
2.48243
2.47334
2.47435
2.47453
2.4715
2.47314
2.47528
2.47493
2.4732
2.48098
2.48222
2.47995
2.47976
2.48114
2.4811
2.48094
2.47767
2.47858
2.4805
2.47901
2.47976
2.47695
2.4821
2.48297
2.48159
2.48217
2.48162
2.48238
2.48309
2.48228
2.47974
2.47848
2.48065
2.48022
2.47883
2.47636
2.47602
2.48381
2.48551
2.48186
2.48275
2.48234
2.48315
2.48271
2.48397
2.48322
2.47335
2.47337
2.47164
2.47378
2.47215
2.47236
2.46998
2.47066
2.46854
2.48474
2.48533
2.4848
2.48658
2.48752
2.48718
2.46829
2.46827
2.46638
2.46522
2.46503
2.48746
2.48563
2.48891
2.48839
2.48732
2.46802
2.47013
2.46503
2.465
2.46726
2.48555
2.48717
2.48438
2.4846
2.4839
2.48635
2.4858
2.48629
2.48553
2.47249
2.47606
2.47498
2.47186
2.47141
2.47685
2.47468
2.47011
2.48359
2.48511
2.48226
2.48231
2.48356
2.48359
2.48365
2.48035
2.48094
2.48273
2.48177
2.48208
2.47919
2.48391
2.4852
2.48345
2.484
2.48339
2.48474
2.48514
2.48526
2.4809
2.4792
2.48241
2.48168
2.47961
2.47555
2.47505
2.48731
2.48897
2.48365
2.48524
2.48409
2.48627
2.48484
2.48681
2.48506
2.47058
2.47116
2.46783
2.4715
2.46874
2.46969
2.46519
2.46578
2.46256
2.48832
2.4896
2.48942
2.49022
2.4917
2.49143
2.46105
2.46038
2.4578
2.45496
2.45439
2.48962
2.48912
2.49191
2.49122
2.49108
2.45995
2.46311
2.45401
2.45403
2.45739
2.489
2.49109
2.48741
2.48817
2.48734
2.49042
2.48926
2.49026
2.4893
2.46979
2.47749
2.47395
2.47127
2.46738
2.47828
2.47279
2.46353
2.48682
2.48874
2.48501
2.48527
2.48663
2.48661
2.48691
2.48315
2.48333
2.48479
2.48488
2.48462
2.48128
2.48709
2.48956
2.48668
2.48673
2.48772
2.48926
2.48887
2.49018
2.4826
2.48017
2.48526
2.48408
2.48104
2.4744
2.47367
2.49108
2.49405
2.48668
2.48891
2.48648
2.49114
2.4892
2.49154
2.48856
2.46622
2.46764
2.46162
2.46842
2.46319
2.46524
2.45728
2.45756
2.45098
2.49227
2.49385
2.49333
2.4947
2.49605
2.49529
2.44716
2.44551
2.44104
2.43449
2.43337
2.49327
2.49334
2.49623
2.49582
2.49602
2.44407
2.4492
2.43105
2.43135
2.43747
2.49351
2.4964
2.49144
2.4926
2.49151
2.49574
2.49399
2.49539
2.49433
2.46426
2.47905
2.47131
2.46929
2.46036
2.47882
2.46949
2.4512
2.49095
2.49365
2.48842
2.48898
2.49086
2.49055
2.49108
2.48625
2.48613
2.48702
2.48734
2.48769
2.48254
2.49275
2.49706
2.49194
2.49156
2.4924
2.49497
2.49489
2.49489
2.48607
2.48235
2.49018
2.48852
2.48382
2.47312
2.47282
2.49776
2.50356
2.49255
2.49494
2.49148
2.50021
2.49722
2.50044
2.49535
2.45934
2.46223
2.4518
2.46429
2.45481
2.45824
2.44413
2.44175
2.43025
2.49833
2.49872
2.49809
2.50393
2.50315
2.50282
2.41772
2.41386
2.40582
2.3901
2.38548
2.49899
2.49912
2.50281
2.5028
2.50272
2.40911
2.42114
2.37895
2.37698
2.39699
2.49968
2.50333
2.49673
2.49865
2.4975
2.50299
2.50061
2.50238
2.50118
2.45464
2.47787
2.46683
2.46499
2.44743
2.47638
2.46312
2.42909
2.49686
2.5004
2.4932
2.49404
2.49714
2.49637
2.49696
2.48854
2.48968
2.49027
2.49004
2.49189
2.48286
2.50223
2.50744
2.49829
2.49905
2.49787
2.50192
2.50388
2.50136
2.49106
2.48586
2.4969
2.49358
2.48853
2.47289
2.47359
2.51069
2.51647
2.50269
2.50714
2.5004
2.51178
2.50773
2.51295
2.50525
2.44888
2.45336
2.43394
2.45944
2.44254
2.44817
2.42056
2.41259
2.39038
2.51041
2.50895
2.50844
2.51597
2.51437
2.51363
2.35231
2.33021
2.3213
2.28731
2.2328
2.5075
2.5074
2.51203
2.51227
2.5124
2.31295
2.36222
2.25413
2.20193
2.30331
2.5081
2.51299
2.50469
2.50654
2.50552
2.51271
2.50894
2.51113
2.50977
2.43735
2.47449
2.45862
2.45775
2.42439
2.47241
2.45328
2.38719
2.5047
2.5092
2.50001
2.5008
2.50551
2.50395
2.50432
2.49214
2.49473
2.49551
2.49489
2.49809
2.48407
2.51254
2.5173
2.50602
2.50888
2.50519
2.51052
2.51335
2.50925
2.49634
2.49168
2.5051
2.49962
2.49537
2.47507
2.47797
2.52022
2.52332
2.51218
2.51753
2.5099
2.52036
2.5165
2.52111
2.51477
2.43488
2.44316
2.40299
2.45675
2.42704
2.43907
2.38097
2.35438
2.30905
2.52014
2.51914
2.51822
2.52352
2.52327
2.52233
2.20585
1.8941
2.08776
2.06486
1.21655
2.51695
2.51728
2.5213
2.5214
2.52168
1.82903
2.21337
2.00217
1.10921
2.05757
2.51741
2.5217
2.51302
2.51614
2.51408
2.52188
2.51874
2.52068
2.51862
2.40808
2.47121
2.44814
2.44848
2.3886
2.47108
2.44375
2.30498
2.51392
2.51881
2.50813
2.50878
2.51465
2.51293
2.51304
2.49895
2.50235
2.50418
2.50375
2.50744
2.48932
2.52146
2.5256
2.51574
2.51794
2.51386
2.52125
2.52301
2.5188
2.50343
2.49956
2.5147
2.50784
2.50409
2.48205
2.48812
2.52598
2.5286
2.52067
2.52431
2.51958
2.527
2.52484
2.52744
2.52427
2.42117
2.43666
2.35714
2.46077
2.41929
2.43626
2.34001
2.21371
2.07228
2.5263
2.52679
2.52593
2.52872
2.52965
2.52899
1.93726
0.728995
1.48592
-0.441948
1.8214
0.811127
-2.03092
-0.507151
-0.663326
-0.00201662
-0.467891
0.0718058
2.52531
2.52539
2.52891
2.52874
2.52883
0.627784
1.83066
1.76427
0.767181
1.44203
-0.611581
-0.448761
-0.497236
0.105848
-0.704982
-0.0176741
2.52557
2.52893
2.52455
2.52471
2.52327
2.52885
2.52934
2.52812
2.52773
2.36979
2.47378
2.44234
2.4397
2.35344
2.48006
2.44434
2.0658
2.52362
2.528
2.51825
2.51862
2.52488
2.52351
2.52349
2.5102
2.51352
2.51676
2.51796
2.51998
2.50212
2.53001
2.53395
2.52641
2.528
2.5238
2.53081
2.53239
2.52838
2.51285
2.50924
2.52406
2.5181
2.51448
2.49564
2.50517
2.53129
2.53404
2.52909
2.53081
2.52912
2.53372
2.53301
2.53406
2.5335
2.42306
2.44647
2.33005
2.47806
2.43192
2.46486
2.29314
2.05465
2.01294
0.314186
0.257319
0.494346
2.53103
2.53197
2.53149
2.53361
2.53414
2.53388
0.346852
1.90224
1.12903
1.78995
0.779309
1.93168
1.23073
0.121957
0.0717203
-0.134784
0.131651
0.167816
0.242984
0.0878589
2.53166
2.53189
2.53426
2.53421
2.53463
1.09199
1.65582
0.318526
1.92866
1.20641
1.76107
0.773852
-0.118934
0.05898
0.151316
0.22104
0.0883821
0.155547
0.166397
2.53187
2.53448
2.53215
2.53127
2.53139
2.53403
2.53412
2.53392
2.53436
2.34708
2.48897
2.45314
2.46741
2.31795
2.50248
2.45997
2.04672
0.269738
0.36187
0.510861
2.53185
2.53513
2.52946
2.52991
2.53388
2.53501
2.53433
2.52715
2.52676
2.53009
2.53463
2.53282
2.52171
2.53728
2.54052
2.53441
2.53655
2.53227
2.53711
2.54015
2.53576
2.52295
2.52086
2.53173
2.52843
2.52828
2.51618
2.52661
2.53683
2.53939
2.53647
2.53702
2.53709
2.5395
2.53973
2.53957
2.53993
2.45197
2.47843
2.32667
2.50731
2.47722
2.49229
2.3722
2.15508
0.77927
2.27314
0.883809
0.481454
0.389444
0.593881
0.799081
2.53626
2.53639
2.53634
2.53866
2.53868
2.53869
1.16121
1.92858
1.36079
2.02088
1.25031
1.93163
1.37266
0.195796
0.470141
0.138096
0.484773
0.294141
0.440025
0.1691
2.53661
2.5371
2.53876
2.53887
2.53929
1.33899
1.94586
1.17452
1.96989
1.39929
1.87494
0.950546
0.16233
0.576651
0.272746
0.435637
0.142094
0.324801
0.285996
2.537
2.53926
2.53592
2.53684
2.53719
2.53932
2.53742
2.53962
2.53938
2.35977
2.51071
2.47343
2.48651
2.36132
2.51607
2.47304
0.817727
2.07179
0.454016
0.815591
0.462592
0.653207
2.53786
2.54016
2.53989
2.53943
2.53986
2.54197
2.54167
2.54119
2.53873
2.53951
2.54384
2.54215
2.53118
2.54368
2.54608
2.54002
2.54358
2.5398
2.54445
2.54638
2.54437
2.53663
2.53652
2.54453
2.54324
2.54478
2.53708
2.54565
2.54158
2.54351
2.54274
2.54184
2.54239
2.54427
2.54528
2.54387
2.54452
2.50175
2.51145
2.41048
2.53837
2.52792
2.51892
2.48006
2.2412
0.723964
2.34004
0.371691
0.707771
2.54071
2.54086
2.54082
2.5426
2.54279
2.54271
1.14204
2.09172
1.41008
1.94319
0.518648
2.08131
1.28096
0.382142
0.374169
0.0548131
0.0162762
0.436744
0.0651387
0.218436
2.54091
2.54123
2.54288
2.54285
2.54305
1.46632
2.01621
0.852587
2.12004
1.32183
1.90465
0.511888
0.0693376
0.422957
0.334921
0.0904469
0.195255
-0.0540993
0.379635
2.54134
2.54329
2.53897
2.54255
2.54189
2.54379
2.54122
2.54489
2.54411
2.45555
2.52129
2.49691
2.51617
2.47398
2.52706
2.51306
2.31402
2.54289
2.5449
2.54501
2.54612
2.54412
2.54563
2.54678
2.54565
2.54565
2.54523
2.54657
2.5469
2.53907
2.54779
2.54839
2.5472
2.54833
2.54711
2.5476
2.54916
2.54784
2.54705
2.55104
2.54988
2.54888
2.55386
2.55237
2.55689
2.54516
2.54644
2.54725
2.54567
2.5465
2.54751
2.54814
2.54697
2.54694
2.54626
2.53431
2.51356
2.55378
2.5503
2.54292
2.53298
2.44551
2.50602
2.54443
2.54461
2.54453
2.54615
2.5466
2.5466
2.22898
1.38887
2.40417
2.39884
1.92892
-1.01032
-0.162553
2.54487
2.54492
2.54722
2.54696
2.547
1.47831
2.24504
2.4485
2.03138
2.42935
-0.205011
2.54544
2.54766
2.54416
2.54719
2.54596
2.54796
2.54737
2.54886
2.54722
2.50593
2.53917
2.53241
2.54523
2.52653
2.54836
2.54205
2.49815
2.54726
2.54885
2.54971
2.55115
2.55058
2.55211
2.55319
2.55083
2.55041
2.55255
2.55318
2.55302
2.55118
2.54857
2.5491
2.54842
2.55017
2.54822
2.55203
2.5514
2.55126
2.55338
2.55828
2.55611
2.55674
2.55951
2.56036
2.55968
2.54741
2.54795
2.54791
2.54741
2.54638
2.54826
2.54778
2.54708
2.54546
2.55498
2.55016
2.54487
2.55876
2.5577
2.55198
2.55097
2.53478
2.54564
2.54806
2.54852
2.54858
2.54969
2.55028
2.5503
2.4726
2.34226
2.51312
2.51307
2.49225
2.54928
2.54938
2.55155
2.55135
2.55143
2.39474
2.49693
2.52933
2.51033
2.53287
2.55005
2.55259
2.55092
2.55166
2.55051
2.55235
2.55369
2.55312
2.55249
2.54064
2.55485
2.5509
2.55681
2.54829
2.55833
2.5544
2.54212
2.55224
2.55446
2.55573
2.55676
2.55729
2.55769
2.5577
2.55681
2.55666
2.55819
2.55921
2.55836
2.55799
2.5506
2.553
2.55494
2.55378
2.55407
2.55683
2.55604
2.55572
2.55792
2.55984
2.55841
2.55859
2.56017
2.55895
2.55931
2.54894
2.55063
2.54896
2.54746
2.54578
2.54989
2.55103
2.54899
2.54819
2.55883
2.55002
2.55317
2.55863
2.55936
2.55288
2.55545
2.55037
2.55486
2.55115
2.55194
2.55189
2.55244
2.55339
2.55318
2.53719
2.52923
2.54597
2.54806
2.54406
2.5531
2.55327
2.55486
2.55442
2.55476
2.53735
2.54312
2.55152
2.54969
2.55219
2.55458
2.55574
2.55599
2.55497
2.55479
2.55542
2.55674
2.55602
2.55624
2.55273
2.55891
2.55679
2.55839
2.55559
2.55921
2.55789
2.55421
2.55605
2.55687
2.55806
2.55815
2.55886
2.55845
2.5586
2.55948
2.55858
2.5587
2.55955
2.55882
2.55922
2.55565
2.55815
2.55873
2.55805
2.55749
2.56013
2.55949
2.55878
2.55884
2.55987
2.5596
2.55935
2.55995
2.55919
2.55931
2.55271
2.55467
2.55358
2.55125
2.55113
2.55473
2.55588
2.55356
2.55381
2.55963
2.55315
2.55703
2.5585
2.5602
2.5548
2.55834
2.5566
2.55855
2.55371
2.55456
2.55426
2.55499
2.55556
2.55524
2.55436
2.55197
2.55665
2.55713
2.55535
2.55534
2.5557
2.55651
2.55604
2.55622
2.55482
2.55534
2.5581
2.55757
2.55795
2.55634
2.55663
2.55727
2.55641
2.557
2.55621
2.55712
2.55631
2.55671
2.5573
2.55916
2.55866
2.55849
2.5583
2.55901
2.55906
2.55817
2.557
2.55707
2.55812
2.55829
2.55831
2.55773
2.55799
2.55924
2.55869
2.55824
2.55894
2.5584
2.55914
2.56007
2.56138
2.56093
2.56036
2.55964
2.56137
2.56099
2.56033
2.5596
2.55989
2.56066
2.5601
2.56021
2.55943
2.55977
2.55639
2.55796
2.55778
2.55557
2.55581
2.55899
2.5593
2.55728
2.55723
2.56056
2.55602
2.55922
2.55921
2.56058
2.55699
2.55965
2.55954
2.56014
2.55618
2.55646
2.55609
2.55739
2.55731
2.55695
2.5589
2.55771
2.55971
2.55991
2.55891
2.55651
2.55638
2.55723
2.55692
2.5565
2.55885
2.55896
2.56022
2.55985
2.55986
2.55665
2.55651
2.55658
2.55581
2.55622
2.5558
2.55581
2.55537
2.55545
2.55893
2.55865
2.55932
2.55822
2.55944
2.55834
2.55965
2.55976
2.55674
2.55621
2.5571
2.55734
2.55723
2.55663
2.55732
2.55859
2.55794
2.55768
2.55881
2.55796
2.55893
2.56215
2.5629
2.56161
2.56151
2.56095
2.5621
2.56224
2.56185
2.56061
2.56036
2.56191
2.56108
2.56059
2.55987
2.56002
2.55929
2.56048
2.56037
2.55863
2.55801
2.56185
2.5613
2.55983
2.5587
2.56043
2.55743
2.55976
2.55925
2.56
2.55734
2.55973
2.56046
2.56088
2.55853
2.55807
2.55771
2.55952
2.55871
2.5584
2.56074
2.56005
2.56095
2.56129
2.56068
2.55722
2.55658
2.55809
2.55763
2.55684
2.56058
2.56056
2.56153
2.56113
2.56123
2.55632
2.55626
2.55517
2.55523
2.55492
2.55523
2.5553
2.55583
2.55556
2.55992
2.55841
2.56005
2.5582
2.56043
2.55869
2.56062
2.56096
2.55595
2.55643
2.55698
2.55786
2.5583
2.55772
2.55902
2.55956
2.55835
2.55888
2.56067
2.55926
2.56025
2.56383
2.56512
2.56304
2.56332
2.56284
2.56438
2.56497
2.56421
2.5616
2.56089
2.56371
2.56263
2.56185
2.56053
2.56204
2.56165
2.563
2.56248
2.56113
2.55959
2.56469
2.56387
2.56268
2.56077
2.56019
2.5568
2.55946
2.56027
2.56161
2.55755
2.56006
2.5614
2.56282
2.56054
2.55948
2.55922
2.56156
2.56045
2.56029
2.56221
2.56173
2.56242
2.56339
2.56303
2.55828
2.55734
2.55946
2.55927
2.5583
2.56197
2.56206
2.56349
2.56322
2.56323
2.55637
2.55738
2.55499
2.55642
2.55619
2.556
2.55607
2.55711
2.5578
2.56135
2.55983
2.56172
2.55846
2.56259
2.56131
2.56343
2.56355
2.55715
2.55883
2.55926
2.56081
2.56081
2.56081
2.56238
2.56237
2.56083
2.56174
2.56393
2.56231
2.5639
2.56712
2.57029
2.56537
2.56678
2.56542
2.56698
2.56883
2.56701
2.56349
2.56307
2.56606
2.56492
2.56543
2.56343
2.56758
2.56453
2.56699
2.56593
2.56423
2.56238
2.56955
2.56911
2.56704
2.56483
2.56305
2.55855
2.5606
2.56247
2.56757
2.5609
2.56304
2.56388
2.56879
2.56246
2.56098
2.56103
2.56393
2.56159
2.5624
2.56367
2.56421
2.56655
2.56696
2.56818
2.55976
2.55886
2.56044
2.56037
2.55987
2.56415
2.5643
2.56725
2.56781
2.56905
2.55798
2.55969
2.55675
2.5578
2.55859
2.55856
2.55815
2.56118
2.56057
2.56373
2.56372
2.56595
2.56303
2.56825
2.56822
2.57209
2.57099
2.56032
2.56381
2.56224
2.56424
2.56384
2.56464
2.56716
2.56573
2.56423
2.56635
2.56921
2.56719
2.57174
2.57275
2.56831
2.56977
2.56726
2.565
2.56496
2.56672
2.5688
2.57047
2.56809
2.5663
2.56584
2.56504
2.5639
2.56248
2.56323
2.56219
2.56553
2.56121
2.56262
2.56707
2.56509
2.56284
2.56303
2.56204
2.56065
2.55953
2.56063
2.55923
2.55938
2.56008
2.5598
2.55981
2.56157
2.55933
2.56182
2.56764
2.56911
2.56081
2.5602
2.55844
2.55835
2.55803
2.55858
2.55837
2.5589
2.55933
2.55944
2.56021
2.5625
2.56093
2.5651
2.56894
2.56922
2.56032
2.55868
2.56059
2.56068
2.55979
2.56102
2.56194
2.56177
2.56342
2.56521
2.56817
2.56777
2.57032
2.56304
2.56491
2.56705
2.56871
2.56788
121.269
120.618
120.651
113.14
114.017
114.002
113.439
122.658
120.433
120.472
113.587
111.372
112.747
111.278
120.009
117.937
118.147
110.096
112.566
109.742
111.266
117.777
116.614
117.104
113.302
113.656
112.816
115.529
116.849
116.915
116.62
113.766
113.246
116.562
116.051
118.223
115.901
115.969
112.12
110.418
114.177
111.661
115.977
115.435
114.535
107.126
109.389
103.553
106.779
116.183
113.395
115.083
111.946
116.348
109.668
114.691
115.888
115.092
114.657
117.336
115.829
115.552
113.013
115.592
114.276
114.033
114.67
110.394
111.319
106.955
113.973
113.047
112.907
108.808
112.536
105.32
107.512
113.544
112.89
112.477
113.644
111.1
108.075
105.731
102.194
101.69
101.997
82.1665
83.9772
79.1414
78.0451
98.1865
100.999
98.9466
82.7922
79.0166
77.0345
75.0884
99.3771
97.6539
99.0332
77.533
74.4694
77.095
73.1368
97.3832
93.3228
94.9551
78.1211
73.4706
75.4471
74.108
20.9819
16.1395
18.0595
2.3489
2.40961
2.21236
2.24091
19.9351
19.3424
17.2234
2.41627
2.38692
2.25914
2.19966
14.4391
14.8468
15.2784
2.24024
2.15787
2.26443
2.18194
17.0788
15.2299
16.2914
2.2914
2.15784
2.18621
2.08876
2.16918
2.20094
2.16658
2.3767
2.39297
2.3441
2.36893
2.20236
2.15621
2.19678
2.40234
2.39322
2.37782
2.35687
2.21791
2.26094
2.20949
2.33821
2.32466
2.34702
2.33617
2.21983
2.2913
2.24515
2.36617
2.35776
2.367
2.35196
2.36652
2.35277
2.34305
2.37346
2.37682
2.34813
2.34427
2.3665
2.33657
2.33197
2.38692
2.38181
2.3408
2.32696
2.34223
2.36628
2.34434
2.35833
2.33037
2.37725
2.33766
2.33951
2.37289
2.33673
2.38638
2.33533
2.38287
2.3273
2.37096
2.34512
2.34578
2.35647
2.36461
2.33161
2.34386
2.37497
2.34713
2.33832
2.36829
2.36496
2.34308
2.32976
2.32891
2.36408
2.33882
2.34163
2.32062
2.35645
2.33033
2.33361
2.36844
2.32564
2.36287
2.32358
2.35867
2.32321
2.35876
2.3224
2.34183
2.34423
2.35055
2.31831
2.33838
2.35924
2.34059
2.32717
2.36563
2.35592
2.34109
2.33512
2.32094
2.35666
2.32682
2.35505
2.327
2.36081
2.3303
2.32449
2.35675
2.32827
2.36526
2.33436
2.3608
2.34155
2.35056
2.32954
2.34182
2.35985
2.35913
2.34744
2.35531
2.36208
2.35141
2.34999
2.37898
2.37216
2.3673
2.36865
2.34614
2.37099
2.34617
2.37487
2.36742
2.38121
2.36773
2.35388
2.37087
2.36326
2.38781
2.38149
2.3871
2.38936
2.37422
2.37101
2.37697
2.39089
2.38992
2.39396
2.39668
2.38669
2.38612
2.39089
2.39947
2.40133
2.40276
2.41185
2.39032
2.39119
2.38929
2.41505
2.40966
2.39912
2.40366
2.40585
2.40284
2.41219
2.40907
2.41823
2.41099
2.42591
2.40399
2.41096
2.41268
2.41324
2.41541
2.42168
2.42283
2.41262
2.41433
2.42378
2.41415
2.41905
2.42241
2.42895
2.42629
2.40688
2.4143
2.44754
2.44665
2.41812
2.42634
2.42314
2.41501
2.42776
2.41637
2.42785
2.41644
2.43092
2.42196
2.42487
2.4276
2.41826
2.42399
2.42341
2.4285
2.42131
2.42784
2.4297
2.41778
2.42221
2.4323
2.43139
2.45732
2.42594
2.43751
2.44264
2.45715
2.43326
2.44394
2.43286
2.41946
2.43474
2.42795
2.43926
2.42665
2.43885
2.42428
2.41841
2.42667
2.41682
2.42636
2.41281
2.42207
2.42257
2.43444
2.43251
2.42112
2.42579
2.43358
2.42983
2.45097
2.44444
2.44348
2.43502
2.44508
2.44387
2.4399
2.43968
2.43401
2.43988
2.43296
2.43896
2.43749
2.44036
2.42975
2.41042
2.4169
2.43116
2.43101
2.41578
2.41167
2.43059
2.43236
2.42128
2.42845
2.43381
2.43211
2.40909
2.43702
2.43725
2.43319
2.42996
2.42914
2.43224
2.42888
2.43605
2.43777
2.43777
2.42899
2.43229
2.43578
2.43494
2.431
2.42247
2.41065
2.43885
2.43079
2.42675
2.40874
2.42947
2.43164
2.40353
2.4326
2.42573
2.42805
2.40122
2.42148
2.42986
2.4249
2.42553
2.41583
2.42865
2.42147
2.42736
2.43304
2.43117
2.42622
2.42408
2.42996
2.42797
2.42792
2.42957
2.41008
2.43893
2.42934
2.43098
2.41872
2.4238
2.42677
2.40602
2.43313
2.42662
2.42439
2.43671
2.41145
2.42789
2.41709
2.42373
2.40972
2.42694
2.41613
2.42076
2.42628
2.42378
2.42377
2.41821
2.42236
2.4197
2.43408
2.4337
2.4318
2.43168
2.43167
2.4384
2.44596
2.42989
2.43376
2.46581
2.43009
2.43042
2.46197
2.4775
2.41122
2.42556
2.41833
2.41964
2.41073
2.42382
2.41892
2.41568
2.4179
2.41567
2.41678
2.41181
2.41263
2.41097
2.42881
2.43633
2.44532
2.41988
2.42525
2.43113
2.44029
2.42651
2.46024
2.4662
2.41559
2.42044
2.44782
2.44939
2.41041
2.4218
2.4192
2.4134
2.40856
2.41834
2.41725
2.40715
2.40774
2.40629
2.40485
2.40213
2.40455
2.40288
2.41456
2.42483
2.43286
2.40905
2.40563
2.41875
2.4244
2.41615
2.43714
2.43327
2.39185
2.41483
2.42771
2.42343
2.40571
2.41424
2.41386
2.40779
2.40301
2.41007
2.40925
2.3979
2.40237
2.403
2.39918
2.39368
2.40196
2.40506
2.409
2.41432
2.41505
2.41058
2.41208
2.41168
2.40583
2.41495
2.41758
2.4165
2.40784
2.41467
2.41047
2.41095
2.40218
2.40664
2.4043
2.41022
2.40355
2.40565
2.40183
2.39288
2.40422
2.40914
2.40626
2.39746
2.40775
2.41159
2.41357
2.40909
2.40184
2.41438
2.4145
2.40672
2.4031
2.41323
2.40176
2.40244
2.41173
2.41112
2.39525
2.39562
2.40661
2.40672
2.40225
2.41796
2.4114
2.40981
2.40543
2.40422
2.41148
2.41195
2.41492
2.41098
2.41374
2.41259
2.41679
2.40511
2.40546
2.41849
2.4196
2.40677
2.40923
2.40967
2.39284
2.39165
2.41078
2.41082
2.39423
2.39092
2.41654
2.41482
2.41013
2.4262
2.4219
2.42055
2.41604
2.41643
2.4147
2.41241
2.42018
2.41989
2.41554
2.41275
2.42429
2.41281
2.41586
2.42732
2.42944
2.41984
2.42205
2.41543
2.40206
2.39411
2.42231
2.42191
2.41203
2.40276
2.42701
2.42681
2.42238
2.43298
2.43177
2.43234
2.42861
2.4222
2.41742
2.41408
2.42727
2.42614
2.42107
2.41743
2.43488
2.42881
2.42838
2.43862
2.4404
2.43629
2.43453
2.43177
2.42311
2.41244
2.43845
2.44063
2.43288
2.42189
2.43642
2.43718
2.43453
2.43873
2.43996
2.44104
2.4388
2.43108
2.42715
2.42231
2.43759
2.43592
2.43433
2.4281
2.44528
2.44285
2.44036
2.44879
2.44924
2.44803
2.44454
2.44839
2.44086
2.43208
2.45285
2.45366
2.44563
2.44193
2.44278
2.44445
2.44181
2.44327
2.44471
2.44783
2.44312
2.44076
2.4424
2.43486
2.44631
2.44449
2.45011
2.44037
2.45188
2.45234
2.44794
2.45483
2.45382
2.45626
2.45156
2.45599
2.45142
2.45009
2.45745
2.45576
2.45748
2.45398
2.4456
2.45175
2.44475
2.44907
2.44692
2.45576
2.44715
2.44778
2.45523
2.44534
2.45615
2.4512
2.45956
2.45042
2.45544
2.45919
2.45483
2.45749
2.45665
2.46172
2.45722
2.45461
2.46002
2.45432
2.45626
2.45394
2.45963
2.45497
2.45022
2.4598
2.45108
2.45612
2.45548
2.4637
2.45701
2.45459
2.46323
2.45603
2.46098
2.46053
2.46451
2.46391
2.45777
2.46192
2.45868
2.45832
2.45838
2.45996
2.45864
2.45333
2.45761
2.4546
2.45582
2.45257
2.45629
2.45418
2.45945
2.46688
2.46331
2.46118
2.46239
2.46829
2.46811
2.46542
2.46463
2.47
2.46413
2.46806
2.46421
2.47144
2.45819
2.45802
2.45788
2.4576
2.45752
2.45625
2.45657
2.45158
2.45485
2.45274
2.4541
2.45085
2.45347
2.45165
2.46252
2.46836
2.46892
2.46187
2.46171
2.46723
2.46769
2.46789
2.46359
2.46758
2.46769
2.46737
2.46295
2.4643
2.45638
2.45488
2.45497
2.45612
2.45505
2.45416
2.45392
2.45044
2.45188
2.45121
2.45158
2.45065
2.45069
2.45156
2.46029
2.46471
2.46521
2.4606
2.45858
2.46222
2.4625
2.46529
2.46248
2.46148
2.46689
2.46268
2.46198
2.45958
2.45374
2.45355
2.45375
2.45536
2.45258
2.45332
2.45439
2.45144
2.45069
2.45243
2.45163
2.45236
2.45185
2.45312
2.4568
2.46002
2.45987
2.45972
2.45548
2.4583
2.45784
2.4595
2.4615
2.45775
2.46397
2.45684
2.46054
2.45648
2.45219
2.45344
2.45595
2.45477
2.45259
2.45345
2.45663
2.45322
2.45314
2.45451
2.45334
2.45394
2.45423
2.45709
2.45485
2.45648
2.45641
2.45746
2.45388
2.45358
2.45455
2.45553
2.45869
2.45589
2.45751
2.45438
2.45636
2.45462
2.45313
2.45389
2.45744
2.45464
2.45381
2.45433
2.45792
2.45437
2.45514
2.45857
2.4546
2.45471
2.45612
2.45971
2.45276
2.44844
2.45207
2.45032
2.45151
2.44105
2.44961
2.45275
2.45294
2.45341
2.44225
2.45028
2.44888
2.45188
2.4546
2.45492
2.45837
2.45507
2.45563
2.45568
2.459
2.45501
2.45634
2.45848
2.45531
2.45465
2.45618
2.45695
2.45074
2.43401
2.44817
2.44376
2.45101
2.43006
2.44914
2.44882
2.44537
2.4512
2.42792
2.44957
2.44357
2.4515
2.45689
2.45595
2.45923
2.45511
2.45797
2.45622
2.45939
2.45409
2.45624
2.45601
2.45607
2.45339
2.45639
2.45495
2.45237
2.43072
2.45243
2.44951
2.45486
2.43886
2.45722
2.45132
2.44603
2.45244
2.43524
2.45458
2.45174
2.45445
2.4586
2.45694
2.45941
2.45624
2.45919
2.45844
2.45964
2.45273
2.45686
2.45438
2.45731
2.45237
2.45729
2.4537
2.45792
2.45529
2.46133
2.46286
2.46037
2.46516
2.46447
2.45766
2.45733
2.45614
2.45892
2.46091
2.46039
2.45786
2.45951
2.45981
2.45968
2.45969
2.45965
2.46067
2.45955
2.45256
2.45771
2.45269
2.45929
2.45335
2.4585
2.45256
2.4616
2.46812
2.46459
2.46608
2.46214
2.46856
2.4644
2.46196
2.46119
2.4589
2.46426
2.4625
2.46128
2.46007
2.4605
2.46117
2.46002
2.46164
2.46137
2.46141
2.46036
2.45448
2.45942
2.4533
2.4619
2.45601
2.46035
2.45471
2.46231
2.46843
2.46418
2.46693
2.46244
2.46828
2.46423
2.46255
2.46112
2.46081
2.46448
2.46263
2.46107
2.46177
2.46265
2.46308
2.46056
2.46478
2.46446
2.46482
2.46215
2.45802
2.46157
2.45702
2.46516
2.46067
2.46258
2.45987
2.46406
2.46836
2.46514
2.46721
2.46566
2.46824
2.46602
2.46335
2.4615
2.46304
2.46414
2.46398
2.46229
2.46398
2.46633
2.46639
2.46426
2.4677
2.46803
2.46814
2.46662
2.46411
2.4648
2.46335
2.46829
2.46682
2.4663
2.46567
2.46774
2.46795
2.46754
2.46751
2.46905
2.46752
2.46828
2.4648
2.46339
2.46502
2.46355
2.46504
2.4646
2.46554
2.46952
2.46978
2.46868
2.47106
2.47062
2.47213
2.47241
2.4689
2.46795
2.46738
2.47116
2.47168
2.47109
2.47018
2.46983
2.46696
2.46829
2.46712
2.47041
2.46671
2.4682
2.46537
2.46594
2.46625
2.46318
2.4654
2.46676
2.46669
2.47228
2.47378
2.47485
2.47446
2.47378
2.47427
2.47482
2.4735
2.47286
2.47232
2.47273
2.4738
2.47364
2.47379
2.47027
2.46682
2.46769
2.46692
2.46988
2.46717
2.46691
2.46527
2.46748
2.46721
2.46383
2.46498
2.46805
2.46763
2.47401
2.4737
2.47424
2.47394
2.47371
2.47244
2.47331
2.47437
2.47337
2.47404
2.47434
2.47444
2.47298
2.47378
2.46924
2.46767
2.46612
2.46728
2.46887
2.46818
2.46548
2.46457
2.46856
2.46796
2.46545
2.46424
2.46915
2.46855
2.47305
2.47148
2.47258
2.4708
2.47204
2.47056
2.47194
2.47391
2.47271
2.47319
2.47272
2.47296
2.47232
2.47235
2.46874
2.46872
2.46519
2.46801
2.46902
2.46932
2.46563
2.46468
2.4699
2.46956
2.46868
2.46655
2.47088
2.47083
2.47096
2.47
2.47145
2.46822
2.46989
2.46955
2.47077
2.47192
2.47208
2.47149
2.47122
2.47085
2.47171
2.47048
2.46954
2.46985
2.46695
2.46976
2.47022
2.4703
2.46849
2.46873
2.47157
2.47158
2.47127
2.47066
2.47175
2.47167
2.46903
2.46917
2.46999
2.46658
2.46827
2.46895
2.46927
2.46988
2.47137
2.46955
2.46946
2.4691
2.47095
2.46866
2.4709
2.47082
2.46973
2.47218
2.47165
2.47139
2.47067
2.47189
2.47182
2.47136
2.47251
2.47247
2.47176
2.47117
2.46751
2.46917
2.46907
2.46507
2.46671
2.46978
2.46926
2.46851
2.47056
2.46816
2.46732
2.46846
2.47055
2.46781
2.47246
2.47205
2.47122
2.47463
2.47323
2.47284
2.47146
2.47248
2.47225
2.47106
2.47312
2.47264
2.47282
2.47125
2.46646
2.47061
2.46984
2.46582
2.46661
2.47204
2.47109
2.46885
2.47071
2.46765
2.4687
2.46929
2.47081
2.46784
2.47394
2.47362
2.47167
2.47581
2.47456
2.47388
2.47199
2.47282
2.47335
2.47158
2.47414
2.47309
2.47369
2.47221
2.46714
2.47372
2.47247
2.47529
2.47008
2.47536
2.47372
2.46996
2.47028
2.46847
2.47159
2.4711
2.4705
2.46948
2.47491
2.47372
2.47234
2.47615
2.47529
2.4738
2.47295
2.47355
2.47395
2.47303
2.4747
2.47389
2.47412
2.47344
2.47414
2.47674
2.47479
2.47771
2.47639
2.47667
2.47516
2.47213
2.47114
2.47063
2.47364
2.47298
2.47181
2.47166
2.47579
2.47461
2.47408
2.47658
2.47655
2.47574
2.47495
2.47386
2.47531
2.47376
2.47612
2.47456
2.47682
2.475
2.47677
2.47645
2.47512
2.47668
2.47665
2.47604
2.47495
2.47376
2.47261
2.4727
2.47452
2.47441
2.47318
2.47347
2.47714
2.4767
2.4759
2.47747
2.47752
2.47705
2.47673
2.47588
2.47726
2.47609
2.47676
2.47695
2.47689
2.47672
2.47645
2.47601
2.47498
2.47651
2.47633
2.47607
2.47499
2.47496
2.47379
2.47426
2.47528
2.47543
2.47416
2.47483
2.47766
2.47705
2.47713
2.47755
2.47767
2.477
2.47733
2.47677
2.47632
2.47659
2.47648
2.47641
2.47602
2.47642
2.47634
2.47642
2.47521
2.47738
2.47651
2.47685
2.47561
2.47587
2.47452
2.47537
2.47593
2.47623
2.47509
2.47573
2.47765
2.47708
2.47755
2.47773
2.47759
2.47725
2.47776
2.47626
2.47616
2.47624
2.47678
2.47643
2.47648
2.47636
2.47693
2.47773
2.4764
2.47825
2.47769
2.47851
2.47713
2.47656
2.47552
2.47624
2.47668
2.47683
2.47645
2.47721
2.47743
2.47753
2.47792
2.47826
2.47746
2.47793
2.47828
2.47679
2.47718
2.47679
2.47803
2.47734
2.47808
2.47737
2.47827
2.47917
2.47788
2.47863
2.47891
2.47968
2.47873
2.47688
2.47726
2.47759
2.4774
2.47692
2.47759
2.47753
2.47769
2.4785
2.4787
2.47881
2.47798
2.47911
2.47922
2.47813
2.47906
2.47815
2.47917
2.47894
2.47986
2.47902
2.47984
2.47981
2.4791
2.47934
2.48011
2.47996
2.47911
2.47705
2.47757
2.47711
2.47835
2.47713
2.47757
2.47667
2.4786
2.47991
2.47995
2.47967
2.47918
2.48082
2.48068
2.47966
2.4806
2.47987
2.48064
2.48061
2.48131
2.48077
2.47986
2.48012
2.47972
2.48059
2.48034
2.48077
2.48138
2.47718
2.47761
2.4763
2.47887
2.47715
2.47772
2.47609
2.48003
2.48178
2.48173
2.48153
2.48093
2.48289
2.48266
2.48181
2.48217
2.48173
2.48345
2.4831
2.4833
2.48277
2.48122
2.48157
2.4824
2.48229
2.482
2.48234
2.48324
2.47702
2.4781
2.47587
2.47918
2.47677
2.47897
2.47572
2.48208
2.48438
2.48371
2.48476
2.48345
2.48599
2.48492
2.48426
2.48456
2.48405
2.48671
2.48543
2.48602
2.48554
2.48292
2.48307
2.48395
2.48416
2.48369
2.48366
2.48449
2.47668
2.47995
2.47544
2.48083
2.4767
2.4811
2.47529
2.4849
2.48764
2.48625
2.48774
2.48631
2.48933
2.48755
2.48664
2.48774
2.48703
2.49003
2.4881
2.48961
2.48873
2.48492
2.48426
2.4853
2.48688
2.48657
2.48523
2.48617
2.47676
2.48218
2.47511
2.48273
2.47695
2.48256
2.47437
2.48798
2.49114
2.48916
2.49176
2.48961
2.493
2.49075
2.48975
2.49177
2.49052
2.49421
2.49185
2.49436
2.49276
2.48852
2.48684
2.48713
2.49184
2.49061
2.48961
2.48871
2.4773
2.48267
2.47378
2.48556
2.47783
2.48268
2.47328
2.49169
2.49567
2.49241
2.49947
2.4951
2.49935
2.49528
2.49422
2.49747
2.49516
2.50087
2.49712
2.50088
2.49801
2.49345
2.49338
2.49084
2.49988
2.49656
2.49804
2.49335
2.47858
2.48265
2.47291
2.48858
2.47962
2.48384
2.47217
2.49945
2.50399
2.4986
2.51034
2.50413
2.50875
2.50219
2.50016
2.50469
2.50127
2.50865
2.50359
2.509
2.50509
2.49988
2.50329
2.49645
2.5088
2.50387
2.50852
2.50048
2.48112
2.48519
2.47147
2.49406
2.48298
2.48763
2.47174
2.50814
2.5133
2.5056
2.51902
2.51226
2.51767
2.50954
2.50736
2.51409
2.5091
2.51751
2.5113
2.51963
2.51341
2.50882
2.51373
2.50558
2.51885
2.51421
2.51912
2.51132
2.48515
2.49091
2.47309
2.50314
2.48786
2.49557
2.47669
2.51623
2.52221
2.51342
2.52601
2.52035
2.52567
2.51796
2.51543
2.52427
2.51776
2.52692
2.52015
2.52776
2.52343
2.5203
2.52594
2.51876
2.52987
2.52602
2.53222
2.52602
2.49223
2.50158
2.48257
2.5139
2.49801
2.5086
2.48896
2.52526
2.52885
2.5234
2.53212
2.53076
2.53199
2.5288
2.52504
2.53085
2.52857
2.53185
2.52931
2.53342
2.53208
2.53135
2.53673
2.5324
2.53889
2.53524
2.53992
2.5373
2.50585
2.51516
2.49955
2.52527
2.51471
2.52036
2.51143
2.53491
2.53501
2.5334
2.53813
2.53721
2.53772
2.53737
2.5324
2.5363
2.53392
2.53745
2.53507
2.53863
2.53518
2.54066
2.54271
2.54098
2.54552
2.54449
2.545
2.54371
2.52891
2.52929
2.52429
2.54107
2.54184
2.53618
2.53395
2.53934
2.54011
2.54
2.54282
2.5416
2.54235
2.542
2.53796
2.54061
2.53719
2.54185
2.54054
2.54237
2.53982
2.54679
2.54738
2.5462
2.54831
2.54751
2.54725
2.54666
2.55001
2.54446
2.54077
2.54864
2.55336
2.54547
2.54377
2.54442
2.54436
2.54435
2.54668
2.5462
2.54641
2.5468
2.54373
2.54457
2.5431
2.54702
2.54742
2.54713
2.54684
2.54904
2.54657
2.54567
2.54944
2.55027
2.54623
2.54675
2.55867
2.55097
2.55203
2.55508
2.55916
2.55279
2.55359
2.54771
2.54856
2.54925
2.5497
2.54805
2.5504
2.55078
2.55093
2.54984
2.55081
2.55208
2.55295
2.55207
2.55312
2.55263
2.54911
2.54954
2.55368
2.55461
2.55144
2.5514
2.55955
2.55423
2.55486
2.55754
2.55969
2.55396
2.55561
2.54989
2.55207
2.55303
2.55192
2.55128
2.55349
2.5535
2.5558
2.55391
2.55588
2.55503
2.55627
2.55514
2.55656
2.55637
2.55372
2.55289
2.55718
2.55748
2.55509
2.55439
2.55943
2.55284
2.55509
2.55824
2.55962
2.55336
2.55582
2.55295
2.5545
2.55441
2.55435
2.5543
2.55546
2.55505
2.55684
2.55575
2.55733
2.55615
2.5568
2.55602
2.55694
2.55806
2.55549
2.55498
2.55888
2.55846
2.55585
2.55574
2.55938
2.55258
2.55553
2.55898
2.55918
2.55396
2.55725
2.55529
2.55615
2.55526
2.55657
2.55633
2.55663
2.55554
2.55644
2.55589
2.55631
2.55654
2.55603
2.5557
2.55571
2.55869
2.55584
2.55586
2.56007
2.55928
2.55699
2.5566
2.55913
2.55438
2.55745
2.55961
2.55911
2.55591
2.55827
2.55655
2.55686
2.55551
2.55799
2.55678
2.55691
2.55549
2.55532
2.55544
2.55507
2.55631
2.55519
2.55541
2.5551
2.56036
2.55746
2.55715
2.56253
2.56171
2.55955
2.55961
2.55941
2.55735
2.55853
2.56096
2.55993
2.55906
2.55912
2.55711
2.55745
2.55551
2.55997
2.55748
2.55814
2.55602
2.55511
2.55597
2.55491
2.55734
2.55626
2.55672
2.55578
2.56328
2.56121
2.56081
2.56662
2.56497
2.56353
2.56278
2.56038
2.56032
2.55978
2.56365
2.56152
2.56209
2.56105
2.55857
2.55852
2.55699
2.56254
2.56068
2.55974
2.55848
2.55807
2.55675
2.55744
2.55973
2.55977
2.55835
2.55858
2.55798
2.55828
2.55831
2.56004
2.55946
2.55925
2.559
2.56026
2.55661
2.56026
2.55877
2.56063
2.55854
2.56017
2.55662
2.55699
2.55628
2.55824
2.55776
2.5578
2.55739
2.55691
2.55733
2.55771
2.5578
2.55817
2.55792
2.55844
2.55775
2.55802
2.55875
2.55882
2.55879
2.55914
2.5596
2.56006
2.55747
2.5622
2.55857
2.56076
2.5601
2.56388
2.5582
2.55949
2.56036
2.55882
2.55945
2.56067
2.56143
2.55898
2.56119
2.56267
2.56025
2.56098
2.56278
2.56455
)
;

boundaryField
{
    fbOut
    {
        type            fixedValue;
        value           uniform 0;
    }
    CAD_patch1
    {
        type            zeroGradient;
    }
    fbGasin
    {
        type            zeroGradient;
    }
    CAD_patch3
    {
        type            zeroGradient;
    }
    fbBioin
    {
        type            zeroGradient;
    }
}


// ************************************************************************* //
