/*--------------------------------*- C++ -*----------------------------------*\
| =========                 |                                                 |
| \\      /  F ield         | OpenFOAM: The Open Source CFD Toolbox           |
|  \\    /   O peration     | Version:  5.x                                   |
|   \\  /    A nd           | Web:      www.OpenFOAM.org                      |
|    \\/     M anipulation  |                                                 |
\*---------------------------------------------------------------------------*/
FoamFile
{
    version     2.0;
    format      ascii;
    class       volScalarField;
    location    "0.95";
    object      voidfraction;
}
// * * * * * * * * * * * * * * * * * * * * * * * * * * * * * * * * * * * * * //

dimensions      [0 0 0 0 0 0 0];

internalField   nonuniform List<scalar> 
10571
(
0.555576
0.499735
0.580233
0.748777
0.634261
0.528592
0.676323
0.940537
0.8513
0.627987
0.659249
0.624153
0.89457
0.699702
0.604817
0.746124
0.85461
0.945745
0.96818
0.963202
0.958995
0.77966
0.88909
0.618807
0.485781
0.423196
0.477527
0.729867
0.939632
0.533181
0.828097
0.585551
0.674062
0.873924
0.509908
0.937696
0.85373
0.962897
0.92564
0.705659
0.929924
0.831455
0.943013
0.962486
0.777489
0.80185
0.889576
0.695134
0.66742
0.431336
0.516548
0.905075
0.938329
0.894179
0.910881
0.794449
0.853415
0.966686
0.4823
0.961838
0.907813
0.917494
0.845588
0.863627
0.891105
0.787169
0.951264
0.994456
0.725929
0.917155
0.905826
0.761305
0.628044
0.507781
0.505883
0.953925
0.954955
0.950142
0.98519
0.904179
0.966359
0.982927
0.507108
0.911125
0.920029
0.90287
0.938727
0.93409
0.911646
0.889796
0.889209
0.983667
0.888371
0.916397
0.935563
0.773785
0.72638
0.45943
0.760103
0.919297
0.968208
0.926071
0.841788
0.914861
0.989505
0.94849
0.536548
0.840923
0.973033
0.979287
0.977705
0.951327
0.956082
0.928788
0.94976
0.945359
0.936811
0.873204
0.953172
0.90181
0.917872
0.813209
0.976077
0.96868
0.98514
0.798741
0.928049
0.990716
0.99468
0.945494
0.437571
0.616778
0.87927
0.972579
0.978474
0.994238
0.982512
0.408075
0.980393
0.883394
0.959454
0.978295
0.993087
0.909744
0.952764
0.985204
0.960205
1
0.998076
0.968064
0.970213
0.686585
0.980958
0.988508
0.991778
0.981493
0.997925
0.690664
0.78258
0.927425
0.96621
0.998632
0.999654
0.997723
0.88734
0.970824
0.98344
0.998027
0.998804
1
0.977387
0.995712
1
0.999121
1
0.999021
0.979889
0.981102
0.994187
0.997869
0.998309
0.996139
0.98742
1
0.972508
0.9774
0.989758
0.998447
0.99891
1
1
0.987549
0.997503
0.997991
1
0.998694
1
0.991404
0.995652
1
0.99989
0.998376
0.999021
0.999052
1
0.997094
0.999259
0.999533
0.999639
0.999129
0.998862
0.993622
0.994486
0.998515
0.999223
0.999511
1
1
0.989413
0.998118
0.999125
0.999218
1
0.996128
0.999094
1
0.99912
0.99944
0.999022
0.998038
1
1
0.999889
0.999663
0.999875
1
1
0.999019
0.999062
0.999172
0.999758
1
0.993865
0.99894
0.99899
0.999025
1
0.999729
1
1
1
0.996752
1
1
1
0.99902
0.999778
0.99955
1
1
0.996811
0.999087
0.999669
0.999775
0.999882
0.999121
0.998136
0.999539
0.999531
1
1
1
0.999124
0.99797
1
1
1
1
0.999159
1
0.999779
0.999892
1
1
1
1
0.999885
0.999663
0.999883
1
1
0.999572
0.999531
1
1
1
0.999124
0.99601
1
0.99664
0.999359
1
1
0.999358
0.999779
0.999666
0.999883
1
0.99989
0.99902
0.999888
1
0.999882
1
0.99997
0.999414
0.999766
1
1
0.999845
1
1
1
1
1
1
1
0.999021
0.999691
0.999777
0.999883
1
1
1
1
0.999775
1
1
0.999188
0.999883
0.99977
0.999967
1
0.999264
0.999124
1
1
1
1
1
0.999129
0.999021
0.999645
0.999777
0.999883
1
1
1
0.999777
0.999663
0.999765
1
1
0.999887
0.999996
1
1
0.998916
1
1
1
0.999664
1
1
1
0.999358
1
0.999927
1
1
1
0.99902
0.999331
0.999888
0.999882
1
0.99997
0.999996
0.999883
1
1
0.999032
1
1
1
1
1
1
1
1
0.999691
0.999962
1
1
0.99989
1
0.999892
0.999888
1
1
0.999128
0.999883
1
1
1
1
0.999426
1
1
1
1
1
1
0.998042
0.999889
1
0.999883
1
1
1
0.999888
1
0.999882
1
1
0.999883
0.999883
1
1
0.998877
1
1
1
1
1
1
1
1
0.999889
1
1
1
1
1
0.999888
1
1
1
0.999128
1
0.999883
1
1
0.999923
1
1
1
1
1
1
1
1
1
1
1
1
1
1
1
0.999888
1
1
1
0.999883
1
1
1
1
1
1
1
1
1
1
1
1
1
0.999889
1
1
1
0.999966
1
1
1
1
1
0.999883
1
1
1
1
1
1
1
1
1
1
1
1
1
1
1
1
1
1
0.999777
1
1
1
0.999128
1
1
1
1
1
1
1
1
1
1
1
1
1
1
1
1
1
1
1
1
1
1
1
1
1
0.999883
1
1
1
1
1
1
1
1
1
1
1
1
1
1
1
1
1
1
1
1
1
1
1
0.999883
1
1
1
1
1
1
1
1
1
1
1
1
1
1
1
1
1
1
1
1
1
1
1
1
1
1
1
1
1
1
1
1
1
1
1
1
1
1
1
1
1
1
1
1
1
1
1
1
1
1
1
1
1
1
1
1
1
1
1
1
1
1
1
1
1
1
1
1
1
1
1
1
1
1
1
1
1
1
1
1
1
1
1
1
1
1
1
1
1
1
1
1
1
1
1
1
1
1
1
1
1
1
1
1
1
1
1
1
1
1
1
1
1
1
1
1
1
1
1
1
1
1
1
1
1
1
1
1
1
1
1
1
1
1
1
1
1
1
1
1
1
1
1
1
1
1
1
1
1
1
1
1
1
1
1
1
1
1
1
1
1
1
1
1
1
1
1
1
1
1
1
1
1
1
1
1
1
1
1
1
1
1
1
1
1
1
1
1
1
1
1
1
1
1
1
1
1
1
1
1
1
1
1
1
1
1
1
1
1
1
1
1
1
1
1
1
1
1
1
1
1
1
1
1
1
1
1
1
1
1
1
1
1
1
1
1
1
1
1
1
1
1
1
1
1
1
1
1
1
1
1
1
1
1
1
1
1
1
1
1
1
1
1
1
1
1
1
1
1
1
1
1
1
1
1
1
1
1
1
1
1
1
1
1
1
1
1
1
1
1
1
1
1
1
1
1
1
1
1
1
1
1
1
1
1
1
1
1
1
1
1
1
1
1
1
1
1
1
1
1
1
1
1
1
1
1
1
1
1
1
1
1
1
1
1
1
1
1
1
1
1
1
1
1
1
1
1
1
1
1
1
1
1
1
1
1
1
1
1
1
1
1
1
1
1
1
1
1
1
1
1
1
1
1
1
1
1
1
1
1
1
1
1
1
1
1
1
1
1
1
1
1
1
1
1
1
1
1
1
1
1
1
1
1
1
1
1
1
1
1
1
1
1
1
1
1
1
1
1
1
1
1
1
1
1
1
1
1
1
1
1
1
1
1
1
1
1
1
1
1
1
1
1
1
1
1
1
1
1
1
1
1
1
1
1
1
1
1
1
1
1
1
1
1
1
1
1
1
1
1
1
1
1
1
1
1
1
1
1
1
1
1
1
1
1
1
1
1
1
1
1
1
1
1
1
1
1
1
1
1
1
1
1
1
1
1
1
1
1
1
1
1
1
1
1
1
1
1
1
1
1
1
1
1
1
1
1
1
1
1
1
1
1
1
1
1
1
1
1
1
1
1
1
1
1
1
1
1
1
1
1
1
1
1
1
1
1
1
1
1
1
1
1
1
1
1
1
1
1
1
1
1
1
1
1
1
1
1
1
1
1
1
1
1
1
1
1
1
1
1
1
1
1
1
1
1
1
1
1
1
1
1
1
1
1
1
1
1
1
1
1
1
1
1
1
1
1
1
1
1
1
1
1
1
1
1
1
1
1
1
1
1
1
1
1
1
1
1
1
1
1
1
1
1
1
1
1
1
1
1
1
1
1
1
1
1
1
1
1
1
1
1
1
1
1
1
1
1
1
1
1
1
1
1
1
1
1
1
1
1
1
1
1
1
1
1
1
1
1
1
1
1
1
1
1
1
1
1
1
1
1
1
1
1
1
1
1
1
1
1
1
1
1
1
1
1
1
1
1
1
1
1
1
1
1
1
1
1
1
1
1
1
1
1
1
1
1
1
1
1
1
1
1
1
1
1
1
1
1
1
1
1
1
1
1
1
1
1
1
1
1
1
1
1
1
1
1
1
1
1
1
1
1
1
1
1
1
1
1
1
1
1
1
1
1
1
1
1
1
1
1
1
1
1
1
1
1
1
1
1
1
1
1
1
1
1
1
1
1
1
1
1
1
1
1
1
1
1
1
1
1
1
1
1
1
1
1
1
1
1
1
1
1
1
1
1
1
1
1
1
1
1
1
1
1
1
1
1
1
1
1
1
1
1
1
1
1
1
1
1
1
1
1
1
1
1
1
1
1
1
1
1
1
1
1
1
1
1
1
1
1
1
1
1
1
1
1
1
1
1
1
1
1
1
1
1
1
1
1
1
1
1
1
1
1
1
1
1
1
1
1
1
1
1
1
1
1
1
1
1
1
1
1
1
1
1
1
1
1
1
1
1
1
1
1
1
1
1
1
1
1
1
1
1
1
1
1
1
1
1
1
1
1
1
1
1
1
1
1
1
1
1
1
1
1
1
1
1
1
1
1
1
1
1
1
1
1
1
1
1
1
1
1
1
1
1
1
1
1
1
1
1
1
1
1
1
1
1
1
1
1
1
1
1
1
1
1
1
1
1
1
1
1
1
1
1
1
1
1
1
1
1
1
1
1
1
1
1
1
1
1
1
1
1
1
1
1
1
1
1
1
1
1
1
1
1
1
1
1
1
1
1
1
1
1
1
1
1
1
1
1
1
1
1
1
1
1
1
1
1
1
1
1
1
1
1
1
1
1
1
1
1
1
1
1
1
1
1
1
1
1
1
1
1
1
1
1
1
1
1
1
1
1
1
1
1
1
1
1
1
1
1
1
1
1
1
1
1
1
1
1
1
1
1
1
1
1
1
1
1
1
1
1
1
1
1
1
1
1
1
1
1
1
1
1
1
1
1
1
1
1
1
1
1
1
1
1
1
1
1
1
1
1
1
1
1
1
1
1
1
1
1
1
1
1
1
1
1
1
1
1
1
1
1
1
1
1
1
1
1
1
1
1
1
1
1
1
1
1
1
1
1
1
1
1
1
1
1
1
1
1
1
1
1
1
1
1
1
1
1
1
1
1
1
1
1
1
1
1
1
1
1
1
1
1
1
1
1
0.769991
0.7924
0.842419
0.878483
0.693961
0.830286
0.926217
0.786593
0.709035
0.567212
0.56322
0.66881
0.715733
0.737616
0.84968
0.778642
0.857716
0.80937
0.945284
0.841275
0.964952
0.837663
0.747511
0.881463
0.635716
0.555508
0.728122
0.746962
0.710006
0.766408
0.845919
0.833685
0.936612
0.89795
0.860964
0.980796
0.912725
0.859967
0.94414
0.838983
0.703468
0.86436
0.761434
0.778093
0.951253
0.619143
0.913185
0.936662
0.687765
0.668161
0.704812
0.83148
0.965908
0.786537
0.873185
0.996938
0.876111
0.784402
0.610108
0.619527
0.565909
0.6502
0.811094
0.565788
0.640013
0.70065
0.669574
0.926115
0.937101
0.888026
0.560379
0.583666
0.619518
0.512967
0.636167
0.820311
0.759737
0.743371
0.747491
0.879135
0.863008
0.716417
0.668983
0.761799
0.773028
0.74076
0.810154
0.839014
0.59097
0.553853
0.669279
0.810079
0.584325
0.513944
0.676168
0.523379
0.729492
0.506383
0.670216
0.705884
0.661752
0.453542
0.511711
0.462242
0.603855
0.672252
0.477414
0.47864
0.500784
0.555548
0.501246
0.526714
0.437972
0.498283
0.500703
0.515668
0.437054
0.459876
0.454266
0.465448
0.494459
0.76215
0.497047
0.508799
0.588415
0.651711
0.50887
0.443985
0.5521
0.528337
0.490943
0.495412
0.467121
0.431374
0.462059
0.984952
0.994887
0.742738
0.974503
0.998939
0.563041
0.833628
0.537655
0.709894
0.767523
1
0.759142
0.678163
0.987376
0.608392
0.701859
0.792932
0.935265
0.750364
0.883882
0.854177
0.898407
0.832447
0.756741
0.903298
0.945831
0.981495
0.969204
0.937769
0.960255
0.907806
0.868799
0.770076
0.548701
0.876689
0.906528
0.754212
0.884956
0.75394
0.511825
0.822655
0.930112
0.689859
0.689062
0.66709
0.449829
0.451803
0.45202
0.449909
0.511663
0.52299
0.440188
0.706834
0.745637
0.861307
0.664181
0.894449
0.882172
0.922618
0.889202
0.42041
0.424933
0.433307
0.440074
0.508386
0.422187
0.417661
0.470086
0.588693
0.966652
0.773
0.76686
0.952556
0.966594
0.929817
0.868927
0.874092
0.91194
0.440147
0.42167
0.569689
0.466882
0.432626
0.619627
0.931586
0.991097
0.90782
0.820457
0.927922
0.889075
0.935281
0.463807
0.755534
0.915543
0.885489
0.556268
0.776945
0.826033
0.596601
0.964841
0.944005
0.777564
0.934072
0.758112
0.888907
0.894921
0.874854
0.902924
0.99603
0.975595
0.994788
0.986708
0.997169
0.986631
1
0.783191
0.650606
0.854679
0.891616
0.748364
0.875019
0.928536
0.835677
0.748582
0.729076
0.882708
0.805551
0.871385
0.71175
0.453741
0.467678
0.62047
0.449135
0.728913
0.609024
0.459735
0.696482
0.884546
0.851561
0.681706
0.869597
0.873309
0.847683
0.864246
0.486956
0.566302
0.414564
0.588681
0.711561
0.477205
0.43857
0.616637
0.806303
0.969122
0.875313
0.884251
0.935855
0.974231
0.919676
0.936755
0.922226
0.968272
0.586942
0.456699
0.630767
0.701184
0.519451
0.747652
0.900965
0.856442
0.985733
0.963023
0.933697
0.588164
0.706043
0.470386
0.606834
0.528641
0.892429
0.64939
0.916675
0.886833
0.813938
0.95004
0.715248
0.900938
0.775136
0.93446
0.898483
0.837334
0.817862
0.951457
0.95661
0.990013
1
0.986787
0.824722
0.977087
0.944314
0.745745
0.8771
0.894845
0.931747
0.825195
0.922839
0.945351
0.870235
0.81954
0.895777
0.919909
0.83341
0.888544
0.776128
0.513402
0.478371
0.609436
0.475662
0.684328
0.580484
0.485737
0.701145
0.858435
0.891127
0.69024
0.887444
0.911525
0.845268
0.899166
0.574852
0.545335
0.463649
0.629
0.810984
0.492417
0.453438
0.60388
0.792885
0.973713
0.965373
0.980266
0.953264
0.936774
0.983016
0.961373
0.961711
0.959238
0.70748
0.593487
0.814244
0.688387
0.565739
0.801225
0.961894
0.936025
0.965653
0.97267
0.914666
0.677041
0.557207
0.518797
0.689405
0.769579
0.874465
0.927069
0.939992
0.873733
0.959249
0.839286
0.967641
0.932346
0.902162
0.9451
0.925006
0.94293
0.916995
0.945542
0.918372
0.969202
0.762849
0.97657
0.970094
0.790134
0.798415
0.939485
0.916377
0.899683
0.930334
0.82634
0.879257
0.933558
0.764598
0.879674
0.836886
0.966244
0.88639
0.801934
0.768571
0.487114
0.844356
0.603195
0.568359
0.781617
0.68344
0.826538
0.865387
0.924149
0.922083
0.856858
0.936423
0.950212
0.910546
0.955598
0.528244
0.504592
0.508398
0.5884
0.798275
0.543662
0.79235
0.563433
0.77329
0.884065
0.989406
0.930524
0.967879
0.946147
0.992643
0.973386
0.895493
0.913201
0.639136
0.5703
0.760769
0.560674
0.533438
0.689635
0.971988
0.903511
0.926297
0.965118
0.864432
0.720671
0.923105
0.56863
0.80862
0.966814
0.886092
0.981851
0.972499
0.902723
0.988296
0.988421
0.969515
0.935995
0.95146
0.948155
0.972276
0.945564
0.946392
0.959464
0.96442
0.857305
0.928827
0.943948
0.938164
0.96068
0.966575
0.973533
0.858184
0.841314
0.892703
0.676788
0.835634
0.821128
0.717707
0.892219
0.737293
0.874161
0.923847
0.81618
0.962695
0.987662
0.999442
0.92292
0.977899
0.95063
0.967123
0.996632
0.980645
0.94723
0.959926
0.945469
0.95817
0.977367
0.972563
0.962051
0.492032
0.599086
0.965541
0.56113
0.762423
0.986893
0.988253
0.71305
0.864179
0.957865
0.994417
0.970551
0.98218
0.948536
0.991096
0.968674
0.92142
0.955348
0.532039
0.522975
0.608209
0.502399
0.503611
0.545595
0.831504
0.984096
0.722074
0.968888
0.984418
0.987851
0.980672
0.401878
0.413956
0.387419
0.914761
0.67934
0.845254
0.648837
0.870741
0.976764
0.678461
0.886942
0.965299
0.724865
0.994787
0.796921
0.994776
0.99485
0.999369
0.993805
0.383251
0.419998
0.379726
0.827351
0.563494
0.831776
0.493437
0.967282
0.945095
0.956254
0.924567
0.939875
0.947308
0.859784
0.916744
0.891425
0.984132
0.979429
0.986018
0.994311
0.996583
0.995623
0.996627
0.996
0.85034
0.919955
0.904993
0.949295
0.967396
0.98616
0.990561
0.977451
0.983758
0.988128
0.988743
0.993635
0.996917
0.999303
0.998745
0.984827
0.998877
0.993821
0.994723
0.998452
0.994609
0.975451
0.974938
0.996812
0.98
0.985868
0.976945
0.991861
0.953325
0.995959
0.996584
0.954637
0.974591
0.992942
0.997063
0.99532
0.998045
0.950393
0.985239
0.986424
0.975201
0.962283
0.965495
0.965747
0.974208
0.99681
0.968587
0.994696
0.998439
1
0.999497
1
0.812337
0.728929
0.6311
0.988774
0.956012
0.901972
0.992654
0.993768
0.997283
0.981978
0.99493
0.996012
0.996667
0.997826
0.99335
0.999096
0.997533
1
0.998397
1
0.732485
0.902441
0.808436
0.841057
0.882881
0.999085
0.99701
0.998652
0.997081
0.999906
1
0.998005
1
0.99857
0.987011
0.999199
0.999031
1
1
0.876865
0.925351
0.922023
0.854752
0.927882
0.936628
0.972407
0.940763
0.977806
0.998188
0.99817
0.996904
0.99966
0.998008
0.997748
1
0.999109
1
1
1
1
1
0.948923
0.984117
0.992206
0.996708
0.995431
0.993776
0.996817
0.995498
0.99155
0.991031
0.99775
0.983321
0.998254
0.9977
1
0.996812
0.995664
0.997638
0.997691
0.998877
0.999122
0.993091
0.98618
0.996922
0.998758
0.998141
0.995549
0.994641
0.993939
0.996795
0.998082
0.995678
0.996416
1
0.998951
0.997407
0.998339
0.975337
0.97548
0.976506
0.995128
0.995519
0.998081
0.997669
0.984251
0.996847
0.994723
0.997844
1
1
1
1
0.995316
0.972398
0.988034
0.995781
0.989443
0.990034
0.996973
1
0.999683
0.996765
1
1
0.999058
1
1
1
1
1
1
1
0.974636
0.951937
0.990213
0.989273
0.986909
0.999112
0.997793
1
0.998978
1
1
1
1
1
1
1
1
1
1
0.958071
0.968326
0.993135
0.978286
0.994096
0.986496
0.993532
0.98453
0.991765
1
0.998206
1
1
0.999141
0.998264
0.998428
1
0.997241
1
1
1
1
0.985866
0.992304
0.994773
0.996817
0.994114
0.991208
1
0.998836
1
0.999124
1
0.997476
0.997973
1
0.996096
0.992743
0.997755
0.999122
0.997031
1
0.999425
0.999091
0.998877
0.996592
0.999121
1
1
1
0.999861
1
0.999131
0.999136
0.999055
0.998376
0.998771
0.999136
0.999316
0.998409
1
1
1
1
1
1
0.999704
1
0.994155
0.994722
0.997607
0.99849
0.994282
0.996789
1
0.998937
1
1
1
1
1
1
1
1
1
1
1
1
0.993242
0.99117
0.994832
0.995788
0.993339
1
1
1
1
1
1
1
1
1
1
1
1
1
1
0.995117
0.988001
0.998251
0.992124
0.994853
0.991068
0.996172
0.994431
0.996942
0.99997
0.998045
1
1
0.999121
0.999114
0.998377
0.998386
0.992443
0.997201
0.99852
0.992647
0.997599
0.999245
0.997805
1
0.993087
0.999124
1
1
1
0.993936
1
1
0.999923
0.996547
0.996811
0.998878
0.998244
0.999364
1
1
0.999121
1
1
1
1
0.99798
0.998861
1
0.99593
0.997312
0.997993
0.999434
0.997754
1
1
1
1
0.998371
1
1
1
1
0.998142
0.996151
0.999122
0.998181
0.996811
0.997001
1
1
1
1
1
0.998061
0.998877
1
0.999121
1
1
1
1
1
1
0.997977
0.998047
0.997129
0.997694
0.99673
0.99594
0.997163
0.997863
0.998214
1
1
1
0.999029
0.999113
0.998235
1
1
0.994753
0.998041
0.997009
1
0.998877
0.999124
0.996817
0.999612
1
0.999124
0.999264
1
1
0.994006
0.997979
1
0.999961
1
0.997911
1
0.998244
0.999122
1
0.996812
0.999697
1
1
0.997978
1
0.99798
0.99997
1
0.99808
1
1
0.999136
0.999056
1
1
1
0.99997
1
1
1
1
1
0.998916
0.996811
0.999122
0.998878
1
0.997426
1
1
1
1
0.996923
0.999121
0.995547
1
0.999121
1
1
1
1
1
1
0.998675
1
0.998054
0.994206
0.999122
0.999128
0.999044
1
0.999122
1
1
1
1
1
0.999118
1
1
0.998671
0.995243
0.999124
1
1
0.999124
1
0.998877
1
1
1
1
1
1
1
0.9989
1
0.99894
1
1
0.999304
0.999425
1
1
1
1
1
1
0.99798
0.998537
0.999131
0.998272
1
1
0.999131
0.998898
1
1
1
1
1
1
1
1
1
1
0.998878
1
0.999939
1
0.990543
1
1
0.99989
1
1
1
1
0.999226
0.99978
0.999455
1
1
1
1
1
1
0.995326
1
1
1
0.998819
1
0.999044
1
0.998244
0.999116
0.99997
1
1
1
1
1
0.997971
1
1
1
1
0.998877
1
1
1
1
1
0.998877
1
1
1
1
1
0.999613
1
1
1
0.999122
1
1
1
1
1
1
1
1
1
0.99991
0.999553
0.99987
0.99972
1
0.99997
1
1
1
1
1
1
1
1
1
1
0.995356
0.99989
0.997668
0.999768
1
0.998819
1
1
1
1
1
0.998001
0.99849
1
1
0.998025
1
1
1
1
1
0.999302
0.996931
0.999077
0.998369
0.99997
1
0.998087
0.998369
0.998093
1
1
1
1
0.999817
1
1
1
1
0.99944
0.999366
1
0.999187
0.999003
1
1
1
0.999124
1
1
0.99797
0.997979
1
1
1
1
1
0.997756
1
1
1
1
1
1
1
1
0.999861
1
0.999131
0.997497
1
1
1
1
1
1
1
1
1
1
1
1
1
1
0.997755
1
0.999425
1
1
0.998819
0.999122
1
1
1
1
1
0.997793
1
0.997334
0.999961
1
1
1
1
1
0.99993
1
1
0.998988
0.998941
1
1
0.996738
0.99997
0.999359
1
0.999943
1
1
1
1
1
1
0.998041
0.998943
1
0.999613
0.999305
1
1
1
1
1
1
1
1
1
1
1
1
1
0.998878
0.999122
1
1
1
1
1
1
1
0.99798
1
1
0.999136
0.998113
1
1
0.999702
0.998438
1
1
1
1
1
1
1
1
1
0.998723
1
0.999243
1
1
0.999122
1
1
1
1
1
0.999152
1
1
1
1
1
1
1
1
1
1
1
0.999044
1
0.998244
0.997384
1
1
0.999122
1
1
1
1
1
1
1
1
1
1
0.99997
1
0.998877
1
1
1
1
0.999124
1
1
1
1
1
1
1
1
1
1
1
1
1
1
1
1
1
1
1
1
1
0.999315
1
1
0.999131
0.999136
1
1
1
1
1
1
1
1
1
1
1
0.993623
1
1
1
1
1
1
1
1
1
1
1
0.996921
0.999091
0.998916
1
1
1
1
1
1
1
0.999011
1
1
0.999429
0.99812
1
1
1
1
1
1
1
1
1
1
0.997691
1
0.999426
1
0.998877
0.999698
1
1
1
1
1
1
1
1
1
1
1
1
1
1
1
1
1
1
1
1
1
1
1
0.999861
0.999132
1
0.999057
1
1
0.999136
0.999056
1
1
1
1
1
1
1
1
1
1
1
1
0.999342
1
1
1
1
1
1
1
1
1
1
0.99997
0.998916
1
1
1
1
1
1
1
1
1
0.999153
1
1
1
0.99997
1
1
1
1
1
1
1
1
1
1
1
0.996817
1
0.998248
1
1
1
0.999698
1
1
1
1
0.997979
1
0.998878
1
1
1
1
1
1
1
1
1
1
1
1
1
0.999131
1
1
1
1
1
1
1
1
1
1
1
1
1
1
1
0.999613
1
1
1
1
1
1
1
1
1
1
1
1
1
1
1
1
1
1
1
1
0.997977
1
1
1
0.999122
1
1
1
1
1
1
1
1
1
1
1
1
1
1
1
0.996927
1
1
0.99989
1
1
1
1
1
1
1
1
1
1
1
1
1
1
1
1
1
1
1
1
1
1
1
0.999132
1
1
1
1
0.999702
0.999382
1
1
1
1
1
1
1
1
1
1
1
1
1
1
1
1
1
1
1
1
1
1
1
1
1
1
1
1
1
1
1
1
1
0.998369
1
1
1
0.998369
1
0.999115
1
1
1
1
1
1
1
1
1
0.999185
1
0.998877
1
1
1
1
1
1
1
1
1
1
1
1
1
1
1
1
1
1
1
1
1
1
1
1
1
1
1
1
1
1
1
1
1
1
1
1
1
1
1
1
1
1
1
1
1
1
1
1
1
1
1
1
0.999122
1
1
1
1
1
1
1
1
1
1
1
1
1
1
1
1
1
1
1
1
1
1
1
1
1
1
1
1
1
1
1
1
1
1
1
1
1
1
1
1
1
1
1
1
1
1
1
1
1
1
1
1
1
1
1
1
1
1
1
1
1
1
1
1
1
1
1
1
1
1
1
1
1
1
1
1
1
1
1
1
1
1
1
1
1
1
1
1
1
1
1
1
1
1
1
1
1
1
1
1
1
1
1
1
1
1
1
1
1
1
0.997971
1
0.999124
1
1
1
1
1
1
1
1
1
1
1
1
1
1
1
1
1
0.999939
1
1
1
1
1
1
1
1
1
1
1
1
1
1
1
1
1
1
1
1
1
1
1
1
1
1
1
0.999122
1
1
1
1
1
1
1
1
1
1
1
1
1
1
1
1
1
1
1
1
1
1
1
1
1
1
1
1
1
1
1
1
1
1
1
0.997971
1
1
1
1
1
1
1
1
1
1
1
1
1
1
1
1
1
1
1
1
1
1
1
1
1
1
1
1
1
1
1
1
1
1
1
1
1
1
1
1
1
1
1
1
1
1
1
1
1
1
1
1
1
1
1
1
1
1
1
1
1
1
1
1
1
1
1
1
1
1
0.999243
1
1
1
1
1
1
1
1
1
1
1
1
0.99972
1
1
1
1
1
1
1
1
1
1
1
1
1
1
1
1
1
1
1
1
1
1
1
1
1
1
1
1
1
1
1
1
1
1
1
1
1
1
1
1
1
1
1
1
1
1
1
1
1
1
1
1
1
1
1
1
1
1
1
1
1
1
1
1
1
1
1
1
1
1
1
1
1
1
1
1
1
1
1
1
1
1
1
1
1
1
1
1
1
1
1
1
1
1
1
1
1
1
1
1
1
1
1
1
1
1
1
1
1
1
1
1
1
1
1
1
1
1
1
1
1
1
1
1
1
1
1
1
1
1
1
1
1
1
1
1
1
1
1
1
1
1
1
1
1
1
1
1
1
1
1
1
1
1
1
1
1
1
1
1
1
1
1
1
1
1
1
1
1
1
1
1
1
1
1
1
1
1
1
1
1
1
1
1
1
1
1
1
1
1
1
1
1
1
1
1
1
1
1
1
1
1
1
1
1
1
1
1
1
1
1
1
1
1
1
1
1
1
1
1
1
1
1
1
1
1
1
1
1
1
1
1
1
1
1
1
1
1
1
1
1
1
1
1
1
1
1
1
1
1
1
1
1
0.999124
1
1
1
1
1
1
1
1
1
1
1
1
1
1
1
1
1
1
1
1
1
1
1
1
1
1
1
1
1
1
1
1
1
1
1
1
1
1
1
1
1
1
1
1
1
1
1
1
1
1
1
1
1
1
1
1
1
1
1
1
1
1
1
1
1
1
1
1
1
1
1
1
1
1
1
1
1
1
1
1
1
1
1
1
1
1
1
1
1
1
1
1
1
1
0.999582
0.998467
1
1
1
1
0.999961
1
1
1
1
1
1
1
1
1
1
1
1
1
1
1
1
1
1
1
1
1
1
1
1
1
1
1
1
1
1
1
1
1
1
1
1
1
1
1
1
1
1
1
1
1
1
1
1
1
1
1
1
1
1
1
1
1
1
1
1
1
1
1
1
1
1
1
1
1
1
1
1
1
1
1
1
1
1
1
1
1
1
1
1
1
1
1
1
1
1
1
1
1
1
1
1
1
1
1
1
1
1
1
1
1
1
1
1
1
1
1
1
1
1
1
1
1
1
1
1
1
1
1
1
1
1
1
1
1
1
1
1
1
1
1
1
1
1
1
1
1
1
1
1
1
1
1
1
1
1
1
1
1
1
1
1
1
1
1
1
1
1
1
1
1
1
1
1
1
1
1
1
1
1
1
1
1
1
1
1
1
1
1
1
1
1
1
1
1
1
1
1
1
1
1
1
1
1
1
1
1
1
1
1
1
1
1
1
1
1
1
1
1
1
1
1
1
1
1
1
1
1
1
1
1
1
1
1
1
1
1
1
1
1
1
1
1
1
1
1
1
1
1
1
1
1
1
1
1
1
1
1
1
1
1
1
1
1
1
1
1
1
1
1
1
1
1
1
1
1
1
1
1
1
1
1
1
1
1
1
1
1
1
1
1
1
1
1
1
1
1
1
1
1
1
1
1
1
1
1
1
1
1
1
1
1
1
1
1
1
1
1
1
1
1
1
1
1
1
1
1
1
1
1
1
1
1
1
1
1
1
1
1
1
1
1
1
1
1
1
1
1
1
1
1
1
1
1
1
1
1
1
1
1
1
1
1
1
1
1
1
1
1
1
1
1
1
1
1
1
1
1
1
1
1
1
1
1
1
1
1
1
1
1
1
1
1
1
1
1
1
1
1
1
1
1
1
1
1
1
1
1
1
1
1
1
1
1
1
1
1
1
1
1
1
1
1
1
1
1
1
1
1
1
1
1
1
1
1
1
1
1
1
1
1
1
1
1
1
1
1
1
1
1
1
1
1
1
1
1
1
1
1
1
1
1
1
1
1
1
1
1
1
1
1
1
1
1
1
1
1
1
1
1
1
1
1
1
1
1
1
1
1
1
1
1
1
1
1
1
1
1
1
1
1
1
1
1
1
1
1
1
1
1
1
1
1
1
1
1
1
1
1
1
1
1
1
1
1
1
1
1
1
1
1
1
1
1
1
1
1
1
1
1
1
1
1
1
1
1
1
1
1
1
1
1
1
1
1
1
1
1
1
1
1
1
1
1
1
1
1
1
1
1
1
1
1
1
1
1
1
1
1
1
1
1
1
1
1
1
1
1
1
1
1
1
1
1
1
1
1
1
1
1
1
1
1
1
1
1
1
1
1
1
1
1
1
1
1
1
1
1
1
1
1
1
1
1
1
1
1
1
1
1
1
1
1
1
1
1
1
1
1
1
1
1
1
1
1
1
1
1
1
1
1
1
1
1
1
1
1
1
1
1
1
1
1
1
1
1
1
1
1
1
1
1
1
1
1
1
1
1
1
1
1
1
1
1
1
1
1
1
1
1
1
1
1
1
1
1
1
1
1
1
1
1
1
1
1
1
1
1
1
1
1
1
1
1
1
1
1
1
1
1
1
1
1
1
1
1
1
1
1
1
1
1
1
1
1
1
1
1
1
1
1
1
1
1
1
1
1
1
1
1
1
1
1
1
1
1
1
1
1
1
1
1
1
1
1
1
1
1
1
1
1
1
1
1
1
1
1
1
1
1
1
1
1
1
1
1
1
1
1
1
1
1
1
1
1
1
1
1
1
1
1
1
1
1
1
1
1
1
1
1
1
1
1
1
1
1
1
1
1
1
1
1
1
1
1
1
1
1
1
1
1
1
1
1
1
1
1
1
1
1
1
1
1
1
1
1
1
1
1
1
1
1
1
1
1
1
1
1
1
1
1
1
1
1
1
1
1
1
1
1
1
1
1
1
1
1
1
1
1
1
1
1
1
1
1
1
1
1
1
1
1
1
1
1
1
1
1
1
1
1
1
1
1
1
1
1
1
1
1
1
1
1
1
1
1
1
1
1
1
1
1
1
1
1
1
1
1
1
1
1
1
1
1
1
1
1
1
1
1
1
1
1
1
1
1
1
1
1
1
1
1
1
1
1
1
1
1
1
1
1
1
1
1
1
1
1
1
1
1
1
1
1
1
1
1
1
1
1
1
1
1
1
1
1
1
1
1
1
1
1
1
1
1
1
1
1
1
1
1
1
1
1
1
1
1
1
1
1
1
1
1
1
1
1
1
1
1
1
1
1
1
1
1
1
1
1
1
1
1
1
1
1
1
1
1
1
1
1
1
1
1
1
1
1
1
1
1
1
1
1
1
1
1
1
1
1
1
1
1
1
1
1
1
1
1
1
1
1
1
1
1
1
1
1
1
1
1
1
1
1
1
1
1
1
1
1
1
1
1
1
1
1
1
1
1
1
1
1
1
1
1
1
1
1
1
1
1
1
1
1
1
1
1
1
1
1
1
1
1
1
1
1
1
1
1
1
1
1
1
1
1
1
1
1
1
1
1
1
1
1
1
1
1
1
1
1
1
1
1
1
1
1
1
1
1
1
1
1
1
1
1
1
1
1
1
1
1
1
1
1
1
1
1
1
1
1
1
1
1
1
1
1
1
1
1
1
1
1
1
1
1
1
1
1
1
1
1
1
1
1
1
1
1
1
1
1
1
1
1
1
1
1
1
1
1
1
1
1
1
1
1
1
1
1
1
1
1
1
1
1
1
1
1
1
1
1
1
1
1
1
1
1
1
1
1
1
1
1
1
1
1
1
1
1
1
1
1
1
1
1
1
1
1
1
1
1
1
1
1
1
1
1
1
1
1
1
1
1
1
1
1
1
1
1
1
1
1
1
1
1
1
1
1
1
1
1
1
1
1
1
1
1
1
1
1
1
1
1
1
1
1
1
1
1
1
1
1
1
1
1
1
1
1
1
1
1
1
1
1
1
1
1
1
1
1
1
1
1
1
1
1
1
1
1
1
1
1
1
1
1
1
1
1
1
1
1
1
1
1
1
1
1
1
1
1
1
1
1
1
1
1
1
1
1
1
1
1
1
1
1
1
1
1
1
1
1
1
1
1
1
1
1
1
1
1
1
1
1
1
1
1
1
1
1
1
1
1
1
1
1
1
1
1
1
1
1
1
1
1
1
1
1
1
1
1
1
1
1
1
1
1
1
1
1
1
1
1
1
1
1
1
1
1
1
1
1
1
1
1
1
1
1
1
1
1
1
1
1
1
1
1
1
1
1
1
1
1
1
1
1
1
1
1
1
1
1
1
1
1
1
1
1
1
1
1
1
1
1
1
1
1
1
1
1
1
1
1
1
1
1
1
1
1
1
1
1
1
1
1
1
1
1
1
1
1
1
1
1
1
1
1
1
1
1
1
1
1
1
1
1
1
1
1
1
1
1
1
1
1
1
1
1
1
1
1
1
1
1
1
1
1
1
1
1
1
1
1
1
1
1
1
1
1
1
1
1
1
1
1
1
1
1
1
1
1
1
1
1
1
1
1
1
1
1
1
1
1
1
1
1
1
1
1
1
1
1
1
1
1
1
1
1
1
1
1
1
1
1
1
1
1
1
1
1
1
1
1
1
1
1
1
1
1
1
1
1
1
1
1
1
1
1
1
1
1
1
1
1
1
1
1
1
1
1
1
1
1
1
1
1
1
1
1
1
1
1
1
1
1
1
1
1
1
1
1
1
1
1
1
1
1
1
1
1
1
1
1
1
1
1
1
1
1
1
1
1
1
1
1
1
1
1
1
1
1
1
1
1
1
1
1
1
1
1
1
1
1
1
1
1
1
1
1
1
1
1
1
1
1
1
1
1
1
1
1
1
1
1
1
1
1
1
1
1
1
1
1
1
1
1
1
1
1
1
1
1
1
1
1
1
1
1
1
1
1
1
1
1
1
1
1
1
1
1
1
1
1
1
1
1
1
1
1
1
1
1
1
1
1
1
1
1
1
1
1
1
1
1
1
1
1
1
1
1
1
1
1
1
1
1
1
1
1
1
1
1
1
1
1
1
1
1
1
1
1
1
1
1
1
1
1
1
1
1
1
1
1
1
1
1
1
1
1
1
1
1
1
1
1
1
1
1
1
1
1
1
1
1
1
1
1
1
1
1
1
1
1
1
1
1
1
1
1
1
1
1
1
1
1
1
1
1
1
1
1
1
1
1
1
1
1
1
1
1
1
1
1
1
1
1
1
1
1
1
1
1
1
1
1
1
1
1
1
1
1
1
1
1
1
1
1
1
1
1
1
1
1
1
1
1
1
1
1
1
1
1
1
1
1
1
1
1
1
1
1
1
1
1
1
1
1
1
1
1
1
1
1
1
1
1
1
1
1
1
1
1
1
1
1
1
1
1
1
1
1
1
1
1
1
1
1
1
1
1
1
1
1
1
1
1
1
1
1
1
1
1
1
1
1
1
1
1
1
1
1
1
1
1
1
1
1
1
1
1
1
1
1
1
1
1
1
1
1
1
1
1
1
1
1
1
1
1
1
1
1
1
1
1
1
1
1
1
1
1
1
1
1
1
1
1
1
1
1
1
1
1
1
1
1
1
1
1
1
1
1
1
1
1
1
1
1
1
1
1
1
1
1
1
1
1
1
1
1
1
1
1
1
1
1
1
1
1
1
1
1
1
1
1
1
1
1
1
1
1
1
1
1
1
1
1
1
1
1
1
1
1
1
1
1
1
1
1
1
1
1
1
1
1
1
1
1
1
1
1
1
1
1
1
1
1
1
1
1
1
1
1
1
1
1
1
1
1
1
1
1
1
1
1
1
1
1
1
1
1
1
1
1
1
1
1
1
1
1
1
1
1
1
1
1
1
1
1
1
1
1
1
1
1
1
1
1
1
1
1
1
1
1
1
1
1
1
1
1
1
1
1
1
1
1
1
1
1
1
1
1
1
1
1
1
1
1
1
1
1
1
1
1
1
1
1
1
1
1
1
1
1
1
1
1
1
1
1
1
1
1
1
1
1
1
1
1
1
1
1
1
1
1
1
1
1
1
1
1
1
1
1
1
1
1
1
1
1
1
1
1
1
1
1
1
1
1
1
1
1
1
1
1
1
1
1
1
1
1
1
1
1
1
1
1
1
1
1
1
1
1
1
1
1
1
1
1
1
1
1
1
1
1
1
1
1
1
1
1
1
1
1
1
1
1
1
1
1
1
1
1
1
1
1
1
1
1
1
1
1
1
1
1
1
1
1
1
1
1
1
1
1
1
1
1
1
1
1
1
1
1
1
1
1
1
1
1
1
1
1
1
1
1
1
1
1
1
1
1
1
1
1
1
1
1
1
1
1
1
1
1
1
1
1
1
1
1
1
1
1
1
1
1
1
1
1
1
1
1
1
1
1
1
1
1
1
1
1
1
1
1
1
1
1
1
1
1
1
1
1
1
1
1
1
1
1
1
1
1
1
1
1
1
1
1
1
1
1
1
1
1
1
1
1
1
1
1
1
1
1
1
1
1
1
1
1
1
1
1
1
1
1
1
1
1
1
1
1
1
1
1
1
1
1
1
1
1
1
1
1
1
1
1
1
1
1
1
1
1
1
1
1
1
1
1
1
1
1
1
1
1
1
1
1
1
1
1
1
1
1
1
1
1
1
1
1
1
1
1
1
1
1
1
1
1
1
1
1
1
1
1
1
1
1
1
1
1
1
1
1
1
1
1
1
1
1
1
1
1
1
1
1
1
1
1
1
1
1
1
1
1
1
1
1
1
1
1
1
1
1
1
1
1
1
1
1
1
1
1
1
1
1
1
1
1
1
1
1
1
1
1
1
1
1
1
1
1
1
1
1
1
1
1
1
1
1
1
1
1
1
1
1
1
1
1
1
1
1
1
1
1
1
1
1
1
1
1
1
1
1
1
1
1
1
1
1
1
1
1
1
1
1
1
1
1
1
1
1
1
1
1
1
1
1
1
1
1
1
1
1
1
1
1
1
1
1
1
1
1
1
1
1
1
1
1
1
1
1
1
1
1
1
1
1
1
1
1
1
1
1
1
1
1
1
1
1
1
1
1
1
1
1
1
1
1
1
1
1
1
1
1
1
1
1
1
1
1
1
1
1
1
1
1
1
1
1
1
1
1
1
1
1
1
1
1
1
1
1
1
1
1
1
1
1
1
1
1
1
1
1
1
1
1
1
1
1
1
1
1
1
1
1
1
1
1
1
1
1
1
1
1
1
1
1
1
1
1
1
1
1
1
1
1
1
1
1
1
1
1
1
1
1
1
1
1
1
1
1
1
1
1
1
1
1
1
1
1
1
1
1
1
1
1
1
1
1
1
1
1
1
1
1
1
1
1
1
1
1
1
1
1
1
1
1
1
1
1
1
1
1
1
1
1
1
1
1
1
1
1
1
1
1
1
1
1
1
1
1
1
1
1
1
1
1
1
1
1
1
1
1
1
1
1
1
1
1
1
1
1
1
1
1
1
1
1
1
1
1
1
1
1
1
1
1
1
1
1
1
1
1
1
1
1
1
1
1
1
1
1
1
1
1
1
1
1
1
1
1
1
1
1
1
1
1
1
1
1
1
1
1
1
1
1
1
1
1
1
1
1
1
1
1
1
1
1
1
1
1
1
1
1
1
1
1
1
1
1
1
1
1
1
1
1
1
1
1
1
1
1
1
1
1
1
1
1
1
1
1
1
1
1
1
1
1
1
1
1
1
1
1
1
1
1
1
1
1
1
1
1
1
1
1
1
1
1
1
1
1
1
1
1
1
1
1
1
1
1
1
1
1
1
1
1
1
1
1
1
1
1
1
1
1
1
1
1
1
1
1
1
1
1
1
1
1
1
1
1
1
1
1
1
1
1
1
1
1
1
1
1
1
1
1
1
1
1
1
1
1
1
1
1
1
1
1
1
1
1
1
1
1
1
1
1
1
1
1
1
1
1
1
1
1
1
1
1
1
1
1
1
1
1
1
1
1
1
1
1
1
1
1
1
1
1
1
1
1
1
1
1
1
1
1
1
1
1
1
1
1
1
1
1
1
1
1
1
1
1
1
1
1
1
1
1
1
1
1
1
1
1
1
1
1
1
1
1
1
1
1
1
1
1
1
1
1
1
1
1
1
1
1
1
1
1
1
1
1
1
1
1
1
1
1
1
1
1
1
1
1
1
1
1
1
1
1
1
1
1
1
1
1
1
1
1
1
1
1
1
1
1
1
1
1
1
1
1
1
1
1
1
1
1
1
1
1
1
1
1
1
1
1
1
1
1
1
1
1
1
1
1
1
1
1
1
1
1
1
1
1
1
1
1
1
1
1
1
1
1
1
1
1
1
1
1
1
1
1
1
1
1
1
1
1
1
1
1
1
1
1
1
1
1
1
1
1
1
1
1
1
1
1
1
1
1
1
1
1
1
1
1
1
1
1
1
1
1
1
1
1
1
1
1
1
1
1
1
1
1
1
1
1
1
1
1
1
1
1
1
1
1
1
1
1
1
1
1
1
1
1
1
1
1
1
1
1
1
1
1
1
1
1
1
1
1
1
1
1
1
1
1
1
1
1
1
1
1
1
1
1
1
1
1
1
1
1
1
1
1
1
1
1
1
1
1
1
1
1
1
1
1
1
1
1
1
1
1
1
1
1
1
1
1
1
1
1
1
1
1
1
1
1
1
1
1
1
1
1
1
1
1
1
1
1
1
1
1
1
1
1
1
1
1
1
1
1
1
1
1
1
1
1
1
1
1
1
1
1
1
1
1
1
1
1
1
1
1
1
1
1
1
1
1
1
1
1
1
1
1
1
1
1
1
1
1
1
1
1
1
1
1
1
1
1
1
1
1
1
1
1
1
1
1
1
1
1
1
1
1
1
1
1
1
1
1
1
1
1
1
1
1
1
1
1
1
1
1
1
1
1
1
1
1
1
1
1
1
1
1
1
1
1
1
1
1
1
1
1
1
1
1
1
1
1
1
1
1
1
1
1
1
1
1
1
1
1
1
1
1
1
1
1
1
1
1
1
1
1
1
1
1
1
1
1
1
1
1
1
1
1
1
1
1
1
1
1
1
1
1
1
1
1
1
1
1
1
1
1
1
1
1
1
1
1
1
1
1
1
1
1
1
1
1
1
1
1
1
1
1
1
1
1
1
1
1
1
1
1
1
1
1
1
1
1
1
1
1
1
1
1
1
1
1
1
1
1
1
1
1
1
1
1
1
1
1
1
1
1
1
1
1
1
1
1
1
1
1
1
1
1
1
1
1
1
1
1
1
1
1
1
1
1
1
1
1
1
1
1
1
1
1
1
1
1
1
1
1
1
1
1
1
1
1
1
1
1
1
1
1
1
1
1
1
1
1
1
1
1
1
1
1
1
1
1
1
1
1
1
1
1
1
1
1
1
1
1
1
1
1
1
1
1
1
1
1
1
1
1
1
1
1
1
1
1
1
1
1
1
1
1
1
1
1
1
1
1
1
1
1
1
1
1
1
1
1
1
1
1
1
1
1
1
1
1
1
1
1
1
1
1
1
1
1
1
1
1
1
1
1
1
1
1
1
1
1
1
1
1
1
1
1
1
1
1
1
1
1
1
1
1
1
1
1
1
1
1
1
1
1
1
1
1
1
1
1
1
1
1
1
1
1
1
1
1
1
1
1
1
1
1
1
1
1
1
1
1
1
1
1
1
1
1
1
1
1
1
1
1
1
1
1
1
1
1
1
1
1
1
1
1
1
1
1
1
1
1
1
1
1
1
1
1
1
1
1
1
1
1
1
1
1
1
1
1
1
1
1
1
1
1
1
1
1
1
1
1
1
1
1
1
1
1
1
1
1
1
1
1
1
1
1
1
1
1
1
1
1
1
1
1
1
1
1
1
1
1
1
1
1
1
1
1
1
1
1
1
1
1
1
1
1
1
1
1
1
1
1
1
1
1
1
1
1
1
1
1
1
1
1
1
1
1
1
1
1
1
1
1
1
1
1
1
1
1
1
1
1
1
1
1
1
1
1
1
1
1
1
1
1
1
1
1
1
1
1
1
1
1
1
1
1
1
1
1
1
1
1
1
1
1
1
1
1
1
1
1
1
1
1
1
1
1
1
1
1
1
1
1
1
1
1
1
1
1
1
1
1
1
1
1
1
1
1
1
1
1
1
1
1
1
1
1
1
1
1
1
1
1
1
1
1
1
1
1
1
1
1
1
1
1
1
1
1
1
1
1
1
1
1
1
1
1
1
1
1
1
1
0.743262
0.596789
0.802635
0.476381
0.53915
0.627034
0.734627
0.730533
0.896938
0.933603
0.540651
0.478347
0.742643
0.733722
0.575762
0.587662
0.655331
0.466543
0.545972
0.528985
0.586453
0.841241
0.782549
0.892244
0.726707
0.844231
0.691135
0.849449
0.989409
0.904473
0.660599
0.72309
0.770021
0.6347
0.524464
0.757706
0.706298
0.847317
0.705112
0.641099
0.596923
0.814702
0.75409
0.767301
0.87592
0.780264
0.722143
0.779977
0.863909
0.926379
0.860427
0.84712
0.7145
0.860291
0.752866
0.854129
0.634754
0.854343
0.942958
0.72117
0.877382
0.787422
0.954914
0.609534
0.854684
0.699579
0.860032
0.762443
0.979761
0.846359
0.872003
0.922883
0.935957
0.926596
0.78518
0.856513
0.902445
0.952961
0.97057
0.891054
0.813519
0.977547
0.963665
0.954242
0.657967
0.79771
0.885316
0.520764
0.743245
0.754205
0.744465
0.837591
0.736647
0.758046
0.934841
0.971386
0.680593
0.809359
0.818071
0.7766
0.788508
0.797064
0.9255
0.926039
0.917099
0.769786
0.882236
0.874337
0.952796
0.848742
0.957938
0.946385
0.722721
0.70448
0.646924
0.566662
0.795288
0.927215
0.90691
0.941809
0.847302
0.852424
0.922167
0.933163
0.951669
0.908034
0.952461
0.940766
0.944073
0.902839
0.935682
0.946692
0.96509
0.858748
0.957406
0.945443
0.933979
0.899083
0.892977
0.873804
0.780312
0.940464
0.954008
0.518364
0.73213
0.81372
0.918562
0.958093
0.93495
0.97998
0.925439
0.967538
0.861171
0.985789
0.972855
0.949508
0.98297
0.935525
0.990169
0.923923
0.992494
0.946685
0.843059
0.878747
0.879488
0.976465
0.856235
0.887832
0.821751
0.744741
0.698122
0.89527
0.928756
0.870197
0.931271
0.979505
0.892756
0.986577
0.975942
0.989753
0.986932
0.987686
0.992999
0.928108
0.992581
0.899313
0.973703
0.921366
0.991943
0.962955
0.866445
0.890069
0.808137
0.936113
0.889254
0.920331
0.944838
0.970651
0.987027
0.988255
0.981369
0.99183
0.990703
0.985768
0.993227
0.99033
0.982521
0.983415
0.987887
0.991163
0.85319
0.912562
0.982767
0.679474
0.830511
0.913752
0.943413
0.917213
0.931157
0.946444
0.886137
0.920924
0.915662
0.908715
0.988503
0.99511
0.99667
0.997266
0.994184
1
0.993932
0.979285
0.982956
0.98287
0.971964
0.964775
0.970839
0.970255
0.881431
0.765265
0.88465
0.917669
0.95715
0.680741
0.819722
0.927012
0.831014
0.879665
0.767982
0.851234
0.897835
0.919211
0.999019
0.998096
0.999044
1
0.999358
0.997342
0.99967
0.979271
0.985868
0.986151
0.995497
0.993382
0.996459
0.994348
0.997312
0.976383
0.979261
1
0.998099
0.991992
0.997136
0.965984
0.981437
0.983836
0.993132
0.996177
0.990549
0.995165
0.99902
0.998097
1
1
0.999662
0.999311
0.999045
0.999355
0.999041
1
1
1
1
1
1
0.996723
1
0.996452
0.99941
0.998311
0.998585
0.996176
0.993429
0.99798
0.993911
0.996969
0.997392
0.996258
0.99902
0.99977
1
1
1
1
0.999014
1
0.999043
1
1
1
1
1
0.998296
0.99875
0.999506
1
0.998165
1
0.997139
0.999044
0.998171
0.999007
0.998072
0.998419
0.996885
1
0.999358
1
0.99908
0.999359
0.999662
0.999607
0.999113
1
1
1
1
1
0.999079
1
0.998297
1
0.998093
0.99902
0.999804
1
0.999047
0.999934
0.997054
1
0.998039
0.999045
0.998646
1
1
0.998428
1
1
1
0.999673
1
1
1
1
1
1
0.999967
0.999042
0.99905
1
0.999047
0.999021
0.99905
1
1
0.999375
0.997427
1
0.998039
0.999671
0.999289
0.998776
1
1
1
1
1
0.999051
1
1
1
1
1
1
0.999047
1
0.999051
1
1
0.998041
1
1
0.999047
0.999046
0.999018
1
0.99902
0.999046
0.998984
0.999041
1
1
1
1
1
1
1
1
1
1
0.99902
1
1
1
1
1
1
1
1
1
1
1
1
1
1
1
1
1
1
1
1
1
1
1
1
1
1
1
1
1
1
1
1
0.999021
0.999047
1
1
1
1
0.999046
1
1
0.99902
0.999967
1
1
1
1
1
1
1
1
1
1
1
1
1
1
1
1
1
1
0.999047
0.999662
1
1
1
0.999079
0.99807
1
1
1
0.99868
0.999041
1
1
1
1
1
1
0.999803
1
1
1
1
1
1
1
1
1
1
1
1
0.999021
1
1
1
1
1
1
0.999018
0.999967
1
1
1
1
0.999021
1
1
1
1
1
1
1
0.999047
1
1
1
1
1
0.99905
1
1
1
1
1
0.99902
1
1
1
1
1
1
0.999022
1
1
1
1
1
1
1
1
1
1
1
1
1
1
1
1
1
0.999375
0.999018
1
1
0.999671
1
1
1
1
1
1
1
1
1
1
1
1
1
1
1
1
1
0.999021
1
1
1
1
1
1
1
1
1
1
1
1
1
1
1
1
1
1
1
1
1
1
1
1
1
1
1
1
0.999047
1
1
1
1
0.999079
1
1
1
1
1
1
1
1
0.999048
1
0.999089
1
1
1
1
1
1
1
1
1
1
1
1
0.99902
1
1
1
1
1
1
1
1
1
1
1
1
1
1
1
1
1
1
1
1
1
1
1
1
1
1
0.999671
1
1
1
0.999376
1
1
1
1
1
1
1
1
1
1
1
1
1
1
1
1
1
1
1
1
1
1
1
1
1
1
1
1
1
0.999018
1
1
1
1
1
1
1
1
1
1
1
1
1
1
1
1
1
1
1
0.999051
1
0.999967
1
1
1
0.99908
1
1
1
1
1
1
1
1
1
1
1
1
1
1
1
1
1
1
1
1
1
1
1
1
1
1
1
1
1
1
1
1
1
1
1
1
1
1
1
1
1
1
1
1
1
1
1
1
1
1
1
1
1
1
1
1
1
1
1
1
1
1
1
1
1
1
1
1
1
1
1
1
1
1
1
1
1
1
1
1
1
1
1
1
1
1
1
1
1
1
1
1
1
1
1
1
1
1
1
1
1
1
1
1
1
1
1
1
1
1
1
1
1
1
1
1
1
1
1
1
1
1
1
1
1
1
1
1
1
1
1
1
1
1
1
1
1
1
1
1
1
1
1
1
1
1
1
1
1
1
1
1
1
1
1
1
1
1
1
1
1
1
1
1
1
1
1
1
1
1
1
1
1
1
1
1
1
1
1
1
1
1
1
1
1
1
1
1
1
1
1
1
1
1
1
1
1
1
1
1
1
1
1
1
1
1
1
1
1
1
1
1
1
1
1
1
1
1
1
1
1
1
1
1
1
1
1
1
1
1
1
1
1
1
1
1
1
1
1
1
1
1
1
1
1
1
1
1
1
1
1
1
1
1
1
1
1
1
1
1
1
1
1
1
1
1
1
1
1
1
1
1
1
1
1
1
1
1
1
1
1
1
1
1
1
1
1
1
1
1
1
1
1
1
1
1
1
1
1
1
1
1
1
1
1
1
1
1
1
1
1
1
1
1
1
1
1
1
1
1
1
1
1
1
1
1
1
1
1
1
1
1
1
1
1
1
1
1
1
1
1
1
1
1
1
1
1
1
1
1
1
1
1
1
1
1
1
1
1
1
1
1
1
1
1
1
1
1
1
1
1
1
1
1
1
1
1
1
1
1
1
1
1
1
1
1
1
1
1
1
1
1
1
1
1
1
1
1
1
1
1
1
1
1
1
1
1
1
1
1
1
1
1
1
1
1
1
1
1
1
1
1
1
1
1
1
1
1
1
1
1
1
1
1
1
1
1
1
1
1
1
1
1
1
1
1
1
1
1
1
1
1
1
1
1
1
1
1
1
1
1
1
1
1
1
1
1
1
1
1
1
1
1
1
1
1
1
1
1
1
1
1
1
1
1
1
1
1
1
1
1
1
1
1
1
1
1
1
1
1
1
1
1
1
1
1
1
1
1
1
1
1
1
1
1
1
1
1
1
1
1
1
1
1
1
1
1
1
1
1
1
1
1
1
1
1
1
1
1
1
1
1
1
1
1
1
1
1
1
1
1
1
1
1
1
1
1
1
1
1
1
1
1
1
1
1
1
1
1
1
1
1
1
1
1
1
1
1
1
1
1
1
1
1
1
1
1
1
1
1
1
1
1
1
1
1
1
1
1
1
1
1
1
1
1
1
1
1
1
1
1
1
1
1
1
1
1
1
1
1
1
1
1
1
1
1
1
1
1
1
1
1
1
1
1
1
1
1
1
1
1
1
1
1
1
1
1
1
1
1
1
1
1
1
1
1
1
1
1
1
1
1
1
1
1
1
1
1
1
1
1
1
1
1
1
1
1
1
1
1
1
1
1
1
1
1
1
1
1
1
1
1
1
1
1
1
1
1
1
1
1
1
1
1
1
1
1
1
1
1
1
1
1
1
1
1
1
1
1
1
1
1
1
1
1
1
1
1
1
1
1
1
1
1
1
1
1
1
1
1
1
1
1
1
1
1
1
1
1
1
1
1
1
1
1
1
1
1
1
1
1
1
1
1
1
1
1
1
1
1
1
1
1
1
1
1
1
1
1
1
1
1
1
1
1
1
1
1
1
1
1
1
1
1
1
1
1
1
1
1
1
1
1
1
1
1
1
1
1
1
1
1
1
1
1
1
1
1
1
1
1
1
1
1
1
1
1
1
1
1
1
1
1
1
1
1
1
1
1
1
1
1
1
1
1
1
1
1
1
1
1
1
1
1
1
1
1
1
1
1
1
1
1
1
1
1
1
1
1
1
1
1
1
1
1
1
1
1
1
1
1
1
1
1
1
1
1
1
1
1
1
1
1
1
1
1
1
1
1
1
1
1
1
1
1
1
1
1
1
1
1
1
1
1
1
1
1
1
1
1
1
1
1
1
1
1
1
1
1
1
1
1
1
1
1
1
1
1
1
1
1
1
1
1
1
1
1
1
1
1
1
1
1
1
1
1
1
1
1
1
1
1
1
1
1
1
1
1
1
1
1
1
1
1
1
1
1
1
1
1
1
1
1
1
1
1
1
1
1
1
1
1
1
1
1
1
1
1
1
1
1
1
1
1
1
1
1
1
1
1
1
1
1
1
1
1
1
1
1
1
1
1
1
1
1
1
1
1
1
1
1
1
1
1
1
1
1
1
1
1
1
1
1
1
1
1
1
1
1
1
1
1
1
1
1
1
1
1
1
1
1
1
1
1
1
1
1
1
1
1
1
1
1
1
1
1
1
1
1
1
1
1
1
1
1
1
1
1
1
1
1
1
1
1
1
1
1
1
1
1
1
1
1
1
1
1
1
1
1
1
1
1
1
1
1
1
1
1
1
1
1
1
1
1
1
1
1
1
1
1
1
1
1
1
1
1
1
1
1
1
1
1
1
1
1
1
1
1
1
1
1
1
1
1
1
1
1
1
1
1
1
1
1
1
1
1
1
1
1
1
1
1
1
1
1
1
1
1
1
1
1
1
1
1
1
1
1
1
1
1
1
1
1
1
1
1
1
1
1
1
1
1
1
1
1
1
1
1
1
1
1
1
1
1
1
1
1
1
1
1
1
1
1
1
1
1
1
1
1
1
1
1
1
1
1
1
1
1
1
1
1
1
1
1
1
1
1
1
1
1
1
1
1
1
1
1
1
1
1
1
1
1
1
1
1
1
1
1
1
1
1
1
1
1
1
1
1
1
1
1
1
1
1
1
1
1
1
1
1
1
1
1
1
1
1
1
1
1
1
1
1
1
1
1
1
1
1
1
1
1
1
1
1
1
1
1
1
1
1
1
1
1
1
1
1
1
1
1
1
1
1
1
1
1
1
1
1
1
1
1
1
1
1
1
1
1
1
1
1
1
1
1
1
1
1
1
1
1
1
1
1
1
1
1
1
1
1
1
1
1
1
1
1
1
1
1
1
1
1
1
1
1
1
1
1
1
1
1
1
1
1
1
1
1
1
1
1
1
1
1
1
1
1
1
1
1
1
1
1
1
1
1
1
1
1
1
1
1
1
1
1
1
1
1
1
1
1
1
1
1
1
1
1
1
1
)
;

boundaryField
{
    fbOut
    {
        type            fixedValue;
        value           uniform 1;
    }
    CAD_patch1
    {
        type            zeroGradient;
    }
    fbGasin
    {
        type            fixedValue;
        value           uniform 1;
    }
    CAD_patch3
    {
        type            zeroGradient;
    }
    fbBioin
    {
        type            zeroGradient;
    }
}


// ************************************************************************* //
