/*--------------------------------*- C++ -*----------------------------------*\
| =========                 |                                                 |
| \\      /  F ield         | OpenFOAM: The Open Source CFD Toolbox           |
|  \\    /   O peration     | Version:  5.x                                   |
|   \\  /    A nd           | Web:      www.OpenFOAM.org                      |
|    \\/     M anipulation  |                                                 |
\*---------------------------------------------------------------------------*/
FoamFile
{
    version     2.0;
    format      ascii;
    class       volScalarField;
    location    "0.25";
    object      Ksl;
}
// * * * * * * * * * * * * * * * * * * * * * * * * * * * * * * * * * * * * * //

dimensions      [1 -3 -1 0 0 0 0];

internalField   nonuniform List<scalar> 
10571
(
67.029
1268.17
925.029
286.88
712.871
594.449
153.92
496.842
1262
1124.74
126.563
204.073
161.661
890.122
1126.45
1135.97
746.124
724.916
430.988
1640.74
1254
1075.56
580.551
749.473
0
136.499
5.45144
53.0444
42.7264
14.2151
5.2305
14.8351
41.3992
108.699
15.9689
19.2471
12.2844
11.5565
68.1435
197.878
29.5113
16.3301
20.591
35.2003
105.304
181.456
51.0686
41.4228
0
138.869
4.03418
33.5124
38.2189
16.1809
2.30385
9.21551
30.703
135.539
62.3107
6.04219
6.91258
35.7456
42.7102
240.985
32.8733
12.5366
41.0695
11.437
193.721
67.2093
38.0981
43.4119
19.1312
102.93
12.3278
6.13802
35.9254
19.4583
2.59238
9.27119
35.4137
84.0159
86.7154
12.3913
5.34061
19.737
29.7637
160.769
51.15
11.9441
21.7121
18.7269
141.163
85.0315
21.6069
18.0547
12.9037
117.892
12.6147
13.633
40.3373
26.402
26.3197
15.4536
37.3229
79.1935
50.5868
27.4289
5.80373
13.115
31.8837
121.488
54.5838
19.6238
20.1738
11.5009
152.36
98.901
13.1976
51.9089
0.491705
91.8556
1.91411
9.61062
52.7892
6.59056
21.209
50.662
58.7923
89.5048
2675.94
35.3867
13.8177
13.0758
13.042
37.3489
152.334
9809.04
57.0298
22.0889
19.189
30.738
76.3171
81.8692
32.4395
27.2023
14.7944
135.431
5.60884
12.3422
34.2822
27.0422
14.6991
29.048
48.645
50.5719
0
0
11.8982
14.4257
12.1119
38.6642
109.013
0
34.4234
27.0126
40.3701
0.653684
106.348
0
86.1321
50.6514
39.1973
0
141.665
12.2377
48.5807
19.7595
18.7438
37.2035
50.6055
36.0135
38.3031
0
0.639404
25.9924
45.541
14.6317
28.1055
105.003
0
53.9945
47.8174
32.0422
5.74768
94.4555
0
121.457
16.1317
31.919
0
59.9094
5.89196
17.725
21.8625
12.8746
24.4299
45.2816
41.1586
34.2785
0
19.1605
18.7439
20.0747
20.5925
34.3446
97.743
0
55.7448
32.912
27.3028
52.6586
82.0893
155.327
15.4087
13.3159
0
65.5897
6.33822
36.0924
33.4419
12.0286
17.2219
32.9767
34.0243
72.1307
37.3276
49.1854
43.3244
15.2888
35.6432
113.793
22.1559
26.5606
38.52
48.3601
64.2437
103.51
20.8156
36.8321
0.539949
91.0728
22.3087
11.88
29.1889
20.3073
13.7278
20.7729
37.2617
68.1874
-3.18389e-14
0
19.4444
8.26237
29.9185
132.266
11.2457
30.2311
38.2971
16.498
71.0807
66.5894
0.525087
78.5187
1.39706
43.9242
36.6957
12.2196
47.2768
9.27526
9.19749
11.3878
22.7108
68.0717
0
32.9621
11.7941
10.1823
35.2046
138.537
23.8664
20.6168
21.1362
24.1761
104.2
83.968
10.481
44.1695
0
69.022
6.0767
13.1028
30.6847
10.4897
37.2726
11.4205
24.4485
82.6148
0
6.04463
7.29185
16.8836
33.4535
132.631
21.1368
17.8299
23.4363
21.907
96.4628
112.516
12.7613
35.2703
0
89.0004
6.53506
23.9454
13.3744
4.50032
53.1273
40.7698
25.1237
39.5533
0
14.1223
8.04051
11.2859
41.1063
166.793
22.9366
30.5829
30.4725
18.8718
81.3632
65.4042
15.7299
58.0463
0
60.9559
18.4249
6.04148
18.4214
-3.65717e-15
19.2963
24.5147
29.8969
33.0474
0
6.3291
7.42761
8.72406
31.5277
244.978
11.077
34.6724
42.4161
0
85.9656
87.7959
0
8.90035
0
59.5512
6.1339
-1.80043e-16
15.4897
6.23607
25.994
17.3957
30.576
46.5164
0
17.8853
42.9631
6.92919
30.7719
209.368
33.2761
34.1998
31.0498
10.7896
48.0131
57.0795
21.9663
33.9783
-3.23971e-16
83.1937
14.5391
30.166
18.5213
0.0814322
19.6119
18.0019
25.3725
21.0863
0
5.79261
19.8931
2.6059
25.2676
222.288
28.659
21.6291
24.3419
5.55934
71.8479
80.1174
20.7697
67.5738
0
133.61
4.28796
6.20967
18.1013
0
11.844
6.44864
20.9634
26.2486
0
5.84422
14.9583
5.55258
25.0741
286.185
5.93411
18.5659
18.9139
15.6875
47.0674
49.8283
10.3524
35.6781
0
123.968
0.226848
8.82885
24.0013
-1.14795e-15
18.5332
5.75919
24.8159
40.0038
0
9.81655
21.8904
0.713947
22.7411
365.993
34.7708
11.5616
10.3473
6.23968
63.5461
47.7746
1.78293
24.9038
0
60.9991
10.1862
5.9691
26.6942
6.33942
51.6971
3.02101
20.7377
23.4096
0
21.7236
26.9961
2.6915
22.2626
438.486
21.4671
22.7079
11.588
10.419
49.2338
112.721
0.950445
104.881
0
76.6339
17.6125
8.05038
16.8027
32.8657
52.921
6.29998
21.3436
32.2949
0
0
21.6553
5.81358
25.6623
473.197
31.3354
12.2307
7.2717
0
41.9728
183.386
5.15142
98.8627
20.124
56.2891
27.5783
17.9248
36.2842
43.2116
32.1286
30.6963
35.028
27.4613
0
20.1483
74.9687
7.3208
42.8047
502.441
4.37875
32.6005
5.43702
5.4631
49.7531
194.148
10.2927
160.845
-1.03952e-15
46.0644
0.0764526
33.301
15.9881
28.5839
18.5129
48.6488
27.5072
54.5797
0
51.027
64.5523
4.25578
57.8995
597.017
31.0645
60.2404
11.4081
0
45.6922
207.444
1.04907
122.957
0
79.1078
12.4287
11.7402
28.0739
10.2266
19.2757
33.0199
15.0303
44.8841
20.0732
18.4009
3.95884
99.5646
82.2514
719.5
14.9239
53.9595
22.4909
5.43548
62.0204
124.645
43.2354
82.5627
20.5271
96.3819
5.95072
18.0595
31.5446
6.16039
45.3128
35.9193
15.0901
44.105
19.4419
35.09
20.7042
111.787
76.6681
704.469
42.8186
11.1576
55.0607
20.6654
65.3668
83.3485
5.04332
85.7063
0
75.7185
12.1258
17.5208
16.5215
10.4751
29.7797
39.384
10.6775
29.4294
0
0.11883
29.9386
4.05258
86.0528
604.256
27.8229
53.932
59.3076
15.2574
126.124
89.4036
14.1409
103.445
0
32.9301
5.80271
19.6071
33.8897
26.736
69.5964
26.0215
11.8439
24.6947
39.1459
23.387
37.7248
48.8255
93.6156
718.694
27.0314
53.183
22.1078
24.2985
87.0505
88.4392
18.1938
92.4711
6.97823
25.1032
23.3423
7.78588
13.7008
17.0059
68.2948
19.8154
14.0459
44.2737
0
15.4616
42.9935
27.2515
93.2088
805.379
13.3345
42.9876
38.7269
24.3859
187.663
106.278
9.09907
76.3039
-8.33976e-16
27.8819
14.9657
38.5254
25.4712
28.5392
88.8361
24.2367
19.4223
18.8667
0
95.9745
77.2672
23.5642
95.4716
1161.3
32.4545
57.7812
72.595
95.3825
149.236
95.4079
26.6832
115.415
2.29664
0
22.9685
9.72484
28.5056
10.4222
51.1354
47.8972
29.4963
22.4176
0
4.4873
76.6601
29.064
120.459
1059.72
18.132
86.0089
81.3094
122.453
163.553
218.076
87.13
59.6191
0
24.7624
23.3567
14.4311
22.0317
18.175
46.4971
42.3144
28.6054
43.1344
0
0.201018
69.2028
28.249
121.619
1331.31
29.6024
85.5181
80.1951
71.7868
614.56
96.9464
67.4358
99.1255
10.8546
0
11.7354
0
32.8905
0
80.5131
49.7275
23.6227
40.5559
0
0
62.0945
87.6768
179.127
1545.71
13.301
88.5406
135.16
56.226
3360.41
108.557
122.274
227.339
38.0806
17.2252
11.4706
15.2252
6.31515
0
25.6952
38.0104
65.8368
59.3181
0
0
51.7589
105.046
308.246
2881.86
9.46648
97.406
193.462
107.205
5175.77
79.1655
109.834
347.001
0
15.4781
9.93606
10.0824
26.6162
4.26283
4.78944
40.9565
84.727
110.246
0
14.8167
39.935
100.737
592.049
7061.95
0
72.3936
218.243
551.338
13327.8
76.4643
124.131
2474.94
4.7632
11.4594
16.0422
23.6922
18.7488
14.5335
5.31503
66.5195
31.1779
53.7369
20.2368
6.12045
27.1899
61.4017
1068.68
9203.25
9.55641
58.1117
258.824
4532.41
12364.2
31.2212
115.299
9227.18
11.7587
45.4128
13.4227
5.88856
17.1709
16.1055
3.99944
48.1233
13.5408
6.81545
0
0
16.5711
40.4831
1700.12
7450.57
1.27228
31.6082
286.143
15147.6
10015.2
5.47737
76.892
13208.4
59.6399
28.5565
22.9067
6.90374
6.35485
66.8816
9.54263
5.07141
4.91057
8.23087
0
6.2155
0.521823
18.9226
4225.87
3370.18
1.50707
5.85662
269.908
12478
10543.2
12.1471
94.2958
6493.17
19.2416
22.1755
57.1262
5.85673
14.178
44.53
4.92862
0.526451
6.44435
10.1276
0
0.153709
1.02958
15.4642
1583.74
21264.8
0
3.88833
277.616
72932.3
10756.1
20.9475
19.5404
9592.13
0
0
21.1863
4.60662
12.5486
37.03
12.3917
0.527007
4.4777
10.5816
0
10.4583
2.03308
2.9004
1239.9
17204.1
4.78498
3.18527
274.748
15349.2
11466.5
6.3683
12.1034
4049.12
0
25.588
69.8414
5.82545
0
32.4255
14.5601
1.23752
4.59374
13.8637
0
18.186
2.67189
0.44283
707.25
5064.85
0
2.07851
242.963
6789.2
5346.81
9.61619
13.002
2794.73
18.3203
0.280799
52.0262
13.6071
6.3261
12.7024
13.9869
0.343407
1.66281
14.0657
5.44859
0.314983
4.38723
0.858208
499.405
971.437
4.85166
2.61622
172.717
25822.1
6983.94
21.8093
10.66
2962.88
0.541582
18.8097
41.3682
29.1166
15.6799
43.6731
8.99572
3.55403
0.606239
10.2392
0
5.18905
15.6626
0.469934
383.977
265.424
4.92975
4.23609
95.8016
3994.66
10642.7
15.811
16.9562
2066.95
85.1982
9.10204
12.5119
30.7057
13.988
25.2787
14.3114
3.2812
1.63502
16.9209
38.1971
17.7913
7.0308
0.942217
286.335
45.7475
13.8172
5.07401
38.5083
3542.3
26841.9
38.7229
21.8581
1503.87
38.7683
12.7534
20.1471
6.37618
13.8245
18.3656
8.9718
6.92133
3.64376
33.5108
30.2954
0.195554
5.95161
0.920292
211.469
41.9723
4.7386
2.513
7.18342
3019.33
8133.91
30.527
45.8493
623.333
17.0792
0
22.1136
14.9693
11.5175
28.338
10.9967
8.11851
2.55639
32.3175
30.988
1.89857
4.97383
0.975195
118.826
100.735
13.7679
4.75449
4.20725
3396.14
12895.7
5.74173
52.4636
543.469
52.1794
5.20774
33.4177
40.5861
18.2689
37.3253
8.41788
6.83544
10.301
58.5064
48.9523
26.341
2.74749
0.965903
48.5726
133.092
24.6716
3.64149
3.12691
2563.77
9008.67
43.1184
68.363
765.265
16.3635
28.5369
32.4138
38.2244
8.74929
28.4644
7.37384
4.67146
10.2714
81.8905
4.21404
46.5378
4.87052
1.08158
37.9409
176.275
10.0077
7.25431
14.3367
1243.9
4851.29
40.1203
90.9292
1201.27
15.6624
55.129
51.8274
40.6459
32.401
38.8617
10.1303
1.7234
12.2744
156.354
12.8369
29.4127
2.25412
4.94667
55.0884
272.251
19.688
14.4239
24.0986
283.622
2848.69
87.6065
206.515
1013.02
67.9242
71.2538
35.6646
9.32139
28.7842
35.3373
2.56164
0.794671
6.75116
456.341
30.2507
27.7262
1.06479
3.83944
55.301
361.611
27.7805
9.53828
17.3941
194.825
1035.89
160.834
261.578
679.889
105.594
321.627
22.4562
10.8115
61.9324
70.8626
0.0107611
0.613917
0.630373
1026.12
35.7285
0
0
4.76106
64.0953
235.749
67.5723
3.21784
14.0084
126.73
316.502
391.991
327.942
615.749
1504.23
2991.04
611.011
17.4606
1637.74
1012.15
0
0
0.00831494
1336.52
380.195
557.2
0
1.9604
48.1312
198.35
1667.57
10.5978
35.5291
105.075
340.886
1455.38
284.868
104.764
155.219
73.2207
79.6181
147.841
169.592
30.7471
0
0
0.0229178
160.133
261.063
126.779
0.159539
0
34.9809
145.251
298.693
12.3089
18.8484
59.7186
291.851
397.081
127.873
99.4544
0
0
112.017
5.03288
0.39009
22.7551
1.17349
0
0.429914
130.085
0
5.94747
0.0298273
0
5.32469
86.2795
0.603513
37.0447
8.84642
25.1401
324.367
122.083
62.4236
119.867
0
0
18.4165
17.2022
2.43932
0.442471
57.6771
0
11.7935
123.156
0
18.9672
1.26516
0
1.01447
58.6631
2.26143
53.9845
0.636416
2.79382
476.303
18.8393
95.6907
225.246
0
0
0
37.7392
0
0
190.276
102.965
104.118
21.4786
0
0.326686
78.0893
14.7897
38.8213
163.848
0
92.059
82.4572
0
642.587
0
225.811
236.994
0
0
0
0
0
0
6.27196
117.306
62.2279
0
0
0
102.524
241.75
222.265
11.4277
0
21.0317
112.357
392.54
34.309
0
2.63306
8.24905
0
0
0
0
0
0
0
0
0
0
0
0
0
0.452601
2.01841
3.99235
0
0
2.34749
9.35425
22.8775
0
0
0
0
0
0
0
0
0
0
0
0
0
0
0
0
0
0
0
0
0
0
0
8.64003
0
0
4.41509
0
0
0
0
0
0
0
0
0
0
0
0
0
0
0
0
0
0
0
0
0
0
0
9.08863
0
0
0
0
0
0
0
0
0
0
0
0
0
0
0
0
0
0
0
0
0
0
0
0
0
0
0
0
0
0
0
0
0
0
0
0
0
0
0
0
0
0
0
0
0
0
0
0
0
0
0
0
0
0
0
0
0
0
0
0
0
0
0
0
0
0
0
0
0
0
0
0
0
0
0
0
0
0
0
0
0
0
0
0
0
0
0
0
0
0
0
0
0
0
0
0
0
0
0
0
0
0
0
0
0
0
0
0
0
0
0
0
0
0
0
0
0
0
0
0
0
0
0
0
0
0
0
0
0
0
0
0
0
0
0
0
0
0
0
0
0
0
0
0
0
0
0
0
0
0
0
0
0
0
0
0
0
0
0
0
0
0
0
0
0
0
0
0
0
0
0
0
0
0
0
0
0
0
0
0
0
0
0
0
0
0
0
0
0
0
0
0
0
0
0
0
0
0
0
0
0
0
0
0
0
0
0
0
0
0
0
0
0
0
0
0
0
0
0
0
0
0
0
0
0
0
0
0
0
0
0
0
0
0
0
0
0
0
0
0
0
0
0
0
0
0
0
0
0
0
0
0
0
0
0
0
0
0
0
0
0
0
0
0
0
0
0
0
0
0
0
0
0
0
0
0
0
0
0
0
0
0
0
0
0
0
0
0
0
0
0
0
0
0
0
0
0
0
0
0
0
0
0
0
0
0
0
0
0
0
0
0
0
0
0
0
0
0
0
0
0
0
0
0
0
0
0
0
0
0
0
0
0
0
0
0
0
0
0
0
0
0
0
0
0
0
0
0
0
0
0
0
0
0
0
0
0
0
0
0
0
0
0
0
0
0
0
0
0
0
0
0
0
0
0
0
0
0
0
0
0
0
0
0
0
0
0
0
0
0
0
0
0
9833.85
8505.42
9886.36
9591.26
6032.04
9013.12
8861.44
9691.7
10011.1
9893.1
10145.3
10043.4
10373.4
11020.7
9423.89
9019.04
8743.03
9338.16
9844.53
8831.89
9564.76
11358.3
10962.6
11294.7
10870.1
10153.4
10266.9
6311.21
10085.8
10727.9
9700.73
8633.56
8375.89
8080.48
8151.18
6679.78
8870.73
8931.44
10013.9
9837.53
9845.92
10991.7
11691.5
11276.9
11614.6
10864.5
11520.8
9961.74
5412.81
8423.15
9368.4
8650.23
6970.95
9854.24
8783.68
7436.47
8986.32
8374.04
8606.75
9682.02
10250.6
9899.45
10051.4
10694.6
11891.9
10786.7
12021.8
11855.4
9027.17
11287.4
9808.69
10501.1
11084.2
9354.26
9885.68
10169.4
9513.12
10607.9
10265.1
9938.73
10213
10467.4
10798.1
10690.2
11239.2
11228.2
11448.5
11208.2
8719
9582.26
10846.2
8715.43
10353.9
9566.68
7770.01
10076.7
1167.12
72.1612
162.122
739.669
736.628
0
106.878
163.816
240.893
339.37
0
22.7015
143.122
535.895
69.9546
908.026
65.4445
1335.96
1011.13
1455.84
179.185
124.548
64.4481
66.7564
910.23
1373.09
1059.06
57.2438
67.3135
53.6317
55.3334
1068.95
91.5172
588.056
91.292
623.825
65.5418
24.7931
103.572
1143.85
653.711
146.21
205.081
83.5651
391.087
529.731
-1.42301e-14
105.189
136.026
422.036
1237.13
152.422
127.153
71.8199
639.428
56.9234
913.851
931.602
1133.07
82.4331
82.262
225.601
68.9043
1534.28
1046.31
1113.59
90.2871
129.189
111.308
117.53
105.46
1210.12
234.951
902.756
358.773
259.797
64.905
34.126
481.2
206.474
69.3604
36.327
17.3652
57.484
218.895
109.396
0
102.996
143.976
16.8574
127.093
107.541
25.3921
99.5141
11.9696
96.3074
90.3549
199.124
77.8453
59.0366
94.1282
93.8748
56.2178
4.01816
137.628
70.958
65.3909
0
105.591
1.15236
43.4673
46.7903
170.461
4.05397
51.8798
77.4157
82.3074
77.4966
21.3341
63.0133
61.3272
68.5591
64.0797
115.538
156.663
135.118
188.289
54.9273
65.1681
48.3125
23.9909
29.8584
50.8206
161.759
135.981
177.18
95.8921
76.5637
133.811
70.9736
0.110845
110.472
34.484
60.4008
5.42499
72.8327
51.4635
102.269
68.5754
82.247
24.4295
104.908
115.622
55.1824
146.082
158.375
182.604
42.6183
18.6577
156.547
37.7736
51.0655
44.0776
0
15.9396
30.6063
26.0558
57.0539
145.88
141.897
18.149
71.8189
35.5656
18.5377
55.4591
65.1615
47.4358
57.388
19.4841
26.2053
81.8285
75.2009
76.1578
141.203
149.674
60.0909
59.1771
0.145167
112.658
73.7796
69.2221
-1.11501e-16
69.4118
5.66737
33.6995
37.9529
111.209
1.04282
65.7157
138.331
65.145
92.2585
15.5
33.2904
76.6243
55.518
50.5501
252.287
96.668
101.349
213.037
190.293
48.9653
78.7854
7.58254
47.9956
76.4
252.266
138.762
156.402
164.439
76.6959
42.5897
70.5994
7.74244
81.9946
48.8432
37.5019
12.118
80.0532
69.0226
94.1742
73.157
119.401
31.7685
78.4928
43.0744
75.9279
153.705
135.239
190.37
38.5886
54.6819
88.5994
45.816
36.9159
36.4219
35.3384
12.3251
33.8672
58.0677
45.726
54.6392
101.024
18.7904
54.2566
67.7595
18.9251
69.8807
114.307
54.6319
51.2714
8.6757
30.5418
42.7379
61.3866
74.4513
80.8852
111.185
43.8113
66.1861
4.4979
108.482
50.067
41.0501
30.4584
82.4511
10.839
71.9828
45.8394
55.8841
91.9234
67.6246
83.02
91.785
71.9665
14.0177
84.4248
74.2217
0
65.6361
183.804
231.914
68.4909
171.149
151.879
44.9209
79.4577
29.8852
30.5601
53.6084
215.999
127.432
177.793
109.325
78.5156
50.0758
82.6256
6.05925
145.56
23.9527
53.3036
0
115.179
50.6786
45.701
29.1327
108.824
12.7877
66.6957
14.1306
53.5586
98.1145
208.62
146.798
77.484
78.075
76.692
11.1058
30.581
12.208
18.5596
25.5412
22.7863
12.5002
22.0111
108.354
62.1931
27.5404
57.409
59.987
-1.70494e-14
45.822
75.2797
20.4935
85.2703
19.6107
31.1396
73.6987
77.6545
147.673
75.1264
103.858
39.7479
68.2815
20.1027
93.6685
36.5209
40.514
26.5246
77.0495
35.6444
37.9725
33.0951
55.3402
20.6006
52.059
83.3392
59.6907
59.8665
28.5432
54.1024
50.9554
5.02748
28.7197
104.933
96.8387
76.1561
97.2892
177.931
35.8258
107.808
47.4806
39.7149
55.6925
216.14
59.8349
103.328
244.428
53.0501
48.5358
52.8412
0
93.0401
51.3714
32.7744
0
57.5331
46.3821
63.0592
28.9924
53.7384
7.83028
97.3269
46.1252
55.4162
122.96
148.817
186.642
24.9223
14.0936
98.5319
31.4855
12.0145
30.8971
34.4778
15.528
33.0657
5.61376
71.8056
124.38
135.754
0
39.6835
9.46275
0
56.8628
12.2134
41.8539
35.0799
0.576814
9.95616
30.1829
84.7789
82.7623
45.7573
91.9409
48.7248
26.6228
0.297604
134.288
49.3079
79.9759
0.0893165
110.954
31.8674
37.3452
46.4111
61.8727
1.22565
46.9265
112.994
85.6067
38.149
13.5219
31.0572
77.0101
0
58.2649
141.959
80.8074
836.747
60.2656
32.1275
75.5758
34.052
10608.5
7616.53
12940.1
9.46546
71.571
13.569
233.815
41.8126
38.046
0
31.7296
36.652
944.788
44.3002
202.894
178.227
53.8034
49.1487
8.25179
15594.5
2624.88
13750.8
24.4595
189.22
5.35551
105.498
90.9046
43.1526
0
55.3558
52.3191
33.5043
11.7198
58.707
20.6055
77.078
49.991
78.6121
5.63305
43.7505
44.39
109.068
87.057
129.619
143.906
65.3064
0
105.224
63.7418
27.1644
30.3529
0.631163
47.0768
10.0276
0
102.848
132.549
79.8492
0
50.4897
38.4177
38.6738
55.9967
107.864
41.8481
46.133
0
27.2965
62.7168
43.1821
56.2218
59.9625
75.7736
80.6743
38.5629
5.74469
168.327
87.0608
47.7892
61.0733
88.9468
6.67467
31.9588
57.3385
31.9683
2.06984
38.4274
71.6946
0
50.6065
0
0
0
0
0
52.1192
36.2177
71.9117
105.491
18.696
137.197
14.2254
39.3144
18.9802
47.083
18.0558
45.2011
22.4574
0
0
0
0
0
0
0
18.3813
43.965
24.3436
16.1256
41.572
47.6783
49.5727
18.4744
132.602
49.1349
92.1998
13.8731
0
0
0
0
0
0
0
39.6062
87.3633
14.274
73.323
13.1173
41.9807
17.7455
73.5221
61.9611
40.3815
50.0305
105.32
5.84203
32.2688
52.8846
57.771
0
102.421
0
0
0
0
64.8333
101.938
43.2591
-1.69855e-14
115.541
15.2571
18.9873
28.7299
3.48152
14.942
23.5441
1.69102
31.3919
75.059
143.806
41.2843
33.6981
131.278
-1.79628e-14
75.6563
98.638
43.036
23.6333
0
20.4626
40.3658
76.7052
72.6917
89.9051
70.5011
81.5718
34.6772
76.2967
102.796
51.2749
48.9928
61.3887
43.3263
11.5454
23.0835
24.3051
51.8026
0.672465
33.6864
30.5193
0.587027
67.6641
0
0
0
0
0
88.3412
36.2339
152.874
56.1944
36.2189
80.9475
8.43852
46.1016
24.2272
40.9907
4.27829
51.9132
42.7193
0
0
0
0
0
0
0
27.4504
72.1534
0
51.6385
108.117
67.5027
48.5374
24.6805
110.609
63.9307
40.5497
7.13269
0
0
0
0
0
0
0
47.4602
90.8634
0
107.342
88.1641
24.3983
6.42175
92.4378
64.2325
21.8247
88.5029
48.0455
62.8056
30.0556
67.7254
22.9258
0
77.9199
0
0
0
0
126.446
169.865
30.5412
-2.93045e-15
102.824
37.8606
19.0335
28.3119
0
17.7567
17.2706
0
35.717
132.53
69.5236
60.2181
78.499
71.2486
0
61.8181
63.7746
34.1348
62.9384
0
66.6529
92.3749
97.4855
109.771
74.1825
112.174
71.6233
41.5375
56.7326
66.0399
49.8201
33.1492
35.7546
101.086
0
60.1873
60.2599
49.2958
18.1913
52.1954
42.7657
67.187
84.459
0.639253
35.752
66.5868
0
34.9739
15.1617
86.1691
59.5574
52.8839
0
75.7485
50.4711
0
0
0
0
0
0
0
99.957
94.514
19.6149
62.3157
98.0103
76.6789
41.3124
5.77995
124.228
131.925
44.0214
0
0
0
0
0
0
0
0
83.2104
104.028
12.7651
102.705
65.5118
97.1492
12.5405
62.51
49.9339
39.878
59.8464
60.7514
23.8488
37.3899
61.2706
70.1186
54.5506
178.522
211.006
31.6714
0
147.83
32.9348
36.0978
20.6541
0
0
14.7326
0
32.8638
17.1959
51.1445
19.2907
37.4136
42.272
42.4653
52.2663
18.9766
42.6454
79.7809
0
36.5188
34.6391
123.67
45.5067
72.522
26.2649
32.0067
29.692
22.3802
56.9746
55.9228
26.825
36.7474
33.2252
17.3467
45.191
8.76994
61.5019
5.33251
40.1499
52.4505
16.7642
64.0428
0
23.3662
54.4279
0
5.75815
103.937
68.5443
50.0128
88.4226
83.7208
39.6056
16.2867
55.4683
40.9332
41.07
158.723
40.5068
98.9617
219.885
33.6877
53.2157
106.48
21.2266
41.84
39.4265
30.4977
95.9455
34.5959
30.9316
22.1186
28.7922
78.5483
35.3022
32.7133
55.1325
105.002
90.1628
227.299
274.234
44.5696
37.2127
125.968
46.9019
-1.24563e-14
12.4747
0
14.966
6.33878
2.94989
36.3484
39.4108
47.738
33.5441
49.8509
19.185
45.6972
42.453
19.5298
22.5477
66.6734
0
20.1114
23.5503
80.1382
49.843
56.3039
23.5212
89.4936
23.3294
93.2928
63.0879
105.427
25.0041
117.23
59.641
12.019
33.2773
35.148
115.61
0
20.471
61.3794
104.003
24.2362
0
2.81952
28.9834
0
18.4791
85.8198
70.2361
38.773
59.0061
107.836
24.2337
33.4449
36.8078
36.2972
32.1419
323.466
43.0147
129.005
218.538
50.9933
59.9199
39.4191
69.1747
67.2794
38.5294
10.6342
20.222
53.5075
56.492
28.7527
56.4715
108.051
20.8656
46.1575
66.3087
52.7597
83.0903
168.612
163.565
40.4413
18.0557
101.007
40.0708
33.0551
12.7912
19.5303
15.5274
19.298
0
42.7047
47.6727
32.2075
12.7399
53.5397
9.01259
38.3188
42.3246
26.1495
27.1475
35.3134
0
7.90191
19.2874
54.2828
7.96591
45.5947
17.3316
54.4965
26.8856
131.29
75.8607
58.7267
32.2241
74.7775
39.304
4.88278
34.6697
43.5696
21.4441
5.68063
21.8687
67.2382
108.982
49.6862
0
15.2001
19.1372
16.6988
12.6306
83.0475
134.603
43.4021
66.0704
64.4285
8.4811
30.2597
0
12.6167
22.0865
196.574
104.122
186.632
176.24
93.6071
56.9029
64.6859
11.5244
91.1318
36.2757
33.9214
11.4287
60.5126
55.8573
25.9716
44.8062
55.0049
11.1233
49.1322
57.9613
76.0715
96.7292
145.814
87.565
30.0404
38.236
86.4102
23.8708
16.9711
12.8221
19.3881
0
25.33
0
58.5014
25.7194
40.9554
19.3047
49.7267
27.6097
-5.96018e-16
32.0259
12.0031
17.3337
29.6263
0
9.21657
4.78216
13.6955
17.113
46.7693
60.1861
26.8066
31.3632
26.277
61.1369
24.0627
23.4863
34.0636
60.0054
0
32.562
37.1267
52.4518
5.7668
46.4489
64.9534
64.5186
6.51394
3.69746
4.28786
13.113
0
4.05067
72.8662
53.6893
57.6168
68.7436
144.819
37.4375
9.0272
0
7.24189
19.488
149.247
78.3139
165.868
225.431
62.0262
42.915
42.052
7.80437
52.1849
56.7821
39.5788
2.28391
39.5543
48.1061
47.9106
75.697
42.7768
10.7845
48.0149
46.0447
55.7116
93.3428
112.945
119.273
31.0502
16.73
68.4913
16.0073
16.3096
6.50949
11.3178
15.5166
51.3555
18.9452
61.6147
64.973
41.8233
0
28.6626
16.0717
0
43.299
19.9387
16.2131
14.6915
0
4.67315
14.5911
8.51556
16.7891
24.086
55.7088
31.7488
38.5623
47.9213
67.2195
39.0795
32.3818
20.1734
51.8015
3.62451
50.9177
25.1741
51.1938
6.6823
53.4244
34.2368
53.9839
23.934
0
11.5808
8.30436
0
10.3479
56.1282
72.4684
26.1412
54.0863
70.5025
10.9676
15.3938
0
11.7106
20.6329
270.465
63.3392
197.73
189.913
86.5121
30.3614
10.4075
46.1242
69.1743
43.2701
32.1425
73.9222
47.7734
49.0194
35.1343
64.6996
92.3594
10.3048
45.2663
33.9226
90.7888
125.948
146.692
166.792
34.4305
0
51.1611
25.8693
0
4.06469
0
10.4485
29.6067
0
67.8061
47.0396
39.5387
0
34.8638
24.7016
0
43.1894
34.7984
4.68897
23.0351
0
19.0382
36.5095
14.1355
5.78546
25.0649
64.4958
67.1158
32.8454
15.5126
63.2675
26.9653
19.6144
14.6148
49.7059
5.72868
46.1358
25.7967
55.2086
17.098
37.2875
30.9889
38.7161
32.2964
0
10.5232
16.7345
0
13.6725
63.4914
50.8802
45.7426
59.4359
42.2051
6.96916
2.69729
0
-3.80746e-15
12.6044
243.974
61.4737
215
244.468
44.2443
50.8006
51.6741
60.5438
57.1316
52.6907
26.5646
28.5106
34.4093
70.0121
24.4711
59.5949
49.8497
0
34.3804
57.9279
48.7939
98.2362
95.9162
56.6343
29.0652
49.5989
99.6294
18.5842
-5.02339e-15
6.33946
0
10.448
22.9019
0
86.377
68.8597
35.0892
0
50.4848
25.1771
18.3605
53.9472
13.6989
13.3996
33.484
0
10.8937
38.1718
8.97495
23.8153
24.1247
41.8732
30.9501
10.0195
9.00015
89.4344
48.1829
36.0897
23.7423
22.5001
28.1244
33.6834
38.0618
31.1966
25.6514
34.2483
37.0541
67.171
20.0408
0
20.0761
11.2049
0
34.5083
41.9022
59.3133
46.0698
47.826
63.9252
4.34394
19.6685
0
13.3575
19.2024
264.29
60.2198
246.937
260.481
53.9833
3.4601
19.6524
25.7584
65.9114
19.3168
39.8006
14.9119
42.1932
39.3672
40.1379
73.5244
53.4936
0
24.4941
51.176
99.9128
42.7978
101.761
66.534
31.0825
16.0215
53.9174
31.4556
0
20.9206
0
7.20552
10.1188
0
86.8897
55.7842
89.4809
23.225
41.0509
40.3537
18.1162
33.8272
55.5444
34.8572
19.2693
0
22.4707
17.1094
23.1324
40.1771
40.742
48.4173
45.2292
26.3569
18.1353
96.828
60.186
27.7549
6.62958
42.7275
32.3837
29.8192
18.642
43.3283
22.9951
36.693
61.6218
23.7812
29.6338
0
24.7496
16.8586
0
36.5584
56.9923
45.6742
27.2424
65.8887
68.2584
14.3642
36.1979
0
4.73575
16.917
235.797
44.0798
242.352
360.354
58.4368
9.09735
30.4415
26.7794
24.9369
53.8262
17.8457
33.1604
47.6729
43.6078
15.2359
41.6963
56.1689
10.9383
24.5679
43.0504
70.861
62.4466
60.0059
92.7967
15.5348
48.0363
50.0072
37.8023
0
35.2451
0
19.7689
40.6878
0
65.9173
146.591
64.1786
18.0315
38.5984
36.733
-5.09754e-15
38.9877
17.1001
6.44177
19.5387
20.8213
17.5443
43.7442
29.5238
27.0972
70.3822
101.55
56.6764
22.9338
21.8212
68.8698
58.9267
34.5015
3.58958
59.5724
42.05
5.47049
14.4436
38.5859
44.5227
27.6026
8.24608
15.4184
22.8768
0
23.0809
15.0205
0.751246
12.6448
54.0231
106.557
12.4403
80.0464
104.3
9.90277
43.1143
0
16.6322
33.9815
404.952
49.6779
351.465
453.859
39.4159
9.32269
6.48013
12.8096
41.7864
21.6048
34.1537
14.4302
84.7633
19.7142
26.9964
51.8658
97.0459
2.77844
11.974
23.8767
66.1668
42.6007
52.821
112.553
14.6396
31.8336
66.866
18.9304
0
21.9402
0
22.2183
29.0923
0
60.4097
106.574
105.594
0
38.6292
26.0403
-9.00934e-16
39.1692
27.0941
16.4363
26.0266
20.5969
14.4153
10.3618
22.7982
8.5122
62.2204
64.018
35.29
44.3183
14.1707
90.0578
33.7651
29.9663
30.5071
51.4752
20.7642
23.4881
24.9848
66.975
29.9339
15.7006
56.2072
30.7897
26.981
18.1002
28.0472
82.5563
18.2816
30.9369
48.6052
88.9535
27.6851
109.865
94.3104
14.9045
27.9357
18.4249
16.5474
18.4837
403.903
34.092
339.205
361.467
39.469
32.0839
17.8652
1.23581
67.1074
27.8539
25.4913
0
79.122
17.1955
19.2889
57.2979
49.4567
0.164193
31.6293
23.8944
75.2226
63.418
71.4476
102.236
14.2407
0
120.855
31.1267
16.1752
25.8202
37.5254
13.172
15.2762
7.47246
63.433
38.835
105.198
17.641
41.0236
48.1188
0
33.6448
66.1516
9.62581
10.3653
20.4896
4.77929
30.1532
36.6921
57.1594
72.4849
68.4339
23.8341
12.0838
46.073
65.78
28.6966
49.8241
56.1418
74.5823
25.6152
16.7939
20.4072
63.1874
34.848
15.4
27.9912
41.4187
2.67992
0
76.2322
55.4748
0
63.0058
82.9375
91.2126
34.9698
78.7212
86.6694
27.1759
49.4585
0
31.6104
76.6719
340.681
62.5994
385.107
306.762
56.4401
74.3806
55.8483
0
91.6046
18.4644
25.6458
5.83334
73.2554
37.4735
21.8767
65.3392
75.7054
10.5346
1.36772
56.2351
49.8022
82.5607
121.838
84.9146
13.7201
-9.40935e-15
156.712
17.3511
0
0.491227
0
5.66921
21.6111
0
74.9094
76.9197
66.3696
17.3463
56.1014
86.639
17.5875
48.6247
65.7818
23.3142
31.6647
20.2151
35.9367
56.7521
37.7549
84.7444
49.6906
65.9787
33.0425
29.5212
32.1633
78.331
29.5611
28.1483
34.7386
90.3202
27.8878
22.5807
16.872
71.7399
34.2886
40.0154
31.3908
54.3897
16.5521
0
24.5207
27.5519
0
31.9829
105.086
73.2663
52.0956
114.953
114.01
50.648
40.2065
0
31.9091
21.2296
353.354
72.4908
498.841
296.604
41.8741
49.2565
66.3611
25.1323
82.2004
53.2778
34.1766
9.3043
64.1821
26.6373
29.3066
47.4315
72.8923
5.39484
11.9515
72.8928
55.0894
72.9648
86.8554
187.465
43.1146
0
124.578
29.5272
0
47.6502
0
0
9.83395
0
106.321
120.065
10.426
0
77.5466
62.1673
0
62.1857
31.8183
79.7061
41.2563
23.3548
58.9153
42.9005
89.919
47.9728
50.4479
102.162
30.3192
49.9985
22.0434
28.5873
29.8003
65.9335
24.3839
54.0858
90.1013
16.967
28.7183
72.8887
80.9033
30.1902
61.6716
45.7264
16.8737
0
4.17201
23.3861
0
29.9441
144.614
80.6216
75.5788
125.882
98.7535
46.8662
81.2446
0
37.6733
46.2039
227.17
84.6076
601.862
305.022
123.118
31.8365
30.5506
49.9743
48.4332
52.8269
30.3594
54.6229
55.564
71.3932
34.7315
99.5849
65.0687
0
48.9151
75.8056
74.5429
94.1592
149.188
94.0501
26.0413
16.1771
139.724
26.7749
16.8236
64.6663
0
22.4668
55.1707
0
140.229
57.6028
56.3408
0
29.533
15.4705
0
40.2249
23.1872
16.8437
49.77
0
7.57012
44.5513
25.8898
8.89734
82.5426
65.9662
61.003
29.5455
23.4532
63.4428
39.1631
9.6871
16.4277
61.9372
53.6675
87.7412
35.7604
61.8943
132.582
36.343
112.803
36.4485
42.978
0
41.1375
34.5671
0
66.494
138.911
81.632
42.7536
108.292
215.753
42.0698
14.6474
0
50.1119
28.5178
250.452
84.7602
617.555
310.986
90.4328
36.5001
26.2492
34.5206
45.6256
48.3136
28.1236
21.029
40.9924
41.6294
61.6038
103.471
64.2308
5.3132
46.216
118.743
94.6791
50.9557
142.802
119.765
20.114
0
116.142
35.9396
0
63.1503
0
20.5101
96.9677
0
112.895
65.9692
58.7883
0
36.5575
13.1054
2.05508
31.6319
26.4947
14.2716
39.2011
2.38538
35.2175
67.6974
18.998
30.3789
52.2401
72.2825
35.8541
35.9763
22.9557
60.9255
47.9639
63.4789
4.45714
77.3022
106.486
67.2513
33.1001
42.8768
48.3206
22.9372
55.6725
54.4538
0
19.9546
16.2191
14.8028
18.6595
19.3527
141.887
120.998
53.6166
111.4
146.15
28.9958
48.7011
0
45.936
29.9997
334.233
99.1152
748.288
368.605
121.379
31.9941
87.452
18.0221
18.9553
98.8094
16.3748
26.891
16.6298
49.5958
68.3767
169.009
67.387
10.934
50.01
110.378
92.9826
78.333
114.1
57.4431
28.7064
0
87.6084
3.39729
0.66024
82.7305
19.2516
28.1846
69.9064
0
100.12
75.532
68.0313
0
42.1551
44.4104
0
62.6317
34.3882
17.8784
31.6544
14.8262
7.00317
18.6694
14.7878
24.9022
68.2654
51.7248
62.5545
45.6663
14.8847
54.4049
52.1816
33.6752
32.5161
76.7867
17.5827
16.7095
31.1737
57.184
5.10829
36.9955
43.308
34.3365
11.81
19.2656
18.2922
12.0451
0
19.372
129.437
193.694
43.0784
98.6159
189.175
9.37426
5.90869
0.695371
30.2605
35.0048
265.316
160.208
754.756
257.771
164.054
37.9819
12.4685
38.5428
9.09426
42.8195
28.7
14.3141
12.1008
42.42
50.0989
98.9227
54.6193
9.46599
69.1587
77.8045
88.3609
124.862
33.8783
108.761
8.63314
16.6632
100.005
16.084
0
75.4166
0
21.5049
68.7721
0
109.224
71.8068
72.3308
0
79.1193
20.5629
18.3759
66.0817
10.2972
5.0666
14.8755
0
0
14.9213
5.91622
68.2895
10.0838
46.6039
35.5299
59.0485
11.2129
23.4301
20.5175
38.3308
10.4391
30.1499
33.8489
23.7657
30.8736
72.2419
36.7914
28.3542
20.0825
17.0532
27.3914
19.3871
39.5092
18.2042
19.1568
38.0723
170.735
124.318
27.4772
171.635
183.745
15.6916
6.81193
0
6.70151
15.9638
272.719
150.889
716.873
242.864
178.024
9.67674
59.8522
16.2064
58.775
33.829
41.5198
5.34412
58.8012
32.0568
96.9437
137.39
94.8565
32.8845
107.628
109.013
85.182
78.5027
69.1426
75.9968
0.261742
0
110.244
39.7182
0
51.1756
0
28.298
40.7814
0
111.458
53.9989
35.168
36.3389
49.5675
9.13187
0.625761
40.9518
9.22558
8.01411
0.310812
13.2808
11.7704
32.0658
23.0881
32.1499
46.0856
15.2175
49.381
54.9375
21.6514
29.9904
31.9596
32.1116
24.164
21.725
33.8268
43.7651
16.1249
34.5695
28.3244
42.1857
24.7626
10.1974
39.0671
-5.78502e-16
48.7779
18.4022
0
27.0509
155.495
89.3324
17.7814
126.741
187.079
12.4587
24.0508
0
39.0551
23.7806
157.123
192.977
685.815
245.062
191.417
31.6461
46.0829
10.8033
25.5341
36.1342
10.0452
0
30.097
41.6678
111.826
115.89
65.3985
38.2572
121.532
111.228
129.018
108.159
54.3724
58.7727
36.9827
0
138.846
31.532
38.0655
22.0975
0
22.4279
62.1988
11.8871
135.068
54.939
20.1764
0
4.94908
32.5114
0
36.6138
25.3993
20.2531
33.4139
0
36.179
35.563
17.9594
25.4575
43.0953
10.3476
25.9815
40.4081
29.7563
16.011
21.7771
26.1632
13.9226
39.6403
15.0874
14.7906
5.35246
54.9687
35.9059
29.6239
26.7794
50.3144
14.4298
0
12.1715
18.977
0
19.9581
142.963
161.038
29.0322
143.024
222.527
20.1534
39.0879
0
14.3358
55.262
301.466
320.574
953.783
333.82
302.38
11.7515
63.1358
21.2917
65.3243
8.06347
18.3212
26.1364
35.1687
31.9101
144.185
132.274
119.412
38.8544
153.215
156.63
101.417
73.6734
57.376
27.4313
51.2638
7.91476
98.6533
37.9297
0
78.3539
32.5356
9.77413
55.5761
-6.15045e-16
102.983
60.2105
44.5814
0
38.1616
17.9531
15.5572
42.558
52.359
27.3962
6.50196
0
7.40712
2.28472
25.3749
29.977
30.5717
18.6504
30.3934
23.1098
10.4365
-2.17074e-15
26.9684
29.6887
13.1676
39.1846
44.0989
30.9166
28.723
43.7799
23.0115
19.2888
19.0543
39.8119
26.419
19.9602
19.4651
25.4161
19.9477
34.606
178.756
220.225
35.6976
150.612
159.654
52.6635
15.417
0
21.8756
23.942
477.018
442.619
1296.84
306.102
497.94
26.0706
40.6153
10.7694
15.9706
31.4104
14.0584
15.1777
37.0952
22.2984
188.156
157.028
88.4501
106.828
256.269
192.589
175.605
122.683
29.6414
32.0866
70.6385
0
97.6074
72.7567
19.6338
110.495
0
42.8509
48.2392
0
111.63
17.6973
21.5669
4.03355
25.1315
24.7585
0
30.9615
13.248
19.7875
11.1638
1.3727
1.93631
28.7152
42.7213
17.1109
20.5285
10.0692
23.4696
24.7826
9.27501
0.347562
21.517
13.921
17.4865
29.3763
61.3092
38.9314
39.9896
21.4229
142.435
49.7784
55.5013
44.5815
21.349
0
16.9969
6.35588
0
9.85996
150.459
101.61
37.6798
136.755
153.778
5.78172
19.8677
0
7.11765
17.4138
436.574
538.216
1032.2
553.323
783.927
27.1103
32.7849
17.2742
24.8202
21.566
13.0874
5.22767
13.0925
40.756
314.409
214.26
178.997
74.91
398.853
243.972
319.531
227.991
71.4863
80.6852
40.7395
0
61.6276
54.0161
0
51.126
0
55.4576
63.7215
0
77.6193
0
0
0
9.66731
9.53636
0
29.2023
14.6755
23.8367
20.1377
15.3971
25.6046
20.5566
53.3865
27.8002
3.36636
38.9733
6.38542
25.0898
13.6653
20.9481
8.8137
20.0082
17.9553
56.1945
24.6632
61.6637
15.4296
34.1407
61.3905
80.7389
4.92819
66.1423
16.3584
0
20.9946
8.1996
0
9.39935
141.574
151.174
47.0573
162.886
179.301
22.0505
22.0356
0
34.5149
32.9869
666.352
1516.09
1134.09
879.228
1976.48
10.8366
37.6146
10.6975
43.7555
46.0495
20.2772
0
30.7843
42.8841
494.207
213.677
414.77
61.7149
724.284
252.872
577.839
909.697
27.5836
26.5166
42.948
0
158.196
77.3553
0
45.5328
12.0952
114.279
95.3345
41.2022
118.885
10.0609
10.6334
19.5436
26.126
40.718
0
23.0125
25.8397
8.69355
6.22188
32.6537
6.58998
18.944
31.7158
29.2202
11.2962
25.4648
6.26278
5.89073
10.1006
8.55488
12.0462
15.9842
0
14.2236
88.367
68.7741
27.575
41.8192
55.5509
68.6702
39.2547
41.3667
6.43931
0
19.536
3.43632
0
4.286
181.112
266.055
45.7361
191.049
285.737
13.4982
5.05478
0
17.0402
15.9416
1000.95
4377.99
2341.89
1429.34
6380.35
25.2752
4.17943
5.54877
9.2352
50.5091
13.2256
4.9743
18.405
35.9041
1401.41
335.756
1222.17
58.8518
1767.6
525.187
2766.24
5461.35
58.7037
44.369
36.3543
41.0798
83.7321
44.2077
20.3724
131.713
35.3062
142.244
146.822
20.6264
263.388
0
42.0118
20.265
5.99093
31.0864
19.7633
0.231036
12.4638
16.9087
31.4157
0
4.80964
23.1425
48.4154
55.0916
7.21658
11.0841
8.14946
15.1375
10.1912
3.51884
11.9216
4.98232
4.69364
24.166
42.1421
53.7734
23.6229
12.9417
17.8648
57.0864
20.4921
16.4059
7.51434
0
13.8646
4.31522
0
-1.59863e-16
218.891
330.03
82.7623
241.939
553.118
0
6.46854
0
5.16026
6.42807
827.315
8299.51
4456.13
1227.83
11655.1
17.2844
10.9319
5.21047
37.6842
33.7919
6.87866
0
34.369
50.5501
3144.83
886.254
6673.56
237.396
6839.72
2022.63
7395.08
6856.11
28.1771
56.879
56.8132
20.7379
67.9837
65.7539
0
214.303
41.0688
123.23
282.281
48.58
1077.51
0
0
0
6.11947
5.03518
0
15.9574
4.89487
0
8.4656
0
8.00274
12.8713
10.6464
15.4733
0
0
11.3972
9.67914
1.13479
8.98974
1.69791
9.69388
5.62723
42.625
9.34254
40.6935
33.3266
39.7682
9.93066
30.9608
55.5885
46.5826
0
-6.36469e-16
5.0308
8.93686
20.8875
5.08422
274.175
527.467
84.0116
336.513
654.936
0
6.5675
0
3.42457
0
2268.66
11715
11376.9
4119.41
5085.35
0
0
0
19.6194
39.3004
19.8491
0
35.7907
19.4763
11620.7
4309.69
9191.58
1772.8
24319
14093
12722.6
5948.15
12.7468
20.0787
78.4343
20.5054
35.1818
154.594
20.2538
553.01
36.3769
118.757
725.025
85.3225
5954.59
4.61246
10.6736
19.2744
5.89848
13.1028
0
10.1478
11.5936
12.9799
4.3551
36.0595
6.9087
0
10.3582
11.5212
0
11.3418
16.3862
24.2145
7.56104
15.5995
19.2257
16.4591
3.67933
33.6245
6.21084
8.97216
5.34173
35.3987
4.99483
3.81925
21.4959
20.741
22.0155
0
0
19.5432
0
1.91655
393.879
807.248
36.1844
318.249
556.346
7.02495
0
0
1.85055
6.68382
16460.1
11980.6
16126.4
10046
7866.01
0
0
5.18807
0
7.07542
4.82019
10.1621
16.7164
21.8586
35080.5
18958.7
20735.3
8753.88
77866.9
35126
9289.26
8103.94
29.2461
0.362143
116.24
40.5364
23.5321
83.4581
39.2179
1311.73
53.8557
146.005
2606.37
71.2571
12263
21.108
48.4843
0
34.3963
33.8831
0
17.8387
6.07946
18.1263
0
13.6537
5.054
6.408
3.47811
0
54.9045
33.7894
23.2528
26.6789
24.0706
26.0709
25.2302
44.137
124.616
40.9894
1.61543
28.3336
0
34.6862
9.88015
24.3872
0
13.6016
7.27675
0
0
42.0458
0
30.6945
303.591
551.679
22.2112
263.196
294.431
8.75782
0
0
0
0
6385.22
7480.42
12900
3481.87
5316.4
0
0
0
5.4533
17.1046
14.5208
0
16.8362
2.83846
19466.3
10332.2
13356.5
9585.94
12969.7
3609.45
7554.63
7058.13
3.35379
19.9176
54.248
6.50938
5.4943
38.4561
13.6714
4145.17
91.3282
98.3409
5115.25
56.7151
11722.3
8.71823
41.6663
0
6.13281
24.173
0
18.7717
15.309
20.0975
0
6.38803
5.1882
0
0
10.8403
44.6484
8.80299
28.2354
40.08
20.8726
5.30653
8.84374
11.9154
32.5348
15.0837
0
26.6981
3.08758
22.7861
0
21.9397
47.0206
23.2526
0
0
0
36.9475
0
10.1476
123.561
170.222
7.90738
107.48
105.456
0
0
0
0
0
1469.54
27178.2
104332
2240.89
12706.9
0
0
9.77093
0.294016
14.2123
0
0
8.14627
10.0439
6257.31
24110.8
7374.95
43795.1
15961.5
9319.66
10289.5
7603.36
0
9.97807
25.6499
49.4838
11.0051
9.07183
25.2958
5757.6
66.4701
50.9128
5869.47
25.2661
7002.37
24.3222
43.2084
0
21.152
15.1078
0
24.583
22.4171
12.198
0
19.0802
8.43749
6.46087
0
0
7.60998
49.3921
19.6676
17.9162
14.1897
8.27868
23.8906
31.5184
33.1595
0.274364
5.04359
4.50244
0
17.1216
0
18.0058
20.7333
49.2328
17.5405
-3.68726e-15
18.6763
12.8404
24.6454
6.84446
91.0171
51.5261
20.7975
35.526
40.4868
0
0
20.1815
7.32315
0
1727
260227
15178.2
777.86
59730.7
0
0
7.98965
8.42298
9.11747
4.85951
1.75347
16.7705
4.41686
2630.66
14023.3
14137.8
30559.6
22075.7
39077.8
5719.52
7093.11
0
9.984
15.2338
17.3218
15.8767
4.19513
0.633109
4993.99
43.0764
14.6313
4796.36
3.40339
4957.92
18.7307
29.9224
20.5954
34.4744
27.2037
19.9141
18.0759
20.1935
5.297
2.2203
0
15.2835
4.2063
10.9787
0
11.4596
24.4677
6.51896
22.6978
40.2414
15.7178
36.5344
29.4453
20.4437
5.49318
0.515678
6.39252
1.4494
15.6598
0
11.8933
20.2998
32.7744
12.7235
16.2136
18.7009
11.9831
0
30.233
32.0192
12.6407
21.0006
23.5828
34.326
8.78082
6.7785
0
5.28581
6.77169
645.639
10552.8
8082.24
568.376
15072.3
0
0
0
5.49297
1.71761
0
0
0
0
10464
18339.5
6237.81
16012.2
9667.49
110292
3044.84
6352.19
0
9.82293
5.40429
0
10.4198
10.5686
33.6292
3138.28
28.258
11.6791
4310.2
12.2791
3407.1
16.4101
25.5525
32.7857
17.0215
47.096
6.02883
27.854
32.1111
10.1141
10.5611
2.22657
29.7045
2.02455
0
18.8284
2.08633
32.0759
31.9961
12.6061
16.5135
10.7739
26.3452
34.9473
11.4796
15.5857
5.1108
3.50794
4.3738
7.72855
0
9.77127
-2.47161e-16
34.8278
11.6875
40.497
27.0339
26.1638
-3.67153e-15
58.8928
18.4443
32.8112
28.6916
9.21647
25.5312
10.6672
0
0
10.6447
17.8798
348.182
15996.8
2273.32
226.387
14452.8
0
4.67407
5.09653
0
4.00529
3.10895
0
8.38104
5.22318
23357.5
48027.2
14259.4
8986.05
28095.9
24556.1
8557.13
4670.42
20.3531
9.91184
0.60223
33.5508
23.606
3.89792
16.4134
2699.49
17.637
8.41596
866.598
14.8624
3096.59
0
18.7613
0
9.31857
14.9113
19.165
57.1551
26.78
8.92286
25.5017
19.5631
15.9421
31.3566
28.7601
3.33915
21.2423
34.3134
28.1224
24.3942
29.7044
39.6865
20.21
38.6746
14.9153
7.75349
0
4.40237
12.3569
0.35951
0
0
0.330558
12.7807
6.17169
30.6913
53.3828
14.0149
22.6693
17.1924
20.7711
35.3904
15.7158
13.0035
18.8017
15.6397
6.69332
1.23066
10.3474
0
119.325
3790.95
555.374
84.7481
6933.94
0
11.4842
0
0.489084
8.86534
0
5.05453
0.960982
6.45485
16590.6
94434.5
10227.9
8651.37
25524.8
43888.8
7699.14
6286.87
9.604
28.6295
13.873
16.1596
5.30284
11.121
4.98406
544.202
25.2368
7.23071
275.826
14.0892
2135.05
48.5187
0
19.0397
5.44619
25.107
0
17.4634
18.9587
22.8938
10.9499
18.7179
0.955797
8.67497
0.36641
10.2566
0
22.8957
35.6239
31.9039
12.7125
23.9584
14.1514
29.1104
9.6373
23.5939
0
3.93065
9.32123
7.4183
0
8.69496
7.06945
9.59048
17.8664
0
9.48371
5.22685
0
18.2618
22.9521
39.2356
35.0618
23.5127
45.1189
5.17315
12.3907
58.6964
20.7529
5.70635
42.6108
8914.03
113.824
80.0505
8691.34
0.377547
13.2591
8.29004
8.29206
5.65574
0.354047
14.5385
12.8276
0.559195
30627.8
56298.3
37156.6
3723.79
52435.2
47708.6
9741.6
12429.9
36.7583
43.0658
23.3177
57.3687
34.0643
13.0599
26.9887
156.455
46.352
11.8287
96.717
58.9744
2023.18
28.4036
9.54207
0
10.6914
25.5272
26.2343
32.4888
4.1549
7.2389
34.3449
42.739
27.997
16.0499
21.4652
23.7559
19.6347
10.2788
10.1668
28.0629
57.76
4.42466
20.3377
24.0537
13.9099
0
0
0.114797
15.5342
18.6151
5.12022
4.45985
56.7067
9.17209
6.3179
38.8911
13.5757
29.731
18.8493
19.9986
17.6051
81.1869
11.2932
31.2697
80.3364
16.2333
4.76616
18.863
3.99046
13.121
112.605
7995.18
41.2974
88.3609
2779.93
14.9773
34.2263
0.154164
4.89429
11.3378
9.76989
5.02805
0
-1.2951e-16
50199
49174.1
31533.9
2938.25
48628.1
19687.3
41052.6
11983.3
30.6124
26.5871
17.2052
64.0776
37.2734
25.7333
80.3788
83.6575
49.2834
29.3794
61.7471
134.518
805.31
8.80271
18.2016
12.2425
5.17336
8.31282
0
21.2023
8.35374
14.6484
17.903
0
23.6535
11.9007
10.7486
7.83019
21.1771
37.976
8.90179
13.869
24.1882
40.9591
28.7018
17.8193
10.076
0
5.06533
8.48768
10.3528
7.80419
27.9748
10.6001
9.49086
36.1267
23.4787
37.3659
17.8152
17.8322
0
22.1048
41.3683
66.2036
36.8273
44.0553
81.6127
0.178325
25.8183
25.0903
25.3187
10.8694
155.025
1113.12
66.3513
145.74
701.008
28.3604
69.3834
0
0
16.9916
13.0199
0
0
4.59743
35813.7
11897.1
19851.4
3053.59
23694.5
4324.51
12900.1
8883.56
8.50944
40.6714
24.6957
39.3427
15.7747
42.2058
50.5197
94.3248
156.594
56.731
112.666
113.018
570.786
17.8144
0
0
4.95246
12.0443
19.4079
9.91148
27.9413
9.02862
6.00609
22.7824
13.7795
14.8634
13.5302
3.95166
9.52977
0.462864
11.2625
14.0099
21.7396
26.5977
11.8384
25.6789
20.3169
16.7718
43.5659
19.8935
5.36995
32.0626
5.00141
12.0724
20.1644
26.3299
25.687
0
16.1977
29.4862
0
35.5474
76.6942
101.716
53.9256
61.7676
134.598
29.227
10.567
68.6751
20.934
33.9042
277.487
629.429
102.159
354.585
410.81
32.5716
22.8308
0.742759
7.80209
4.29714
7.30223
0.551023
8.41118
4.29017
41160.9
2268.87
15528.6
3933.03
35278.7
1500.99
16397.5
10221.7
8.52481
33.6869
53.4139
59.8338
18.3238
49.5484
45.25
118.48
109.81
45.4966
145.861
65.0118
636.062
11.8236
39.3758
11.3819
11.0108
15.8299
18.6666
27.5511
19.3041
27.025
15.2678
28.5404
23.6092
14.5441
9.969
27.5841
29.5639
16.0727
11.9749
16.5879
32.4534
26.9045
10.458
38.3777
8.18659
2.61698
7.98569
34.7102
8.86385
15.4026
8.291
20.4251
25.8187
72.1251
1.16635
0
30.7008
14.0005
19.0016
20.5902
69.728
149.251
124.531
70.024
371.514
13.6293
10.6807
15.705
36.3402
6.35896
312.251
389.649
164.757
425.352
427.526
21.7321
26.8337
15.27
11.3446
13.6191
11.4493
0
1.72964
12.7982
30273.3
1168.93
14269.5
2124.76
21573.8
905.62
9789.47
7063.38
13.4545
31.6238
34.456
33.3697
27.0785
42.7293
82.6213
171.757
170.879
83.0489
236.035
171.4
1058.83
7.99368
39.4615
36.1233
8.05978
27.0345
17.8661
48.665
40.6118
16.4121
27.4873
15.6713
34.9589
27.8862
24.3518
18.4257
26.2938
14.3555
14.2605
19.1574
29.6344
49.9411
50.0878
33.0937
31.7561
4.96296
6.33689
29.2179
26.527
40.4665
20.4883
22.075
54.0843
80.8332
20.0186
14.1707
8.60786
28.0167
16.9218
31.8259
123.428
337.434
98.9598
157.367
449.009
34.2585
6.04872
16.7879
25.6481
11.6929
494.01
458.343
240.851
715.685
578.319
32.0849
11.0189
-1.56138e-15
31.1468
8.79844
13.7041
20.5635
0
8.04121
12372.3
666.754
6419.34
625.339
4074.56
576.073
2811.38
4278.88
26.5899
45.8021
31.3446
150.958
64.5554
85.2484
252.953
344.137
296.328
138.039
361.539
457.676
995.897
36.5706
58.2182
0
12.0681
25.3555
0
58.1995
27.8881
41.8934
31.3262
-1.62996e-15
38.7527
22.9327
30.9343
18.7392
9.79913
21.4604
54.4907
44.5778
31.5721
52.0685
43.3759
76.1642
52.3273
54.3945
15.4056
45.0367
25.9081
54.0795
26.2579
64.104
139.299
161.602
36.3682
0.540846
39.3459
24.8672
20.4856
67.4063
166.68
466.145
251.779
250.457
681.818
10.5874
50.5887
45.6347
25.4537
22.7401
695.998
570.725
320.879
592.534
524.544
9.79981
18.5432
-9.28251e-16
6.94367
17.5263
25.9825
18.9171
31.2949
28.6065
2228.81
701.262
1760.12
221.101
1001.5
590.459
713.118
2578.61
43.1596
68.8955
101.582
183.69
108.855
132.858
392.445
453.072
577.355
241.345
490.19
712.965
1024.61
51.1067
167.181
11.3776
75.9637
57.6542
19.5774
167.503
94.6847
63.8413
59.1123
133.046
80.1075
76.5515
36.5431
82.7828
46.9391
60.3263
82.2952
78.7149
17.6061
161.317
136.988
148.852
33.0892
93.8103
10.6661
94.7277
42.9942
182.487
5.67533
163.548
534.79
801.129
18.9421
75.9678
49.26
80.5017
58.7748
66.7601
321.417
1337.33
628.343
394.914
1113.69
26.2111
35.4512
49.5008
57.373
67.2879
675.001
561.889
352.444
698.609
594.06
45.6545
86.4319
16.9435
21.8777
36.7503
50.8545
19.2413
46.0469
42.4609
631.575
517.873
504.258
96.0216
482.764
461.712
277.214
592.247
85.2778
186.384
156.969
538.055
183.999
234.13
1206.32
577.807
951.128
330.667
447.486
1525.1
686.006
253.928
958.802
179.923
301.206
234.068
545.41
964.389
792.069
161.462
141.992
292.631
480.748
386.875
106.87
397.397
123.369
378.23
398.295
310.092
30.5655
705.462
1963.92
1645.58
179.985
434
5.2149
265.594
143.452
1844.2
-3.24288e-15
626.438
1855.01
4594.66
237.285
114.992
176.053
815.355
276.234
757.183
467.3
1318.01
1402.28
403.531
1093.02
183.486
84.5181
145.879
643.874
303.719
550.808
499.945
241.985
433.956
337.02
66.6827
253.906
6.88036
102.65
80.4513
288.56
0.127225
489.696
149.958
425.096
338.602
223.816
87.8397
322.16
290.583
306.75
332.507
313.697
1172.58
340.145
1586.99
772.757
473.521
1761.87
412.36
1443.37
286.343
327.413
1449.2
212.479
4052.15
596.82
1519.96
4176.39
3679.96
2986.04
3248.24
7031.94
2991.04
1485.07
2490.14
7334.16
6637.05
1030.07
3361.77
1042.7
1263.24
6192.76
7425.1
291.95
1446.76
1799.11
894.035
217.804
5648.34
17.6794
1232.6
5777.98
3299.68
104.053
743.165
6486.42
1751.03
3553.97
677.422
5038.11
3372.8
2103.24
7441.2
314
609.979
391.904
230.548
314.6
2685.48
1393.85
1010.87
7096.01
5072.58
368.097
234.672
167.044
184.933
162.987
594.589
2486.33
44.8899
1404.1
645.893
7512.17
436.405
4814.78
3572.32
306.553
215.425
254.326
126.626
256.368
178.712
304.844
219.105
4178.88
5436.6
426.86
1723.78
1888.76
312.444
1323.19
225.749
859.84
147.205
131.704
397.764
93.775
0
0
35.3922
14.789
131.139
0
0.937491
3.25241
573.049
881.021
2.87496
0.0402923
16.5633
843.331
11.5697
9.8136
0
162.077
32.8988
144.226
0
0.225991
14.6725
28.4254
49.2616
26.1082
109.849
0.101186
3.63486
72.2258
83.1733
233.616
135.46
10.207
61.3306
65.6048
0
0
0
127.372
190.903
108.75
92.4467
143.427
505.62
434.289
6.25081
1.33906
0
110.218
167.902
104.527
136.547
146.749
410.203
0
273.808
462.325
449.91
0
107.892
1.30537
84.1009
254.771
143.489
310.113
30.9074
231.924
139.904
299.064
266.961
361.582
10.8212
151.297
722.648
176.003
130.713
517.179
75.5883
274.206
74.6823
51.5974
266.367
87.264
0
0
0
0
2.12613
0
0
5.16285
0
0
0
0
0
0
0
0
0
8.40441
9.48482
81.0736
0
5.76012
7.7333
123.319
0
49.2402
59.6328
3.42106
0
28.4156
70.6458
146.095
65.6465
0
0
0
0
0
0
64.6042
143.769
134.193
44.1509
196.376
0
0
0
0
0
174.568
115.44
78.5451
156.419
157.483
0
0
67.2468
0
51.3178
0.166764
65.103
0
45.5387
163.23
138.399
327.418
13.304
146.654
107.737
383.51
383.029
0
0
70.1093
340.217
77.0111
65.1605
162.299
110.131
257.075
47.4781
105.35
392.935
162.484
0
0
0
0
0
0
0
0
0
0
0
0
0
0
0
0
0
0
0
19.7379
0
0
0
0
0.697771
36.6984
78.2974
0
0
110.065
29.52
2.75043
0
0
0
0
0
0
0
44.7683
273.883
69.8448
67.8852
168.682
0
0
0
0
0
388.659
168.409
55.3527
673.697
153.971
0
0
53.9027
0
1.30692
0
30.8269
0
0
129.31
96.1605
471.794
0.392443
131.093
70.7569
421.801
556.089
0
0
112.75
38.7466
0
71.1105
0
110.362
191.31
107.395
115.301
23.2538
401.139
0
0
0
0
0
0
0
0
0
0
0
0
0
0
0
0
0
0
0
0
0
0
0
0
0
98.6043
0.384284
0
0
2.94598
0
0
0
0
0
0
0
0
0
173.11
48.3159
0
24.2224
0
0
0
0
0
0
136.625
100.946
51.2377
0
57.6362
0
0
3.19909
0
0
0
0
0
0
224.582
89.1594
413.119
75.3415
682.801
114.503
393.445
319.592
0
0
28.5868
0
0
0
0
246.162
0
77.1141
80.8609
0
31.0194
0
0
0
0
0
0
0
0
0
0
0
0
0
0
0
0
0
0
0
0
0
0
0
0
0
0
0
0
0
0
0
0
0
0
0
0
0
0
0
0
12.2347
0
0
0
0
0
0
0
0
0
19.6053
1.71172
13.198
0.362009
0
0
0
0
0
0
0
0
0
326.635
143.849
93.5148
143.992
9.19802
22.9441
7.65096
20.331
0
0
0
0
0
0
0
4.78548
0
0
9.53375
0
0.627994
0
0
0
0
0
0
0
0
0
0
0
0
0
0
0
0
0
0
0
0
0
0
0
0
0
0
0
0
0
0
0
0
0
0
0
0
0
0
0
0
0
0
0
0
0
0
0
0
0
0
3.26732
0
0
0
0
0
0
0
0
0
0
0
0
10.35
3.87142
13.323
7.7438
6.47852
11.5864
27.0217
-5.9939e-15
0
0
0
0
0
0
0
5.0123
0
0
0
0
3.25006
0
0
0
0
0
0
0
0
0
0
0
0
0
0
0
0
0
0
0
0
0
0
0
0
0
0
0
0
0
0
0
0
0
0
0
0
0
0
0
0
0
0
0
0
0
0
0
0
0
0
0
0
0
5.10805
0
0
0
0
0
0
0
0
0
2.41272
4.78794
1.30105
0
3.4363
3.8728
0
8.83074
0
0
0
0
0
0
0
0
0
3.82947
0
0
-5.25219e-15
0
0
0
0
0
0
0
0
0
0
0
0
0
0
0
0
0
0
0
0
0
0
0
0
0
0
0
0
0
0
0
0
0
0
0
0
0
0
0
0
0
0
0
0
0
0
0
0
0
0
0
0
0
0
0
0
0
0
0
0
0
0
0
3.55141
3.88562
-2.34102e-16
0
0
0
0
0
0
0
0
0
0
0
0
0
0
0
0
0
0
0
0
0
0
0
0
0
0
0
0
0
0
0
0
0
0
0
0
0
0
0
0
0
0
0
0
0
0
0
0
0
0
0
0
0
0
0
0
0
0
0
0
0
0
0
0
0
0
0
0
0
0
0
0
0
0
0
0
0
0
0
0
0
0
0
0
0
0
0
0
0
0
0
0
0
0
0
0
0
0
0
0
0
0
0
0
0
0
0
0
0
0
0
0
0
0
0
0
0
0
0
0
0
0
0
0
0
0
0
0
0
0
0
0
0
0
0
0
0
0
0
0
0
0
0
0
0
0
0
0
0
0
0
0
0
0
0
0
0
0
0
0
0
0
0
0
0
0
0
0
0
0
0
0
0
0
0
0
0
0
0
0
0
0
0
0
0
0
0
0
0
0
0
0
0
0
0
0
0
0
0
0
0
0
0
0
0
0
0
0
0
0
0
0
0
0
0
0
0
0
0
0
0
0
0
0
0
0
0
0
0
0
0
0
0
0
0
0
0
0
0
0
0
0
0
0
0
0
0
0
0
0
0
0
0
0
0
0
0
0
0
0
0
0
0
0
0
0
0
0
0
0
0
0
0
0
0
0
0
0
0
0
0
0
0
0
0
0
0
0
0
0
0
0
0
0
0
0
0
0
0
0
0
0
0
0
0
0
0
0
0
0
0
0
0
0
0
0
0
0
0
0
0
0
0
0
0
0
0
0
0
0
0
0
0
0
0
0
0
0
0
0
0
0
0
0
0
0
0
0
0
0
0
0
0
0
0
0
0
0
0
0
0
0
0
0
0
0
0
0
0
0
0
0
0
0
0
0
0
0
0
0
0
0
0
0
0
0
0
0
0
0
0
0
0
0
0
0
0
0
0
0
0
0
0
0
0
0
0
0
0
0
0
0
0
0
0
0
0
0
0
0
0
0
0
0
0
0
0
0
0
0
0
0
0
0
0
0
0
0
0
0
0
0
0
0
0
0
0
0
0
0
0
0
0
0
0
0
0
0
0
0
0
0
0
0
0
0
0
0
0
0
0
0
0
0
0
0
0
0
0
0
0
0
0
0
0
0
0
0
0
0
0
0
0
0
0
0
0
0
0
0
0
0
0
0
0
0
0
0
0
0
0
0
0
0
0
0
0
0
0
0
0
0
0
0
0
0
0
0
0
0
0
0
0
0
0
0
0
0
0
0
0
0
0
0
0
0
0
0
0
0
0
0
0
0
0
0
0
0
0
0
0
0
0
0
0
0
0
0
0
0
0
0
0
0
0
0
0
0
0
0
0
0
0
0
0
0
0
0
0
0
0
0
0
0
0
0
0
0
0
0
0
0
0
0
0
0
0
0
0
0
0
0
0
0
0
0
0
0
0
0
0
0
0
0
0
0
0
0
0
0
0
0
0
0
0
0
0
0
0
0
0
0
0
0
0
0
0
0
0
0
0
0
0
0
0
0
0
0
0
0
0
0
0
0
0
0
0
0
0
0
0
0
0
0
0
0
0
0
0
0
0
0
0
0
0
0
0
0
0
0
0
0
0
0
0
0
0
0
0
0
0
0
0
0
0
0
0
0
0
0
0
0
0
0
0
0
0
0
0
0
0
0
0
0
0
0
0
0
0
0
0
0
0
0
0
0
0
0
0
0
0
0
0
0
0
0
0
0
0
0
0
0
0
0
0
0
0
0
0
0
0
0
0
0
0
0
0
0
0
0
0
0
0
0
0
0
0
0
0
0
0
0
0
0
0
0
0
0
0
0
0
0
0
0
0
0
0
0
0
0
0
0
0
0
0
0
0
0
0
0
0
0
0
0
0
0
0
0
0
0
0
0
0
0
0
0
0
0
0
0
0
0
0
0
0
0
0
0
0
0
0
0
0
0
0
0
0
0
0
0
0
0
0
0
0
0
0
0
0
0
0
0
0
0
0
0
0
0
0
0
0
0
0
0
0
0
0
0
0
0
0
0
0
0
0
0
0
0
0
0
0
0
0
0
0
0
0
0
0
0
0
0
0
0
0
0
0
0
0
0
0
0
0
0
0
0
0
0
0
0
0
0
0
0
0
0
0
0
0
0
0
0
0
0
0
0
0
0
0
0
0
0
0
0
0
0
0
0
0
0
0
0
0
0
0
0
0
0
0
0
0
0
0
0
0
0
0
0
0
0
0
0
0
0
0
0
0
0
0
0
0
0
0
0
0
0
0
0
0
0
0
0
0
0
0
0
0
0
0
0
0
0
0
0
0
0
0
0
0
0
0
0
0
0
0
0
0
0
0
0
0
0
0
0
0
0
0
0
0
0
0
0
0
0
0
0
0
0
0
0
0
0
0
0
0
0
0
0
0
0
0
0
0
0
0
0
0
0
0
0
0
0
0
0
0
0
0
0
0
0
0
0
0
0
0
0
0
0
0
0
0
0
0
0
0
0
0
0
0
0
0
0
0
0
0
0
0
0
0
0
0
0
0
0
0
0
0
0
0
0
0
0
0
0
0
0
0
0
0
0
0
0
0
0
0
0
0
0
0
0
0
0
0
0
0
0
0
0
0
0
0
0
0
0
0
0
0
0
0
0
0
0
0
0
0
0
0
0
0
0
0
0
0
0
0
0
0
0
0
0
0
0
0
0
0
0
0
0
0
0
0
0
0
0
0
0
0
0
0
0
0
0
0
0
0
0
0
0
0
0
0
0
0
0
0
0
0
0
0
0
0
0
0
0
0
0
0
0
0
0
0
0
0
0
0
0
0
0
0
0
0
0
0
0
0
0
0
0
0
0
0
0
0
0
0
0
0
0
0
0
0
0
0
0
0
0
0
0
0
0
0
0
0
0
0
0
0
0
0
0
0
0
0
0
0
0
0
0
0
0
0
0
0
0
0
0
0
0
0
0
0
0
0
0
0
0
0
0
0
0
0
0
0
0
0
0
0
0
0
0
0
0
0
0
0
0
0
0
0
0
0
0
0
0
0
0
0
0
0
0
0
0
0
0
0
0
0
0
0
0
0
0
0
0
0
0
0
0
0
0
0
0
0
0
0
0
0
0
0
0
0
0
0
0
0
0
0
0
0
0
0
0
0
0
0
0
0
0
0
0
0
0
0
0
0
0
0
0
0
0
0
0
0
0
0
0
0
0
0
0
0
0
0
0
0
0
0
0
0
0
0
0
0
0
0
0
0
0
0
0
0
0
0
0
0
0
0
0
0
0
0
0
0
0
0
0
0
0
0
0
404.371
465.551
330.231
65.9332
46.9614
33.3808
43.8644
539.822
246.571
442.88
32.8713
58.8571
56.8203
24.7956
482.854
327.324
238.96
59.4936
93.1195
25.4787
49.4395
238.434
76.806
361.625
37.2667
23.1506
9.2431
73.78
786.645
880.632
965.199
41.1514
58.1316
52.5604
88.7365
1435.61
1206.76
1567.27
43.8959
63.6387
131.642
127.464
144.004
429.616
322.857
50.1118
12.0128
49.0698
60.7065
465.794
118.478
271.84
26.2807
213.411
222.53
48.8809
1010.43
573.699
849.399
190.416
74.4511
53.8114
93.3791
1287.8
1198.17
1660.24
85.8842
112.644
59.1747
84.7884
341.758
1489.52
777.441
176.802
144.794
41.0635
74.7918
844.259
438.532
780.681
99.4782
96.7039
91.0232
83.6122
16.0022
0
3.82888
3.27991
15.6683
0
4.00481
11.7398
5.17238
13.8386
52.9911
33.2134
0
6.78486
0
8.94465
-4.638e-15
12.7359
4.20924
11.8258
0
0
15.1659
0
17.453
12.3077
0.439032
0
48.1851
0
9.35149
11.4431
13.0992
0
5.98171
21.5262
5.83891
-6.30632e-16
35.9824
19.6484
11.9434
11.9699
0
0.199075
0
0
0
12.1499
2.04566
4.59328
6.68546
0
6.10506
15.9266
26.891
12.1041
18.0365
0
0
-1.29922e-16
12.8217
5.61612
6.13742
23.7953
7.23838
6.2061
22.3554
-1.80759e-16
2.54681
11.6522
2.47207
22.3844
5.99861
11.3813
3.94292
45.9583
161.099
0
11.6621
0
2.44217
0.492653
9.43798
11.684
5.95702
6.07036
7.48838
0
18.3707
0.904648
36.7425
16.4584
0
6.0504
33.1696
18.1474
10.5509
0
9.0662
10.141
11.6301
5.88348
10.8566
16.5025
0
4.06748
9.90464
0
19.4059
0
12.234
6.2396
46.5697
28.4859
12.6395
9.65036
27.7021
44.8476
6.38464
26.9256
21.1933
6.35856
37.4941
21.5132
9.38724
12.9786
12.3449
6.99371
5.55382
12.2245
12.3355
19.4823
1.24025
6.44191
5.96614
6.3159
26.764
6.33771
12.5993
18.7699
6.64501
17.991
8.49831
30.372
12.0868
288.565
9.89893
11.0021
6.40172
10.8684
17.9252
63.5723
25.4398
0
6.35212
31.182
10.1966
25.8247
0
12.5097
2.10462
0
11.5909
25.0627
12.2507
0
12.3033
23.4776
13.915
134.861
18.0503
11.225
11.9594
21.6702
-1.14582e-15
37.715
6.25156
0.222987
30.3155
37.8001
19.0678
0.224996
12.6663
0
6.24391
-1.85767e-15
20.8349
18.7713
6.43702
6.43715
11.8132
18.6727
17.6258
6.26786
25.618
12.4568
6.03604
33.767
6.35254
6.18518
12.6298
29.3808
6.41736
9.64773
-1.57899e-15
6.5563
18.9285
26.2571
2.5009
4.35791
4.29732
11.1034
0
12.703
24.6049
11.8687
12.5406
16.3258
24.3086
35.3768
18.7052
17.2303
13.4849
0
21.9685
8.71095
-5.63181e-15
9.84365
14.2556
5.34318
19.3984
4.88185
25.3143
13.1731
18.4707
11.6933
54.5274
2.28002
6.48552
27.4456
-5.56808e-15
6.97172
112.217
0.22004
0
6.72058
28.1361
4.14452
10.7533
8.41755
7.36414
19.421
7.94568
126.746
11.4371
9.27463
11.9604
67.6555
12.8922
6.17766
16.75
3.76501
7.22483
5.91012
12.6886
0.153958
117.494
6.3792
0
10.3047
4.00372
14.6989
6.41165
4.21464
6.19897
13.1792
5.96781
0
0
12.6315
13.1853
51.3347
12.7104
0.212681
1.27502
29.5369
6.12344
6.46373
15.2922
11.5809
7.02991
-8.90212e-16
8.40004
10.6533
9.8827
0.614054
0
1.31176
2.072
12.5191
18.814
12.7621
6.20617
6.81107
2.87436
11.7428
1.5413
7.28937
12.1352
18.452
6.72896
11.1207
0
29.4822
0.10074
12.5135
25.5923
0.127627
13.6655
9.63058
21.4707
0
0
6.32362
0
14.7101
0
12.6679
12.7142
14.6705
0
6.31677
2.36753
10.4195
0
10.6482
6.12492
29.0442
6.31733
17.8181
12.3407
27.377
165.251
42.9641
5.36939
1.54935
35.4635
6.01725
29.2589
0
55.5129
11.392
0
18.8616
17.6692
18.1505
0
23.4937
12.7244
-3.74143e-15
28.619
0
6.30901
0
25.0378
31.1407
130.727
-6.19037e-16
18.7284
54.7007
11.3954
11.3694
24.8421
0
12.0907
13.4093
2.23392
6.37554
5.9305
0
0
6.29263
5.93693
6.32187
106.859
6.54464
6.36761
0
12.3313
0
10.441
0.223296
7.10709
74.0134
84.4513
6.17244
0
16.0615
92.8809
16.5309
12.2007
18.918
16.1684
26.9727
12.1705
28.1584
19.6623
6.48512
22.7241
0
8.95408
0
8.04752
12.7443
0.197768
6.04165
18.351
0
0.185117
12.6164
6.15788
32.7521
11.0302
15.7261
32.9833
12.0058
55.2812
6.21163
24.3947
13.2047
11.9429
4.40598
30.3265
30.1714
5.82961
0
0
18.9249
3.84855
17.1571
0
4.21396
0
25.4708
5.95378
0
4.14972
33.4976
8.20607
24.5827
20.063
0
25.3301
43.4246
9.31773
4.56962
35.7483
22.4078
1.07269
24.3716
23.6164
20.9554
7.98915
27.7615
6.11293
6.26166
0
12.6069
7.10661
6.3292
19.0533
6.23473
6.04666
56.0646
12.3484
26.5162
10.0707
53.5505
45.3061
12.7144
5.94176
201.926
28.6571
8.04935
21.6315
6.40051
17.6003
3.9049
3.9129
12.2938
5.88516
0
7.4077
6.02256
5.86641
0
0
27.6598
12.2622
17.5923
6.36832
0
7.09638
29.7412
8.94736
95.3803
75.7226
11.6749
9.89878
52.762
129.171
2.33675
19.5843
13.8834
6.45995
10.3125
7.37377
21.7584
12.0924
16.699
6.02199
30.2228
6.23946
236.742
0
17.4581
4.53137
18.4289
-1.13678e-15
2.72987
6.29885
6.0651
17.3255
31.5447
95.1188
17.9857
57.2826
104.654
44.5746
11.991
10.125
18.3484
5.96778
-1.81022e-15
34.9108
32.2551
6.42561
20.0593
18.5859
12.4888
6.15893
18.0025
7.42964
6.32359
4.96378
12.119
4.9782
2.75756
4.17584
11.5293
18.3885
99.516
30.6771
6.1604
32.7005
59.2948
28.9961
5.96604
28.6922
54.7494
7.78037
9.51233
52.8121
129.209
29.3769
71.6854
7.6473
20.202
11.9645
34.884
10.1251
14.5923
6.3584
47.334
2.18983
40.5171
0
35.6705
109.376
26.2447
13.1676
6.77598
12.6531
60.2593
27.6427
24.5421
68.1068
78.2456
24.2395
11.9615
47.9112
158.269
16.8072
6.04211
8.73356
12.3111
13.7523
63.6624
55.3189
41.3096
17.7688
181.47
22.023
88.6137
7.39543
137.257
7.53685
61.3421
11.9651
11.6093
19.4458
49.6944
19.1388
12.0097
69.3711
150.116
19.5822
37.4088
26.9629
44.9022
17.0942
6.85568
10.384
2.11856
7.90234
105.256
25.938
117.704
11.8234
73.3201
33.7319
87.8557
1.31381
22.9643
6.08542
81.2435
16.1876
5.86792
37.0379
36.7658
24.0731
0.129937
16.4279
15.261
30.4153
18.0928
0.962824
18.8163
13.7659
118.104
6.0295
5.91965
9.96577
11.3025
12.3236
32.5584
2.0081
37.1254
6.55095
65.8858
16.945
52.1389
142.403
53.3645
25.1607
11.2079
21.5733
46.3032
1.81881
15.7459
20.341
85.6741
23.3217
21.0549
16.8781
50.5425
32.5351
46.1422
23.3889
39.6973
11.629
59.769
12.0993
27.5936
8.43096
50.331
6.07433
33.4646
8.39923
18.9094
10.5924
41.3837
23.3443
11.8023
34.1281
58.746
86.6245
19.0522
21.8474
9.83755
3.82047
9.50634
18.3487
27.2426
9.89652
30.6102
5.98225
18.2914
13.2653
5.41346
11.9459
21.7985
10.4607
24.7496
93.0055
13.1821
0
58.5007
88.7881
55.3074
43.4323
1.38748
14.6995
39.2787
25.0109
21.3661
12.8576
33.1419
26.565
38.4849
10.8373
10.2888
21.5208
6.32616
0
15.9681
2.08098
19.3385
1.3719
11.4999
6.25027
21.9493
5.98113
16.1339
24.6099
39.7885
5.99344
58.996
32.9393
12.7146
44.402
41.0449
39.0341
21.0318
10.8451
15.5994
2.03547
5.75211
0
37.9351
7.82061
12.6712
0
24.6393
13.4405
5.6585
0
38.7545
16.8748
104.902
9.09548
29.609
6.2128
22.3685
24.5169
18.7121
31.7274
7.53403
4.97629
11.7023
5.58144
5.77324
11.1243
157.409
9.62799
14.7703
0.668497
41.4363
12.1063
0
1.21251
0
5.7399
5.40088
16.6699
24.9628
12.3382
21.4182
15.9249
24.0211
0
14.9764
10.7096
9.40416
10.0829
23.1185
7.1522
4.8699
0.220877
12.3519
12.7669
31.9317
37.1938
9.57391
0
38.8891
11.6333
0
-1.88501e-16
13.1546
0.200917
3.9028
0
27.4831
6.73357
46.6604
7.94338
2.25311
8.37015
0.174587
36.341
0
22.8811
33.9018
7.69394
4.69563
3.4367
7.85145
0
45.4285
0
9.63169
0.126787
14.784
13.4468
5.94623
0
0
5.04609
5.95506
5.91884
12.3116
4.94636
17.5756
0
0
10.2424
0
3.64118
4.97477
0
5.76091
5.58198
6.68782
3.46985
21.9511
0
4.26375
10.0178
19.4594
0
0.29001
4.59653
0
5.89068
18.3939
6.00969
0
0
0.533464
0
0
0
0
0
1.84913
0
3.00585
0.323131
16.7939
20.5936
5.13172
5.38136
5.79238
5.64897
0
7.75726
5.84877
0
0
7.80031
0.215765
0
10.2162
0
6.1027
0
0
6.00603
3.44183
3.36271
0
0.203611
0
3.22419
0
0
18.5827
0.194378
5.05992
0
11.455
0
0.217262
4.26947
0
0
5.4082
0
18.3372
5.91444
5.79015
3.83528
0
0
0
0
0
0
0
0
0
15.2761
0
5.25963
19.2675
4.36579
67.9724
0
0
1.93734
0
17.5513
0.204819
3.7064
5.43862
2.10608
0
0
4.846
8.9494
6.11503
0
0
0
5.27135
-1.91703e-15
0
0
0
0.334127
43.81
0
14.9041
17.3748
13.2487
5.51064
0
0
0
5.86821
0
0
0
32.3314
3.80977
0
137.518
36.6398
11.4153
0.197612
0
0
0
0
0
0
0
25.4518
22.2311
0
55.1839
12.2135
26.191
5.52745
0
0
5.45265
1.19876
5.86123
0
0
17.7478
21.3707
85.7592
61.8991
31.4731
12.3904
111.632
23.5158
0
5.24886
12.3209
14.3818
-1.15729e-16
5.16235
28.3756
15.2896
37.2382
115.512
25.7179
31.7404
8.99565
0
1.15834
-1.69885e-15
0
0
4.44338
5.48081
37.7668
20.1706
17.7297
23.7366
20.6688
33.59
44.5832
15.744
0
0
7.72941
11.3277
0
5.25162
60.2126
14.9637
14.0784
28.1678
44.6125
11.8067
16.1003
0
-1.0207e-15
5.47337
7.69922
0
3.63988
0
50.8397
11.9109
26.5605
63.2434
40.5245
43.1147
6.93016
17.8791
-7.14456e-16
3.49652
11.9684
10.0803
8.89092
8.5958
14.3905
37.1265
22.2222
27.6092
23.4881
22.0342
28.6733
5.80031
35.3486
0
5.68155
4.61387
1.96992
5.46403
37.0403
15.1199
6.52033
18.0022
47.2689
6.7984
-1.66277e-16
7.1491
0
16.4612
0.158009
16.101
6.08517
19.1998
32.6504
28.4819
18.7242
37.352
29.2654
33.7081
32.8272
26.3541
29.8164
1.14044
5.67043
23.366
30.61
3.81371
22.6823
30.8286
11.0324
25.5645
39.9238
26.9409
23.5723
16.0167
19.5477
27.5637
0.771584
0
9.91468
10.6083
22.5448
23.8315
36.0303
34.6937
18.0851
25.7173
27.6344
4.91299
10.75
14.4872
10.8253
9.32611
33.1632
5.4094
20.5721
25.5983
14.2785
36.5146
13.8182
10.5464
21.3386
5.32589
0
5.17816
17.5329
16.0296
0
4.12301
24.2543
24.765
16.4491
23.1131
17.1174
6.61411
12.6153
13.2136
25.3681
5.37828
9.78978
11.0624
34.7094
17.7347
14.9123
15.8344
3.59309
18.9226
24.1206
20.7505
8.77528
16.0081
5.58678
0
18.9218
5.34543
15.9036
8.59065
13.0991
21.506
5.90346
20.531
21.6202
33.8437
25.044
11.0567
5.73274
21.5045
11.8472
14.226
15.1329
8.94234
24.6871
41.4705
11.5623
19.2487
14.7652
18.7127
21.3637
8.91071
21.2777
18.4182
25.1535
5.42037
1.0811
5.36808
15.8167
36.1665
19.8227
46.2381
24.3896
31.6868
8.77404
9.01313
5.05996
8.76232
19.7756
20.6042
15.0099
12.5247
24.0616
13.9045
25.3848
22.9892
10.218
26.108
6.06406
15.3885
15.493
5.04438
33.5003
23.2828
8.84561
10.5164
32.7252
7.06972
7.23287
31.2074
35.3056
3.96656
19.7503
13.9842
5.05624
6.31969
25.0263
17.7205
15.0445
13.3741
25.6603
23.8355
9.37298
29.5493
25.015
19.0807
27.8214
19.7094
26.7391
4.91973
40.2524
1.81179
31.722
3.4635
28.8461
7.67488
2.75893
45.2916
17.2848
2.40075
5.73837
19.9107
5.88581
15.7412
20.6285
38.0694
15.1193
21.8831
15.0602
14.3177
0
32.9057
25.6132
27.261
9.51722
0.634635
43.1171
20.9553
26.3567
15.2692
20.8781
0
37.8062
4.94785
5.70148
33.818
16.9678
-2.11778e-15
4.34719
13.573
8.30916
0.165886
7.32677
17.7368
6.70536
10.534
18.2851
28.8007
7.11853
45.372
3.74462
21.467
4.60975
1.24965
30.9488
9.25671
14.7731
5.12343
30.4516
12.9742
9.11367
16.9742
4.45073
194.574
16.0563
9.30476
0
0
0
-1.08469e-15
0
13.8814
0
6.21508
4.12872
8.59415
0
338.542
0
26.6099
0
0
25.4938
0
20.4675
3.68644
39.7356
-1.06848e-15
22.5165
0
0
402.933
218.686
0
0
236.5
0
3.20061
147.959
1228.13
0
0
2.9276
285.785
0
586.558
0.0267371
758.692
0
-3.97711e-15
1263.97
12.3016
1374.08
5.61704
4882.27
29.3947
107.191
-2.19431e-17
0
108.426
14.2258
44.3393
0
283.731
0
0
0.876989
2.03265
0
0
2.21863
32.3127
3.42759
43.9081
61.8566
11.2047
0
0
49.0062
76.1354
4.95235
0
2.57551
56.9929
6.04155
86.8816
0.114339
125.422
46.9856
284.084
0.195517
2.55272
0
1.60558
8.13879
1.12565
5.11632
20.0041
64.2981
3.04759
-2.79024e-15
45.6751
166.857
10.5174
23.6129
4.87225
2.31942
83.063
9.25582
48.0849
2.55611
43.9114
69.679
282.539
192.819
0
27.7631
13.3058
315.767
10.9369
16.7344
42.769
16.734
14.4716
36.905
41.4404
498.325
23.7783
96.9352
0
3.34117
8.97138
138.906
38.7907
2.59692
53.2209
7.49714
60.3351
2.62134
79.3589
0.562446
0.832945
93.444
0
0
0
0
16.1658
291.798
250.628
0
0
74.1909
150.39
0
0.0693531
75.3714
0
0
0
0
260.758
0
102.376
0
16.3515
0
9.21923
0
0
0
0
0
0
0
0
0
0
0
0
0
0
0
0
0
0
0
0
0
0
0
0
0
0
0
0
0
0
0
0
0
0
0
0
0
0
0
0
0
0
0
0
0
0
0
0
0
0
0
0
0
0
0
0
0
0
0
0
0
0
0
0
0
0
0
0
0
0
0
0
0
0
0
0
0
0
0
0
0
0
0
0
0
0
0
0
0
0
0
0
0
0
0
0
0
0
0
0
0
0
0
0
0
0
0
0
0
0
0
0
0
0
0
0
0
0
0
0
0
0
0
0
0
0
0
0
0
0
0
0
0
0
0
0
0
0
0
0
0
0
0
0
0
0
0
0
0
0
0
0
0
0
0
0
0
0
0
0
0
0
0
0
0
0
0
0
0
0
0
0
0
0
0
0
0
0
0
0
0
0
0
0
0
0
0
0
0
0
0
0
0
0
0
0
0
0
0
0
0
0
0
0
0
0
0
0
0
0
0
0
0
0
0
0
0
0
0
0
0
0
0
0
0
0
0
0
0
0
0
0
0
0
0
0
0
0
0
0
0
0
0
0
0
0
0
0
0
0
0
0
0
0
0
0
0
0
0
0
0
0
0
0
0
0
0
0
0
0
0
0
0
0
0
0
0
0
0
0
0
0
0
0
0
0
0
0
0
0
0
0
0
0
0
0
0
0
0
0
0
0
0
0
0
0
0
0
0
0
0
0
0
0
0
0
0
0
0
0
0
0
0
0
0
0
0
0
0
0
0
0
0
0
0
0
0
0
0
0
0
0
0
0
0
0
0
0
0
0
0
0
0
0
0
0
0
0
0
0
0
0
0
0
0
0
0
0
0
0
0
0
0
0
0
0
0
0
0
0
0
0
0
0
0
0
0
0
0
0
0
0
0
0
0
0
0
0
0
0
0
0
0
0
0
0
0
0
0
0
0
0
0
0
0
0
0
0
0
0
0
0
0
0
0
0
0
0
0
0
0
0
0
0
0
0
0
0
0
0
0
0
0
0
0
0
0
0
0
0
0
0
0
0
0
0
0
0
0
0
0
0
0
0
0
0
0
0
0
0
0
0
0
0
0
0
0
0
0
0
0
0
0
0
0
0
0
0
0
0
0
0
0
0
0
0
0
0
0
0
0
0
0
0
0
0
0
0
0
0
0
0
0
0
0
0
0
0
0
0
0
0
0
0
0
0
0
0
0
0
0
0
0
0
0
0
0
0
0
0
0
0
0
0
0
0
0
0
0
0
0
0
0
0
0
0
0
0
0
0
0
0
0
0
0
0
0
0
0
0
0
0
0
0
0
0
0
0
0
0
0
0
0
0
0
0
0
0
)
;

boundaryField
{
    fbOut
    {
        type            zeroGradient;
    }
    CAD_patch1
    {
        type            zeroGradient;
    }
    fbGasin
    {
        type            zeroGradient;
    }
    CAD_patch3
    {
        type            zeroGradient;
    }
    fbBioin
    {
        type            zeroGradient;
    }
}


// ************************************************************************* //
