/*--------------------------------*- C++ -*----------------------------------*\
| =========                 |                                                 |
| \\      /  F ield         | OpenFOAM: The Open Source CFD Toolbox           |
|  \\    /   O peration     | Version:  5.x                                   |
|   \\  /    A nd           | Web:      www.OpenFOAM.org                      |
|    \\/     M anipulation  |                                                 |
\*---------------------------------------------------------------------------*/
FoamFile
{
    version     2.0;
    format      ascii;
    class       volScalarField;
    location    "0.85";
    object      voidfraction;
}
// * * * * * * * * * * * * * * * * * * * * * * * * * * * * * * * * * * * * * //

dimensions      [0 0 0 0 0 0 0];

internalField   nonuniform List<scalar> 
10571
(
0.554938
0.56735
0.728037
0.978608
0.935249
0.784332
0.994516
0.929392
0.838047
0.910983
0.805026
0.984665
0.971739
0.99979
0.886869
0.920448
0.972344
0.999398
0.996035
0.923945
0.908607
0.997564
0.998376
0.918436
0.429075
0.456964
0.592403
0.960252
0.779324
0.74904
0.840061
0.634824
0.639087
0.493747
0.886589
0.95017
0.826025
0.621614
0.619547
0.4774
0.707601
0.773505
0.570656
0.449175
0.470193
0.673525
0.469917
0.425011
0.403545
0.410552
0.64032
0.925817
0.922489
0.563904
0.834986
0.815699
0.956852
0.962844
0.880093
0.788308
0.861776
0.908066
0.972191
0.976144
0.702019
0.908842
0.961265
0.990118
0.99257
0.802663
0.912255
0.980005
0.655186
0.409986
0.783658
0.916494
0.978497
0.610492
0.850027
0.853773
0.963709
0.980909
0.641404
0.916305
0.947945
0.956808
0.986955
0.975167
0.842733
0.868973
0.979915
0.995775
0.989152
0.920962
0.969817
0.988731
0.987688
0.424262
0.5348
0.887969
0.975072
0.852615
0.839616
0.862193
0.966906
0.985767
0.762832
0.962908
0.846985
0.968788
0.988942
0.953853
0.971533
0.944304
0.985809
0.992458
0.995486
0.959309
0.978745
0.995865
0.991424
0.550189
0.423763
0.878579
0.978315
0.762117
0.678152
0.881998
0.98186
0.990628
0.402279
0.831317
0.98583
0.931786
0.978839
0.99169
0.988665
0.404819
0.955615
0.979873
0.992159
0.993069
0.995094
0.976923
0.997312
0.995933
0.99945
0.984876
0.989301
0.732655
0.991025
0.947077
0.960277
0.947274
0.993036
0.996421
0.997555
0.861552
0.98065
0.980652
0.9893
0.995647
0.99461
0.999232
0.878077
0.992521
0.994704
0.996429
0.998086
0.997947
0.990862
0.995259
0.993496
1
0.989245
0.996085
0.99631
0.994201
0.966507
0.995335
0.99528
0.996719
0.998742
1
0.924672
0.937276
0.992237
0.995838
0.997566
0.999654
1
0.982917
0.997406
0.997122
0.994806
1
1
0.99849
0.998762
0.997905
0.99978
0.996023
0.993081
0.999018
0.996624
0.992058
0.99736
0.997677
0.99696
1
1
0.991533
0.979296
0.996508
0.997157
0.998371
0.999963
1
0.99588
0.999
0.998579
0.999015
0.998752
0.998838
0.999124
1
0.996812
0.998376
0.999022
0.996955
0.998434
0.99804
0.997932
0.997951
0.997489
0.995257
0.996921
0.999459
0.99827
0.998141
0.998309
0.99783
0.999098
0.999045
0.999002
0.997849
1
1
1
1
0.998681
0.99832
0.997268
0.99804
0.999159
1
0.99893
0.997898
0.998623
0.997742
1
0.999797
0.999364
0.999115
0.99898
0.998545
0.999128
0.9996
0.999296
0.997695
0.997977
1
1
1
1
1
0.999022
1
0.997717
0.998041
0.999042
0.998088
0.99847
1
0.996811
0.998005
0.999515
0.998997
0.999526
0.99997
1
0.999552
0.999183
0.997397
0.997972
1
1
1
1
0.998376
0.997674
0.99902
0.997086
0.999325
0.998893
0.998887
0.998813
0.998876
1
1
0.999754
0.999396
0.999076
0.999879
0.999098
0.999463
0.999883
0.998264
1
1
1
1
0.998021
0.998208
1
0.997365
0.998558
0.999358
0.999554
0.999067
0.998518
0.998992
1
0.998039
0.998996
0.999551
0.99923
0.999123
1
0.999552
0.999689
0.999967
1
1
1
0.99797
0.993733
1
0.997067
0.999932
1
0.998007
0.99934
0.999229
0.999491
0.998178
0.996811
1
0.999438
0.999555
0.99923
0.999244
0.999128
0.999766
0.999547
1
1
0.998877
1
1
0.993513
0.998712
1
0.995304
0.998227
1
0.999386
0.99911
0.999172
0.998915
1
1
0.999211
0.999365
0.999453
1
0.998256
0.99958
0.999458
0.9998
0.99867
1
1
1
0.99912
1
0.998517
1
0.998287
0.997062
0.998951
0.999405
0.999196
1
1
0.998986
0.999442
0.999288
0.999647
0.999123
1
0.999725
0.99943
1
1
1
1
1
0.996812
0.999664
0.999022
0.998784
0.99997
0.999055
0.999016
0.99916
0.998627
0.998488
0.99934
1
0.999442
0.999551
0.999842
0.999305
0.99979
0.999415
0.999632
0.999032
1
1
1
0.99797
1
0.998376
0.997067
0.998041
0.999129
0.999021
0.999226
0.999106
0.999826
1
0.993624
1
0.999719
0.999477
0.999842
1
0.998256
0.999164
0.999766
0.999967
1
0.999535
0.999638
1
1
1
0.995888
0.999223
1
0.99713
0.999153
0.999516
0.999641
0.99969
1
0.99804
0.999858
0.999888
0.999882
1
1
0.999633
0.999414
1
0.99804
0.998877
1
1
0.997801
1
0.999022
0.99902
0.999459
0.998042
0.99913
0.999236
0.999532
1
1
1
0.999369
0.999663
0.99968
0.998851
0.999158
0.999608
0.999648
1
1
1
0.999124
1
0.991095
0.999888
0.998315
0.998007
0.999159
0.999899
0.998916
0.999248
0.999649
1
1
1
0.999515
0.999737
0.999882
1
0.998256
0.999572
0.999842
1
1
1
0.999426
1
1
0.995128
0.995888
0.99902
1
0.997062
0.99889
0.999255
1
1
1
0.99902
0.999442
0.999702
1
1
0.99982
0.999649
0.999883
1
1
1
1
1
1
0.996752
0.996629
1
1
0.999223
0.999096
0.999724
1
1
1
0.999932
0.999665
0.999775
0.999923
1
0.997325
0.999883
0.999883
0.999266
1
0.998877
1
1
1
1
0.999022
0.99902
1
0.998717
0.99971
0.999386
0.999923
1
1
0.997026
1
1
1
1
0.997535
1
0.999883
1
1
1
1
1
1
0.999944
1
1
1
0.999021
0.999668
0.999889
0.99996
1
0.99879
1
0.999554
0.99945
1
0.999426
0.998467
0.999766
0.999875
1
1
1
1
1
1
1
1
1
0.999429
0.998244
0.999241
0.999666
1
1
1
0.998952
0.999554
0.999884
1
1
0.99982
0.999766
0.999883
1
1
1
1
1
1
0.998376
1
1
1
0.998008
0.999401
0.999666
1
1
0.996812
0.99902
0.999888
0.999439
0.999765
1
1
1
0.999883
1
1
1
1
1
1
0.999944
1
1
1
0.999021
0.999779
0.999889
1
1
0.997361
1
0.999669
0.999888
0.999882
1
0.998256
0.999883
0.999883
1
1
1
1
1
1
1
1
1
1
0.997062
0.999557
1
1
1
0.996812
1
0.999773
1
0.999992
1
1
1
0.999883
1
1
1
1
1
1
0.998376
1
1
1
0.998041
0.999557
1
1
1
1
1
0.999777
1
1
1
1
0.999883
1
1
1
1
1
1
1
1
1
1
1
1
0.999889
1
1
1
1
0.999392
0.999888
1
1
1
1
0.999887
1
1
1
1
1
1
1
1
1
1
1
1
0.999889
0.999889
1
1
1
1
1
1
1
1
1
0.999996
0.999883
1
1
1
1
1
1
1
1
1
1
1
1
1
1
1
1
1
0.999888
1
1
1
1
1
1
1
1
1
1
1
1
1
1
1
1
1
1
1
1
1
1
1
1
1
1
1
1
1
1
1
1
1
1
1
1
1
1
1
1
1
1
1
1
1
1
1
1
1
1
1
1
1
1
1
1
1
1
1
1
1
1
1
1
1
1
1
1
1
1
1
1
1
1
1
1
1
1
1
1
1
1
1
1
1
0.999798
1
1
0.999021
1
1
1
1
1
1
1
1
1
1
1
1
1
1
1
1
1
1
1
1
1
1
1
1
1
1
1
1
1
1
1
1
1
1
1
1
1
1
1
1
1
1
1
1
1
1
1
1
1
1
1
1
1
1
1
1
1
1
1
1
1
1
1
1
1
1
1
1
1
1
1
1
1
1
1
1
1
1
1
1
1
1
1
1
1
1
1
1
1
1
1
1
0.999393
1
1
1
1
1
1
1
1
1
1
1
1
1
1
1
1
1
1
1
1
1
1
1
1
1
1
1
1
1
1
1
1
1
1
1
1
1
1
1
1
1
1
1
1
1
1
1
1
1
1
1
1
1
1
1
1
1
1
1
1
1
1
1
1
1
1
1
1
1
1
1
1
1
1
1
1
1
1
1
1
1
1
1
1
1
1
1
1
1
1
1
1
1
1
1
1
1
1
1
1
1
1
1
1
1
1
1
1
1
1
1
1
1
1
1
1
1
1
1
1
1
1
1
1
1
1
1
1
1
1
1
1
1
1
1
1
1
1
1
1
1
1
1
1
1
1
1
1
1
1
1
1
1
1
1
1
1
1
1
1
1
1
1
1
1
1
1
1
1
1
1
1
1
1
1
1
1
1
1
1
1
1
1
1
1
1
1
1
1
1
1
1
1
1
1
1
1
1
1
1
1
1
1
1
1
1
1
1
1
1
1
1
1
1
1
1
1
1
1
1
1
1
1
1
1
1
1
1
1
1
1
1
1
1
1
1
1
1
1
1
1
1
1
1
1
1
1
1
1
1
1
1
1
1
1
1
1
1
1
1
1
1
1
1
1
1
1
1
1
1
1
1
1
1
1
1
1
1
1
1
1
1
1
1
1
1
1
1
1
1
1
1
1
1
1
1
1
1
1
1
1
1
1
1
1
1
1
1
1
1
1
1
1
1
1
1
1
1
1
1
1
1
1
1
1
1
1
1
1
1
1
1
1
1
1
1
1
1
1
1
1
1
1
1
1
1
1
1
1
1
1
1
1
1
1
1
1
1
1
1
1
1
1
1
1
1
1
1
1
1
1
1
1
1
1
1
1
1
1
1
1
1
1
1
1
1
1
1
1
1
1
1
1
1
1
1
1
1
1
1
1
1
1
1
1
1
1
1
1
1
1
1
1
1
1
1
1
1
1
1
1
1
1
1
1
1
1
1
1
1
1
1
1
1
1
1
1
1
1
1
1
1
1
1
1
1
1
1
1
1
1
1
1
1
1
1
1
1
1
1
1
1
1
1
1
1
1
1
1
1
1
1
1
1
1
1
1
1
1
1
1
1
1
1
1
1
1
1
1
1
1
1
1
1
1
1
1
1
1
1
1
1
1
1
1
1
1
1
1
1
1
1
1
1
1
1
1
1
1
1
1
1
1
1
1
1
1
1
1
1
1
1
1
1
1
1
1
1
1
1
1
1
1
1
1
1
1
1
1
1
1
1
1
1
1
1
1
1
1
1
1
1
1
1
1
1
1
1
1
1
1
1
1
1
1
1
1
1
1
1
1
1
1
1
1
1
1
1
1
1
1
1
1
1
1
1
1
1
1
1
1
1
1
1
1
1
1
1
1
1
1
1
1
1
1
1
1
1
1
1
1
1
1
1
1
1
1
1
1
1
1
1
1
1
1
1
1
1
1
1
1
1
1
1
1
1
1
1
1
1
1
1
1
1
1
1
1
1
1
1
1
1
1
1
1
1
1
1
1
1
1
1
1
1
1
1
1
1
1
1
1
1
1
1
1
1
1
1
1
1
1
1
1
1
1
1
1
1
1
1
1
1
1
1
1
1
1
1
1
1
1
1
1
1
1
1
1
1
1
1
1
1
1
1
1
1
1
1
1
1
1
1
1
1
1
1
1
1
1
1
1
1
1
1
1
1
1
1
1
1
1
1
1
1
1
1
1
1
1
1
1
1
1
1
1
1
1
1
1
1
1
1
1
1
1
1
1
1
1
1
1
1
1
1
1
1
1
1
1
1
1
1
1
1
1
1
1
1
1
1
1
1
1
1
1
1
1
1
1
1
1
1
1
1
1
1
1
1
1
1
1
1
0.654707
0.734099
0.833608
0.70616
0.812621
0.74441
0.660126
0.633062
0.572238
0.552773
0.665766
0.740169
0.678122
0.767627
0.732607
0.893373
0.962077
0.916863
0.930095
0.977425
0.974082
0.85349
0.731151
0.959989
0.916825
0.818905
0.714785
0.900399
0.863499
0.830594
0.845632
0.747625
0.936076
0.921957
0.975136
0.973039
0.962796
0.973998
0.97315
0.970489
0.961344
0.966899
0.949427
0.966121
0.963968
0.909345
0.95301
0.930815
0.739526
0.635578
0.666955
0.835662
0.923768
0.95765
0.935425
0.912722
0.950419
0.907559
0.941195
0.966709
0.972796
0.940636
0.932747
0.96802
0.944511
0.957347
0.962582
0.969098
0.95867
0.8877
0.776227
0.93932
0.948009
0.924282
0.964639
0.935065
0.897904
0.953184
0.927123
0.971116
0.951932
0.895317
0.937457
0.932214
0.951007
0.90147
0.863279
0.842616
0.932509
0.955818
0.961864
0.939476
0.96127
0.843243
0.949923
0.817645
0.53342
0.418394
0.521883
0.513771
0.604365
0.432753
0.448588
0.525937
0.708427
0.682817
0.451215
0.618594
0.574285
0.639296
0.488928
0.630623
0.559761
0.572553
0.709232
0.765282
0.500946
0.480236
0.61032
0.751375
0.874098
0.90971
0.905803
0.761211
0.636293
0.877969
0.709034
0.953796
0.636643
0.633102
0.927384
0.801654
0.600542
0.927026
0.769551
0.877519
0.98434
0.688314
0.608504
0.658213
0.882518
0.870016
0.772487
0.834159
0.749916
0.984665
0.934053
0.602035
0.729702
0.622901
0.768703
0.711966
0.999686
0.922885
0.9955
0.792238
0.880312
0.704347
0.82605
0.961912
0.953955
0.873258
0.823129
0.712327
0.899215
0.765791
0.633115
0.999946
0.876416
0.971759
0.971362
0.895734
0.767153
0.644321
0.973747
0.996381
0.809379
0.88329
0.707402
0.779568
0.411315
0.40198
0.41225
0.431573
0.48694
0.400587
0.425938
0.476284
0.593584
0.572651
0.413512
0.583529
0.617248
0.583304
0.522555
0.539701
0.444116
0.444287
0.522942
0.653243
0.430809
0.433564
0.454272
0.648497
0.611275
0.816232
0.596421
0.736195
0.648583
0.938394
0.726569
0.462126
0.651039
0.644868
0.958943
0.792472
0.528579
0.940591
0.766031
0.459513
0.562061
0.686739
0.718276
0.745388
0.771472
0.839547
0.979039
0.785361
0.888728
0.571227
0.572744
0.868983
0.776918
0.947493
0.802092
0.913488
0.650997
0.595204
0.659721
0.776272
0.808859
0.535962
0.683151
0.457584
0.453715
0.417372
0.765783
0.855476
0.676551
0.734767
0.886326
0.587857
0.54736
0.517575
0.42731
0.739872
0.792807
0.609707
0.45976
0.40941
0.75718
0.686507
0.683509
0.648531
0.391811
0.401606
0.381418
0.419177
0.494931
0.4255
0.429936
0.488631
0.595731
0.622521
0.462302
0.639665
0.896025
0.822332
0.970458
0.427889
0.416528
0.438678
0.447162
0.667235
0.41632
0.457152
0.438135
0.709181
0.964559
0.969391
0.956266
0.973022
0.980785
0.980645
0.970861
0.982879
0.975872
0.462335
0.694981
0.654907
0.45415
0.534928
0.580766
0.951875
0.977114
0.970539
0.971747
0.97603
0.645088
0.709723
0.609019
0.580719
0.629093
0.974393
0.988896
0.973844
0.987694
0.985271
0.63335
0.583685
0.93369
0.529338
0.812544
0.711232
0.961987
0.565032
0.829346
0.987814
0.984975
0.99222
0.99394
0.99253
0.992403
0.998365
0.988545
0.668336
0.797994
0.819497
0.848466
0.804819
0.832108
0.896977
0.976443
0.943955
0.956656
0.976003
0.967999
0.987217
0.416542
0.413499
0.426791
0.454253
0.518421
0.635452
0.461136
0.594869
0.78351
0.963387
0.934486
0.90134
0.979333
0.973108
0.989889
0.426827
0.422982
0.462783
0.442489
0.769423
0.410731
0.451432
0.452082
0.790513
0.983824
0.974235
0.973255
0.977008
0.98875
0.958579
0.972409
0.98896
0.979234
0.480901
0.550077
0.683867
0.518983
0.639178
0.828463
0.970308
0.965425
0.985308
0.976779
0.968711
0.812091
0.835412
0.706463
0.911596
0.892279
0.984377
0.988052
0.9604
0.952664
0.987224
0.673137
0.878514
0.91833
0.641804
0.82965
0.915782
0.862579
0.806097
0.944241
0.992471
0.990706
0.993784
0.991945
0.994465
0.991692
0.991966
0.994607
0.929522
0.949282
0.937934
0.939115
0.945339
0.941621
0.930861
0.986527
0.973564
0.977868
0.989305
0.982223
0.986902
0.426201
0.432001
0.84915
0.453165
0.640075
0.915005
0.4478
0.635226
0.949564
0.981605
0.976583
0.955181
0.993607
0.977602
0.987294
0.430174
0.442387
0.429299
0.449651
0.644525
0.432938
0.420972
0.442641
0.431418
0.981475
0.954876
0.978688
0.970624
0.982668
0.948436
0.987028
0.986902
0.987713
0.534069
0.733142
0.861355
0.562648
0.771393
0.853782
0.964622
0.939514
0.984435
0.969354
0.915335
0.939027
0.887483
0.750392
0.940711
0.89409
0.952401
0.986916
0.965921
0.938354
0.991022
0.896975
0.888315
0.961307
0.908376
0.96132
0.975102
0.973244
0.912192
0.960917
0.995886
0.995214
0.990261
0.989558
0.99285
0.99499
0.99293
0.99811
0.948157
0.943746
0.965815
0.961039
0.968056
0.976765
0.970256
0.993021
0.986064
0.990757
0.993211
0.986831
0.995933
0.489197
0.908403
0.976579
0.531692
0.766689
0.993842
0.931561
0.978888
0.969326
0.987908
0.992854
0.9806
0.977755
0.990086
0.994628
0.50687
0.760079
0.488898
0.676785
0.63621
0.951549
0.929247
0.944684
0.972184
0.985974
0.956606
0.986016
0.988342
0.991909
0.976964
0.989598
0.984473
0.994818
0.670221
0.842091
0.879994
0.812301
0.83362
0.908398
0.835402
0.988013
0.745526
0.996857
0.987543
0.993727
0.990182
0.408432
0.408086
0.388644
0.874036
0.674171
0.795256
0.641211
0.935401
0.884402
0.875189
0.958001
0.911349
0.702253
0.989737
0.773799
0.997154
0.985958
0.998844
0.979448
0.386648
0.412557
0.388623
0.753766
0.551777
0.730848
0.461934
0.835503
0.86961
0.967702
0.899197
0.94148
0.931097
0.943854
0.896605
0.955553
0.989725
0.994827
0.992083
0.99799
0.994631
0.993052
0.996627
0.994364
0.95809
0.974811
0.990152
0.98683
0.981259
0.987671
0.993964
0.997012
0.993745
0.993595
0.996972
0.997147
0.999299
0.989822
0.995957
1
0.991445
0.995366
1
0.996632
0.997395
0.989938
0.992291
1
0.990849
0.999187
0.99401
0.995965
0.858163
0.972551
0.991189
0.958392
0.989869
0.994399
0.991459
0.980358
0.991693
0.993346
0.984767
0.996007
0.995611
1
0.997203
0.998423
0.993982
0.995177
0.99523
0.997495
0.99318
1
0.999043
0.998384
0.860917
0.808216
0.924027
0.906012
0.833287
0.918451
0.997326
0.995984
0.999084
0.999091
0.999
0.998659
0.999434
0.999525
0.998463
0.998504
0.998894
1
0.998397
1
0.93903
0.891636
0.858911
0.938211
0.942409
0.999054
0.994722
0.99874
0.996429
1
0.998942
0.998624
0.996603
0.999039
0.978542
0.999199
0.999031
0.999462
1
0.906445
0.960861
0.936873
0.952184
0.977686
0.930854
0.968545
0.976991
0.995095
0.998129
0.997072
0.995926
0.995042
0.997188
0.9993
0.998432
1
1
0.998578
1
0.99834
1
0.985516
0.991114
0.994169
0.996817
0.995508
0.997553
1
0.998836
0.999122
0.996527
0.997052
1
0.997067
0.997978
0.994632
1
0.995239
0.999091
0.990434
0.996787
0.99576
0.998424
0.99729
0.989337
0.994818
0.999032
0.994506
1
0.996586
0.99798
0.994456
0.993145
0.994983
0.99804
0.996673
0.994218
0.991335
0.993754
0.996935
0.995535
0.997413
0.996329
0.995826
0.997787
0.998691
1
0.99943
1
1
1
1
1
0.961329
0.954913
0.92563
0.980413
0.974927
0.948017
0.998956
0.997021
0.999048
0.998196
1
0.997919
0.999708
1
1
1
1
1
0.999215
1
0.938271
0.971108
0.96591
0.938605
0.973703
0.99908
0.997451
0.999341
0.997323
0.998864
0.998541
1
1
0.999172
1
1
1
0.999267
1
0.980257
0.991419
0.988152
0.990324
0.995368
0.994857
0.99241
0.996512
0.994914
0.999678
0.996472
0.996973
0.997656
0.999082
1
0.99691
1
0.999619
1
1
1
1
0.995942
0.99993
0.998943
0.996817
0.996283
0.999698
1
0.998953
1
1
0.998565
1
0.996506
0.99526
0.99993
1
0.997639
0.999001
1
0.99849
0.997183
0.99697
0.997056
0.996812
0.994788
0.995778
0.991916
0.996652
0.997562
0.992616
0.996074
0.994278
0.994332
0.998376
0.998202
0.997586
0.996222
0.994843
0.999327
0.999096
0.998071
0.999666
0.998132
0.999127
1
1
0.988929
0.980976
0.981006
0.992994
0.994612
0.996123
1
0.996812
0.999283
0.99633
1
0.999109
0.999019
1
1
1
1
1
1
1
0.978121
0.995469
0.997581
0.98797
0.997754
0.999175
0.998987
1
0.998308
0.999022
1
1
1
1
1
1
1
1
1
0.997558
0.997977
0.996468
0.994656
0.998153
0.997684
0.995347
0.999775
0.999243
1
0.999114
0.998401
0.99838
0.999091
1
1
1
1
0.998041
0.999124
1
0.997754
1
1
0.99775
1
0.99855
0.998836
1
0.998039
0.997979
0.995957
1
0.998142
0.998789
1
0.994775
0.998365
0.997364
0.995972
0.997471
0.999515
0.995935
0.999581
0.997978
0.99798
0.99798
0.996554
0.993772
0.998144
0.997648
0.997783
0.999136
0.999056
0.993268
0.998074
0.996662
0.997053
0.991911
0.997288
0.99566
0.993883
0.999241
0.994465
0.996811
0.995881
0.998839
1
0.996486
0.999106
1
0.993101
0.995579
1
0.99897
0.999961
1
0.998243
0.998877
1
0.998443
0.998803
1
0.999168
0.998047
1
0.998053
0.996794
0.99997
0.99982
0.999967
0.998706
1
0.999694
0.999116
1
0.99913
0.999939
1
0.998362
0.997997
1
0.997971
0.999094
1
1
0.999124
0.993634
0.998876
1
1
1
1
1
1
0.999582
1
0.99942
0.998425
1
0.998568
0.998819
0.995093
0.997677
0.995932
0.998728
0.99671
1
0.99763
1
0.99401
0.997993
0.998838
1
0.995128
0.999611
0.997408
0.997169
0.995114
0.999604
0.998094
0.995945
0.995114
0.999671
0.997431
1
1
0.998878
0.996811
0.998243
0.997755
1
0.999122
0.99997
1
0.998876
0.999123
1
0.999091
0.996708
1
0.998425
0.99849
1
0.9993
0.998821
1
1
0.997907
1
0.999109
1
0.998456
0.997745
0.996174
0.998369
0.99891
0.998231
0.999149
1
0.998398
1
1
0.998362
0.99993
0.998041
0.99993
0.999819
1
0.998877
0.999305
1
1
1
0.998249
0.999109
1
1
0.999721
1
1
1
0.998365
0.996811
1
0.999001
0.999122
0.995742
1
0.998243
0.998723
0.997142
0.998397
0.99993
1
0.99982
1
0.999056
1
0.998263
0.999702
0.999382
0.997809
0.998452
0.999123
0.997507
0.994382
0.999671
0.997308
1
0.994616
0.996246
1
0.997365
0.99702
0.996811
0.998243
0.997943
0.99681
0.998876
0.998548
0.996809
0.99894
0.999264
0.996811
1
0.997367
0.996813
0.997795
0.997401
1
1
1
1
0.997955
0.998931
0.999697
1
0.998846
1
0.999122
0.998811
0.999118
0.998418
0.999366
0.999116
1
1
1
1
1
1
1
1
0.998067
1
0.999768
1
1
0.999961
1
1
0.995958
1
1
0.998917
0.997668
1
0.999961
1
0.996487
0.994387
1
0.997668
0.997368
0.995259
0.998606
1
0.99798
0.998323
0.997706
0.997364
0.997816
1
1
1
0.996741
1
0.995916
0.996245
1
0.99654
0.997943
0.999301
0.995943
1
0.99989
0.999122
1
0.996921
1
0.997246
0.996809
0.998643
0.996611
1
0.997546
0.998877
1
0.998909
0.999768
0.997252
0.998877
1
1
1
0.995954
1
0.999044
0.998425
0.998941
0.999128
0.999044
1
0.999304
0.999695
1
1
0.999065
1
1
1
1
1
1
0.999305
1
0.999768
0.999124
0.99989
1
1
1
1
1
0.99797
1
0.997909
1
1
0.997366
0.994722
0.998568
0.998244
0.99791
0.998877
0.993733
0.996456
0.996632
1
0.997978
0.99798
0.996099
0.998652
1
1
0.994008
0.998323
0.998481
0.998048
0.998932
0.997924
0.995946
0.998288
0.997808
0.999011
0.997761
0.998461
0.998111
1
1
1
0.997755
0.996811
0.998244
0.999122
0.996809
0.999186
0.99997
1
0.999152
0.997986
1
1
1
1
1
0.999123
0.996813
1
0.995954
1
0.999802
1
1
0.999128
0.997362
0.998369
0.999122
0.999756
0.999149
0.998757
0.999032
1
0.999118
1
1
1
0.99993
0.999124
0.996927
0.997793
0.999124
1
0.998877
1
1
1
1
1
1
0.997979
0.993183
0.998878
0.998244
0.992963
1
0.999092
0.998879
0.995587
1
0.995305
0.995858
0.997978
0.996654
1
0.999164
0.995717
0.996842
0.999935
1
0.9997
0.99854
0.998666
0.997078
0.995189
0.999123
0.999129
0.999663
0.998748
0.999123
0.997971
1
1
1
0.998244
0.999032
0.996811
0.998365
0.997398
1
0.996201
0.999122
1
0.999121
0.998877
0.997251
0.999
1
1
1
1
1
0.999923
1
1
0.999044
1
1
0.999128
1
1
1
1
1
1
0.998264
1
1
1
0.99804
1
1
1
0.996817
1
0.999124
1
0.999032
1
1
1
1
1
1
1
1
1
0.999122
0.996921
0.996285
1
0.998546
0.997252
0.996702
0.996517
0.999961
0.995468
1
0.99596
1
0.998083
0.998302
0.999772
0.99804
0.998592
0.999821
0.998341
0.997359
0.998451
0.999123
0.999129
0.996853
0.999077
0.99876
0.99993
1
0.996401
1
0.999122
1
1
0.997365
0.999122
0.99681
1
0.999425
1
1
0.998877
1
0.999121
0.997754
1
0.99849
0.999123
1
1
1
1
0.998417
1
0.998819
0.999128
1
1
0.999425
0.999695
1
1
1
1
1
1
1
1
0.997971
1
1
1
0.999124
1
0.999961
1
1
0.998877
1
1
1
0.996027
0.993621
0.997833
0.996821
0.996812
0.998878
0.995125
0.99794
0.997755
0.996372
0.996456
0.9976
1
0.996724
1
0.999861
0.999132
1
1
0.998376
0.998951
0.999166
0.997787
0.999944
0.996178
0.999032
0.998258
0.999326
0.998122
0.998548
1
1
0.997755
1
0.997365
0.998916
1
1
0.99882
1
0.998876
1
1
0.999122
0.997754
1
0.998243
1
1
1
1
1
1
1
0.998256
1
1
0.998245
0.999038
0.999044
1
1
1
1
1
1
0.999115
1
1
1
1
1
1
1
0.998877
1
1
1
1
1
1
1
1
0.997979
1
0.997471
0.998878
0.997518
0.989772
0.997988
0.99679
0.997456
0.999536
0.993622
0.99797
0.997987
0.999233
0.994074
1
0.99791
0.998263
0.997021
0.994665
0.999776
0.997034
0.998123
0.998731
1
0.999044
0.998548
0.997627
0.996741
0.998089
0.99882
1
1
0.998839
0.997581
0.999122
0.998878
0.99989
1
0.99767
1
1
1
1
0.998243
1
1
1
1
0.99989
1
0.999819
0.996923
0.998877
1
0.997907
1
0.997075
1
1
1
1
1
1
1
1
0.999399
1
1
1
1
1
1
1
1
0.998877
1
1
1
1
1
1
1
1
1
1
0.996812
0.994893
0.997063
0.996811
0.995936
0.998244
0.999001
0.99791
0.99989
0.996274
0.997755
0.997282
0.994631
1
0.99394
0.996766
0.996574
0.999024
1
0.994518
1
0.998731
1
0.999045
1
1
0.99674
0.999044
0.998245
1
1
0.998878
1
0.999122
0.998065
1
0.998879
1
1
0.999418
0.999122
1
0.998364
0.996477
1
1
0.998877
1
0.998877
1
1
1
0.998047
1
0.999637
1
1
1
0.99845
1
0.999122
1
1
0.998361
1
1
0.999696
1
1
0.997971
1
0.999487
1
1
1
1
0.999342
1
0.999124
1
1
1
0.997979
0.997979
0.997911
0.997717
0.996518
0.989334
0.995898
0.993853
0.99788
0.997717
0.993622
0.998031
1
0.997979
1
1
1
0.998443
0.999374
0.999382
0.999328
0.997514
0.998987
0.996192
1
0.998715
0.999123
1
1
0.999374
1
1
1
1
1
0.999122
0.997523
0.996811
1
1
1
1
0.999122
1
1
1
0.997251
0.999879
0.998877
1
1
1
1
0.998877
1
1
0.999044
0.999775
0.998941
0.999128
0.999802
0.999662
0.998971
0.999085
0.999422
1
1
1
1
1
1
1
1
1
1
1
1
1
1
0.996817
1
0.998877
1
1
0.995958
0.998606
1
0.99586
0.99561
0.993621
0.99404
0.999122
0.997305
0.997755
1
0.996486
0.997755
0.999233
0.997978
0.996448
1
0.998563
0.996515
0.998048
0.998936
0.996884
0.997676
0.995997
1
1
0.999818
1
1
0.999605
0.999486
1
1
0.994969
1
1
0.999226
0.996811
0.997668
1
1
1
0.999122
1
0.999122
0.997754
1
0.999121
0.998877
0.996923
1
1
1
1
0.997977
1
1
1
1
0.99997
1
1
0.999122
0.999115
1
1
1
1
0.999118
1
1
1
1
1
1
0.998877
1
1
1
1
1
1
1
0.997969
0.996794
0.994006
0.99989
0.998491
0.998244
0.990542
0.998916
0.996457
1
0.998916
0.99934
0.999424
1
0.99993
1
0.99422
0.993939
0.998622
0.995294
0.998731
0.998376
0.997244
0.99857
1
1
0.999242
1
0.99997
1
0.99967
1
1
1
0.99822
1
0.999909
0.99911
0.996811
0.998213
1
1
1
1
1
1
0.998877
1
1
0.997754
1
1
1
1
1
1
1
1
0.998369
1
0.997564
1
0.998369
1
1
0.999818
0.9987
1
1
1
1
1
1
1
0.999124
1
1
1
1
1
1
1
1
1
1
0.997979
0.995958
1
0.998878
0.999122
1
1
0.999122
0.999122
0.998877
1
1
1
1
1
1
0.997284
0.996796
0.999136
0.999057
0.995184
0.997334
0.999166
0.999056
0.99837
0.999374
0.999123
1
0.996741
1
1
1
1
0.999613
1
0.998244
0.998878
0.996811
0.998243
1
1
1
0.999122
1
0.999122
1
1
0.999121
1
1
1
1
1
1
1
1
1
1
0.999425
1
0.999044
0.996737
0.999697
1
1
1
0.998831
1
0.999118
1
1
1
1
1
1
0.998877
1
1
1
1
1
1
1
1
0.993937
0.999303
1
1
0.999818
1
0.998878
0.999304
0.999122
1
1
1
1
1
1
0.99798
1
0.998083
0.997706
1
1
0.997124
0.9986
0.999024
1
1
1
1
1
1
1
1
1
1
1
1
0.998142
1
0.999394
1
1
1
1
1
0.999424
1
1
0.998061
0.998761
1
0.99849
1
1
1
0.999442
0.997419
1
0.999888
0.998305
0.999489
0.999044
0.998369
0.998274
1
0.99997
1
1
1
1
1
1
0.997971
1
1
1
1
0.999124
1
1
1
1
1
1
1
0.997979
0.997979
1
0.998878
1
1
1
1
0.999818
1
1
0.999303
0.998877
1
1
0.99603
1
0.995478
0.998004
0.997105
0.995183
0.998832
1
0.999056
1
1
1
1
1
0.999044
1
1
1
0.997368
0.993623
0.996487
0.997716
1
0.998849
1
1
1
1
1
0.999
0.998993
1
1
0.996631
1
1
0.999698
1
1
0.99993
0.995954
1
0.998425
0.999092
0.998136
1
0.999156
1
1
1
1
1
1
1
1
1
1
1
1
1
1
0.999124
1
1
1
1
1
1
1
0.995958
1
1
0.998878
1
1
1
0.999122
1
1
1
1
1
1
1
1
0.997702
1
0.999136
1
0.998376
0.998262
0.997765
1
1
1
1
1
1
1
1
1
1
1
0.996811
0.997941
0.997175
1
0.998244
1
1
1
1
1
0.998576
1
1
0.999152
0.998838
1
1
1
1
1
0.998047
0.996651
1
0.997919
1
0.998166
1
0.998369
0.999697
1
1
1
1
1
1
1
1
1
0.997971
1
1
1
0.999124
1
1
1
1
1
1
1
1
0.997979
1
1
0.999122
1
0.998878
0.999122
1
0.998877
1
1
1
1
1
1
1
0.998293
0.999464
0.999967
1
1
0.998957
0.999675
1
0.999671
1
1
1
1
1
1
1
0.999613
0.996811
0.999122
0.999265
1
0.999697
1
1
1
1
1
0.999122
0.998877
1
1
0.999768
1
1
1
1
1
0.999303
0.998396
1
1
0.998547
0.999128
1
0.998425
0.998214
1
1
1
1
1
1
1
1
1
1
1
1
1
1
1
1
1
1
1
1
1
0.997979
1
1
1
0.998244
1
1
1
1
1
1
1
1
1
1
1
1
0.999132
0.998272
0.998438
0.996808
1
1
1
1
1
1
1
1
1
1
1
1
0.998839
0.996812
0.997699
1
1
0.999122
1
1
1
1
1
0.999122
1
1
0.99997
0.999768
1
1
1
1
1
1
0.997071
1
0.999887
0.999152
1
1
1
0.999122
1
1
1
1
1
1
1
1
0.998041
0.99993
1
1
1
1
1
1
1
1
1
1
1
1
1
1
1
0.999152
1
1
1
1
1
1
1
1
1
1
1
1
1
1
0.999057
1
1
1
1
1
1
1
1
1
1
1
1
1
1
0.99934
1
0.998877
1
1
1
1
1
1
1
0.998304
1
1
0.999121
0.998877
1
1
1
1
1
0.999303
1
1
1
1
0.99997
0.998384
1
0.999243
1
1
1
1
1
1
1
1
0.998041
0.99972
1
1
1
1
1
1
1
1
1
1
1
1
1
1
1
1
1
1
1
1
1
1
1
1
1
1
0.998398
0.997562
0.999132
1
1
1
1
1
1
1
1
1
1
1
1
1
1
1
0.998878
1
0.999122
1
1
1
1
1
1
1
1
1
1
1
0.997727
0.999923
1
1
1
1
0.999342
1
0.997977
0.999802
0.998369
1
1
1
0.999438
1
1
1
1
1
1
1
1
1
1
1
1
1
1
1
1
1
1
1
1
1
1
1
1
1
1
1
1
1
1
1
1
1
1
1
1
1
1
0.99798
1
1
1
1
1
1
1
1
1
1
1
1
1
1
1
1
1
1
0.999122
1
1
0.998273
1
1
1
1
1
0.999697
1
1
1
0.998877
1
0.999613
1
1
1
0.997977
1
1
0.998931
1
1
1
1
1
1
1
1
1
1
1
1
1
1
1
1
1
1
1
1
1
1
1
1
1
1
0.997979
1
1
1
1
1
1
1
1
1
1
1
1
1
1
1
0.99798
1
1
1
1
0.999131
0.998272
0.999056
1
1
1
0.999129
1
1
1
1
1
0.998878
1
0.99997
1
1
1
1
1
1
1
1
0.99997
1
1
1
1
1
1
1
1
1
1
1
1
1
1
1
1
1
1
1
1
1
1
1
1
1
1
1
1
1
1
1
1
1
1
1
1
1
1
1
1
1
1
1
1
1
1
1
1
1
1
1
1
1
1
1
1
1
1
1
1
1
1
1
1
1
1
1
1
1
1
1
1
1
0.996812
1
1
1
1
1
1
1
1
1
1
1
1
1
1
1
1
1
1
1
1
1
1
0.998369
1
1
1
1
0.999122
1
1
1
1
1
1
1
1
1
0.997971
1
1
1
1
1
1
1
1
1
1
1
1
1
1
1
1
1
1
1
1
1
1
1
1
1
1
0.99798
1
1
1
0.999056
1
1
1
1
1
1
1
1
1
1
1
1
1
1
1
1
1
1
1
1
1
1
1
1
1
1
1
1
1
1
1
1
1
1
1
1
1
1
1
1
1
1
1
1
1
1
1
1
1
1
1
1
1
1
1
1
1
1
1
1
1
1
1
1
1
1
1
1
1
1
1
1
1
1
1
1
1
1
1
1
1
1
1
1
1
1
1
1
1
1
1
1
1
1
1
1
1
1
1
1
1
1
1
1
1
1
1
1
1
1
1
1
1
1
1
1
1
1
1
1
1
1
1
1
1
1
1
1
1
1
1
1
1
1
1
1
1
1
1
1
1
1
1
1
1
1
1
1
1
1
1
1
1
1
1
1
1
1
1
1
1
1
1
1
1
1
1
1
1
1
1
1
1
1
1
1
1
1
1
1
1
1
1
1
1
1
1
1
1
1
1
1
1
1
1
1
1
1
1
1
1
1
1
1
1
1
1
1
1
1
1
1
1
1
1
1
1
1
1
1
1
1
1
1
1
1
1
1
1
1
1
1
1
1
1
1
1
1
1
1
1
1
1
1
1
1
1
1
1
1
1
1
1
1
1
1
1
1
1
1
1
1
1
1
1
1
1
1
1
1
1
1
1
1
1
1
1
1
1
1
1
1
1
1
1
1
1
1
1
1
1
1
1
1
1
1
1
1
1
1
1
1
1
1
1
1
1
1
1
1
1
1
1
1
1
1
1
1
1
1
1
1
1
1
1
1
1
1
1
1
1
1
1
1
1
1
1
1
1
1
1
1
1
1
1
1
1
1
1
1
1
1
1
1
1
1
1
1
1
1
1
1
1
1
1
1
1
1
1
1
1
1
1
1
1
1
1
1
1
1
1
1
1
1
1
1
1
1
1
1
1
1
1
1
1
1
1
1
1
1
1
1
1
1
1
1
1
1
1
1
1
1
1
1
1
1
1
1
1
1
1
1
1
1
1
1
1
1
1
1
1
1
1
1
1
1
1
1
1
1
1
1
1
1
1
1
1
1
1
1
1
1
1
1
1
1
1
1
1
1
1
1
1
1
1
1
1
1
1
1
1
1
1
1
1
1
1
1
1
1
1
1
1
1
1
1
1
1
1
1
1
1
1
1
1
1
1
1
1
1
1
1
1
1
1
1
1
1
1
1
1
1
1
1
1
1
1
1
1
1
1
1
1
1
1
1
1
1
1
1
1
1
1
1
1
1
1
1
1
1
1
1
1
1
1
1
1
1
1
1
1
1
1
1
1
1
1
1
1
1
1
1
1
1
1
1
1
1
1
1
1
1
1
1
1
1
1
1
1
1
1
1
1
1
1
1
1
1
1
0.99994
1
1
1
1
1
1
1
1
1
1
1
1
1
1
1
1
1
1
1
1
1
1
1
1
1
1
1
1
1
1
1
1
1
1
1
1
1
1
1
1
1
1
1
1
1
1
1
1
1
1
1
1
1
1
1
1
1
1
1
1
1
1
1
1
1
1
1
1
1
1
1
1
1
1
1
1
1
1
1
0.99988
1
1
1
1
1
1
1
1
1
1
1
1
1
1
1
1
1
1
1
1
1
1
1
1
1
1
1
1
1
1
1
1
1
1
1
1
1
1
1
1
1
1
1
1
1
1
1
1
1
1
1
1
1
1
1
1
1
1
1
1
1
1
1
1
1
1
1
1
1
1
1
1
1
1
1
1
1
1
1
1
1
1
1
1
1
1
1
1
1
1
1
1
1
1
1
1
1
1
1
1
1
1
1
1
1
1
1
1
1
1
1
1
1
1
1
1
1
1
1
1
1
1
1
1
1
1
1
1
1
1
1
1
1
1
1
1
1
1
1
1
1
1
1
1
1
1
1
1
1
1
1
1
1
1
1
1
1
1
1
1
1
1
1
1
1
1
1
1
1
1
1
1
1
1
1
1
1
1
1
1
1
1
1
1
1
1
1
1
1
1
1
1
1
1
1
1
1
1
1
1
1
1
1
1
1
1
1
1
1
1
1
1
1
1
1
1
1
1
1
1
1
1
1
1
1
1
1
1
1
1
1
1
1
1
1
1
1
1
1
1
1
1
1
1
1
1
1
1
1
1
1
1
1
1
1
1
1
1
1
1
1
1
1
1
1
1
1
1
1
1
1
1
1
1
1
1
1
1
1
1
1
1
1
1
1
1
1
1
1
1
1
1
1
1
1
1
1
1
1
1
1
1
1
1
1
1
1
1
1
1
1
1
1
1
1
1
1
1
1
1
1
1
1
1
1
1
1
1
1
1
1
1
1
1
1
1
1
1
1
1
1
1
1
1
1
1
1
1
1
1
1
1
1
1
1
1
1
1
1
1
1
1
1
1
1
1
1
1
1
1
1
1
1
1
1
1
1
1
1
1
1
1
1
1
1
1
1
1
1
1
1
1
1
1
1
1
1
1
1
1
1
1
1
1
1
1
1
1
1
1
1
1
1
1
1
1
1
1
1
1
1
1
1
1
1
1
1
1
1
1
1
1
1
1
1
1
1
1
1
1
1
1
1
1
1
1
1
1
1
1
1
1
1
1
1
1
1
1
1
1
1
1
1
1
1
1
1
1
1
1
1
1
1
1
1
1
1
1
1
1
1
1
1
1
1
1
1
1
1
1
1
1
1
1
1
1
1
1
1
1
1
1
1
1
1
1
1
1
1
1
1
1
1
1
1
1
1
1
1
1
1
1
1
1
1
1
1
1
1
1
1
1
1
1
1
1
1
1
1
1
1
1
1
1
1
1
1
1
1
1
1
1
1
1
1
1
1
1
1
1
1
1
1
1
1
1
1
1
1
1
1
1
1
1
1
1
1
1
1
1
1
1
1
1
1
1
1
1
1
1
1
1
1
1
1
1
1
1
1
1
1
1
1
1
1
1
1
1
1
1
1
1
1
1
1
1
1
1
1
1
1
1
1
1
1
1
1
1
1
1
1
1
1
1
1
1
1
1
1
1
1
1
1
1
1
1
1
1
1
1
1
1
1
1
1
1
1
1
1
1
1
1
1
1
1
1
1
1
1
1
1
1
1
1
1
1
1
1
1
1
1
1
1
1
1
1
1
1
1
1
1
1
1
1
1
1
1
1
1
1
1
1
1
1
1
1
1
1
1
1
1
1
1
1
1
1
1
1
1
1
1
1
1
1
1
1
1
1
1
1
1
1
1
1
1
1
1
1
1
1
1
1
1
1
1
1
1
1
1
1
1
1
1
1
1
1
1
1
1
1
1
1
1
1
1
1
1
1
1
1
1
1
1
1
1
1
1
1
1
1
1
1
1
1
1
1
1
1
1
1
1
1
1
1
1
1
1
1
1
1
1
1
1
1
1
1
1
1
1
1
1
1
1
1
1
1
1
1
1
1
1
1
1
1
1
1
1
1
1
1
1
1
1
1
1
1
1
1
1
1
1
1
1
1
1
1
1
1
1
1
1
1
1
1
1
1
1
1
1
1
1
1
1
1
1
1
1
1
1
1
1
1
1
1
1
1
1
1
1
1
1
1
1
1
1
1
1
1
1
1
1
1
1
1
1
1
1
1
1
1
1
1
1
1
1
1
1
1
1
1
1
1
1
1
1
1
1
1
1
1
1
1
1
1
1
1
1
1
1
1
1
1
1
1
1
1
1
1
1
1
1
1
1
1
1
1
1
1
1
1
1
1
1
1
1
1
1
1
1
1
1
1
1
1
1
1
1
1
1
1
1
1
1
1
1
1
1
1
1
1
1
1
1
1
1
1
1
1
1
1
1
1
1
1
1
1
1
1
1
1
1
1
1
1
1
1
1
1
1
1
1
1
1
1
1
1
1
1
1
1
1
1
1
1
1
1
1
1
1
1
1
1
1
1
1
1
1
1
1
1
1
1
1
1
1
1
1
1
1
1
1
1
1
1
1
1
1
1
1
1
1
1
1
1
1
1
1
1
1
1
1
1
1
1
1
1
1
1
1
1
1
1
1
1
1
1
1
1
1
1
1
1
1
1
1
1
1
1
1
1
1
1
1
1
1
1
1
1
1
1
1
1
1
1
1
1
1
1
1
1
1
1
1
1
1
1
1
1
1
1
1
1
1
1
1
1
1
1
1
1
1
1
1
1
1
1
1
1
1
1
1
1
1
1
1
1
1
1
1
1
1
1
1
1
1
1
1
1
1
1
1
1
1
1
1
1
1
1
1
1
1
1
1
1
1
1
1
1
1
1
1
1
1
1
1
1
1
1
1
1
1
1
1
1
1
1
1
1
1
1
1
1
1
1
1
1
1
1
1
1
1
1
1
1
1
1
1
1
1
1
1
1
1
1
1
1
1
1
1
1
1
1
1
1
1
1
1
1
1
1
1
1
1
1
1
1
1
1
1
1
1
1
1
1
1
1
1
1
1
1
1
1
1
1
1
1
1
1
1
1
1
1
1
1
1
1
1
1
1
1
1
1
1
1
1
1
1
1
1
1
1
1
1
1
1
1
1
1
1
1
1
1
1
1
1
1
1
1
1
1
1
1
1
1
1
1
1
1
1
1
1
1
1
1
1
1
1
1
1
1
1
1
1
1
1
1
1
1
1
1
1
1
1
1
1
1
1
1
1
1
1
1
1
1
1
1
1
1
1
1
1
1
1
1
1
1
1
1
1
1
1
1
1
1
1
1
1
1
1
1
1
1
1
1
1
1
1
1
1
1
1
1
1
1
1
1
1
1
1
1
1
1
1
1
1
1
1
1
1
1
1
1
1
1
1
1
1
1
1
1
1
1
1
1
1
1
1
1
1
1
1
1
1
1
1
1
1
1
1
1
1
1
1
1
1
1
1
1
1
1
1
1
1
1
1
1
1
1
1
1
1
1
1
1
1
1
1
1
1
1
1
1
1
1
1
1
1
1
1
1
1
1
1
1
1
1
1
1
1
1
1
1
1
1
1
1
1
1
1
1
1
1
1
1
1
1
1
1
1
1
1
1
1
1
1
1
1
1
1
1
1
1
1
1
1
1
1
1
1
1
1
1
1
1
1
1
1
1
1
1
1
1
1
1
1
1
1
1
1
1
1
1
1
1
1
1
1
1
1
1
1
1
1
1
1
1
1
1
1
1
1
1
1
1
1
1
1
1
1
1
1
1
1
1
1
1
1
1
1
1
1
1
1
1
1
1
1
1
1
1
1
1
1
1
1
1
1
1
1
1
1
1
1
1
1
1
1
1
1
1
1
1
1
1
1
1
1
1
1
1
1
1
1
1
1
1
1
1
1
1
1
1
1
1
1
1
1
1
1
1
1
1
1
1
1
1
1
1
1
1
1
1
1
1
1
1
1
1
1
1
1
1
1
1
1
1
1
1
1
1
1
1
1
1
1
1
1
1
1
1
1
1
1
1
1
1
1
1
1
1
1
1
1
1
1
1
1
1
1
1
1
1
1
1
1
1
1
1
1
1
1
1
1
1
1
1
1
1
1
1
1
1
1
1
1
1
1
1
1
1
1
1
1
1
1
1
1
1
1
1
1
1
1
1
1
1
1
1
1
1
1
1
1
1
1
1
1
1
1
1
1
1
1
1
1
1
1
1
1
1
1
1
1
1
1
1
1
1
1
1
1
1
1
1
1
1
1
1
1
1
1
1
1
1
1
1
1
1
1
1
1
1
1
1
1
1
1
1
1
1
1
1
1
1
1
1
1
1
1
1
1
1
1
1
1
1
1
1
1
1
1
1
1
1
1
1
1
1
1
1
1
1
1
1
1
1
1
1
1
1
1
1
1
1
1
1
1
1
1
1
1
1
1
1
1
1
1
1
1
1
1
1
1
1
1
1
1
1
1
1
1
1
1
1
1
1
1
1
1
1
1
1
1
1
1
1
1
1
1
1
1
1
1
1
1
1
1
1
1
1
1
1
1
1
1
1
1
1
1
1
1
1
1
1
1
1
1
1
1
1
1
1
1
1
1
1
1
1
1
1
1
1
1
1
1
1
1
1
1
1
1
1
1
1
1
1
1
1
1
1
1
1
1
1
1
1
1
1
1
1
1
1
1
1
1
1
1
1
1
1
1
1
1
1
1
1
1
1
1
1
1
1
1
1
1
1
1
1
1
1
1
1
1
1
1
1
1
1
1
1
1
1
1
1
1
1
1
1
1
1
1
1
1
1
1
1
1
1
1
1
1
1
1
1
1
1
1
1
1
1
1
1
1
1
1
1
1
1
1
1
1
1
1
1
1
1
1
1
1
1
1
1
1
1
1
1
1
1
1
1
1
1
1
1
1
1
1
1
1
1
1
1
1
1
1
1
1
1
1
1
1
1
1
1
1
1
1
1
1
1
1
1
1
1
1
1
1
1
1
1
1
1
1
1
1
1
1
1
1
1
1
1
1
1
1
1
1
1
1
1
1
1
1
1
1
1
1
1
1
1
1
1
1
1
1
1
1
1
1
1
1
1
1
1
1
1
1
1
1
1
1
1
1
1
1
1
1
1
1
1
1
1
1
1
1
1
1
1
1
1
1
1
1
1
1
1
1
1
1
1
1
1
1
1
1
1
1
1
1
1
1
1
1
1
1
1
1
1
1
1
1
1
1
1
1
1
1
1
1
1
1
1
1
1
1
1
1
1
1
1
1
1
1
1
1
1
1
1
1
1
1
1
1
1
1
1
1
1
1
1
1
1
1
1
1
1
1
1
1
1
1
1
1
1
1
1
1
1
1
1
1
1
1
1
1
1
1
1
1
1
1
1
1
1
1
1
1
1
1
1
1
1
1
1
1
1
1
1
1
1
1
1
1
1
1
1
1
1
1
1
1
1
1
1
1
1
1
1
1
1
1
1
1
1
1
1
1
1
1
1
1
1
1
1
1
1
1
1
1
1
1
1
1
1
1
1
1
1
1
1
1
1
1
1
1
1
1
1
1
1
1
1
1
1
1
1
1
1
1
1
1
1
1
1
1
1
1
1
1
1
1
1
1
1
1
1
1
1
1
1
1
1
1
1
1
1
1
1
1
1
1
1
1
1
1
1
1
1
1
1
1
1
1
1
1
1
1
1
1
1
1
1
1
1
1
1
1
1
1
1
1
1
1
1
1
1
1
1
1
1
1
1
1
1
1
1
1
1
1
1
1
1
1
1
1
1
1
1
1
1
1
1
1
1
1
1
1
1
1
1
1
1
1
1
1
1
1
1
1
1
1
1
1
1
1
1
1
1
1
1
1
1
1
1
1
1
1
1
1
1
1
1
1
1
1
1
1
1
1
1
1
1
1
1
1
1
1
1
1
1
1
1
1
1
1
1
1
1
1
1
1
1
1
1
1
1
1
1
1
1
1
1
1
1
1
1
1
1
1
1
1
1
1
1
1
1
1
1
1
1
1
1
1
1
1
1
1
1
1
1
1
1
1
1
1
1
1
1
1
1
1
1
1
1
1
1
1
1
1
1
1
1
1
1
1
1
1
1
1
1
1
1
1
1
1
1
1
1
1
1
1
1
1
1
1
1
1
1
1
1
1
1
1
1
1
1
1
1
1
1
1
1
1
1
1
1
1
1
1
1
1
1
1
1
1
1
1
1
1
1
1
1
1
1
1
1
1
1
1
1
1
1
1
1
1
1
1
1
1
1
1
1
1
1
1
1
1
1
1
1
1
1
1
1
1
1
1
1
1
1
1
1
1
1
1
1
1
1
1
1
1
1
1
1
1
1
1
1
1
1
1
1
1
1
1
1
1
1
1
1
1
1
1
1
1
1
1
1
1
1
1
1
1
1
1
1
1
1
1
1
1
1
1
1
1
1
1
1
1
1
1
1
1
1
1
1
1
1
1
1
1
1
1
1
1
1
1
1
1
1
1
1
1
1
1
1
1
1
1
1
1
1
1
1
1
1
1
1
1
1
1
1
1
1
1
1
1
1
1
1
1
1
1
1
1
1
1
1
1
1
1
1
1
1
1
1
1
1
1
1
1
1
1
1
1
1
1
1
1
1
1
1
1
1
1
1
1
1
1
1
1
1
1
1
1
1
1
1
1
1
1
1
1
1
1
1
1
1
1
1
1
1
1
1
1
1
1
1
1
1
1
1
1
1
1
1
1
1
1
1
1
1
1
1
1
1
1
1
1
1
1
1
1
1
1
1
0.843394
0.980431
0.983887
0.613745
0.876761
0.933408
0.891759
0.988432
0.93388
0.920595
0.939535
0.934108
0.926608
0.947627
0.964937
0.834222
0.929375
0.745672
0.975997
0.805207
0.947537
0.992735
0.993454
0.99993
0.950519
0.833464
0.993209
0.910995
0.867216
0.982463
0.911167
0.740539
0.789172
0.728205
0.578812
0.838299
0.841078
0.800599
0.736343
0.663749
0.527658
0.511268
0.982266
1
0.999937
0.999669
0.987279
0.957446
0.992413
1
0.980224
0.992671
0.977107
0.944063
0.98439
0.987841
0.973936
0.998726
0.973998
0.833835
0.640447
0.906279
0.801684
0.858782
0.90624
0.910831
0.520991
0.498659
0.638093
0.563193
0.977902
0.9892
0.957436
0.887435
0.91892
0.815912
0.814598
0.992065
0.989866
0.999171
0.895459
0.875505
0.820044
0.826715
0.882292
0.90427
0.928834
0.61425
0.914103
0.947752
0.95017
0.902013
0.960633
0.909639
0.963025
0.879931
0.952799
0.858386
0.903573
0.802776
0.94241
0.653275
0.864378
0.725829
0.879126
0.957012
0.801412
0.746673
0.819656
0.825566
0.811238
0.786044
0.944966
0.961346
0.957609
0.706942
0.94079
0.961425
0.963411
0.918466
0.94169
0.912445
0.915079
0.956101
0.942749
0.963129
0.834125
0.576054
0.75713
0.565003
0.793433
0.566323
0.799484
0.907205
0.848136
0.87315
0.801636
0.952966
0.91361
0.92736
0.940644
0.964715
0.948369
0.730984
0.922436
0.954132
0.93409
0.961195
0.950821
0.975772
0.936606
0.963481
0.936412
0.972371
0.83866
0.750663
0.85205
0.698328
0.929059
0.837705
0.890062
0.969586
0.968133
0.960382
0.960257
0.986148
0.983132
0.986862
0.752301
0.90492
0.835372
0.419719
0.538315
0.506645
0.560941
0.941768
0.916613
0.939284
0.870032
0.945472
0.877801
0.90961
0.969118
0.869676
0.894464
0.711719
0.633084
0.851746
0.772368
0.986556
0.9821
0.972699
0.977416
0.924818
0.985103
0.964617
0.560972
0.484405
0.505999
0.770469
0.84449
0.836736
0.606835
0.930843
0.850761
0.852183
0.720071
0.842474
0.645538
0.888439
0.573264
0.883179
0.697377
0.938463
0.929366
0.976791
0.936994
0.928113
0.992957
0.975175
0.981463
0.954347
0.982726
0.969859
0.975146
0.988088
0.865386
0.996861
0.992053
0.994256
0.990206
0.904064
0.559274
0.887517
0.973454
0.991448
0.927245
0.972062
0.9723
0.984831
0.970216
0.958902
0.986427
0.956482
0.971194
0.968268
0.943468
0.954734
0.971547
0.963707
0.903594
0.945478
0.996044
0.994388
0.993306
0.996794
0.998039
0.998097
0.994395
0.996268
0.996889
0.997859
0.997528
0.996437
0.997915
0.996923
0.995935
0.956651
0.973928
0.988712
0.993673
0.975639
0.991046
0.959128
0.935708
0.964394
0.957982
0.991793
0.976052
0.99076
0.996653
0.996948
0.995945
0.998819
0.996214
0.997934
0.998254
0.997793
0.993913
0.993681
0.999221
0.99888
0.999372
0.997002
0.998394
0.989763
0.994799
0.996046
0.998132
0.992534
0.998388
0.99555
0.993056
0.995992
0.993945
0.996244
0.998882
0.997748
0.99554
0.998033
1
0.999595
1
0.997542
0.996186
0.996881
0.999802
0.996775
0.997396
0.998036
0.996079
0.999967
0.998427
0.997028
0.996512
0.998041
0.999672
0.999966
0.997764
0.999044
0.997257
0.998079
0.997599
0.999045
0.999797
0.99712
0.999156
0.99774
0.999047
0.999933
0.998886
0.999083
0.999672
0.998375
0.994601
0.99904
0.997398
0.997057
0.999671
0.997124
0.997347
0.997096
0.999046
0.998379
0.998854
1
1
1
0.998883
0.99712
0.999053
0.999638
0.997325
1
0.998042
1
0.99652
0.999461
0.998346
0.998952
0.997177
1
0.998093
0.999041
0.998041
0.998884
0.998093
0.99392
0.99905
0.998042
1
1
0.998101
1
0.998094
0.998157
0.999086
0.999901
1
0.999506
0.999357
0.998908
0.997705
0.999771
0.998917
1
0.999021
1
0.999803
1
0.999047
0.999372
0.999628
0.996753
0.999047
0.999009
0.999673
0.998042
0.999047
0.999358
0.998429
0.999325
1
1
0.999661
1
0.998377
0.997762
0.999661
0.999669
0.996086
1
0.999048
0.996359
0.997165
0.996268
0.999606
0.995535
0.999934
1
0.995135
0.999019
0.999047
0.997455
1
0.999359
1
0.998041
0.999051
0.998042
0.999047
0.999375
0.999357
0.997453
0.99902
0.999803
0.999357
0.999371
0.999325
0.999051
0.999048
0.998989
0.999055
0.997512
0.99872
0.997226
0.999047
0.995935
0.998851
0.997226
0.99783
0.998315
0.998101
1
1
0.998109
0.998167
1
0.999376
0.997368
0.999661
0.99871
1
0.999046
0.999797
0.999239
0.998043
1
0.999376
0.999966
0.997064
0.999378
0.999048
0.998173
0.998061
1
0.998007
0.999019
0.997502
0.998083
0.999673
1
0.998718
0.999021
0.997479
0.999021
1
0.998091
1
0.99871
0.99902
0.999375
0.999018
0.999074
0.997841
1
0.99872
0.997033
0.998042
0.999083
0.999967
0.998613
0.997765
0.998183
0.99706
0.998376
0.998093
0.999042
0.998429
1
1
0.998041
0.999673
1
0.999803
0.996842
1
0.999008
0.997059
1
0.999018
1
0.998043
1
0.998097
0.997067
0.999021
0.999673
0.999245
0.998072
0.998127
0.998117
0.999223
0.997699
0.99714
0.99838
0.998363
0.999021
0.998883
0.998041
0.99905
1
0.998455
1
1
1
0.998986
0.998124
0.998409
1
0.998043
0.999673
0.9979
0.999022
0.996422
0.998625
0.998818
0.999019
1
0.998084
0.999493
1
0.99714
0.999042
1
0.999089
0.998784
0.998041
0.997184
0.996084
0.999244
0.999967
0.999662
1
0.998039
1
1
1
0.99865
0.998429
0.999081
1
0.99838
0.998396
0.998228
0.997091
0.998422
1
0.997702
0.998038
0.998093
1
0.999018
0.999021
1
1
1
0.999055
0.999014
0.999046
0.999323
1
1
0.999375
0.997732
1
0.997672
0.999313
0.997014
0.996696
0.996456
0.997184
0.999048
0.999357
1
1
0.999054
0.998681
0.99714
0.999042
1
1
0.999047
0.996149
0.999935
1
0.996845
0.999671
1
0.998082
1
1
0.999086
0.999934
0.997436
0.999673
0.998097
0.998887
0.999224
0.998428
0.999048
0.999019
0.999638
0.999042
0.998648
0.998038
0.999047
0.999075
0.998102
1
0.997437
0.998007
0.99905
0.998042
0.997141
1
1
1
0.997397
1
0.999661
0.999041
0.998819
1
1
0.997909
0.999156
1
0.998096
0.999019
0.99908
0.998084
1
0.998038
0.999047
1
0.99748
0.998042
0.998094
0.998716
0.999673
1
0.999047
1
0.997259
0.999802
1
0.999046
0.999018
1
1
1
1
0.998685
1
1
0.996193
0.999019
1
1
0.99902
0.998038
1
1
0.997872
0.99973
0.999507
0.999527
0.999509
1
1
0.999868
1
1
0.996957
0.999177
1
0.998081
1
0.999247
1
1
0.999021
0.998101
0.998129
1
1
1
1
1
0.998093
1
0.998102
0.997266
1
0.997737
1
0.99524
0.999671
1
1
1
1
0.999046
0.998544
0.999835
1
1
1
1
1
1
0.999048
1
1
1
1
1
0.999047
1
0.999051
0.999021
0.999244
0.997062
0.99905
0.999021
0.999803
0.999046
0.999729
0.999934
0.998682
0.999671
0.999357
1
0.999021
0.999051
1
1
1
0.999051
1
1
1
1
0.99902
0.999019
1
0.999802
1
0.994397
1
0.996318
0.99905
0.998818
0.998127
0.999375
0.998105
0.999934
1
1
1
0.999041
1
1
1
1
1
1
1
0.999019
1
0.99924
0.99902
1
0.999047
0.999042
0.997218
1
0.999967
1
1
0.999021
0.999047
1
1
0.999041
1
1
1
0.999041
0.999966
1
1
1
0.999021
1
1
1
1
1
1
1
1
1
1
1
1
0.99902
1
0.999797
1
0.999967
0.999018
1
1
0.999078
0.999323
0.999636
1
1
1
1
1
0.999051
0.999048
1
1
1
1
1
1
1
1
0.996287
1
1
1
0.999797
1
1
1
1
1
1
1
0.999041
1
1
1
1
1
1
1
1
1
1
1
1
1
1
1
0.999224
1
0.999021
1
1
1
1
1
1
0.999662
1
0.999018
1
1
0.999051
1
0.999022
0.999021
1
0.999081
1
1
1
1
1
1
1
1
1
1
1
1
1
1
1
1
1
1
0.999046
0.999018
0.999239
1
1
0.999967
1
1
1
1
1
1
1
1
1
1
1
1
1
1
1
1
1
1
0.999046
1
0.999802
1
1
1
1
1
1
1
1
1
1
1
1
1
1
1
1
1
1
1
1
1
1
1
1
1
1
1
1
1
1
1
1
1
1
1
1
1
1
1
1
1
1
1
1
1
1
1
1
1
1
1
0.999021
1
1
1
1
1
1
0.999357
1
1
1
1
1
1
0.999051
1
1
1
1
1
1
1
1
1
1
0.999047
1
1
0.998042
1
1
0.999662
1
1
1
1
1
1
1
1
1
1
1
1
1
1
1
1
1
1
1
1
1
1
1
1
1
1
1
1
1
1
1
1
1
1
1
1
0.999225
1
1
1
1
1
1
1
1
1
1
1
1
1
1
1
1
1
1
1
1
1
1
1
1
1
1
1
1
1
1
1
1
1
1
1
1
1
1
1
1
1
1
1
1
1
1
1
1
1
1
1
1
1
1
1
1
1
1
1
1
1
1
1
1
1
1
1
1
1
1
1
1
1
1
1
1
1
1
1
1
1
1
1
0.999865
1
1
1
1
1
1
1
1
1
1
1
1
1
1
1
1
1
1
1
1
1
1
1
1
1
0.999967
1
1
1
1
1
1
1
1
1
1
1
1
1
1
1
1
1
1
1
1
1
1
1
1
1
1
1
1
1
1
1
1
1
1
1
1
1
1
1
1
1
1
1
1
1
1
1
1
1
1
1
1
1
1
1
1
1
1
1
1
1
1
1
1
1
1
1
1
1
1
1
1
1
1
1
1
1
1
1
1
1
1
1
1
1
1
1
1
1
1
1
1
1
1
1
1
1
1
1
1
1
1
1
1
1
1
1
1
1
1
1
1
1
1
1
1
1
1
1
1
1
1
1
1
1
1
1
1
1
1
1
1
1
1
1
1
1
1
1
1
1
1
1
1
1
1
1
1
1
1
1
1
1
1
1
1
1
1
1
1
1
1
1
1
1
1
1
1
1
1
1
1
1
1
1
1
1
1
1
1
1
1
1
1
1
1
1
1
1
1
1
1
1
1
1
1
1
1
1
1
1
1
1
1
1
1
1
1
1
1
1
1
1
1
1
1
1
1
1
1
1
1
1
1
1
1
1
1
1
1
1
1
1
1
1
1
1
1
1
1
1
1
1
1
1
1
1
1
1
1
1
1
1
1
1
1
1
1
1
1
1
1
1
1
1
1
1
1
1
1
1
1
1
1
1
1
1
1
1
1
1
1
1
1
1
1
1
1
1
1
1
1
1
1
1
1
1
1
1
1
1
1
1
1
1
1
1
1
1
1
1
1
1
1
1
1
1
1
1
1
1
1
1
1
1
1
1
1
1
1
1
1
1
1
1
1
1
1
1
1
1
1
1
1
1
1
1
1
1
1
1
1
1
1
1
1
1
1
1
1
1
1
1
1
1
1
1
1
1
1
1
1
1
1
1
1
1
1
1
1
1
1
1
1
1
1
1
1
1
1
1
1
1
1
1
1
1
1
1
1
1
1
1
1
1
1
1
1
1
1
1
1
1
1
1
1
1
1
1
1
1
1
1
1
1
1
1
1
1
1
1
1
1
1
1
1
1
1
1
1
1
1
1
1
1
1
1
1
1
1
1
1
1
1
1
1
1
1
1
1
1
1
1
1
1
1
1
1
1
1
1
1
1
1
1
1
1
1
1
1
1
1
1
1
1
1
1
1
1
1
1
1
1
1
1
1
1
1
1
1
1
1
1
1
1
1
1
1
1
1
1
1
1
1
1
1
1
1
1
1
1
1
1
1
1
1
1
1
1
1
1
1
1
1
1
1
1
1
1
1
1
1
1
1
1
1
1
1
1
1
1
1
1
1
1
1
1
1
1
1
1
1
1
1
1
1
1
1
1
1
1
1
1
1
1
1
1
1
1
1
1
1
1
1
1
1
1
1
1
1
1
1
1
1
1
1
1
1
1
1
1
1
1
1
1
1
1
1
1
1
1
1
1
1
1
1
1
1
1
1
1
1
1
1
1
1
1
1
1
1
1
1
1
1
1
1
1
1
1
1
1
1
1
1
1
1
1
1
1
1
1
1
1
1
1
1
1
1
1
1
1
1
1
1
1
1
1
1
1
1
1
1
1
1
1
1
1
1
1
1
1
1
1
1
1
1
1
1
1
1
1
1
1
1
1
1
1
1
1
1
1
1
1
1
1
1
1
1
1
1
1
1
1
1
1
1
1
1
1
1
1
1
1
1
1
1
1
1
1
1
1
1
1
1
1
1
1
1
1
1
1
1
1
1
1
1
1
1
1
1
1
1
1
1
1
1
1
1
1
1
1
1
1
1
1
1
1
1
1
1
1
1
1
1
1
1
1
1
1
1
1
1
1
1
1
1
1
1
1
1
1
1
1
1
1
1
1
1
1
1
1
1
1
1
1
1
1
1
1
1
1
1
1
1
1
1
1
1
1
1
1
1
1
1
1
1
1
1
1
1
1
1
1
1
1
1
1
1
1
1
1
1
1
1
1
1
1
1
1
1
1
1
1
1
1
1
1
1
1
1
1
1
1
1
1
1
1
1
1
1
1
1
1
1
1
1
1
1
1
1
1
1
1
1
1
1
1
1
1
1
1
1
1
1
1
1
1
1
1
1
1
1
1
1
1
1
1
1
1
1
1
1
1
1
1
1
1
1
1
1
1
1
1
1
1
1
1
1
1
1
1
1
1
1
1
1
1
1
1
1
1
1
1
1
1
1
1
1
1
1
1
1
1
1
1
1
1
1
1
1
1
1
1
1
1
1
1
1
1
1
1
1
1
1
1
1
1
1
)
;

boundaryField
{
    fbOut
    {
        type            fixedValue;
        value           uniform 1;
    }
    CAD_patch1
    {
        type            zeroGradient;
    }
    fbGasin
    {
        type            fixedValue;
        value           uniform 1;
    }
    CAD_patch3
    {
        type            zeroGradient;
    }
    fbBioin
    {
        type            zeroGradient;
    }
}


// ************************************************************************* //
