/*--------------------------------*- C++ -*----------------------------------*\
| =========                 |                                                 |
| \\      /  F ield         | OpenFOAM: The Open Source CFD Toolbox           |
|  \\    /   O peration     | Version:  5.x                                   |
|   \\  /    A nd           | Web:      www.OpenFOAM.org                      |
|    \\/     M anipulation  |                                                 |
\*---------------------------------------------------------------------------*/
FoamFile
{
    version     2.0;
    format      ascii;
    class       volScalarField;
    location    "3.4";
    object      Ksl;
}
// * * * * * * * * * * * * * * * * * * * * * * * * * * * * * * * * * * * * * //

dimensions      [1 -3 -1 0 0 0 0];

internalField   nonuniform List<scalar> 
10571
(
6103.61
11993.8
10554.1
4586.94
4385.18
12544.1
1069.04
3197.08
1921.63
1557.04
11085.9
9837.79
3932.89
617.333
1423.48
1288.2
5390.84
1129.52
3220.85
1601.15
8276.66
2965.42
1399.94
1825.5
229.466
413.465
196.517
3405.62
5027.33
126.395
742.46
3625.6
1722.16
8541.88
1116.72
3360.16
712.787
1018
938.739
6942.57
1035.15
2661.01
1533.07
1017.57
4309.23
3523.84
4625.66
7161.33
124.012
244.969
417.507
210.277
52.4147
231.476
526.89
1970.05
1212.61
127.136
387.457
953.064
132.209
881.145
1311.39
1681.84
429.333
989.079
1510.66
872.864
3199.92
1505.16
8819.56
8480.71
37.6121
141.191
136.811
9.00701
2.52987
319.963
1313.39
1320.36
936.641
100.963
268.491
658.884
497.825
980.091
2980.15
1105.92
759.183
514.079
746.026
576.052
5418.94
2172.93
7987.14
10886.5
76.6174
165.206
56.7892
22.0323
47.2263
123.323
835.329
721.681
104.408
103.575
225.134
302.572
823.941
2064.76
3328.28
618.283
442.136
369.726
817.692
1235.1
6126.62
1794.89
5634.6
10693
31.3271
64.9356
22.9966
9.25344
15.9547
87.1035
59.0664
6.96575
8.82532
119.576
8724.66
46.0381
135.905
737.11
983.402
145.429
77.6341
10455.5
348.724
1004.28
3531.48
3332.2
1008.48
2122.29
8613.52
10311.6
77.9205
32.5008
20.8675
15.5587
31.5744
80.8135
28.232
12.1603
13.3065
11.1777
0.0711263
63.8349
18.9679
56.1932
83.7195
52.6455
21.0277
0.325856
133.597
123.596
297.805
205.045
11.2828
13.1154
122.08
5310.39
2420.38
68.4379
28.6176
60.739
15.1579
25.7718
26.7496
16.6401
5.30115
9.1533
40.6057
0
89.2182
28.873
13.6825
16.1407
14.5658
32.6767
0
58.8469
26.3605
24.2632
40.3321
16.8364
0
30.8398
20.0963
19.6295
22.3931
10.1309
16.1756
29.9078
14.3052
6.42524
13.126
12.313
13.8343
5.80891
0
40.6747
8.33148
9.8906
8.95144
8.40706
7.58164
0
65.0266
21.5238
15.3325
4.11709
35.6164
30.2738
33.1471
6.36945
4.01234
9.64298
30.1554
43.4199
2.79706e-14
61.0073
52.4518
30.257
18.9833
0
45.1744
35.4072
24.0697
19.8643
23.7172
8.25045
37.5165
13.8067
16.1146
13.9561
32.6987
30.4986
13.3238
56.6159
18.0044
0
27.9702
0.321948
0
17.8458
50.005
27.604
16.3374
0
0
54.1669
43.8006
23.258
14.4082
3.82996
69.3106
45.8243
12.1712
7.21848
0
84.1367
22.5877
7.76417
0
0
5.942
0
0
0
10.4485
10.6515
2.75959
0
4.73569
31.1277
22.7819
13.0441
7.11234
0
49.8243
44.7598
7.79952
10.31
0
118.316
24.2756
0
0
0
0
0
0
0
1.2977
4.17481
0.546132
0
0
7.81347
2.80384
1.95725
0.583981
0
14.407
6.7595
2.32484
4.45409
0
4.53416
6.06381
0
0
0
0
0
0
0
0
0.627052
0
0
0
0
0
0
0.611346
0
0.201231
0.564589
1.12117
0
0
4.28005
0
0
0
0
0
0
0
0
0
0
0
0
0
0
0
0
0
0
0
0
0
0
0
0
0
0
0
0
0
0
0
0
0
0
0
0
0
0
0
0
0
0
0
0
0
0
0
0
0
0
0
0
0
0
0
0
0
0
0
0
0
0
0
0
0
0
0
0
0
0
0
0
0
0
0
0
0
0
0
0
0
0
0
0
0
0
0
0
0
0
0
0
0
0
0
0
0
0
0
0
0
0
0
0
0
0
0
0
0
0
0
0
0
0
0
0
0
0
0
0
0
0
0
0
0
0
0
0
0
0
0
0
0
0
0
0
0
0
0
0
0
0
0
0
0
0
0
0
0
0
0
0
0
0
0
0
0
0
0
0
0
0
0
0
0
0
0
0
0
0
0
0
0
0
0
0
0
0
0
0
0
0
0
0
0
0
0
0
0
0
0
0
0
0
0
0
0
0
0
0
0
0
0
0
0
0
0
0
0
0
0
0
0
0
0
0
0
0
0
0
0
0
0
0
0
0
0
0
0
0
0
0
0
0
0
0
0
0
0
0
0
0
0
0
0
0
0
0
0
0
0
0
0
0
0
0
0
0
0
0
0
0
0
0
0
0
0
0
0
0
0
0
0
0
0
0
0
0
0
0
0
0
0
0
0
0
0
0
0
0
0
0
0
0
0
0
0
0
0
0
0
0
0
0
0
0
0
0
0
0
0
0
0
0
0
0
0
0
0
0
0
0
0
0
0
0
0
0
0
0
0
0
0
0
0
0
0
0
0
0
0
0
0
0
0
0
0
0
0
0
0
0
0
0
0
0
0
0
0
0
0
0
0
0
0
0
0
0
0
0
0
0
0
0
0
0
0
0
0
0
0
0
0
0
0
0
0
0
0
0
0
0
0
0
0
0
0
0
0
0
0
0
0
0
0
0
0
0
0
0
0
0
0
0
0
0
0
0
0
0
0
0
0
0
0
0
0
0
0
0
0
0
0
0
0
0
0
0
0
0
0
0
0
0
0
0
0
0
0
0
0
0
0
0
0
0
0
0
0
0
0
0
0
0
0
0
0
0
0
0
0
0
0
0
0
0
0
0
0
0
0
0
0
0
0
0
0
0
0
0
0
0
0
0
0
0
0
0
0
0
0
0
0
0
0
0
0
0
0
0
0
0
0
0
0
0
0
0
0
0
0
0
0
0
0
0
0
0
0
0
0
0
0
0
0
0
0
0
0
0
0
0
0
0
0
0
0
0
0
0
0
0
0
0
0
0
0
0
0
0
0
0
0
0
0
0
0
0
0
0
0
0
0
0
0
0
0
0
0
0
0
0
0
0
0
0
0
0
0
0
0
0
0
0
0
0
0
0
0
0
0
0
0
0
0
0
0
0
0
0
0
0
0
0
0
0
0
0
0
0
0
0
0
0
0
0
0
0
0
0
0
0
0
0
0
0
0
0
0
0
0
0
0
0
0
0
0
0
0
0
0
0
0
0
0
0
0
0
0
0
0
0
0
0
0
0
0
0
0
0
0
0
0
0
0
0
0
0
0
0
0
0
0
0
0
0
0
0
0
0
0
0
0
0
0
0
0
0
0
0
0
0
0
0
0
0
0
0
0
0
0
0
0
0
0
0
0
0
0
0
0
0
0
0
0
0
0
0
0
0
0
0
0
0
0
0
0
0
0
0
0
0
0
0
0
0
0
0
0
0
0
0
0
0
0
0
0
0
0
0
0
0
0
0
0
0
0
0
0
0
0
0
0
0
0
0
0
0
0
0
0
0
0
0
0
0
0
0
0
0
0
0
0
0
0
0
0
0
0
0
0
0
0
0
0
0
0
0
0
0
0
0
0
0
0
0
0
0
0
0
0
0
0
0
0
0
0
0
0
0
0
0
0
0
0
0
0
0
0
0
0
0
0
0
0
0
0
0
0
0
0
0
0
0
0
0
0
0
0
0
0
0
0
0
0
0
0
0
0
0
0
0
0
0
0
0
0
0
0
0
0
0
0
0
0
0
0
0
0
0
0
0
0
0
0
0
0
0
0
0
0
0
0
0
0
0
0
0
0
0
0
0
0
0
0
0
0
0
0
0
0
0
0
0
0
0
0
0
0
0
0
0
0
0
0
0
0
0
0
0
0
0
0
0
0
0
0
0
0
0
0
0
0
0
0
0
0
0
0
0
0
0
0
0
0
0
0
0
0
0
0
0
0
0
0
0
0
0
0
0
0
0
0
0
0
0
0
0
0
0
0
0
0
0
0
0
0
0
0
0
0
0
0
0
0
0
0
0
0
0
0
0
0
0
0
0
0
0
0
0
0
0
0
0
0
0
0
0
0
0
0
0
0
0
0
0
0
0
0
0
0
0
0
0
0
0
0
0
0
0
0
0
0
0
0
0
0
0
0
0
0
0
0
0
0
0
0
0
0
0
0
0
0
0
0
0
0
0
0
0
0
0
0
0
0
0
0
0
0
0
0
0
0
0
0
0
0
0
0
0
0
0
0
0
0
0
0
0
0
0
0
0
0
0
0
0
0
0
0
0
0
0
0
0
0
0
0
0
0
0
0
0
0
0
0
0
0
0
0
0
0
0
0
0
0
0
0
0
0
0
0
0
0
0
0
0
0
0
0
0
0
0
0
0
0
0
0
0
0
0
0
0
0
0
0
0
0
0
0
0
0
0
0
0
0
0
0
0
0
0
0
0
0
0
0
0
0
0
0
0
0
0
0
0
0
0
0
0
0
0
0
0
0
0
0
0
0
0
0
0
0
0
0
0
0
0
0
0
0
0
0
0
0
0
0
0
0
0
0
0
0
0
0
0
0
0
0
0
0
0
0
0
0
0
0
0
0
0
0
0
0
0
0
0
0
0
0
0
0
0
0
0
0
0
0
0
0
0
0
0
0
0
0
0
0
0
0
0
0
0
0
0
0
0
0
0
0
0
0
0
0
0
0
0
0
0
0
0
0
0
0
0
0
0
0
0
0
0
0
0
0
0
0
0
0
0
0
0
0
0
0
0
0
0
0
0
0
0
0
0
0
0
0
0
0
0
0
0
0
0
0
0
0
0
0
0
0
0
0
0
0
0
0
0
0
0
0
0
0
0
0
0
0
0
0
0
0
0
0
0
0
0
0
0
0
0
0
0
0
0
0
0
0
0
0
0
0
0
0
0
0
0
0
0
0
0
0
0
0
0
0
0
0
0
0
0
0
0
0
0
0
0
0
0
0
0
0
0
0
0
0
0
0
0
0
0
0
0
0
0
0
0
0
0
0
0
0
0
0
0
0
0
0
0
0
0
0
0
0
0
0
0
0
0
0
0
0
0
0
0
0
0
0
0
0
8284.12
3306.81
6836.74
4481.93
1473.6
1132.18
338.39
514.013
10184
7849.66
5666.3
10222
2113.94
5176.72
2984.34
2092.98
1271.63
467.46
242.677
179.017
198.895
547.619
801.369
347.862
911.189
2218.19
8267.14
5439.74
6544.85
7442.9
5328.14
4089.01
4225.96
1003.49
628.77
1760.74
319.978
164.086
109.236
207.713
94.48
143.044
454.083
112.315
491.931
2416.63
3145.17
3151.04
5599.6
6693.92
8056.84
3818.05
1573.54
4834.68
1477.53
4137.36
348.465
1899.96
2853.1
915.616
982.403
3692.44
3639.94
2726.86
3336.75
1445.76
1268.7
3516.19
3391.66
1095.53
7557.9
4525.54
1650.79
5091.02
3307.42
4263.48
6491.68
3612.35
4716.76
3302.29
1127.49
1635.88
1007.18
2592.08
5267
3883.98
6618.41
6588.02
3893.83
4731.96
6451.08
4455.28
2734.56
3945.15
1634.58
4190.7
12142.3
2275.98
9630.94
10663.8
10431.6
3866.66
1845.8
4380.8
6301.17
1498.84
5518.84
8043.25
11298.3
2303.77
12431.4
13127.7
10400.6
10364.6
12062.1
6791.71
4306.41
1825.05
5332.61
4153.05
4394.51
3784.33
2762.19
10338.2
11388
7966.08
4574.65
1478.09
7869.88
12095.6
11590
11947.6
8292.08
8615.89
6829.78
1180.32
809.012
7256.07
4912.58
4352.68
11864.7
11445.3
5366.57
4162.87
1805.83
1485.58
1673.43
3936.18
6127.32
5540.3
10665.8
3667.47
1551.97
5930.46
4695.54
3139.75
1563.65
7106.76
5369.23
4981.89
4868.48
9639.04
983.69
3342.53
1933.6
10403.4
8457.38
4252.84
7277.17
1789.33
1239.64
3635.85
5931.43
6782.98
2777.95
1022.99
3475.14
3268.35
9150.97
5515.69
189.085
110.216
223.309
368.028
348.092
185.901
146.152
238.103
815.196
4310.9
105.981
100.372
111.732
6229.55
45.9304
826.987
238.651
443.904
382.604
557.122
190.509
319.636
277.082
401.884
3630.96
4933.2
4821.17
106.653
64.5724
341.827
317.104
8310.95
409.148
979.183
938.013
794.626
272.548
527.593
603.701
8881.14
7014.59
1514.83
3249.03
3495.69
1330.49
378.044
738.971
984.607
514.166
6484.27
4802.63
3882.8
4393.8
2897.38
1091.37
1049.22
866.68
5481.59
4310.41
474.793
570.715
2325.2
2452.06
3028.67
1332.76
8006
729.282
2362.34
741.212
3238.35
2629.36
6381.99
4991.63
7348.52
8508.59
2579.85
5158.39
7396.48
4253.62
10070.9
7571.88
6225.7
10418
7124.57
129.31
76.8737
98.265
163.122
111.692
114.089
94.9046
42.3943
79.5576
75.4017
94.1087
60.2422
49.1981
32.7811
66.8619
285.456
175.24
260.447
301.834
504.55
161.812
183.978
229.042
388.06
41.688
169.274
100.187
18.9299
47.9968
86.1138
81.4387
52.2598
28.0934
213.68
480.901
586.586
229.025
231.33
351.212
527.124
210.092
215.094
380.956
39.8405
782.032
524.637
338.229
403.633
362.134
925.51
2258.11
1100.36
229.155
2281.42
928.552
656.352
752.137
2002.7
1298.9
439.337
928.302
2013.68
953.665
2555.37
1480.51
4442.16
871.395
3843.7
3148.5
8026.98
4670.52
4755.08
5078.13
2544.07
6543.71
1835.6
1766.31
7028.69
8290.63
10619.2
8798.46
9247.71
11425.1
10492.6
83.2931
131.982
112.047
63.4315
53.8087
130.409
63.9881
51.1344
72.3311
38.3362
59.9849
11.3301
44.3897
39.7321
33.26
124.808
177.55
153.58
126.445
238.491
125.698
139.111
172.719
206.681
59.6303
43.9216
25.8336
28.7598
62.2613
7.31636
41.7057
45.4236
76.7683
249.504
282.716
276.756
163.296
303.208
175.494
644.354
49.1026
106.31
547.159
51.8272
307.606
307.002
189.303
235.326
253.701
105.414
2084.72
1104.5
138.298
2414.2
647.431
328.784
1325.1
1553.99
957.638
665.447
1091.95
1202.26
933.87
5247.83
5126.49
9447.76
609.696
8070.13
6263.31
9257.82
6982
5342.14
5281.68
2599.08
9663.34
2191.42
3257.51
9855.91
10388.1
11734
6591.89
10621.3
10982
10743.9
82.8527
238.532
46.7519
45.2678
68.6112
113.251
84.3462
51.7957
55.149
49.7359
82.3581
67.2761
57.312
63.5553
3.23275e-13
103.96
86.9436
121.564
53.7526
162.742
84.1704
83.0122
85.2975
85.076
73.3756
11.1917
53.3407
41.9024
32.0991
26.8873
32.6829
106.151
18.1724
80.6267
111.297
107.994
79.0306
212.765
99.6767
530.726
278.632
58.2066
486.653
775.631
143.475
150.734
31.7748
102.709
122.769
366.805
1202.98
305.977
579.878
356.231
102.517
145.527
597.415
773.546
643.084
274.942
242.589
477.344
596.993
9624
7458.86
8631.87
3546.44
5746.68
9775.32
9102.08
2842.54
3466.17
2859.26
3421.72
9246.16
1848.41
3425.7
8525.68
10535.2
10187
6461.73
11260.4
9910.81
10049.5
170.363
106.338
46.18
97.5242
33.6449
95.107
61.0353
95.1855
49.5823
24.1821
26.8861
62.3941
36.8264
10.7591
22.8315
77.2046
53.0893
81.2372
58.3874
46.2222
51.5622
69.5235
56.8431
21.7846
50.6605
27.9795
36.9947
36.396
58.1693
34.1021
11.7137
14.3856
13.9932
96.571
86.0043
75.4875
89.1123
85.7491
75.5806
2447.84
103.191
3458.89
4.82262e-13
226.232
24.4172
149.066
23359.9
10092.7
10345
3224.5
14375.5
3684.62
11961.9
69.5437
124.946
72.8336
57.1317
70.542
3183.45
138.397
2274.91
12.1201
145.758
36.7157
226.595
11575.2
6997.59
10921
3077.84
6676.4
3377.28
41485.3
176.676
147.174
511.631
350.995
1023.75
169.894
731.183
161.6
416.236
2075.58
11478
9381.32
590.157
828.285
7025.03
10021.8
218.171
1381.11
224.874
3903.22
9260.83
1199.09
6297.45
8060.57
9937.68
9630.04
10975.2
10972.5
8478.1
10674.6
81.1247
108.17
4.12206
73.3157
76.6018
31.866
30.1279
60.075
42.9573
26.8663
8.13318
26.9528
18.3114
14.6639
0
67.0866
87.1717
27.868
68.9826
52.9052
46.7801
53.5723
49.4336
54.401
28.9675
44.8576
13.9425
14.5796
0
9.45513
11.8536
21.2655
0
19.2825
0
0
0
0
0
72.7837
21.4578
83.6115
66.1749
1.02036e-13
36.2296
2.34357
16.127
12.718
17.343
3.36817
14.6911
3.26867
52.275
0.979728
47.0108
0
0
0
0
84.7783
65.0193
150.781
78.9392
71.9748
9.07254
22.594
19.3773
16.6319
3.15032
14.6179
7.58064
180.576
10.6298
380.383
0
0
2.72702
0
127.297
19.4942
145.35
143.677
132.587
100.597
59.2466
65.388
47.6112
96.7593
1297.51
803.088
65.4802
27.822
59.7941
36.7861
41.9614
15.719
20.0657
16.4945
0
0
74.4522
72.7654
894.271
2099.26
69.3317
93.4237
45.8325
4221.75
8871.13
112.86
69.5827
279.971
47.5065
74.1162
55.7714
110.527
37.5265
72.3056
89.4671
39.806
30.279
18.3848
19.4046
79.3744
40.4722
30.9036
15.8765
17.256
99.1617
78.4948
75.3461
16.792
58.1417
10.3495
45.4928
39.9328
43.474
12.9321
28.3533
6.55916
0
12.779
7.02909
6.60917
0
0
0
0
0
0
0
0
86.2901
128.731
99.5635
55.4171
26.9274
62.5564
1.33261e-14
17.3714
2.83032e-13
5.29523
0
12.2152
3.19097
0
0
0
0
0
0
0
68.1384
95.1722
70.372
74.8596
66.9172
4.97019
21.0917
2.46594
31.1462
0
9.29093
9.04671
0
0
0
0
0
0
0
67.6397
41.0826
29.0977
12.0256
34.6975
42.4581
38.2177
77.4951
19.7049
27.4063
22.2944
16.412
6.369
19.3577
5.48684
21.8968
35.9606
19.3875
7.87741
0
0
0
49.9804
38.472
34.3301
45.7856
60.435
33.8433
23.7433
14.9779
7.82796
18.6607
17.9013
8.72783
6.40323
37.8532
17.8138
30.2858
30.7558
25.77
21.0253
42.2858
45.2155
43.8061
44.8066
22.2039
15.2291
10.5773
34.552
0
20.4938
2.41219
37.3327
27.0004
8.06668
18.798
12.6887
25.5947
32.4745
13.1831
14.0739
6.39706
1.39171
0
7.09872
0.226974
0
11.4089
44.996
54.424
52.378
52.692
42.5014
47.4606
0
4.18359
0
0
0
6.88477
0.23228
0
0
0
0
0
0
0
40.6435
79.1587
51.6378
52.0073
38.3662
0
11.1371
0
4.96391
0
13.2506
0
0
0
0
0
0
0
0
96.5143
73.3066
11.0801
31.9468
34.184
32.526
23.7575
52.226
26.3122
10.0042
27.7864
19.0295
15.2765
19.642
36.4032
16.1921
23.4451
50.3942
50.8989
48.8368
21.7835
44.2068
35.7864
27.1162
27.1483
17.4583
29.8084
12.8865
9.20949
41.3533
12.507
3.3704
45.6272
19.7184
30.447
15.0937
9.33503
24.6509
29.0369
0.30269
0
6.42118
9.15705
0
0
22.1094
0
23.9344
39.9471
27.2972
16.4406
17.5984
20.8521
21.0583
24.0852
6.52424
3.2644
0
2.77585
6.85802
6.56446
20.1472
0
21.9621
51.2623
55.701
13.6318
0
29.4452
3.96391
0
0
0
0
72.81
29.2308
5.29732
52.7176
52.2021
0
0
7.99416
0
17.6574
51.8449
14.7301
12.8277
30.8253
37.4455
45.8011
16.7018
19.3517
31.0776
24.8401
12.9011
26.6413
31.5826
16.7157
19.4294
44.0731
9.30686
29.4575
26.2453
35.1751
35.5464
70.5181
62.1297
11.6451
16.3226
26.3475
10.5028
24.2318
18.3329
6.57815
4.62626
0
0
5.48878
12.0409
0
14.8346
5.95674
6.92488
8.56979
0
0
0
0
0
0
0
3.12635
5.72858
9.09214
0.362401
0
9.06693
2.05235
0
4.51801
6.55071
0
0
0
0
0
0
10.9032
0
10.7963
8.27173
0
9.97211
0
0
0
0
0
30.4208
28.168
0
5.29967
6.73764
0
5.67745
0
0
0
67.5636
7.29545
26.0751
1.77764
64.8652
41.0876
19.6836
55.9931
65.7345
15.5129
23.0548
6.78325
10.8618
11.2477
15.9506
0
0
71.8825
89.3423
23.9109
40.3011
116.21
69.4755
34.7625
15.2989
18.6445
23.09
4.33337
33.4439
11.0004
22.2133
0.754581
0
0
0
0
6.95739
0
0
0
0
0
0
0
0
0
0
0.144853
0
0
0
8.68416
0
0
0
0
0
0
0
0
0
0
0
2.36418e-14
0
1.61476
0
0
0
0
0
0
0
0
13.6042
6.67798
15.6695
6.16506
6.56067
0
0
0
0
0
0
0
51.8457
115.849
104.897
33.855
37.7801
29.4096
56.6477
0
4.63228
0
0
0
3.85297
0
0
122.089
20.2478
63.1704
26.1117
46.8911
21.2811
57.9052
4.51341
24.7845
10.8607
4.64145
8.69849
0
0
0
0
0
0
0
0
0
0
0
0
0
0
0
0
0
0
0.148931
0
0
0
4.22986
0
0
0
0
0
0
0
0
0
0
0
0
0
0
0
0
0
0
0
0
0
0
0
0
0
0
6.00571
0
0
0
0
0
10.2337
0
16.2462
15.6486
20.6794
4.06636
4.67613
0
0
0
0
0
0
0
0
0
0
0
0
15.6462
0
4.77652
7.1097
0
0
4.00936
3.67499
0
0
0
0
0
0
0
0
0
0
0
0
0
0
0
0
0
0
0
0
0
0
0
0
0
0
0
0
0
0
0
0
0
0
0
0
0
0
0
0
0
0
0
0
0
0
0
0
0
0
0
0
0
0
0
0
0
0
0
0
0
0
0
0
0
0
0
0
0
0
0
0
0
0
0
0
0
0
0
0
0
0
0
0
0
0
0
0
0
0
0
0
0
0
0
0
0
0
0
0
0
0
0
0
0
0
0
0
0
0
0
0
0
0
0
0
0
0
0
0
0
0
0
0
0
0
0
0
0
0
0
0
0
0
0
0
0
0
0
0
0
0
0
0
0
0
0
0
0
0
4.80042
0
0
0
1.82653e-13
0
0
0
0
0
0
0
0
0
0
0
0
0
0
0
0
0
0
0
0
0
0
0
0
0
0
0
0
0
0
0
0
0
0
0
0
0
0
0
0
0
0
0
0
0
0
0
0
0
0
0
0
0
0
0
0
0
0
0
0
0
0
0
0
0
0
0
0
0
0
0
0
0
0
0
0
0
0
0
0
0
0
0
0
0
0
0
0
0
0
0
0
0
0
0
0
0
0
0
0
0
0
0
0
0
0
0
0
0
0
0
0
0
0
0
0
0
0
0
0
0
0
0
0
0
0
0
0
0
0
0
0
0
0
0
0
0
0
0
0
0
0
0
0
0
0
0
0
0
0
0
0
0
0
0
0
0
0
0
0
0
0
0
0
0
0
0
0
0
0
0
0
0
0
0
0
0
0
0
0
0
0
0
0
0
0
0
0
0
0
0
0
0
0
0
0
0
0
0
0
0
0
0
0
0
0
0
0
0
0
0
0
0
0
0
0
0
0
0
0
0
0
0
0
0
0
0
0
0
0
0
0
0
0
0
0
0
0
0
0
0
0
0
0
0
0
0
0
0
0
0
0
0
0
0
0
0
0
0
0
0
0
0
0
0
0
0
0
0
0
0
0
0
0
0
0
0
0
0
0
0
0
0
0
0
0
0
0
0
0
0
0
0
0
0
0
0
0
0
0
0
0
0
0
0
0
0
0
0
0
0
0
0
0
0
0
0
0
0
0
0
0
0
0
0
0
0
0
0
0
0
0
0
0
0
0
0
0
0
0
0
0
0
0
0
0
0
0
0
0
0
0
0
0
0
0
0
0
0
0
0
0
0
0
0
0
0
0
0
0
0
0
0
0
0
0
0
0
0
0
0
0
0
0
0
0
0
0
0
0
0
0
0
0
0
0
0
0
0
0
0
0
0
0
0
0
0
0
0
0
0
0
0
0
0
0
0
0
0
0
0
0
0
0
0
0
0
0
0
0
0
0
0
0
0
0
0
0
0
0
0
0
0
0
0
0
0
0
0
0
0
0
0
0
0
0
0
0
0
0
0
0
0
0
0
0
0
0
0
0
0
0
0
0
0
0
0
0
0
0
0
0
0
0
0
0
0
0
0
0
0
0
0
0
0
0
0
0
0
0
0
0
0
0
0
0
0
0
0
0
0
0
0
0
0
0
0
0
0
0
0
0
0
0
0
0
0
0
0
0
0
0
0
0
0
0
0
0
0
0
0
0
0
0
0
0
0
0
0
0
0
0
0
0
0
0
0
0
0
0
0
0
0
0
0
0
0
0
0
0
0
0
0
0
0
0
0
0
0
0
0
0
0
0
0
0
0
0
0
0
0
0
0
0
0
0
0
0
0
0
0
0
0
0
0
0
0
0
0
0
0
0
0
0
0
0
0
0
0
0
0
0
0
0
0
0
0
0
0
0
0
0
0
0
0
0
0
0
0
0
0
0
0
0
0
0
0
0
0
0
0
0
0
0
0
0
0
0
0
0
0
0
0
0
0
0
0
0
0
0
0
0
0
0
0
0
0
0
0
0
0
0
0
0
0
0
0
0
0
0
0
0
0
0
0
0
0
0
0
0
0
0
0
0
0
0
0
0
0
0
0
0
0
0
0
0
0
0
0
0
0
0
0
0
0
0
0
0
0
0
0
0
0
0
0
0
0
0
0
0
0
0
0
0
0
0
0
0
0
0
0
0
0
0
0
0
0
0
0
0
0
0
0
0
0
0
0
0
0
0
0
0
0
0
0
0
0
0
0
0
0
0
0
0
0
0
0
0
0
0
0
0
0
0
0
0
0
0
0
0
0
0
0
0
0
0
0
0
0
0
0
0
0
0
0
0
0
0
0
0
0
0
0
0
0
0
0
0
0
0
0
0
0
0
0
0
0
0
0
0
0
0
0
0
0
0
0
0
0
0
0
0
0
0
0
0
0
0
0
0
0
0
0
0
0
0
0
0
0
0
0
0
0
0
0
0
0
0
0
0
0
0
0
0
0
0
0
0
0
0
0
0
0
0
0
0
0
0
0
0
0
0
0
0
0
0
0
0
0
0
0
0
0
0
0
0
0
0
0
0
0
0
0
0
0
0
0
0
0
0
0
0
0
0
0
0
0
0
0
0
0
0
0
0
0
0
0
0
0
0
0
0
0
0
0
0
0
0
0
0
0
0
0
0
0
0
0
0
0
0
0
0
0
0
0
0
0
0
0
0
0
0
0
0
0
0
0
0
0
0
0
0
0
0
0
0
0
0
0
0
0
0
0
0
0
0
0
0
0
0
0
0
0
0
0
0
0
0
0
0
0
0
0
0
0
0
0
0
0
0
0
0
0
0
0
0
0
0
0
0
0
0
0
0
0
0
0
0
0
0
0
0
0
0
0
0
0
0
0
0
0
0
0
0
0
0
0
0
0
0
0
0
0
0
0
0
0
0
0
0
0
0
0
0
0
0
0
0
0
0
0
0
0
0
0
0
0
0
0
0
0
0
0
0
0
0
0
0
0
0
0
0
0
0
0
0
0
0
0
0
0
0
0
0
0
0
0
0
0
0
0
0
0
0
0
0
0
0
0
0
0
0
0
0
0
0
0
0
0
0
0
0
0
0
0
0
0
0
0
0
0
0
0
0
0
0
0
0
0
0
0
0
0
0
0
0
0
0
0
0
0
0
0
0
0
0
0
0
0
0
0
0
0
0
0
0
0
0
0
0
0
0
0
0
0
0
0
0
0
0
0
0
0
0
0
0
0
0
0
0
0
0
0
0
0
0
0
0
0
0
0
0
0
0
0
0
0
0
0
0
0
0
0
0
0
0
0
0
0
0
0
0
0
0
0
0
0
0
0
0
0
0
0
0
0
0
0
0
0
0
0
0
0
0
0
0
0
0
0
0
0
0
0
0
0
0
0
0
0
0
0
0
0
0
0
0
0
0
0
0
0
0
0
0
0
0
0
0
0
0
0
0
0
0
0
0
0
0
0
0
0
0
0
0
0
0
0
0
0
0
0
0
0
0
0
0
0
0
0
0
0
0
0
0
0
0
0
0
0
0
0
0
0
0
0
0
0
0
0
0
0
0
0
0
0
0
0
0
0
0
0
0
0
0
0
0
0
0
0
0
0
0
0
0
0
0
0
0
0
0
0
0
0
0
0
0
0
0
0
0
0
0
0
0
0
0
0
0
0
0
0
0
0
0
0
0
0
0
0
0
0
0
0
0
0
0
0
0
0
0
0
0
0
0
0
0
0
0
0
0
0
0
0
0
0
0
0
0
0
0
0
0
0
0
0
0
0
0
0
0
0
0
0
0
0
0
0
0
0
0
0
0
0
0
0
0
0
0
0
0
0
0
0
0
0
0
0
0
0
0
0
0
0
0
0
0
0
0
0
0
0
0
0
0
0
0
0
0
0
0
0
0
0
0
0
0
0
0
0
0
0
0
0
0
0
0
0
0
0
0
0
0
0
0
0
0
0
0
0
0
0
0
0
0
0
0
0
0
0
0
0
0
0
0
0
0
0
0
0
0
0
0
0
0
0
0
0
0
0
0
0
0
0
0
0
0
0
0
0
0
0
0
0
0
0
0
0
0
0
0
0
0
0
0
0
0
0
0
0
0
0
0
0
0
0
0
0
0
0
0
0
0
0
0
0
0
0
0
0
0
0
0
0
0
0
0
0
0
0
0
0
0
0
0
0
0
0
0
0
0
0
0
0
0
0
0
0
0
0
0
0
0
0
0
0
0
0
0
0
0
0
0
0
0
0
0
0
0
0
0
0
0
0
0
0
0
0
0
0
0
0
0
0
0
0
0
0
0
0
0
0
0
0
0
0
0
0
0
0
0
0
0
0
0
0
0
0
0
0
0
0
0
0
0
0
0
0
0
0
0
0
0
0
0
0
0
0
0
0
0
0
0
0
0
0
0
0
0
0
0
0
0
0
0
0
0
0
0
0
0
0
0
0
0
0
0
0
0
0
0
0
0
0
0
0
0
0
0
0
0
0
0
0
0
0
0
0
0
0
0
0
0
0
0
0
0
0
0
0
0
0
0
0
0
0
0
0
0
0
0
0
0
0
0
0
0
0
0
0
0
0
0
0
0
0
0
0
0
0
0
0
0
0
0
0
0
0
0
0
0
0
0
0
0
0
0
0
0
0
0
0
0
0
0
0
0
0
0
0
0
0
0
0
0
0
0
0
0
0
0
0
0
0
0
0
0
0
0
0
0
0
0
0
0
0
0
0
0
0
0
0
0
0
0
0
0
0
0
0
0
0
0
0
0
0
0
0
0
0
0
0
0
0
0
0
0
0
0
0
0
0
0
0
0
0
0
0
0
0
0
0
0
0
0
0
0
0
0
0
0
0
0
0
0
0
0
0
0
0
0
0
0
0
0
0
0
0
0
0
0
0
0
0
0
0
0
0
0
0
0
0
0
0
0
0
0
0
0
0
0
0
0
0
0
0
0
0
0
0
0
0
0
0
0
0
0
0
0
0
0
0
0
0
0
0
0
0
0
0
0
0
0
0
0
0
0
0
0
0
0
0
0
0
0
0
0
0
0
0
0
0
0
0
0
0
0
0
0
0
0
0
0
0
0
0
0
0
0
0
0
0
0
0
0
0
0
0
0
0
0
0
0
0
0
0
0
0
0
0
0
0
0
0
0
0
0
0
0
0
0
0
0
0
0
0
0
0
0
0
0
0
0
0
0
0
0
0
0
0
0
0
0
0
0
0
0
0
0
0
0
0
0
0
0
0
0
0
0
0
0
0
0
0
0
0
0
0
0
0
0
0
0
0
0
0
0
0
0
0
0
0
0
0
0
0
0
0
0
0
0
0
0
0
0
0
0
0
0
0
0
0
0
0
0
0
0
0
0
0
0
0
0
0
0
0
0
0
0
0
0
0
0
0
0
0
0
0
0
0
0
0
0
0
0
0
0
0
0
0
0
0
0
0
0
0
0
0
0
0
0
0
0
0
0
0
0
0
0
0
0
0
0
0
0
0
0
0
0
0
0
0
0
0
0
0
0
0
0
0
0
0
0
0
0
0
0
0
0
0
0
0
0
0
0
0
0
0
0
0
0
0
0
0
0
0
0
0
0
0
0
0
0
0
0
0
0
0
0
0
0
0
0
0
0
0
0
0
0
0
0
0
0
0
0
0
0
0
0
0
0
0
0
0
0
0
0
0
0
0
0
0
0
0
0
0
0
0
0
0
0
0
0
0
0
0
0
0
0
0
0
0
0
0
0
0
0
0
0
0
0
0
0
0
0
0
0
0
0
0
0
0
0
0
0
0
0
0
0
0
0
0
0
0
0
0
0
0
0
0
0
0
0
0
0
0
0
0
0
0
0
0
0
0
0
0
0
0
0
0
0
0
0
0
0
0
0
0
0
0
0
0
0
0
0
0
0
0
0
0
0
0
0
0
0
0
0
0
0
0
0
0
0
0
0
0
0
0
0
0
0
0
0
0
0
0
0
0
0
0
0
0
0
0
0
0
0
0
0
0
0
0
0
0
0
0
0
0
0
0
0
0
0
0
0
0
0
0
0
0
0
0
0
0
0
0
0
0
0
0
0
0
0
0
0
0
0
0
0
0
0
0
0
0
0
0
0
0
0
0
0
0
0
0
0
0
0
0
0
0
0
0
0
0
0
0
0
0
0
0
0
0
0
0
0
0
0
0
0
0
0
0
0
0
0
0
0
0
0
0
0
0
0
0
0
0
0
0
0
0
0
0
0
0
0
0
0
0
0
0
0
0
0
0
0
0
0
0
0
0
0
0
0
0
0
0
0
0
0
0
0
0
0
0
0
0
0
0
0
0
0
0
0
0
0
0
0
0
0
0
0
0
0
0
0
0
0
0
0
0
0
0
0
0
0
0
0
0
0
0
0
0
0
0
0
0
0
0
0
0
0
0
0
0
0
0
0
0
0
0
0
0
0
0
0
0
0
0
0
0
0
0
0
0
0
0
0
0
0
0
0
0
0
0
0
0
0
0
0
0
0
0
0
0
0
0
0
0
0
0
0
0
0
0
0
0
0
0
0
0
0
0
0
0
0
0
0
0
0
0
0
0
0
0
0
0
0
0
0
0
0
0
0
0
0
0
0
0
0
0
0
0
0
0
0
0
0
0
0
0
0
0
0
0
0
0
0
0
0
0
0
0
0
0
0
0
0
0
0
0
0
0
0
0
0
0
0
0
0
0
0
0
0
0
0
0
0
0
0
0
0
0
0
0
0
0
0
0
0
0
0
0
0
0
0
0
0
0
0
0
0
0
0
0
0
0
0
0
0
0
0
0
0
0
0
0
0
0
0
0
0
0
0
0
0
0
0
0
0
0
0
0
0
0
0
0
0
0
0
0
0
0
0
0
0
0
0
0
0
0
0
0
0
0
0
0
0
0
0
0
0
0
0
0
0
0
0
0
0
0
0
0
0
0
0
0
0
0
0
0
0
0
0
0
0
0
0
0
0
0
0
0
0
0
0
0
0
0
0
0
0
0
0
0
0
0
0
0
0
0
0
0
0
0
0
0
0
0
0
0
0
0
0
0
0
0
0
0
0
0
0
0
0
0
0
0
0
0
0
0
0
0
0
0
0
0
0
0
0
0
0
0
0
0
0
0
0
0
0
0
0
0
0
0
0
0
0
0
0
0
0
0
0
0
0
0
0
0
0
0
0
0
0
0
0
0
0
0
0
0
0
0
0
0
0
0
0
0
0
0
0
0
0
0
0
0
0
0
0
0
0
0
0
0
0
0
0
0
0
0
0
0
0
0
0
0
0
0
0
0
0
0
0
0
0
0
0
0
0
0
0
0
0
0
0
0
0
0
0
0
0
0
0
0
0
0
0
0
0
0
0
0
0
0
0
0
0
0
0
0
0
0
0
0
0
0
0
0
0
0
0
0
0
0
0
0
0
0
0
0
0
0
0
0
0
0
0
0
0
0
0
0
0
0
0
0
0
0
0
0
0
0
0
0
0
0
0
0
0
0
0
0
0
0
0
0
0
0
0
0
0
0
0
0
0
0
0
0
0
0
0
0
0
0
0
0
0
0
0
0
0
0
0
0
0
0
0
0
0
0
0
0
0
0
0
0
0
0
0
0
0
0
0
0
0
0
0
0
0
0
0
0
0
0
0
0
0
0
0
0
0
0
0
0
0
0
0
0
0
0
0
0
0
0
0
0
0
0
0
0
0
0
0
0
0
0
0
0
0
0
0
0
0
0
0
0
0
0
0
0
0
0
0
0
0
0
0
0
0
0
0
0
0
0
0
0
0
0
0
0
0
0
0
0
0
0
0
0
0
0
0
0
0
0
0
0
0
0
0
0
0
0
0
0
0
0
0
0
0
0
0
0
0
0
0
0
0
0
0
0
0
0
0
0
0
0
0
0
0
0
0
0
0
0
0
0
0
0
0
0
0
0
0
0
0
0
0
0
0
0
0
0
0
0
0
0
0
0
0
0
0
0
0
0
0
0
0
0
0
0
0
0
0
0
0
0
0
0
0
0
0
0
0
0
0
0
0
0
0
0
0
0
0
0
0
0
0
0
0
0
0
0
0
0
0
0
0
0
0
0
0
0
0
0
0
0
0
0
0
0
0
0
0
0
0
0
0
0
0
0
0
0
0
0
0
0
0
0
0
0
0
0
0
0
0
0
0
0
0
0
0
0
0
0
0
0
0
0
0
0
0
0
0
0
0
0
0
0
0
0
0
0
0
0
0
0
0
0
0
0
0
0
0
0
0
0
0
0
0
0
0
0
0
0
0
0
0
0
0
0
0
0
0
0
0
0
0
0
0
0
0
0
0
0
0
0
0
0
0
0
0
0
0
0
0
0
0
0
0
0
0
0
0
0
0
0
0
0
0
0
0
0
0
0
0
0
0
0
0
0
0
0
0
0
0
0
0
0
0
0
0
0
0
0
0
0
0
0
0
0
0
0
0
0
0
0
0
0
0
0
0
0
0
0
0
0
0
0
0
0
0
0
0
0
0
0
0
0
0
0
0
0
0
0
0
0
0
0
0
0
0
0
0
0
0
0
0
0
0
0
0
0
0
0
0
0
0
0
0
0
0
0
0
0
0
0
0
0
0
0
0
0
0
0
0
0
0
0
0
0
0
0
0
0
0
0
0
0
0
0
0
0
0
0
0
0
0
0
0
0
0
0
0
0
0
0
0
0
0
0
0
0
0
0
0
0
0
0
0
0
0
0
0
0
0
0
0
0
0
0
0
0
0
0
0
0
0
0
0
0
0
0
0
0
0
0
0
0
0
0
0
0
0
0
0
0
0
0
0
0
0
0
0
0
0
0
0
0
0
0
0
0
0
0
0
0
0
0
0
0
0
0
0
0
0
0
0
0
0
0
0
0
0
0
0
0
0
0
0
0
0
0
0
0
0
0
0
0
0
0
0
0
0
0
0
0
0
0
0
0
0
0
0
0
0
0
0
0
0
0
0
0
0
0
0
0
0
0
0
0
0
0
0
0
0
0
0
0
0
0
0
0
0
0
0
0
0
0
0
0
0
0
0
0
0
0
0
0
0
0
0
0
0
0
0
0
0
0
0
0
0
0
0
0
0
0
0
0
0
0
0
0
0
0
0
0
0
0
0
0
0
0
0
0
0
0
0
0
0
0
0
0
0
0
0
0
0
0
0
0
0
0
0
0
0
0
0
0
0
0
0
0
0
0
0
0
0
0
0
0
0
0
0
0
0
0
0
0
0
0
0
0
0
0
0
0
0
0
0
0
0
0
0
0
0
0
0
0
0
0
0
0
0
0
0
0
0
0
0
0
0
0
0
0
0
0
0
0
0
0
0
0
0
0
0
0
0
0
0
0
0
0
0
0
0
0
0
0
0
0
0
0
0
0
0
0
0
0
0
0
0
0
0
0
0
0
0
0
0
0
0
0
0
0
0
0
0
0
0
0
0
0
0
0
0
0
0
0
0
0
0
0
0
0
0
0
0
0
0
0
0
0
0
0
0
0
0
0
0
0
0
0
0
0
0
0
0
0
0
0
0
0
0
0
0
0
0
0
0
0
0
0
0
0
0
0
0
0
0
0
0
0
0
0
0
0
0
0
0
0
0
0
0
0
0
0
0
0
0
0
0
0
0
0
0
0
0
0
0
0
0
0
0
0
0
0
0
0
0
0
0
0
0
0
0
0
0
0
0
0
0
0
0
0
0
0
0
0
0
0
0
0
0
0
0
0
0
0
0
0
0
0
0
0
0
0
0
0
0
0
0
0
0
0
0
0
0
0
0
0
0
0
0
0
0
0
0
0
0
0
0
0
0
0
0
0
0
0
0
0
0
0
0
0
0
0
0
0
0
0
0
0
0
0
0
0
0
0
0
0
0
0
0
0
0
0
0
0
0
0
0
0
0
0
0
0
0
0
0
0
0
0
0
0
0
0
0
0
0
0
0
0
0
0
0
0
0
0
0
0
0
0
0
0
0
0
0
0
0
0
0
0
0
0
0
0
0
0
0
0
0
0
0
0
0
0
0
0
0
0
0
0
0
0
0
0
0
0
0
0
0
0
0
0
0
0
0
0
0
0
0
0
0
0
0
0
0
0
0
0
0
0
0
0
0
0
0
0
0
0
0
0
0
0
0
0
0
0
0
0
0
0
0
0
0
0
0
0
0
0
0
0
0
0
0
0
0
0
0
0
0
0
0
0
0
0
0
0
0
0
0
0
0
0
0
0
0
0
0
0
0
0
0
0
0
0
0
0
0
0
0
0
0
0
0
0
0
0
0
0
0
0
0
0
0
0
0
0
0
0
0
0
0
0
0
0
0
0
0
0
0
0
0
0
0
0
0
0
0
0
0
0
0
0
0
0
0
0
0
0
0
0
0
0
0
0
0
0
0
0
0
0
0
0
0
0
0
0
0
0
0
0
0
0
0
0
0
0
0
0
0
0
0
0
0
0
0
0
0
0
0
0
0
0
0
0
0
0
0
0
0
0
0
0
0
0
0
0
0
0
0
0
0
0
0
0
0
0
0
0
0
0
0
0
0
0
0
0
0
0
0
0
0
0
0
0
0
0
0
0
0
0
0
0
0
0
0
0
0
0
0
0
0
0
0
0
0
0
0
0
0
0
0
0
0
0
0
0
0
0
0
0
0
0
0
0
0
0
0
0
0
0
0
0
0
0
0
0
0
0
0
0
0
0
0
0
0
0
0
0
0
0
0
0
0
0
0
0
0
0
0
0
0
0
0
0
0
0
0
0
0
0
0
0
0
0
0
0
0
0
0
0
0
0
0
0
0
0
0
0
0
0
0
0
0
0
0
0
0
0
0
0
0
0
0
0
0
0
0
0
0
0
0
0
0
0
0
0
0
0
0
0
0
0
0
0
0
0
0
0
0
0
0
0
0
0
0
0
0
0
0
0
0
0
0
0
0
0
0
0
0
0
0
0
0
0
0
0
0
0
0
0
0
0
0
0
0
0
0
0
0
0
0
0
0
0
0
0
0
0
0
0
0
0
0
0
0
0
0
0
0
0
0
0
0
0
0
0
0
0
0
0
0
0
0
0
0
0
0
0
0
0
0
0
0
0
0
0
0
0
0
0
0
0
0
0
0
0
0
0
0
0
0
0
0
0
0
0
0
0
0
0
0
0
0
0
0
0
0
0
0
0
0
0
0
0
0
0
0
0
0
0
0
0
0
0
0
0
0
0
0
0
0
0
0
0
0
0
0
0
0
0
0
0
0
0
0
0
0
0
0
0
0
0
0
0
0
0
0
0
0
0
0
0
0
0
0
0
0
0
0
0
0
0
0
0
0
0
0
0
0
0
0
0
0
0
0
0
0
0
0
0
0
0
0
0
0
0
0
0
0
0
0
0
0
0
0
0
0
0
0
0
0
0
0
0
0
0
0
0
0
0
0
0
0
0
0
0
0
0
0
0
0
0
0
0
0
0
0
0
0
0
0
0
0
0
0
0
0
0
0
0
0
0
0
0
0
0
0
0
0
0
0
0
0
0
0
0
0
0
0
0
0
0
0
0
0
0
0
0
0
0
0
0
0
0
0
0
0
0
0
0
0
0
0
0
0
0
0
0
0
0
0
0
0
0
0
0
0
0
0
0
0
0
0
0
0
0
0
0
0
0
0
0
0
0
0
0
0
0
0
0
0
0
0
0
0
0
0
0
0
0
0
0
0
0
0
0
0
0
0
0
0
0
0
0
0
0
0
0
0
0
0
0
0
0
0
0
0
0
0
0
0
0
0
0
0
0
0
0
0
0
0
0
0
0
0
0
0
0
0
0
0
0
0
0
0
0
0
0
0
0
0
0
0
0
0
0
0
0
0
0
0
0
0
0
0
0
0
0
0
0
0
0
0
0
0
0
0
0
0
0
0
0
0
0
0
0
0
0
0
0
0
0
0
0
0
0
0
0
0
0
0
0
0
0
0
0
0
0
0
0
0
0
0
0
0
0
0
0
0
0
0
0
0
0
0
0
0
0
0
0
0
0
0
0
0
0
0
0
0
0
0
0
0
0
0
0
0
0
0
0
0
0
0
0
0
0
0
0
0
0
0
0
0
0
0
0
0
0
0
0
0
0
0
8874.21
5599.41
6315.04
2925.32
5390.31
3987.84
5718.75
2602.37
3937.4
2640.44
10724.8
10936.5
9498.09
8967.55
6890.7
10736.1
6429.53
6169.86
5026.46
7475.97
5206.33
3709.7
1659.03
1448.78
2181.71
1984.35
1594.68
1590.32
3203.33
1088.47
1807.83
6440.32
7447.43
3600.4
5426.94
1165.26
1252.58
813.902
3259.34
1699.65
1831.73
972.217
5239.05
8140.73
3681
8279.84
4351.28
3438.52
2248.97
844.971
1190.77
1326
2054.47
1678.99
1631.72
830.371
1378.54
1387.86
1957.47
1479.21
1840.81
577.511
1470.42
1169.64
747.44
629.387
1363.79
738.96
1074.57
1165.46
4919.39
2279.33
3398.11
779.049
3167.21
3820.46
6387.91
1180.21
1393.37
1598.12
3570.01
1955.74
1195.17
959.683
216.247
490.328
369.338
350.925
485.223
136.416
219.982
8088.34
4869.22
9689.88
693.664
600.796
1061.16
2905.46
537.548
292.471
1012.88
106.263
299.704
119.561
355.47
2898.35
1197.45
3162.91
1589.06
802.407
1468.4
2454.81
470.574
273.358
449.526
192.334
159.002
549.847
470.14
50.3264
1060.2
470.26
28.8495
16.7395
340.62
151.979
279.109
180.56
292.249
352.323
491.907
561.577
571.953
479.544
1094.46
1096.94
728.449
736.933
867.364
1049.38
50.8766
312.399
276.823
129.581
41.0413
195.823
261.764
12.7024
144.991
47.2682
39.9027
3.88875
46.6486
14.4615
811.777
572.182
1935.45
187.53
369.059
255.482
549.573
2392.46
635.899
2310.91
610.91
631.77
559.833
895.818
0.224576
146.765
167.635
59.2443
58.9628
64.2441
25.1899
13.0319
28.1024
6.22318
9.56815
18.7559
11.9166
11.238
205.179
173.712
210.178
95.4443
143.086
135.629
209.357
135.069
316.491
291.762
391.124
327.831
189.54
149.676
54.5793
34.745
0.956719
67.5302
3.78859
34.9457
9.44415
27.9554
12.719
7.95772
34.8276
24.5557
6.14926
0
100.24
76.8681
88.1905
97.1368
40.3538
49.138
87.9163
516.108
392.26
539.126
37.3836
91.4156
112.778
347.499
14.6851
26.6022
10.4028
38.9603
40.3878
21.1742
35.185
7.68796
1.29063
10.7196
7.69141
26.7739
13.0094
30.5593
23.3593
51.2839
38.5698
67.0892
6.09441
49.4675
45.5246
19.5633
94.0909
90.1745
89.8099
9.64643
118.133
56.6777
14.2185
19.6937
23.5691
21.746
11.2695
23.0639
6.00065
45.1177
4.22405
23.6122
7.9939
13.464
2.22859
16.7241
19.7629
44.7005
5.84064
22.0651
20.2663
40.0564
8.09879
13.2685
97.3241
26.9487
18.8475
9.66332
30.6424
16.0086
26.4546
23.1632
15.7816
35.4012
38.343
45.8174
29.2772
29.1597
6.60214
0
15.7412
14.1089
19.5119
16.6327
20.49
27.1069
11.932
58.7749
2.28497
11.0229
12.8936
5.4693
47.6286
9.1982
21.2855
9.34582
36.0291
5.50107
63.1406
50.849
30.569
41.8052
45.3158
24.4413
31.4763
39.3349
22.4492
18.9419
18.3573
13.9211
28.9821
22.5153
38.9464
76.2536
18.5671
61.6996
76.8349
59.4355
45.3617
12.1716
25.7148
3.28686
62.3083
25.459
34.8623
18.2949
39.5801
32.5074
42.1869
12.1267
0.233605
10.6849
13.3231
7.71337
30.0704
19.7523
0.64217
0
20.7967
9.36732
66.6921
67.9909
76.3094
20.5609
28.4778
31.463
59.9017
79.641
17.2587
34.4984
56.7214
98.7953
47.0722
64.7974
6.80066
8.74304
21.9949
3.8439
1.65646
6.5796
14.9766
0
8.6864
6.52738
14.3665
0
20.2792
0
10.5903
3.76945
41.8789
0
5.09453
0
11.3578
60.4913
7.45307
53.6685
22.3418
13.9456
11.0255
32.35
0
0
15.2159
0
0
0
7.15862
0
1.53164
0
0
0
0
6.76768
0
5.55484
0
0
0
0
0
5.56991
7.46125
14.2215
1.88556
0
1.68832
0
0
0
0
0
0
0
0
0
5.75533
0
0
0
0
0
0
0
0
0
0
0
0
5.39089
8.39713
0
0
0
0
0
0
0
0
0
0
0
0
0
0
0
0
0
0
0
0
0
0
0
0
0
0
0
0
5.15479
0
0
0
0
0
0
0
0
0
0
0
0
0
0
0
0
0
0
0
0
0
0
0
0
0
0
0
0
0
0
0
0
0
0
0
0
0
0
0
0
0
0
0
0
0
0
0
0
0
0
0
0
0
0
0
0
0
0
0
0
0
0
0
0
0
0
0
0
0
0
0
0
0
0
0
0
0
0
0
0
0
0
0
0
0
0
0
0
0
0
0
0
0
0
0
0
0
0
0
0
0
0
0
0
0
0
0
0
0
0
0
0
0
0
0
0
0
0
0
0
0
0
0
0
0
0
0
0
0
0
0
0
0
0
0
0
0
0
0
0
0
0
0
0
0
0
0
0
0
0
0
0
0
0
0
0
0
0
0
0
0
0
0
0
0
0
0
0
0
0
0
0
0
0
0
0
0
0
0
0
0
0
0
0
0
0
0
0
0
0
0
0
0
0
0
0
0
0
0
0
0
0
0
0
0
0
0
0
0
0
0
0
0
0
0
0
0
0
0
0
0
0
0
0
0
0
0
0
0
0
0
0
0
0
0
0
0
0
0
0
0
0
0
0
0
0
0
0
0
0
0
0
0
0
0
0
0
0
0
0
0
0
0
0
0
0
0
0
0
0
0
0
0
0
0
0
0
0
0
0
0
0
0
0
0
0
0
0
0
0
0
0
0
0
0
0
0
0
0
0
0
0
0
0
0
0
0
0
0
0
0
0
0
0
0
0
0
0
0
0
0
0
0
0
0
0
0
0
0
0
0
0
0
0
0
0
0
0
0
0
0
0
0
0
0
0
0
0
0
0
0
0
0
0
0
0
0
0
0
0
0
0
0
0
0
0
0
0
0
0
0
0
0
0
0
0
0
0
0
0
0
0
0
0
0
0
0
0
0
0
0
0
0
0
0
0
0
0
0
0
0
0
0
0
0
0
0
0
0
0
0
0
0
0
0
0
0
0
0
0
0
0
0
0
0
0
0
0
0
0
0
0
0
0
0
0
0
0
0
0
0
0
0
0
0
0
0
0
0
0
0
0
0
0
0
0
0
0
0
0
0
0
0
0
0
0
0
0
0
0
0
0
0
0
0
0
0
0
0
0
0
0
0
0
0
0
0
0
0
0
0
0
0
0
0
0
0
0
0
0
0
0
0
0
0
0
0
0
0
0
0
0
0
0
0
0
0
0
0
0
0
0
0
0
0
0
0
0
0
0
0
0
0
0
0
0
0
0
0
0
0
0
0
0
0
0
0
0
0
0
0
0
0
0
0
0
0
0
0
0
0
0
0
0
0
0
0
0
0
0
0
0
0
0
0
0
0
0
0
0
0
0
0
0
0
0
0
0
0
0
0
0
0
0
0
0
0
0
0
0
0
0
0
0
0
0
0
0
0
0
0
0
0
0
0
0
0
0
0
0
0
0
0
0
0
0
0
0
0
0
0
0
0
0
0
0
0
0
0
0
0
0
0
0
0
0
0
0
0
0
0
0
0
0
0
0
0
0
0
0
0
0
0
0
0
0
0
0
0
0
0
0
0
0
0
0
0
0
0
0
0
0
0
0
0
0
0
0
0
0
0
0
0
0
0
0
0
0
0
0
0
0
0
0
0
0
0
0
0
0
0
0
0
0
0
0
0
0
0
0
0
0
0
0
0
0
0
0
0
0
0
0
0
0
0
0
0
0
0
0
0
0
0
0
0
0
0
0
0
0
0
0
0
0
0
0
0
0
0
0
0
0
0
0
0
0
0
0
0
0
0
0
0
0
0
0
0
0
0
0
0
0
0
0
0
0
0
0
0
0
0
0
0
0
0
0
0
0
0
0
0
0
0
0
0
0
0
0
0
0
0
0
0
0
0
0
0
0
0
0
0
0
0
0
0
0
0
0
0
0
0
0
0
0
0
0
0
0
0
0
0
0
0
0
0
0
0
0
0
0
0
0
0
0
0
0
0
0
0
0
0
0
0
0
0
0
0
0
0
0
0
0
0
0
0
0
0
0
0
0
0
0
0
0
0
0
0
0
0
0
0
0
0
0
0
0
0
0
0
0
0
0
0
0
0
0
0
0
0
0
0
0
0
0
0
0
0
0
0
0
0
0
0
0
0
0
0
0
0
0
0
0
0
0
0
0
0
0
0
0
0
0
0
0
0
0
0
0
0
0
0
0
0
0
0
0
0
0
0
0
0
0
0
0
0
0
0
0
0
0
0
0
0
0
0
0
0
0
0
0
0
0
0
0
0
0
0
0
0
0
0
0
0
0
0
0
0
0
0
0
0
0
0
0
0
0
0
0
0
0
0
0
0
0
0
0
0
0
0
0
0
0
0
0
0
0
0
0
0
0
0
0
0
0
0
0
0
0
0
0
0
0
0
0
0
0
0
0
0
0
0
0
0
0
0
0
0
0
0
0
0
0
0
0
0
0
0
0
0
0
0
0
0
0
0
0
0
0
0
0
0
0
0
0
0
0
0
0
0
0
0
0
0
0
0
0
0
0
0
0
0
0
0
0
0
0
0
0
0
0
0
0
0
0
0
0
0
0
0
0
0
0
0
0
0
0
0
0
0
0
0
0
0
0
0
0
0
0
0
0
0
0
0
0
0
0
0
0
0
0
0
0
0
0
0
0
0
0
0
0
0
0
0
0
0
0
0
0
0
0
0
0
0
0
0
0
0
0
0
0
0
0
0
0
0
0
0
0
0
0
0
0
0
0
0
0
0
0
0
0
0
0
0
0
0
0
0
0
0
0
0
0
0
0
0
0
0
0
0
0
0
0
0
0
0
0
0
0
0
0
0
0
0
0
0
0
0
0
0
0
0
0
0
0
0
0
0
0
0
0
0
0
0
0
0
0
0
0
0
0
0
0
0
0
0
0
0
0
0
0
0
0
0
0
0
0
0
0
0
0
0
0
0
0
0
0
0
0
0
0
0
0
0
0
0
0
0
0
0
0
0
0
0
0
0
0
0
0
0
0
0
0
0
0
0
0
0
0
0
0
0
0
0
0
0
0
0
0
0
0
0
0
0
0
0
0
0
0
0
0
0
0
0
0
0
0
0
0
0
0
0
0
0
0
0
0
0
0
0
0
0
0
0
0
0
0
0
0
0
0
0
0
0
0
0
0
0
0
0
0
0
0
0
0
0
0
0
0
0
0
0
0
0
0
0
0
0
0
0
0
0
0
0
0
0
0
0
0
0
0
0
0
0
0
0
0
0
0
0
0
0
0
0
0
0
0
0
0
0
0
0
0
0
0
0
0
0
0
0
0
0
0
0
0
0
0
0
0
0
0
0
0
0
0
0
0
0
0
0
0
0
0
0
0
0
0
0
0
0
0
0
0
0
0
0
0
0
0
0
0
0
0
0
0
0
0
0
0
0
0
0
0
0
0
0
0
0
0
0
0
0
0
0
0
0
0
0
0
0
0
0
0
0
0
0
0
0
0
0
0
0
0
0
0
0
0
0
0
0
0
0
0
0
0
0
0
0
0
0
0
0
0
0
0
0
0
0
0
0
0
0
0
0
0
0
0
0
0
0
0
0
0
0
0
0
0
0
0
0
0
0
0
0
0
0
0
0
0
0
0
0
0
0
0
0
0
0
0
0
0
0
0
0
0
0
0
0
0
0
0
0
0
0
0
0
0
0
0
0
0
0
0
0
0
0
0
0
0
0
0
0
0
0
0
0
0
0
0
0
0
0
0
0
0
0
0
0
0
0
0
0
0
0
0
0
0
0
0
0
0
0
0
0
0
0
0
0
0
0
0
0
0
0
0
0
0
0
0
0
0
0
0
0
0
0
0
0
0
0
0
0
0
0
0
0
0
0
0
0
0
0
0
0
0
0
0
0
0
0
0
0
0
0
0
0
0
0
0
0
0
0
0
)
;

boundaryField
{
    fbOut
    {
        type            zeroGradient;
    }
    CAD_patch1
    {
        type            zeroGradient;
    }
    fbGasin
    {
        type            zeroGradient;
    }
    CAD_patch3
    {
        type            zeroGradient;
    }
    fbBioin
    {
        type            zeroGradient;
    }
}


// ************************************************************************* //
