/*--------------------------------*- C++ -*----------------------------------*\
| =========                 |                                                 |
| \\      /  F ield         | OpenFOAM: The Open Source CFD Toolbox           |
|  \\    /   O peration     | Version:  5.x                                   |
|   \\  /    A nd           | Web:      www.OpenFOAM.org                      |
|    \\/     M anipulation  |                                                 |
\*---------------------------------------------------------------------------*/
FoamFile
{
    version     2.0;
    format      ascii;
    class       volScalarField;
    location    "9.25";
    object      p;
}
// * * * * * * * * * * * * * * * * * * * * * * * * * * * * * * * * * * * * * //

dimensions      [0 2 -2 0 0 0 0];

internalField   nonuniform List<scalar> 
10571
(
238.657
204.048
203.445
223.153
226.299
202.862
200.594
204.091
214.166
217.329
205.07
203.506
200.619
197.623
204.063
211.539
205.288
202.243
201.238
202.926
205.609
195.524
192.167
196.448
209.59
196.688
194.788
184.156
195.063
196.674
180.249
173.575
188.833
178.576
188.247
189.844
162.528
167.112
173.844
182.021
136.881
130.212
151.558
189.747
191.194
182.696
182.295
180.704
169.447
186.716
182.447
171.432
171.023
151.357
149.081
150.785
153.58
165.762
61.3424
61.5153
97.3683
123.233
124.11
158.713
54.7001
58.193
74.0212
77.2281
127.28
57.6508
72.2124
66.5318
155.473
132.595
151.795
157.768
148.902
71.64
109.623
132.193
124.142
153.573
56.0695
53.4915
55.9407
76.4749
79.1374
132.257
52.7781
49.7879
53.1633
64.6973
61.1764
54.1126
57.1678
59.4693
114.734
56.2108
107.115
142.951
108.879
47.6202
53.7963
64.9154
71.722
103.73
48.9285
48.912
41.9515
41.0051
45.6796
54.2019
49.2769
48.9707
46.5493
44.9875
46.316
51.1179
49.5058
51.7622
48.7825
46.1907
46.7053
50.2496
47.6052
46.3135
43.3139
42.8548
45.0268
51.8341
46.9985
46.7554
47.1879
46.7653
46.6766
46.4447
46.5003
46.3792
48.2814
48.3956
47.498
46.3268
46.4363
48.9761
47.999
46.4359
46.6078
45.9586
46.1662
46.4739
46.5456
46.1717
46.3849
46.4543
46.2679
46.3837
46.4487
46.733
46.6356
47.2292
47.8761
46.8037
46.532
46.4781
47.704
47.5091
47.5624
46.6972
46.5386
46.4517
48.3104
47.9634
47.4086
46.3233
46.0322
46.1261
46.3515
46.3666
46.1035
46.0465
46.3246
46.3117
46.3966
46.4415
46.6068
46.4904
46.4404
46.9393
46.4605
46.4962
46.4444
47.1935
46.8535
47.1657
46.6643
46.8231
46.3955
47.6788
47.6306
47.2243
46.3138
46.1074
46.1607
46.3008
46.3624
45.9732
46.0439
46.2553
46.3406
46.4244
46.4538
46.4614
46.2969
46.2081
46.665
46.5118
46.4746
46.5049
46.8779
46.5924
47.004
46.5402
46.7817
47.2653
47.3814
46.9895
46.3222
46.1954
46.2539
46.3163
46.3666
46.161
46.2036
46.3726
46.385
46.4489
46.4035
46.2336
46.2244
46.6618
46.4858
46.5104
46.7513
46.4468
46.891
46.3891
46.5144
47.0381
47.0193
46.793
46.3576
46.2489
46.311
46.3498
46.3952
46.2377
46.2834
46.4361
46.4088
46.4794
46.3931
46.2446
46.1997
46.615
46.4028
46.5052
46.6759
46.2554
46.7566
46.3388
46.6083
46.8479
46.7803
46.6966
46.3849
46.2836
46.339
46.374
46.4297
46.2654
46.3039
46.4454
46.4143
46.4912
46.4074
46.2833
46.1966
46.5283
46.4258
46.6064
46.6409
46.1678
46.6849
46.4186
46.8428
46.7649
46.6572
46.5725
46.417
46.342
46.3616
46.4147
46.4392
46.3243
46.3149
46.4642
46.4176
46.5026
46.4637
46.359
46.2345
46.4932
46.4321
46.5814
46.6628
46.2538
46.609
46.5501
46.756
46.7543
46.5671
46.5039
46.4463
46.44
46.4343
46.4614
46.4883
46.4279
46.3632
46.501
46.4655
46.5347
46.5624
46.4518
46.3045
46.5174
46.4861
46.5587
46.7214
46.4011
46.5808
46.4798
46.4766
46.7367
46.5401
46.4586
46.5347
46.5588
46.518
46.5123
46.5604
46.5314
46.4414
46.5642
46.557
46.5965
46.6634
46.5504
46.3888
46.5735
46.6257
46.6098
46.7758
46.4685
46.632
46.5154
46.551
46.7526
46.5918
46.5597
46.6345
46.6664
46.6183
46.6134
46.6551
46.6499
46.5289
46.643
46.6556
46.6801
46.7497
46.6488
46.4534
46.6254
46.7524
46.7003
46.8205
46.4507
46.7134
46.6689
46.7601
46.8022
46.6581
46.7825
46.7405
46.7696
46.7252
46.7214
46.7583
46.7591
46.6238
46.7295
46.7526
46.7726
46.8362
46.7621
46.507
46.6726
46.8027
46.7818
46.8919
46.4645
46.6938
46.7525
46.8435
46.8171
46.7072
46.8768
46.8505
46.8587
46.8251
46.8343
46.8645
46.8715
46.7412
46.823
46.8534
46.8694
46.9373
46.8671
46.5724
46.7338
46.8625
46.865
46.972
46.5137
46.6485
46.7871
46.8969
46.8418
46.7724
46.954
46.9663
46.9854
46.9507
46.951
46.9779
46.9943
46.8798
46.9284
46.9611
46.9727
47.0649
47.0026
46.661
46.8322
46.9327
46.9541
47.0277
46.5274
46.6339
46.8022
46.959
46.9034
46.8175
47.0331
47.0901
47.1349
47.0823
47.0743
47.1
47.1337
47.0184
47.0373
47.0779
47.0861
47.2315
47.1486
46.797
46.9718
47.0158
47.0501
47.1097
46.5689
46.6946
46.8258
47.0149
46.9421
46.8541
46.9975
47.2215
47.2789
47.2165
47.1969
47.2314
47.2708
47.1493
47.1484
47.2072
47.2131
47.4383
47.2764
46.9806
47.1246
47.1009
47.1504
47.2002
46.652
46.7972
46.8186
47.0459
46.9534
46.8863
46.7841
47.367
47.4015
47.3543
47.3312
47.3786
47.3983
47.2845
47.2746
47.3477
47.3539
47.5575
47.432
47.1872
47.2704
47.1935
47.26
47.2803
46.7178
46.892
46.8083
47.0596
47.0287
46.9457
46.6046
47.5276
47.5202
47.496
47.4881
47.5419
47.4848
47.4175
47.4072
47.49
47.5079
47.604
47.5134
47.3804
47.4182
47.3815
47.4111
47.3513
46.7786
46.9809
46.8865
47.1507
47.1513
47.1331
46.807
47.6932
47.6347
47.6374
47.6539
47.707
47.5692
47.534
47.5455
47.6467
47.6626
47.693
47.5389
47.558
47.5729
47.5634
47.5968
47.4569
46.9311
47.1692
47.164
47.4039
47.3584
47.2708
47.2087
47.848
47.7487
47.7731
47.8075
47.8445
47.6582
47.6603
47.6808
47.7535
47.7752
47.7653
47.5915
47.7142
47.714
47.6774
47.7254
47.6064
47.2243
47.4269
47.5063
47.6075
47.5358
47.4709
47.9072
47.9679
47.8705
47.9088
47.9278
47.9242
47.7961
47.7601
47.7636
47.7902
47.8279
47.8579
47.7761
47.9824
47.8104
47.7136
47.7695
47.7497
47.427
47.5839
47.6487
47.6915
47.5019
47.2964
47.8017
48.0247
47.9844
48.0035
47.982
47.9489
47.9384
47.8228
47.7897
47.7856
47.8418
47.9481
47.9017
48.2192
47.8408
47.7299
47.7715
47.9226
47.7386
47.6184
47.7132
47.741
47.5892
47.1571
47.6278
48.0199
48.0612
48.0218
47.9778
47.9397
48.0381
47.8045
47.7924
47.7688
47.8289
48.0549
47.9477
48.1569
47.8419
47.7585
47.7205
47.9441
47.9581
47.8138
47.7858
47.7624
47.8177
47.7769
47.8201
47.9913
48.0804
47.9913
47.9481
47.9226
48.0305
47.754
47.8007
47.7696
47.8115
48.2231
48.0002
48.0398
47.8875
47.8094
47.7018
48.0025
48.0081
47.9596
47.8684
47.7771
48.1874
48.1823
47.9633
47.9695
48.0573
47.9666
47.9303
47.919
48.0017
47.7783
47.7953
47.8368
47.8522
48.3487
48.0407
47.8668
47.9502
47.8678
47.8218
48.2697
47.8232
47.9635
47.9329
47.8693
48.1058
48.1286
48.0044
47.9627
48.0368
47.9688
47.9327
47.93
47.9681
47.8976
47.8212
47.9024
47.9187
48.3477
48.1205
47.9675
47.9725
47.9553
47.9701
48.3419
47.9347
47.9914
47.9835
47.9736
48.0531
48.0724
48.021
47.9631
48.0043
47.9789
47.9433
47.9452
47.8388
47.9261
47.8874
47.9358
48.023
48.2869
48.0431
48.0251
47.954
47.9713
48.035
48.4708
48.099
48.008
47.9973
48.014
48.1727
48.0757
48.0247
47.9601
47.9508
47.9648
47.9476
47.95
47.7233
47.8387
47.9016
47.9046
48.081
47.8357
47.8188
47.9713
47.9296
47.9295
48.0075
48.12
48.0588
47.9761
47.9703
47.9807
48.1995
48.0506
48.004
47.9565
47.9582
47.957
47.9438
47.9424
47.8005
47.7635
47.8728
47.8063
47.9347
47.6942
47.7902
47.9144
47.9076
47.8989
47.929
48.0456
47.9748
47.9285
47.9356
47.941
48.0998
47.9938
47.97
47.964
48.027
47.9727
47.9459
47.9276
47.9392
47.7647
47.854
47.7943
47.8106
47.8137
47.8267
47.8861
47.8813
47.9022
47.8774
48.0011
47.903
47.8989
47.9232
47.9214
48.0021
47.9419
47.9421
47.9759
48.1286
48.0053
47.9596
47.9308
48.0283
47.8247
47.8559
47.8514
47.8252
48.0727
47.9009
47.8499
47.8759
47.9384
47.884
48.0087
47.8782
47.8991
47.9374
47.9286
47.9439
47.9158
47.936
48.0035
48.2377
48.0362
48.0016
47.945
48.3766
47.8989
47.9067
47.9336
47.8916
48.2519
48.1467
47.8204
47.9087
47.9862
47.9259
48.0042
47.8644
47.9123
47.9634
47.957
47.9162
47.9153
47.946
48.0102
48.3771
48.0569
48.009
47.9713
48.5666
47.9274
47.955
47.9994
47.9605
48.1954
48.1098
47.7637
47.9566
48.0251
47.9629
47.9816
47.8561
47.9317
47.9834
47.9823
47.9081
47.934
47.9644
48.011
48.1033
47.9531
48.004
47.9923
48.1463
47.7938
47.9797
48.028
48.0049
48.0348
47.8996
47.7289
47.9933
48.0242
47.9737
47.9412
47.869
47.9597
47.9956
47.9923
47.9184
47.962
47.9865
47.9979
47.8517
47.8569
47.9941
48.0069
47.8536
47.7242
47.9891
48.032
48.0185
47.8948
47.7252
47.7763
48.0094
47.9892
47.9722
47.8986
47.9215
47.9938
48.0092
48.0017
47.9503
47.9956
48.0114
47.9939
47.8557
47.884
47.9922
48.0113
47.7897
47.8183
47.9774
48.0116
48.0153
47.8751
47.765
47.8794
48.0078
47.9703
47.9875
47.9233
48.0018
48.0226
48.0272
48.0226
48
48.0283
48.0388
48.0199
47.8603
47.892
48.0049
48.0184
47.7631
47.8789
47.9713
48.0065
48.0194
47.9123
47.8647
47.981
48.0236
47.9833
48.0166
47.9805
48.0547
48.0472
48.0481
48.0493
48.0464
48.0576
48.0646
48.0767
47.923
47.8845
48.0266
48.0276
47.7792
47.903
47.9816
48.0206
48.0356
47.9547
47.9817
48.0892
48.0616
48.0088
48.0495
48.0286
48.0645
48.0724
48.0644
48.0697
48.0779
48.081
48.0845
48.1325
47.9476
47.8414
48.0552
48.0421
47.8367
47.9763
48.0512
48.033
48.0496
47.9924
48.0309
48.2117
48.1189
48.0546
48.0791
48.0451
48.0534
48.0741
48.0709
48.0841
48.0869
48.0902
48.096
48.1064
48.0235
47.7331
47.9525
48.0346
47.9234
48.0741
48.0983
48.0205
48.0572
48.0301
48.0301
48.206
48.1465
48.076
48.0855
48.0437
48.039
48.0575
48.0657
48.0842
48.0672
48.0843
48.0964
48.02
48.1066
47.8306
47.8
47.9938
48.0534
48.0478
48.1263
48.0029
48.0529
48.0654
48.0464
48.1327
48.1189
48.0553
48.0704
48.0352
47.9847
48.0404
48.0503
48.0711
48.0305
48.0551
48.0781
47.9145
48.1468
47.9564
47.7381
47.9495
48.1551
48.084
48.1133
48.0244
48.0448
48.0781
48.0659
48.0411
48.0644
48.021
48.0434
48.017
47.9507
48.0058
48.0189
48.0471
48.0161
48.014
48.0407
47.9137
48.0995
48.0305
47.8446
47.9452
48.0898
48.1009
48.1119
48.0481
48.0286
48.0558
48.0401
47.9733
48.0073
47.9846
48.0105
47.9776
47.9179
47.9498
47.9805
48.0147
47.9779
47.9725
47.9953
47.9613
48.0324
48.0041
47.9267
47.9331
48.0113
47.9848
48.0127
47.99
47.9917
47.9901
47.9831
47.9031
47.9313
47.9283
47.9673
47.9232
47.8629
47.8882
47.932
47.9731
47.913
47.9279
47.9449
47.9586
47.9705
47.942
47.8997
47.894
47.9452
47.8498
47.8972
47.904
47.9361
47.9037
47.9121
47.8457
47.8367
47.8578
47.9096
47.8677
47.7951
47.8342
47.8721
47.9161
47.8457
47.8631
47.887
47.9117
47.9388
47.8919
47.8481
47.836
47.9018
47.7536
47.8224
47.825
47.8686
47.8465
47.8578
47.7984
47.7543
47.7943
47.8391
47.829
47.7577
47.7802
47.8123
47.8482
47.7923
47.7864
47.8294
47.8638
47.9221
47.8598
47.8019
47.7823
47.8794
47.714
47.778
47.7668
47.7996
47.8603
47.844
47.7665
47.7071
47.7361
47.7758
47.8243
47.7489
47.7416
47.7743
47.8005
47.7686
47.7388
47.7928
47.8273
47.9208
47.8453
47.7533
47.7446
47.8734
47.7041
47.7177
47.7145
47.7539
47.9135
47.865
47.7648
47.6888
47.7136
47.7546
47.8503
47.7595
47.7344
47.777
47.7915
47.7825
47.757
47.7998
47.7871
47.9278
47.8271
47.7
47.711
47.8744
47.7108
47.6756
47.6484
47.7152
47.9762
47.9028
47.7859
47.707
47.7397
47.7708
47.8976
47.7952
47.795
47.8162
47.8148
47.8342
47.8353
47.8526
47.748
47.911
47.7825
47.6639
47.6774
47.8874
47.7367
47.6389
47.6397
47.7112
48.0171
47.9399
47.8221
47.7351
47.7592
47.8132
47.953
47.8528
47.8815
47.899
47.8736
47.9079
47.9107
47.9331
47.7002
47.9136
47.7574
47.6359
47.6843
47.9015
47.7879
47.6242
47.6373
47.7168
48.0461
47.9813
47.8707
47.7362
47.8038
47.8641
48.0114
47.9176
47.9114
47.935
47.9446
47.985
47.9633
47.994
47.6382
47.9055
47.755
47.6035
47.6348
47.9154
47.8309
47.6061
47.5827
47.7221
48.086
48.0224
47.9204
47.7483
47.8421
47.9832
48.0725
47.9889
47.9046
47.9263
48.0074
48.0626
48.0062
48.034
47.5542
47.9153
47.7416
47.5231
47.4415
47.951
47.8528
47.5687
47.4125
47.7143
48.1344
48.0669
47.9743
47.7728
47.7302
48.2268
48.1441
48.07
47.8904
47.9553
48.3423
48.1514
48.0477
48.0621
47.4458
47.9206
47.714
47.3989
47.1467
47.9967
47.8715
47.4581
47.0325
47.5231
48.181
48.1215
48.0138
47.7132
47.2789
48.3501
48.2323
48.1596
47.8276
47.6552
48.4914
48.2714
48.0988
47.9578
47.2995
47.9501
47.7059
47.2411
46.6956
48.0545
47.8146
47.2177
46.2763
46.9042
48.2503
48.1992
48.0343
47.4851
46.1679
47.9597
48.362
48.2936
47.7205
46.5852
47.9024
48.4712
48.204
47.668
47.1045
48.0048
47.6688
46.9807
46.0725
48.1436
47.7189
46.7908
44.9278
45.1437
48.377
48.3277
48.0263
47.1274
44.5863
45.6048
48.5764
48.4571
47.7299
45.8653
47.1469
48.8417
48.6421
48.0821
46.9124
48.0894
47.6426
46.6919
45.2652
48.2806
47.5939
46.3091
43.0292
41.343
48.6069
48.5248
48.0883
46.5535
43.0177
40.2853
48.9379
48.7673
47.7164
45.517
45.9059
49.5606
49.2195
48.0918
46.7983
48.2076
47.6312
46.4877
44.5311
48.4773
47.5196
45.7578
41.4093
33.0678
48.9789
48.8269
48.0386
45.8822
41.46
29.4629
-23.4426
49.4775
48.837
46.7932
44.9663
43.7766
50.0358
48.7739
46.9824
46.8352
48.2992
47.5975
46.4475
44.3434
48.6863
47.4311
45.4228
40.9674
28.1584
2.1435
49.5316
49.2122
47.7534
45.2549
39.9672
27.939
2.26855
50.2857
48.497
45.8047
43.7991
38.0586
49.8136
47.332
45.7261
46.9952
48.2724
47.4723
46.5711
45.1022
48.7708
47.4425
45.527
42.42
33.8041
9.27397
49.7794
49.4717
47.3745
44.9874
40.6151
30.1397
6.70064
50.662
47.5821
45.3689
43.544
34.7021
9.56151
48.5138
46.3058
45.1118
47.2142
47.9975
47.2581
46.8803
46.4789
48.1269
47.115
45.877
44.7064
38.8282
12.7142
49.2835
48.8694
46.6289
45.1454
43.3191
34.2636
5.71652
49.7313
46.6961
45.078
43.8465
36.5581
47.4727
45.7504
45.0665
47.4834
47.4476
47.0502
47.2252
47.8105
46.697
46.2848
46.2309
46.5059
44.5853
48.155
47.5609
45.8472
45.4774
45.4798
41.0188
-14.8071
48.4583
46.0675
45.2609
45.1619
43.5403
46.8496
45.7342
45.6316
47.6868
47.2306
46.9373
47.4709
48.4408
46.8117
46.0492
46.8108
47.8708
48.5671
47.2988
46.831
45.6122
45.9621
46.8201
46.1923
47.6043
45.968
45.8395
46.3254
46.6716
46.6505
46.0279
46.2864
47.8623
46.8703
46.9124
47.6758
48.5341
46.6187
46.1608
47.3469
48.4162
49.0236
47.0452
46.5396
45.9426
46.5564
47.7946
48.0124
47.2058
46.1911
46.5227
47.1264
47.7555
46.734
46.5088
46.9336
48.1349
46.6173
46.8458
47.9147
48.7017
46.6999
46.5942
47.7398
48.7187
49.1717
47.1428
46.8183
46.5836
47.2675
48.3518
48.5961
47.2466
46.7309
47.16
47.682
48.3283
47.1347
47.126
47.5594
48.5667
46.6402
47.0911
48.3167
48.943
47.0386
47.1958
48.0649
48.9705
49.1684
47.5358
47.3819
47.2883
47.8982
48.6745
48.8982
47.7528
47.4808
47.7712
48.1591
48.6518
47.9364
47.851
48.104
49.2955
47.2686
47.461
48.9576
49.4216
47.5816
47.688
48.4905
49.1425
49.315
48.1422
48.0407
47.6812
48.264
48.9048
49.1044
48.5434
48.2828
48.3428
48.5047
48.9394
48.976
48.8121
48.6573
50.4224
47.9501
48.3784
49.9083
50.2425
48.1717
48.2252
48.8204
49.4226
49.8219
48.8022
48.7098
48.3717
48.6344
49.23
49.4344
49.4684
49.2281
48.9866
48.8951
49.359
50.1738
49.8877
49.4689
51.9968
48.5057
49.3827
51.3762
51.417
48.5403
48.5937
48.9592
49.9037
50.6869
49.5524
49.0763
48.8294
48.7303
49.2074
49.9969
50.4871
49.8616
49.2499
49.5053
50.0688
51.6111
51.2292
50.8842
53.388
49.1598
50.9201
53.0652
52.3597
48.8459
48.8667
49.7098
50.4291
51.2324
50.6793
49.6506
49.1128
49.1033
49.5874
50.3628
51.23
50.3942
49.9151
50.1488
50.8212
52.5291
52.5514
51.9592
238.167
243.46
275.607
249.527
246.028
256.397
291.127
288.702
205.61
208.419
211.438
207.86
206.979
227.959
249.637
211.63
235.342
244.047
245.229
246.145
239.317
276.496
250.064
273.973
243.249
252.402
206.908
206.553
209.034
207.304
206.739
207.373
205.659
206.822
214.826
203.049
203.253
235.066
254.707
206.435
206.632
254.397
240.892
210.542
212.823
251.164
219.531
216.983
207.345
210.476
209.666
209.205
205.696
210.455
205.346
203.443
203.117
203.997
203.587
204.491
205.512
202.288
203.023
207.186
211.401
206.154
209.528
215.004
213.726
213.905
207.136
210.301
207.129
205.756
205.653
206.068
205.731
203.22
201.251
204.627
204.002
200.466
199.519
206.327
207.042
203
202.649
208.179
202.318
201.502
202.635
200.027
200.375
201.225
196.965
201.71
208.295
201.954
236.051
225.653
236.252
234.053
207.224
232.97
238.151
230.314
232.148
222.007
201.524
236.021
207.012
203.233
199.258
204.057
203.32
204.215
200.02
201.024
198.674
200.128
218.879
219.602
219.259
205.978
211.449
199.102
215.314
221.057
213.687
203.406
204.956
204.503
199.604
200.928
200.159
211.868
211.127
203.566
207.465
206.669
205.332
205.322
200.417
199.905
195.952
210.678
209.061
207.72
204.796
203.882
205.177
194.753
203.434
202.867
201.864
191.167
195.772
192.503
194.294
203.168
198.404
200.652
202.274
202.916
198.754
201.213
203.261
199.184
193.041
193.454
190.715
191.804
185.739
185.159
193.338
190.281
188.109
193.384
187.242
197.395
196.132
192.36
219.626
195.202
213.069
195.138
187.829
190.558
189.273
188.931
180.648
173.163
179.777
193.669
182.438
197.082
193.01
196.745
196.883
195.732
193.795
194.13
193.035
191.356
202.374
185.719
195.26
183.154
187.885
178.084
180.523
184.676
174.526
197.508
194.503
195.163
185.538
153.267
159.169
180.245
175.31
169.904
168.365
168.426
183.82
159.866
107.869
88.0401
70.0617
176.257
189.302
163.207
163.892
170.73
149.308
68.4685
146.215
145.656
151.94
64.9464
75.2847
60.2552
64.5236
193.996
180.288
190.497
111.19
156.804
109.964
147.574
164.415
164.385
77.0546
178.598
175.905
135.183
161.754
162.911
181.48
182.219
155.984
101.606
162.859
101.961
184.457
167.729
176.891
178.836
176.396
164.865
165.331
165.226
167.374
171.667
163.824
163.512
163.821
171.884
162.322
178.747
133.785
189.155
181.595
179.657
168.77
171.96
157.566
156.922
172.546
173.82
171.521
161.043
160.882
167.405
161.698
169.346
163.615
146.885
71.6405
80.9201
79.2907
58.7061
58.6796
164.283
165.067
162.464
160.211
160.879
58.1511
59.2518
57.9192
57.2935
60.5385
160.558
152.352
155.766
160.301
123.205
57.2254
57.0986
58.8962
53.4877
52.8128
54.5473
53.1761
55.0163
53.4228
110.251
69.3794
88.0076
71.332
77.7358
59.9547
61.0842
91.6572
53.7013
53.075
75.7914
100.039
50.917
51.9712
53.2049
65.7342
78.8964
54.9321
61.0964
56.4552
60.8587
145.218
117.688
152.127
147.99
152.56
135.571
127.561
136.489
156.512
153.685
140.47
143.432
135.867
150.194
131.104
76.5241
54.1918
144.058
113.886
134.162
88.4522
110.759
63.4503
98.2023
146.536
153.662
147.745
132.855
128.857
134.783
129.298
151.455
130.818
54.2746
56.5127
55.5257
50.7524
53.7176
53.7532
147.314
147.147
133.045
123.24
118.006
55.7206
57.353
52.0861
52.6497
52.7939
143.466
90.531
95.4297
104.293
54.2384
53.8456
50.5834
50.9544
53.6402
53.194
50.6268
50.4429
51.7681
51.8801
56.604
55.6104
52.641
51.0816
48.0499
51.5892
49.944
47.7764
53.7126
52.5694
54.4089
54.212
53.2264
52.8526
52.884
60.0693
57.3313
54.3397
55.9984
53.9293
56.1404
88.3565
60.7675
111.078
102.076
112.968
75.3341
72.2939
77.8336
118.982
104.293
69.8964
72.0865
53.9873
100.127
54.325
49.2917
47.4932
74.8273
48.6884
60.2921
47.1298
51.1972
46.549
47.5964
103.617
115.179
107.645
70.7476
70.2702
88.3709
79.7951
105.936
77.304
49.4638
50.6076
51.0079
47.3846
47.5239
48.0389
87.8828
74.4743
75.3642
56.7417
50.3906
49.3101
48.4199
47.1426
47.2429
47.0659
60.6478
46.1628
46.5744
47.0062
45.9484
48.5278
48.0294
49.8265
50.3994
50.6114
48.6071
49.0992
49.4596
49.6287
46.3049
49.6008
48.5079
45.7791
46.6128
48.0001
47.5853
46.5594
50.9951
49.8343
50.2733
50.6849
49.7152
49.0218
49.3174
50.3223
50.613
47.9978
47.5204
48.898
47.9157
47.5909
46.0796
49.591
48.2449
48.2545
46.2396
46.2566
46.1677
48.2559
46.3059
46.1425
46.0415
46.4225
46.7738
46.3573
46.5552
46.2328
46.4342
46.3491
45.5119
45.9557
46.0097
46.1574
45.694
48.2601
50.4814
51.0598
46.0405
46.2421
45.6192
46.3056
50.0033
46.5232
46.2797
46.3143
46.2895
46.1339
46.3471
46.2173
47.6033
46.7605
47.552
46.5616
46.522
46.2478
46.2637
46.5774
46.6536
46.5235
46.4821
46.4777
46.4333
46.4965
46.8424
47.5373
46.7708
46.8334
47.5246
46.849
46.2
46.3373
46.503
46.4779
46.3253
46.3973
46.4604
46.3006
46.4605
46.4734
46.5207
46.4261
46.5489
48.044
47.878
48.4787
48.7736
48.9249
47.9984
47.9929
48.2659
48.4293
46.7016
46.4956
47.0393
46.5912
46.7073
46.7685
46.9643
46.406
49.0956
48.6414
48.5648
48.8094
48.6275
48.3317
48.5582
47.4838
48.4322
48.0576
47.9078
48.3213
47.0644
46.2675
46.0614
46.5207
46.3581
46.4736
46.2828
46.2242
46.3062
46.5809
46.553
46.3103
46.3215
46.3981
46.5329
46.3962
46.1152
46.1089
46.1156
46.0638
45.9206
45.986
45.9836
46.085
45.9913
46.518
46.5189
46.4365
46.3689
46.3919
46.306
46.3309
46.4022
46.4842
46.364
46.4679
46.4461
46.475
46.4357
46.4695
46.2058
46.3932
46.3776
46.2126
46.3533
46.3752
46.4847
46.4211
46.4923
46.3971
46.4679
46.3759
46.4349
46.4848
46.4647
46.5018
46.4463
46.4803
46.4425
46.4887
46.7975
47.2606
46.6767
46.7071
47.0232
46.5673
46.5578
46.4286
46.5081
46.5025
46.5526
46.4029
46.5129
46.4646
46.5278
46.4674
46.5024
46.4442
46.5197
47.5838
47.304
47.6051
47.8608
48.0198
47.4306
47.2868
47.56
47.6518
46.7228
47.0183
47.0169
46.76
46.7488
47.0887
47.0488
46.356
46.7034
46.4322
46.5066
46.4251
46.4918
48.2561
47.8962
48.034
48.2608
47.9854
47.6803
47.9046
48.0204
48.1645
47.8043
47.8962
47.9627
47.379
46.11
46.1388
46.3311
46.235
46.3192
46.2786
46.1953
46.2771
46.3026
46.3537
46.3172
46.3076
46.3479
46.3585
46.371
46.0629
46.0019
46.0094
46.0499
46.0274
46.0734
46.0998
45.9826
46.0546
46.3694
46.3144
46.3487
46.3655
46.3649
46.3288
46.3612
46.3637
46.4632
46.3653
46.4661
46.4416
46.4679
46.445
46.4702
46.1031
46.2768
46.2428
45.9817
46.1979
46.1359
46.4645
46.3899
46.4172
46.3996
46.4765
46.384
46.4405
46.4755
46.4362
46.4843
46.4414
46.4871
46.4493
46.492
46.5984
46.8377
46.5284
46.4987
46.7054
46.482
46.4226
46.2424
46.4787
46.4735
46.436
46.3657
46.4951
46.3902
46.5023
46.4681
46.5039
46.4791
46.5316
47.0821
46.9253
47.0401
47.3076
47.3525
47.0058
46.8503
47.101
47.1311
46.7089
46.9516
47.0002
46.5919
46.6761
46.8171
46.8952
46.5643
46.8557
46.7739
46.4907
46.4845
46.547
47.5818
47.3505
47.3538
47.573
47.4357
47.1103
47.3207
47.7143
47.7976
47.505
47.5429
47.7128
47.094
46.1877
46.2266
46.2777
46.2136
46.271
46.2792
46.2313
46.2652
46.311
46.3428
46.313
46.3151
46.339
46.3678
46.3655
46.0512
46.1228
46.1581
46.023
46.0987
46.1488
46.2129
46.1092
46.129
46.373
46.3494
46.3763
46.3626
46.3824
46.3701
46.3904
46.3758
46.3869
46.0213
46.1688
46.1207
46.112
46.2015
46.1642
46.5021
46.3973
46.4762
46.4414
46.5212
46.4255
46.5143
46.5012
46.4713
46.5291
46.4749
46.5054
46.5018
46.5419
46.4233
46.6159
46.4223
46.3805
46.5512
46.5335
46.5333
46.6795
46.4985
46.5981
46.4851
46.7517
46.5501
46.5395
46.5595
46.5106
46.5528
46.5361
46.5626
46.8187
46.7424
46.7083
46.9323
46.9636
46.8011
46.6037
46.8036
46.8265
46.6632
46.7478
46.8127
46.4587
46.6448
46.7056
46.7701
46.5754
47.1854
47.0628
46.9213
47.1154
47.1453
46.7851
46.9497
47.3912
47.6463
47.1971
47.2417
47.4873
46.8902
46.2474
46.2668
46.2849
46.2501
46.2726
46.3025
46.2743
46.2889
46.3201
46.3444
46.3429
46.3296
46.3519
46.3706
46.3815
46.1743
46.2245
46.2514
46.1673
46.1621
46.2314
46.2682
46.2075
46.2053
46.3895
46.3914
46.4029
46.3793
46.3976
46.4105
46.4188
46.4204
46.4467
46.1821
46.242
46.2092
46.232
46.2729
46.2449
46.4386
46.5062
46.4618
46.4457
46.4545
46.3635
46.5048
46.3935
46.358
46.4732
46.5658
46.4596
46.4873
46.4779
46.5095
46.6781
46.6219
46.5314
46.7153
46.7107
46.7099
46.4713
46.6598
46.6112
46.6017
46.6712
46.7257
46.3557
46.5912
46.6527
46.6775
46.564
46.9544
46.8536
46.6977
46.8406
46.934
46.6218
46.7577
47.1061
47.2899
46.8784
47.0014
47.1383
46.7457
46.2905
46.3121
46.3226
46.302
46.311
46.3429
46.327
46.3353
46.3508
46.3645
46.3725
46.3705
46.3844
46.3944
46.4111
46.2564
46.2665
46.2781
46.2306
46.25
46.2665
46.2893
46.2445
46.2819
46.4182
46.424
46.4356
46.4134
46.4335
46.4442
46.4519
46.4616
46.4672
46.2665
46.296
46.2724
46.2878
46.3108
46.2893
46.4731
46.4906
46.4853
46.492
46.5036
46.3601
46.4561
46.3982
46.368
46.4517
46.4995
46.5509
46.5636
46.5267
46.662
46.5802
46.5562
46.4264
46.6252
46.535
46.6521
46.3921
46.6062
46.486
46.5895
46.6237
46.6343
46.3488
46.6119
46.5672
46.5869
46.664
46.7729
46.7156
46.5532
46.684
46.7886
46.5035
46.6162
46.9053
47.0138
46.7134
46.8304
46.917
46.6296
46.3296
46.3445
46.36
46.3457
46.3549
46.3767
46.3606
46.3713
46.3851
46.4017
46.3976
46.4005
46.4203
46.4248
46.428
46.2929
46.3359
46.3055
46.267
46.3026
46.3088
46.3238
46.3025
46.3255
46.4428
46.4595
46.4643
46.4281
46.4502
46.4677
46.4756
46.4764
46.4841
46.3134
46.3247
46.3026
46.3499
46.3458
46.3222
46.5032
46.5111
46.4958
46.5027
46.5049
46.3789
46.4554
46.4281
46.3995
46.467
46.5658
46.756
46.6026
46.5761
46.751
46.5472
46.547
46.3756
46.6048
46.458
46.6437
46.3771
46.6166
46.451
46.6755
46.493
46.5495
46.534
46.7306
46.4071
46.5543
46.926
46.6772
46.6597
46.4787
46.5728
46.7675
46.4774
46.554
46.762
46.8424
46.6075
46.7037
46.7864
46.5358
46.3697
46.4024
46.3967
46.3795
46.3895
46.4098
46.4018
46.4104
46.4112
46.4277
46.4291
46.424
46.4346
46.4402
46.4548
46.38
46.4286
46.3501
46.337
46.3515
46.3859
46.389
46.3818
46.3826
46.4608
46.4735
46.4826
46.4618
46.4738
46.4865
46.4945
46.4952
46.5098
46.389
46.3785
46.352
46.4331
46.4223
46.3933
46.5097
46.5042
46.5141
46.5167
46.5095
46.4366
46.488
46.5103
46.4858
46.5184
46.5731
46.6682
46.5604
46.5574
46.6007
46.5585
46.5831
46.4016
46.6487
46.4617
46.6901
46.4397
46.684
46.4878
46.6184
46.3743
46.505
46.5061
46.471
46.358
46.419
46.5692
46.6607
46.672
46.4907
46.5525
46.7398
46.519
46.5629
46.6539
46.7411
46.5445
46.6122
46.7092
46.4713
46.4405
46.4843
46.4326
46.4241
46.4336
46.4675
46.4607
46.4658
46.447
46.4615
46.486
46.487
46.5001
46.4839
46.5198
46.4798
46.5215
46.4395
46.4407
46.4226
46.499
46.4901
46.4964
46.4675
46.498
46.5108
46.5158
46.5206
46.5299
46.5408
46.5462
46.5302
46.5571
46.483
46.4736
46.4438
46.5316
46.5276
46.4975
46.5313
46.5297
46.562
46.5546
46.5542
46.5386
46.5514
46.6151
46.5911
46.5831
46.56
46.5747
46.5737
46.5754
46.5704
46.6158
46.6474
46.4761
46.7221
46.5076
46.7511
46.5064
46.7584
46.5223
46.368
46.3795
46.4013
46.4791
46.3472
46.4477
46.4464
46.4659
46.6906
46.7016
46.5489
46.5801
46.741
46.5728
46.5989
46.5865
46.6847
46.5548
46.596
46.673
46.4804
46.5333
46.5865
46.5194
46.5107
46.5154
46.5685
46.5631
46.5664
46.5363
46.5453
46.5842
46.5874
46.5929
46.5603
46.6052
46.5738
46.635
46.5423
46.5546
46.5248
46.6151
46.5983
46.6191
46.5846
46.5672
46.5765
46.5848
46.6057
46.6102
46.6178
46.6257
46.5911
46.6313
46.58
46.5824
46.5528
46.6308
46.637
46.6094
46.5886
46.5913
46.6356
46.6273
46.6316
46.6395
46.6137
46.7064
46.682
46.6435
46.6108
46.6017
46.6537
46.6528
46.6491
46.6747
46.702
46.5317
46.7909
46.5421
46.7958
46.539
46.8295
46.564
46.503
46.618
46.6726
46.5934
46.758
46.8137
46.9668
46.6696
46.7195
46.7379
46.6107
46.6351
46.7786
46.6533
46.6739
46.6289
46.6882
46.6326
46.6632
46.7172
46.6812
46.6367
46.6886
46.6152
46.6114
46.6137
46.6668
46.6611
46.6636
46.6384
46.6433
46.6873
46.6909
46.696
46.6543
46.7055
46.6916
46.7435
46.6484
46.6717
46.6279
46.7179
46.7009
46.7204
46.6744
46.6601
46.6658
46.6713
46.7065
46.7105
46.7146
46.7198
46.6762
46.7235
46.6832
46.691
46.6653
46.7345
46.7438
46.7196
46.6719
46.6783
46.7255
46.7177
46.7246
46.7252
46.6785
46.7935
46.7706
46.721
46.6989
46.7025
46.7421
46.7404
46.7501
46.7301
46.7656
46.5613
46.857
46.6007
46.8535
46.5978
46.8899
46.6537
46.878
46.9054
47.0646
46.715
46.8972
46.9356
47.0104
46.8132
46.7663
46.7941
46.6813
46.6965
46.8145
46.7019
46.7098
46.6762
46.7317
46.68
46.6796
46.7413
46.8405
46.7404
46.7885
46.7206
46.7153
46.7161
46.7765
46.7708
46.7697
46.7441
46.7497
46.7951
46.7978
46.8036
46.7576
46.8105
46.7928
46.8408
46.7557
46.7744
46.7334
46.8147
46.7984
46.8233
46.7822
46.7623
46.7621
46.7692
46.811
46.8145
46.8113
46.8199
46.7724
46.8218
46.7847
46.7958
46.7737
46.8359
46.8511
46.8302
46.7651
46.7727
46.8193
46.8123
46.8197
46.8155
46.7673
46.8834
46.8628
46.8153
46.7822
46.794
46.8222
46.8235
46.833
46.811
46.8531
46.6512
46.9262
46.7145
46.9329
46.6991
46.9591
46.7718
46.8979
46.9408
46.9651
46.7786
46.9054
46.9458
46.9462
46.8669
46.832
46.8645
46.7134
46.7205
46.818
46.7112
46.7282
46.6924
46.7567
46.7431
46.7257
46.7848
46.9173
46.8411
46.9046
46.834
46.8298
46.8267
46.894
46.8917
46.8865
46.8525
46.8587
46.9074
46.909
46.9163
46.8645
46.9207
46.896
46.9568
46.8429
46.8693
46.8287
46.9152
46.9038
46.9252
46.8908
46.8676
46.8612
46.8712
46.9201
46.9224
46.9135
46.9245
46.8727
46.9252
46.8932
46.9121
46.8892
46.9547
46.9764
46.9524
46.8624
46.8699
46.9194
46.913
46.9198
46.9143
46.8691
46.998
46.9706
46.9267
46.8667
46.8746
46.9081
46.9103
46.9166
46.9013
46.9565
46.7446
46.9885
46.8072
47.0026
46.7577
47.0036
46.8144
46.9208
46.9485
46.9486
46.7951
46.9382
46.9492
46.9617
46.9273
46.8945
46.9077
46.7233
46.7465
46.8773
46.7584
46.7704
46.7777
46.8105
46.792
46.8243
46.8244
46.9881
46.9717
47.0401
46.9569
46.9565
46.9492
47.0224
47.0237
47.0145
46.9675
46.9758
47.0275
47.0278
47.0373
46.979
47.0397
47.0285
47.1053
46.9751
46.9978
46.9612
47.0595
47.0447
47.0764
47.0322
46.9795
46.9699
46.9799
47.038
47.0389
47.0285
47.0376
46.98
47.037
47.0215
47.0442
47.0213
47.094
47.1179
47.0965
46.966
46.9726
47.0277
47.0216
47.0262
47.0316
46.9898
47.1403
47.0997
47.0632
46.9564
46.9628
47.0004
47.0031
47.0093
47.0101
47.0672
46.7607
47.014
46.8122
47.0624
46.7797
47.0367
46.8242
46.95
46.9675
46.9847
46.8138
46.9566
46.9836
46.9979
46.9873
46.9163
46.921
46.7878
46.7951
46.9314
46.8126
46.8161
46.8472
46.8374
46.8419
46.8549
46.8511
47.0496
47.1104
47.1833
47.0898
47.0922
47.0815
47.158
47.1615
47.149
47.0894
47.1003
47.1546
47.1529
47.1653
47.1024
47.1677
47.1796
47.2507
47.1123
47.152
47.0995
47.2088
47.1799
47.2231
47.1634
47.1009
47.0895
47.0984
47.1642
47.1655
47.153
47.1631
47.0976
47.1615
47.1691
47.1986
47.1741
47.2431
47.2824
47.2499
47.0803
47.0845
47.148
47.1406
47.1441
47.1782
47.1409
47.3342
47.2621
47.2176
47.0532
47.0607
47.0999
47.1042
47.1106
47.1275
47.1831
46.823
47.0785
46.8541
47.1552
46.8851
47.1207
46.9033
46.958
46.9622
46.9962
46.8242
46.9498
46.889
46.9731
47.033
46.9382
46.9605
46.8288
46.8268
46.9365
46.8338
46.8321
46.833
46.8582
46.866
46.8016
46.8634
46.9075
47.2569
47.3298
47.2272
47.2313
47.2171
47.2991
47.302
47.2873
47.2192
47.2334
47.2923
47.2895
47.3055
47.2363
47.3091
47.3168
47.3788
47.2478
47.292
47.2279
47.3428
47.3144
47.3581
47.2926
47.2334
47.2191
47.2306
47.3023
47.3051
47.2898
47.3022
47.2294
47.3003
47.3106
47.3665
47.3277
47.3749
47.4388
47.3998
47.2057
47.2079
47.2821
47.2759
47.2753
47.3601
47.2954
47.5181
47.4587
47.3713
47.1576
47.1601
47.2042
47.2137
47.2108
47.2531
47.3163
46.952
47.1627
46.9572
47.2447
47.0039
47.2008
47.0025
46.9331
46.7804
46.9286
46.8038
46.9075
46.6089
46.8208
47.0476
46.9971
47.0291
46.8397
46.8477
46.9797
46.8638
46.8766
46.7917
46.889
46.9146
46.8127
46.928
46.6582
47.4027
47.476
47.3754
47.3759
47.3617
47.4565
47.4526
47.4405
47.3637
47.3817
47.4457
47.4416
47.4619
47.3861
47.4672
47.4326
47.4866
47.3794
47.4173
47.3571
47.4601
47.4444
47.4726
47.4212
47.3817
47.3631
47.3762
47.4582
47.4608
47.4412
47.4549
47.3748
47.4532
47.4332
47.4896
47.4555
47.4848
47.5262
47.4913
47.3532
47.3488
47.4272
47.4338
47.4255
47.5163
47.4341
47.5769
47.5356
47.4792
47.2746
47.2701
47.3202
47.3411
47.3415
47.3518
47.3767
47.0408
47.2369
47.0408
47.3128
47.0694
47.2732
47.0823
46.8961
46.4462
46.6873
46.823
46.9062
46.3641
46.612
47.087
47.0676
47.121
46.9495
46.94
47.0903
47.065
47.0334
46.8634
46.9598
47.0292
46.9537
47.0264
46.6607
47.5486
47.6194
47.5405
47.5303
47.5218
47.6256
47.6064
47.6026
47.5229
47.5448
47.6107
47.6055
47.6285
47.5509
47.6351
47.5412
47.5978
47.509
47.5265
47.4819
47.5786
47.5726
47.5795
47.5399
47.5446
47.5213
47.5358
47.6252
47.6262
47.6012
47.615
47.5333
47.6125
47.5358
47.5632
47.5238
47.5882
47.6062
47.5668
47.5092
47.5053
47.5868
47.576
47.5788
47.5631
47.5183
47.6475
47.6149
47.5816
47.4354
47.4111
47.5045
47.5299
47.4787
47.4177
47.4732
47.1094
47.3159
47.1292
47.3981
47.1448
47.3627
47.1738
46.9722
46.4795
46.7246
47.0012
47.119
46.7709
46.9481
47.268
47.1862
47.2547
47.1483
47.1116
47.2301
47.2398
47.183
47.1015
47.1129
47.2088
47.2348
47.1844
47.0254
47.6878
47.7546
47.7101
47.6794
47.6829
47.7926
47.7502
47.7613
47.6874
47.7111
47.7732
47.7666
47.789
47.7173
47.7929
47.6514
47.7033
47.6355
47.6316
47.599
47.6902
47.6989
47.6823
47.6647
47.7061
47.6818
47.6939
47.7814
47.7767
47.7511
47.7629
47.6882
47.7548
47.6395
47.6511
47.6162
47.6844
47.6934
47.6627
47.6487
47.6536
47.7255
47.7099
47.7159
47.6693
47.6904
47.7294
47.705
47.7903
47.6233
47.5491
47.6704
47.6999
47.617
47.5269
47.5789
47.2071
47.4243
47.2457
47.5271
47.3161
47.5041
47.3291
47.2878
47.1409
47.2243
47.3671
47.4388
47.5453
47.4324
47.5267
47.3403
47.4149
47.3369
47.2744
47.4886
47.3759
47.3446
47.2506
47.2559
47.3455
47.3701
47.3776
47.5491
47.8199
47.8831
47.8714
47.8208
47.8363
47.9445
47.8912
47.9068
47.8405
47.8582
47.9143
47.9059
47.9155
47.858
47.9094
47.7605
47.82
47.7625
47.7367
47.7266
47.8098
47.8235
47.7959
47.7852
47.8364
47.8123
47.8217
47.8925
47.8804
47.8543
47.8625
47.8089
47.8474
47.7348
47.7389
47.7129
47.7886
47.7904
47.7691
47.7588
47.764
47.8081
47.7893
47.7943
47.7386
47.8411
47.81
47.7838
47.866
47.7524
47.6719
47.7543
47.7799
47.7049
47.6428
47.6921
47.4328
47.5967
47.4042
47.6815
47.5301
47.6715
47.4863
47.5462
47.8064
47.571
47.5919
47.6198
47.8559
47.6617
47.6562
47.4684
47.5048
47.4098
47.3982
47.5197
47.4459
47.4273
47.569
47.4727
47.4543
47.5745
47.4377
48.0007
47.9457
48.0033
48.0074
47.9584
47.9693
48.054
48.0134
48.0165
47.9581
47.9578
48.0051
47.9933
47.9848
47.9459
47.968
47.8842
47.9544
47.8837
47.8565
47.8484
47.9297
47.9415
47.9168
47.9133
47.9096
47.8831
47.8895
47.9424
47.9254
47.8996
47.904
47.8722
47.8856
47.8476
47.8404
47.8226
47.9127
47.8922
47.8728
47.8066
47.8115
47.8401
47.8162
47.8204
47.8304
47.8962
47.9
47.8607
47.945
47.789
47.7248
47.7766
47.7905
47.7352
47.7463
47.9133
47.6103
47.7289
47.5622
47.8397
47.7375
47.7896
47.653
47.6665
47.8038
47.7081
47.6837
47.6986
47.7411
47.7211
47.719
47.5441
47.6073
47.4837
47.4719
47.5103
47.5416
47.5754
47.406
47.3268
47.1271
47.3447
47.228
47.6319
48.0501
48.0829
48.0797
48.0505
48.0439
48.0857
48.0679
48.0522
48.0113
47.9982
48.0282
48.0129
48.0001
47.978
47.978
48.0262
48.0925
47.9924
47.9758
47.9692
48.0284
48.0332
48.0259
48.0057
47.9316
47.9064
47.9093
47.9472
47.9303
47.905
47.9074
47.8897
47.8873
47.9812
47.9394
47.9157
48.0474
47.9867
47.9527
47.8166
47.8212
47.8399
47.8116
47.8126
47.8911
47.9729
47.9971
47.921
47.935
47.7808
47.7354
47.7505
47.757
47.7333
48.0159
47.9731
47.8647
47.8625
47.7333
47.9453
47.9478
47.9293
47.8353
47.7233
47.7284
47.7295
47.7455
47.7435
47.7584
47.7452
47.7561
47.7037
47.8295
47.6996
47.7431
47.7009
47.8164
47.8715
47.3799
47.2376
47.402
47.5625
47.4676
47.7146
48.0982
48.0974
48.0756
48.067
48.044
48.0554
48.0521
48.0264
48.0032
47.9934
48.006
47.9894
47.9824
47.9708
47.9603
48.1486
48.1851
48.0603
48.0641
48.0277
48.0793
48.0687
48.0792
48.0191
47.924
47.8987
47.9021
47.93
47.9154
47.8895
47.8929
47.8801
47.8701
48.1105
48.0469
47.9806
48.1641
48.1171
48.023
47.7971
47.7944
47.8151
47.779
47.777
47.9515
47.9044
48.1368
48.0057
47.92
47.7323
47.7148
47.7043
47.7257
47.7041
47.904
47.8819
48.017
47.9802
47.95
47.9463
48.023
48.0067
48.0356
47.7646
47.8078
47.7753
47.826
47.7811
47.8539
47.8061
47.7603
47.9536
48.0336
47.9425
47.9358
48.0521
48.0233
47.9572
47.7726
47.7354
48.0529
47.9384
48.0579
47.91
48.0826
48.0628
48.0323
48.0325
48.0078
48.0121
48.017
47.9925
47.9756
47.9701
47.9782
47.9636
47.9594
47.9504
47.9429
48.1947
48.1851
48.0598
48.0681
47.9851
48.0715
48.0447
48.0455
47.9561
47.9094
47.883
47.8884
47.9182
47.9075
47.8827
47.8897
47.8656
47.8691
48.1887
48.1804
48.0573
48.1799
48.1967
48.0822
47.7705
47.7788
47.8223
47.7864
47.7855
48.0857
48.0049
48.3044
48.1683
48.1332
47.7301
47.7097
47.7416
47.7681
47.7512
47.9413
48.1401
48.1051
48.0661
48.1369
48.1811
48.2146
48.1217
48.1367
47.8087
47.8975
47.8428
47.9036
47.848
47.93
47.8817
47.8157
48.2094
48.2729
48.0808
48.2466
48.1876
48.1259
48.3544
48.0276
48.3279
48.1864
48.0537
48.3338
47.9912
48.044
48.0301
47.9974
48.0077
47.9832
47.9885
48.0044
47.9791
47.9566
47.9526
47.9649
47.9544
47.9496
47.9391
47.9391
48.1677
48.1315
48.0305
48.0247
47.9399
48.045
48.0192
48.0217
47.9506
47.9111
47.8889
47.8973
47.9231
47.9178
47.9044
47.914
47.8834
47.9067
48.1588
48.2018
48.1035
48.1211
48.2242
48.1236
47.8286
47.8328
47.8884
47.886
47.8881
48.234
48.2693
48.3313
48.3257
48.4218
47.8326
47.8276
47.9134
47.8992
47.9104
48.3207
48.4371
48.1642
48.112
48.0164
48.2271
48.121
48.0485
47.9056
47.8927
47.9533
47.9191
47.9614
47.9357
47.9748
47.9511
47.9236
48.0957
47.9701
48.0668
48.192
48.0441
48.0312
48.0851
48.0566
48.1988
48.0838
48.0508
48.1126
48.0131
48.021
48.0138
47.9837
48.0055
47.9774
47.9812
48.0061
47.9759
47.9545
47.9486
47.9626
47.9559
47.9483
47.9418
47.9461
48.098
48.0564
48.0114
48.0271
47.9711
48.0247
48.005
48.0155
47.9814
47.9272
47.9206
47.9302
47.9382
47.9376
47.9392
47.9494
47.9345
47.965
48.0626
48.2295
48.1157
47.9763
48.1386
48.0127
47.9773
47.9702
47.9704
48.0745
48.051
48.3615
48.6145
48.3968
48.3726
48.6611
47.9274
47.9693
48.0078
47.9978
48.0012
48.5549
48.657
48.1592
48.1233
47.9414
48.4899
48.2407
48.2975
48.0942
47.9715
47.9933
47.9759
47.9953
47.998
48.0037
47.991
48.0055
47.9881
48.1065
48.0624
48.0866
48.0998
48.1079
48.1124
48.0522
48.0899
48.072
48.0537
48.087
48.0259
48.0052
47.9947
47.979
48.0029
47.9727
47.9756
47.9964
47.9696
47.9579
47.948
47.9624
47.9587
47.9478
47.9506
47.9529
47.972
47.8679
47.9962
47.978
47.9727
47.9798
47.9818
47.9331
47.9502
47.9475
47.9553
47.9626
47.9462
47.9383
47.9622
47.9664
47.9858
48.0186
47.8433
47.8538
47.7618
47.6974
47.5591
47.4975
48.1107
48.0617
48.093
48.086
48.0865
48.2694
48.4968
48.0326
48.0566
48.274
48.0448
48.0156
48.0337
48.06
48.004
48.5942
48.3395
48.2098
48.2711
48.1307
48.2524
48.111
48.147
48.1768
47.996
48.0071
47.9933
47.9878
47.9873
48.0015
47.9877
48.0018
48.1984
48.2607
48.1556
48.139
48.21
48.1604
48.1412
48.0516
48.0868
48.0688
48.0422
48.0789
48.0172
47.9843
47.9789
47.9716
47.9886
47.9669
47.968
47.9842
47.9658
47.9586
47.9465
47.9539
47.9621
47.944
47.9529
47.95
47.796
47.7929
47.9672
47.9112
47.9294
47.9467
47.9655
47.914
47.9208
47.9374
47.9572
47.976
47.9485
47.9372
47.9448
47.9544
48.027
47.9915
47.6104
47.4346
47.3833
47.6341
47.4496
47.4179
48.0312
48.0592
48.0162
47.9691
47.9987
47.8983
48.1119
47.719
47.8122
48.0238
48.0397
47.9843
47.966
47.996
47.9563
48.1614
48.0774
48.1099
48.1371
48.1856
48.0701
48.0923
48.1169
48.1615
47.9698
47.9907
47.9755
47.9534
47.953
47.9768
47.962
47.9598
48.246
48.2057
48.1369
48.1198
48.1577
48.1012
48.087
48.0248
48.0585
48.0243
48.0038
48.0313
47.9874
47.9825
47.9964
47.9679
47.9844
47.9672
47.9703
47.9884
47.9712
47.9582
47.9453
47.9593
47.9597
47.9453
47.946
47.9417
47.8526
47.9466
47.9754
47.9386
47.9276
47.9864
47.9964
47.9724
47.9482
47.9287
47.9268
47.9155
47.9338
47.9166
47.9114
47.8822
47.9356
47.8776
47.7451
47.5464
47.5067
47.85
47.6866
47.6376
47.8918
47.9246
47.8583
47.8332
47.8661
47.777
47.9856
47.7333
47.7689
47.9803
47.9592
47.9348
47.8986
47.9351
47.9171
48.031
48.0097
48.0609
48.0882
48.117
48.0214
48.0298
48.0677
48.0717
47.9363
47.9616
47.948
47.9265
47.9251
47.9498
47.937
47.9288
48.1379
48.0794
48.0572
48.0463
48.0465
48.0156
48.0087
47.9809
48.001
47.9672
47.9624
47.9735
47.9551
48.0173
48.0401
47.9756
47.9985
47.978
47.9834
48.012
47.9864
47.9636
47.9472
47.9684
47.9662
47.9486
47.9392
47.9392
48.0519
48.1282
48.0226
48.018
47.9824
48.0774
48.0494
48.0823
48.0224
47.907
47.9022
47.8672
47.9267
47.9007
47.8983
47.8606
47.8456
47.8429
47.9497
47.8433
47.8094
48.0329
48.0601
48.0221
47.7909
47.8197
47.8008
47.7705
47.8046
47.7941
47.9981
47.9346
47.8589
48.0348
47.9183
47.9127
47.8721
47.9149
47.9171
48.0063
48.0147
48.0025
48.0471
48.0383
48.0053
47.9854
48.0316
48.0136
47.9198
47.9413
47.9301
47.9284
47.9195
47.9385
47.9288
47.9173
48.0343
48.0027
47.9795
47.9746
47.9682
47.9496
47.9481
47.9418
47.9508
47.925
47.9278
47.9355
47.9363
48.0644
48.09
47.9937
48.0298
47.9965
48.0055
48.0489
48.0096
47.9724
47.9491
47.9905
47.9879
47.9593
47.9422
47.9468
48.1311
48.2155
48.0821
48.1246
48.0654
48.1487
48.1095
48.1656
48.0891
47.9025
47.9035
47.863
47.935
47.9099
47.917
47.8782
47.8522
47.8706
48.1501
48.3509
48.3962
48.2832
48.5452
48.6232
47.7974
47.82
47.8542
47.8405
47.8551
47.9739
48.0862
48.1978
48.111
48.1233
47.921
47.928
47.9024
47.934
47.9434
48.0284
48.0487
47.9738
48.0149
47.9847
48.006
47.9553
47.9998
47.9558
47.9278
47.9408
47.9331
47.9481
47.9356
47.9465
47.9406
47.9438
47.9748
47.952
47.9285
47.929
47.9274
47.9134
47.9163
47.9219
47.9279
47.9119
47.9213
47.9268
47.9395
48.1109
48.175
48.0176
48.0655
48.021
48.0272
48.0595
48.0266
48.0002
47.9748
48.0109
48.0067
47.9853
47.9573
47.9683
48.4058
48.5223
48.1313
48.3439
48.1527
48.4026
48.2446
48.4643
48.2776
47.9251
47.9349
47.8992
47.9578
47.9419
47.951
47.9243
47.8981
47.9257
48.4721
48.5737
48.6318
48.6595
48.5428
48.5988
47.8835
47.8972
47.9249
47.9177
47.9342
48.2012
48.142
48.2509
48.224
48.1427
47.9477
47.9632
47.9465
47.9605
47.9785
48.0603
48.0601
47.9419
47.9813
47.9278
47.9962
47.9339
47.9646
47.9055
47.9493
47.9533
47.9511
47.9745
47.9608
47.9622
47.9615
47.9717
47.9339
47.9216
47.9035
47.9087
47.9104
47.8997
47.9065
47.9273
47.9313
47.922
47.936
47.9394
47.9547
48.2015
48.1235
48.0333
48.0824
48.0409
48.0381
48.0542
48.0478
48.0072
47.9954
48.0135
48.0088
48.0046
47.9822
47.9954
48.5324
48.4262
48.2535
48.4384
48.2832
48.249
48.1422
48.3144
48.1615
47.9613
47.9694
47.9469
47.9824
47.9784
47.9827
47.9661
47.9521
47.9739
48.6792
48.4726
48.5096
48.5197
48.322
48.3358
47.9457
47.9648
47.9853
47.9613
47.9869
48.1896
48.1097
48.1182
48.1252
48.0588
47.9702
47.9881
47.9716
47.9793
47.9913
48.0413
48.0171
47.9142
47.9511
47.8934
47.9608
47.8896
47.9386
47.8865
47.973
47.9705
47.9717
47.9918
47.9823
47.9795
47.9809
47.9889
47.9149
47.9132
47.9002
47.9079
47.9135
47.9034
47.9125
47.9493
47.9503
47.9463
47.9627
47.9626
47.9752
48.0019
47.8999
48.0297
48.0135
48.0353
48.0103
47.967
48.0069
48.0051
48.0089
48.0053
47.9997
48.0097
48.0037
48.0094
48.2603
48.0874
47.9423
48.16
47.9849
47.9393
47.8157
47.9992
47.7864
47.9929
47.9932
47.9823
48.0009
48.0036
48.0002
47.9919
47.9907
48.0013
48.3121
48.1647
48.1595
48.1317
48.02
47.9995
47.9733
48.0012
48.0146
47.9787
48.0091
48.0349
47.9941
47.9537
47.9368
47.9255
47.9816
47.9871
47.9726
47.9825
47.9827
47.9826
47.9417
47.8689
47.9274
47.8849
47.9163
47.8554
47.9164
47.885
47.9903
47.9874
47.9893
48.003
47.9979
47.9954
47.9975
47.996
47.9152
47.9213
47.9125
47.9222
47.9296
47.9268
47.9371
47.9793
47.9761
47.9781
47.9954
47.9908
47.9988
47.848
47.8111
47.9894
47.9244
47.979
47.9756
47.9
47.9597
47.9926
48.0087
47.9923
47.9871
48.0076
48.0138
48.0172
47.9541
47.8817
47.8287
47.8822
47.6668
47.8497
47.8568
47.8252
47.6707
48.0095
48.002
47.9969
48.0094
48.0124
48.0023
47.9985
48.0071
48.0097
47.9982
47.9132
47.8884
47.9138
47.857
47.8366
47.9846
48.0135
48.0185
47.9896
48.0153
47.874
47.8728
47.8725
47.8472
47.8513
47.9842
47.9816
47.9782
47.9901
47.9893
47.9102
47.9011
47.8534
47.9115
47.894
47.9018
47.8657
47.9189
47.9079
48.0059
48.0041
48.0059
48.0176
48.0183
48.0148
48.0162
48.0113
47.9345
47.9516
47.9481
47.9577
47.9728
47.9713
47.98
48.0126
48.0057
48.0123
48.0288
48.0212
48.0252
47.8083
47.8071
47.9777
47.9047
47.9578
47.9936
47.9121
47.9697
47.9884
48.0094
48.0046
47.997
48.0169
48.0212
48.0274
47.8489
47.8369
47.8177
47.8021
47.6796
47.8566
47.7554
47.7957
47.6714
48.0148
48.0016
47.9998
48.0138
48.0175
48.003
48.0039
48.0112
48.0155
47.8702
47.8331
47.8167
47.8543
47.8274
47.8136
47.994
48.0188
48.017
48.0029
48.0228
47.8555
47.8601
47.8905
47.8807
47.8878
48.0001
47.9984
48.0021
48.0125
48.0116
47.9132
47.9364
47.9015
47.937
47.9296
47.9511
47.9544
47.9629
47.9582
48.0319
48.0282
48.0275
48.0377
48.0457
48.0404
48.0392
48.0356
47.9754
48.0029
47.9979
48.005
48.025
48.0218
48.0281
48.0438
48.0358
48.0437
48.0587
48.0508
48.0525
47.8248
47.9318
48.0132
47.9176
47.9826
48.0522
47.9567
48.0225
48.0076
48.0311
48.0398
48.0207
48.0541
48.0369
48.0495
47.8331
47.837
47.7276
47.7937
47.6684
47.8856
47.8021
47.7983
47.6756
48.0212
48.0058
48.0103
48.0248
48.0265
48.0135
48.0188
48.0219
48.0309
47.8548
47.8343
47.8239
47.8655
47.8501
47.843
48.0112
48.0274
48.0275
48.0228
48.0345
47.9071
47.9231
47.9347
47.9347
47.9584
48.0261
48.0272
48.0341
48.0404
48.0454
47.9637
47.9901
47.9884
47.9937
48.0043
48.0081
48.0228
48.018
48.0353
48.0592
48.053
48.0514
48.0573
48.0707
48.0642
48.0628
48.0611
48.0335
48.0584
48.0436
48.0486
48.0646
48.0618
48.0667
48.0717
48.0642
48.0704
48.0838
48.077
48.0756
48.0679
48.0888
48.1375
48.0783
48.1198
48.1416
48.1581
48.1701
48.0514
48.0774
48.1156
48.0975
48.1042
48.0656
48.0857
47.848
47.8717
47.9112
47.8067
47.6735
47.9368
47.9235
47.8227
47.6593
48.0336
48.0228
48.027
48.0346
48.047
48.0346
48.037
48.0405
48.0493
47.8827
47.8669
47.8682
47.9016
47.8973
47.8904
48.0356
48.044
48.0439
48.048
48.0573
47.9594
47.9863
47.9743
47.9794
48.0107
48.0541
48.0594
48.0654
48.0681
48.0731
48.0112
48.0252
48.0516
48.0321
48.0481
48.0405
48.0657
48.0361
48.0458
48.0783
48.0742
48.0719
48.0674
48.0851
48.0817
48.0796
48.0774
48.0705
48.0722
48.0775
48.0812
48.0852
48.0871
48.0902
48.0942
48.087
48.0877
48.1018
48.0948
48.0917
48.0351
47.9844
48.1085
48.1136
48.1081
48.0979
48.0291
48.0506
48.1339
48.1086
48.1179
48.1408
48.0935
48.099
48.0965
47.9102
47.9615
47.8752
47.8625
47.6975
47.9789
47.8593
47.9173
47.7704
48.0562
48.0412
48.0417
48.0446
48.0577
48.0415
48.0406
48.0551
48.0596
47.9289
47.9308
47.9146
47.9715
47.9624
47.9392
48.0533
48.0648
48.0543
48.0604
48.0684
47.999
48.0324
48.0087
48.0185
48.0486
48.0777
48.0871
48.0823
48.0827
48.0844
48.0372
48.0417
48.0676
48.0356
48.0351
48.045
48.0596
48.0379
48.0266
48.0874
48.087
48.0842
48.0702
48.0871
48.0899
48.0866
48.0864
48.0651
48.0546
48.0893
48.0894
48.0785
48.0799
48.0834
48.1055
48.0976
48.0896
48.108
48.0993
48.0982
47.9779
47.9975
48.0273
47.9807
48.0063
47.9592
47.9485
47.9492
48.0928
48.069
48.0696
48.0183
48.051
48.084
48.0607
48.0205
48.0769
47.881
47.9843
47.8479
48.0681
47.9265
48.0484
47.9175
48.057
48.0322
48.0395
48.0166
48.0507
48.0141
48.038
48.0625
48.062
48.0108
47.9971
47.9727
48.0548
48.0321
48.0103
48.0659
48.0696
48.0556
48.0636
48.0667
48.0386
48.0573
48.0492
48.0557
48.0629
48.0841
48.086
48.0798
48.0803
48.0831
48.0465
48.0487
48.0462
48.0393
48.0243
48.0409
48.0353
48.0394
48.0332
48.0838
48.087
48.0839
48.0597
48.078
48.0819
48.0794
48.0797
48.044
48.0428
48.0673
48.0693
48.0472
48.0457
48.0508
48.1083
48.0947
48.0719
48.1003
48.0846
48.0903
48.0318
48.0692
47.9514
47.9432
47.9184
47.9607
47.9567
47.9025
47.9442
48.0261
47.9643
47.8826
47.9931
48.0267
47.9906
48.1157
48.1293
47.977
48.0939
47.9885
48.1369
48.0252
48.1132
48.0411
48.0383
48.0001
48.0345
47.9661
48.0236
47.9884
48.0299
48.0581
48.0526
48.0992
48.066
48.0465
48.1285
48.0899
48.0747
48.0631
48.0614
48.0494
48.0576
48.053
48.0695
48.0658
48.0758
48.0774
48.0621
48.0707
48.0752
48.0587
48.0595
48.0644
48.0464
48.0406
48.0347
48.0366
48.0421
48.0278
48.0372
48.0282
48.0357
48.0685
48.0716
48.07
48.036
48.0568
48.0572
48.0593
48.0608
48.0298
48.0271
48.0234
48.0303
48.0279
48.011
48.0151
48.0834
48.0673
48.0342
48.0591
48.047
48.0618
48.1062
48.1364
47.9738
47.9853
47.9146
48.0084
48.0228
47.9405
47.8357
47.9516
47.8989
47.8334
47.9088
47.9575
47.9408
48.1266
48.1077
48.0681
48.1106
48.0712
48.1323
48.0903
48.0949
48.0834
48.0107
47.9882
48.0288
47.9472
48.0004
47.9966
48.0286
48.0468
48.0399
48.133
48.0957
48.0915
48.1145
48.0856
48.0908
48.0508
48.043
48.0398
48.0428
48.0337
48.0801
48.055
48.0702
48.0737
48.0427
48.0438
48.0503
48.0283
48.0283
48.0351
48.0302
48.0151
48.024
48.0163
48.0274
48.0015
48.0037
47.9995
48.0142
48.0434
48.0392
48.0442
48.0008
48.0272
48.0195
48.0285
48.0322
48.0397
48.0293
47.9941
48.0019
48.0045
47.9802
47.988
48.0315
48.0231
47.9941
48.0023
48.0025
48.0185
48.142
48.1207
48.0454
48.0555
47.9686
48.0662
48.0729
47.9907
47.8635
47.8914
47.9409
47.8975
47.8978
47.9369
47.9356
48.0832
48.054
48.0868
48.0752
48.0825
48.0653
48.064
48.0518
48.0638
47.9915
48.0025
48.0224
47.9413
47.9824
48.0055
48.0094
48.0302
48.0157
48.0817
48.0621
48.0692
48.0433
48.0279
48.0304
48.03
48.023
48.0138
48.0131
48.0112
48.054
48.023
48.0278
48.0247
47.996
48.0111
48.0165
47.9907
47.9932
47.9979
47.9943
47.9689
47.9772
47.9769
47.9856
47.9514
47.9485
47.9512
47.9523
48.009
47.9975
48.0085
47.9569
47.9869
47.9733
47.9867
47.9956
47.9892
47.952
47.9654
47.9778
47.9466
47.9485
47.9617
47.9749
47.9784
47.9532
47.9499
47.957
47.9714
48.0821
48.0378
48.0719
48.07
47.9988
48.0591
48.0486
47.9902
47.9275
47.9123
47.9684
47.9417
47.924
47.9335
47.927
48.0187
47.9809
48.0319
48.0219
48.0218
47.9997
47.9966
47.9874
47.97
47.9671
47.9993
47.9858
47.9196
47.9453
47.9643
47.9561
47.9936
47.9652
48.0039
47.987
47.9824
47.9663
47.9454
47.9346
47.9885
47.9902
47.9664
47.9588
47.9658
47.9871
47.9625
47.9473
47.9459
47.9269
47.9696
47.9753
47.9406
47.9446
47.9497
47.94
47.9105
47.9155
47.9215
47.9159
47.895
47.8791
47.8912
47.8784
47.9612
47.9459
47.96
47.9028
47.9308
47.9172
47.9311
47.9473
47.9172
47.8832
47.9211
47.9291
47.881
47.8922
47.8952
47.9226
47.9243
47.8981
47.8975
47.8993
47.917
47.9969
47.9652
48.0308
48.0174
47.9675
47.995
47.9847
47.9386
47.9372
47.9199
47.9377
47.9199
47.9016
47.9099
47.8855
47.947
47.9259
47.9643
47.9532
47.9299
47.9511
47.9409
47.9323
47.9103
47.9183
47.9189
47.9245
47.865
47.8882
47.8695
47.8907
47.9317
47.8967
47.9315
47.9108
47.8971
47.9015
47.8866
47.8695
47.9258
47.9355
47.9034
47.8913
47.9024
47.9017
47.8921
47.8647
47.8622
47.8649
47.9149
47.9203
47.8738
47.8828
47.8854
47.8831
47.8615
47.8424
47.8622
47.841
47.845
47.8141
47.839
47.8114
47.8974
47.8866
47.8989
47.8398
47.8619
47.8575
47.8687
47.8817
47.8502
47.8215
47.8613
47.8598
47.8172
47.8322
47.8266
47.8691
47.8697
47.8235
47.8399
47.8229
47.857
47.9422
47.9291
47.9588
47.956
47.9108
47.9268
47.9341
47.8874
47.8962
47.8752
47.8862
47.8714
47.8473
47.8577
47.8298
47.9155
47.912
47.9247
47.926
47.9073
47.93
47.9124
47.9245
47.9087
47.8565
47.8344
47.8599
47.8078
47.8277
47.8011
47.8346
47.8644
47.8288
47.8755
47.871
47.857
47.8601
47.8672
47.857
47.8587
47.8697
47.8297
47.8244
47.8384
47.843
47.8502
47.8468
47.8457
47.852
47.8499
47.8532
47.804
47.8196
47.8203
47.8496
47.8483
47.7933
47.8223
47.7878
47.8223
47.7818
47.8149
47.7745
47.8307
47.833
47.8413
47.786
47.8036
47.8155
47.8183
47.8202
47.7978
47.7831
47.8026
47.7958
47.7739
47.7706
47.7689
47.8114
47.7778
47.7565
47.788
47.7442
47.8094
47.9221
47.9174
47.898
47.9181
47.8683
47.8721
47.9038
47.8526
47.8486
47.8219
47.8446
47.8282
47.7996
47.8037
47.7816
47.909
47.9038
47.9035
47.9248
47.9053
47.9175
47.9016
47.9242
47.8916
47.8028
47.7812
47.8078
47.7609
47.7806
47.7619
47.7855
47.8019
47.7915
47.8599
47.8685
47.8605
47.8622
47.8781
47.8696
47.7968
47.8111
47.7765
47.7783
47.7925
47.8635
47.8637
47.8848
47.893
47.8834
47.7937
47.7969
47.7613
47.7762
47.7862
47.8544
47.8689
47.7806
47.8164
47.7717
47.8337
47.7879
47.8256
47.777
47.7841
47.8002
47.8024
47.7739
47.7782
47.7964
47.7974
47.7919
47.7783
47.7826
47.7474
47.7434
47.7707
47.7387
47.7317
47.7774
47.7247
47.7402
47.7724
47.7273
47.7859
47.9131
47.9024
47.8487
47.8887
47.8371
47.8279
47.8694
47.8224
47.8085
47.7834
47.8078
47.7873
47.7541
47.7645
47.747
47.8942
47.8832
47.9077
47.919
47.8665
47.929
47.9093
47.9117
47.8402
47.7646
47.7461
47.78
47.7281
47.7517
47.7279
47.7726
47.7792
47.7666
47.8631
47.8916
47.8891
47.8709
47.9066
47.9099
47.7625
47.7772
47.7312
47.7436
47.7601
47.9308
47.9107
47.9467
47.9681
47.9389
47.7654
47.7822
47.7584
47.7648
47.7901
47.8892
47.9136
47.8013
47.8412
47.7907
47.8719
47.8215
47.8618
47.8099
47.7828
47.8046
47.8029
47.7929
47.7987
47.8241
47.8218
47.7989
47.7968
47.819
47.7437
47.7388
47.8045
47.7612
47.7608
47.7751
47.7476
47.7909
47.7965
47.7863
47.8216
47.8834
47.8629
47.8119
47.8454
47.8083
47.7983
47.8185
47.7926
47.7651
47.7308
47.7677
47.7436
47.7113
47.7296
47.7122
47.8719
47.8846
47.8959
47.9004
47.8184
47.9194
47.8789
47.892
47.807
47.7333
47.7178
47.7529
47.6979
47.7165
47.7147
47.7422
47.751
47.738
47.8851
47.9255
47.9301
47.9044
47.9446
47.9484
47.7367
47.7466
47.7098
47.7367
47.7457
47.9947
47.964
47.9985
48.0165
47.9863
47.7732
47.7996
47.7896
47.7925
47.8139
47.9384
47.9642
47.8477
47.8882
47.8353
47.9246
47.8754
47.9162
47.8631
47.8185
47.8494
47.8412
47.8531
47.8438
47.8822
47.8676
47.8426
47.8483
47.8827
47.7926
47.7986
47.8706
47.8352
47.8453
47.8318
47.8343
47.8805
47.8729
47.8789
47.8945
47.8452
47.8307
47.7885
47.7916
47.7788
47.7788
47.7683
47.7617
47.7195
47.6929
47.7266
47.6936
47.678
47.6917
47.6788
47.9017
47.9088
47.8645
47.8898
47.8057
47.9088
47.8537
47.8891
47.8072
47.6989
47.7009
47.7309
47.6697
47.6825
47.6834
47.7114
47.7277
47.719
47.9245
47.9639
47.9687
47.9399
47.9803
47.985
47.7475
47.754
47.7183
47.7673
47.774
48.0324
48.005
48.0312
48.042
48.024
47.813
47.8358
47.842
47.8419
47.8589
47.9877
48.0126
47.9069
47.9483
47.8952
47.9819
47.9367
47.9802
47.9285
47.8835
47.9236
47.9194
47.9335
47.935
47.9618
47.9601
47.9087
47.92
47.9578
47.8786
47.8863
47.9457
47.9154
47.9235
47.9084
47.9103
47.9376
47.9437
47.945
47.9646
47.8229
47.8156
47.7703
47.7442
47.7353
47.7518
47.7147
47.7041
47.6649
47.6614
47.671
47.635
47.6385
47.6735
47.663
47.9142
47.9184
47.8498
47.889
47.8048
47.9083
47.8464
47.8905
47.7985
47.6657
47.656
47.6871
47.6802
47.6411
47.6329
47.6544
47.7076
47.6873
47.9526
47.9948
47.9975
47.9669
48.0115
48.0141
47.7843
47.7965
47.7176
47.8196
47.8339
48.0523
48.0423
48.0659
48.0671
48.0633
47.8701
47.8986
47.9173
47.9183
47.9536
48.0372
48.0647
47.9682
48.0145
47.964
48.0399
47.9993
48.0478
48.0014
47.9583
47.9882
47.9859
47.9285
47.9438
48.0026
47.988
47.9682
47.9968
48.035
47.9483
47.9631
48.0216
47.9781
47.997
47.9697
47.9781
47.9843
47.9854
48.0025
48.0214
47.8076
47.8061
47.7186
47.6849
47.6696
47.6798
47.6731
47.6326
47.6022
47.6036
47.5991
47.5664
47.5508
47.6265
47.5595
47.9286
47.9401
47.8354
47.8958
47.7993
47.9122
47.8254
47.9026
47.8107
47.6024
47.5983
47.613
47.5533
47.5337
47.5462
47.5493
47.6611
47.631
47.979
48.0284
48.0291
47.9951
48.0457
48.0448
47.8719
47.8822
47.7247
47.9098
47.9259
48.0832
48.0859
48.1094
48.103
48.1112
47.9886
48.0442
48.0849
48.087
48.2164
48.0915
48.12
48.033
48.0836
48.041
48.1062
48.0686
48.1197
48.0841
47.9729
48.0056
47.9769
47.9426
48.048
48.0175
47.997
48.1367
48.078
48.1223
48.0087
48.0368
48.1051
48.0419
48.0787
47.999
48.0263
48.0281
48.0103
48.0519
48.0547
47.8052
47.7992
47.6391
47.6778
47.5959
47.6014
47.6792
47.5671
47.5275
47.4825
47.5028
47.4808
47.3902
47.4651
47.3448
47.9517
47.9648
47.8212
47.9088
47.8318
47.9155
47.8216
47.9107
47.8607
47.4247
47.4686
47.4532
47.3051
47.2865
47.365
47.3101
47.5654
47.4542
48.0159
48.0671
48.0611
48.0362
48.0853
48.0756
47.9383
47.9571
47.6662
47.9509
47.9666
48.1235
48.1388
48.157
48.145
48.1689
48.199
48.4024
48.3311
48.2867
48.5679
48.1523
48.1884
48.1078
48.1604
48.131
48.1853
48.1502
48.2066
48.1834
48.1336
48.0156
48.0196
47.8718
48.1683
47.9757
47.9923
48.4751
48.1683
48.2202
48.0836
48.1188
48.2084
48.138
48.1707
48.0037
48.0669
48.081
48.0167
48.0863
48.0342
47.8019
47.8072
47.5738
47.678
47.545
47.5471
47.6788
47.5297
47.4223
47.2883
47.3831
47.3527
47.1711
47.2023
47.0248
47.9829
48.0078
47.8298
47.9202
47.8862
47.9314
47.8451
47.9379
47.9064
47.1075
47.2403
47.1322
46.9496
46.8744
47.0428
46.865
47.28
47.0464
48.0576
48.1041
48.0895
48.0873
48.1311
48.112
47.89
47.8949
47.3066
47.6684
47.7433
48.1668
48.2036
48.2084
48.1964
48.2487
48.2785
48.637
48.3096
48.194
48.6138
48.2292
48.2831
48.2017
48.257
48.2453
48.2908
48.2608
48.3186
48.3215
48.0992
47.8932
47.9199
47.1891
47.7494
47.6894
47.7218
48.3
48.2848
48.364
48.1984
48.2383
48.3562
48.2805
48.319
47.9479
48.1095
48.1141
47.8265
48.1632
47.8033
47.8148
47.8213
47.5089
47.6748
47.5056
47.4716
47.6649
47.473
47.2569
47.0253
47.2048
47.1478
46.8466
46.8204
46.584
48.0407
48.0894
47.8629
47.9643
47.9268
47.9757
47.8838
48.0007
47.9324
46.5809
46.7423
46.5362
46.4186
46.2119
46.3517
46.0297
46.6802
46.1018
48.1294
48.1708
48.1509
48.1824
48.2218
48.2027
47.2327
47.4003
46.2109
46.3606
46.7677
48.2412
48.3049
48.3066
48.2979
48.3773
47.7912
48.1303
46.8866
47.1497
46.9485
48.3484
48.435
48.3307
48.394
48.4172
48.4578
48.4303
48.5044
48.5378
47.25
47.4017
47.4678
46.1857
46.8961
47.2108
47.2454
47.5169
48.4692
48.6041
48.411
48.4378
48.6432
48.6037
48.6311
47.8779
48.3097
48.399
48.1099
48.5495
47.7917
47.8316
47.8484
47.4282
47.6495
47.4314
47.3867
47.6375
47.3879
47.0318
46.6508
47.0035
46.9099
46.453
46.3106
46.0101
48.1402
48.2107
47.902
48.0496
47.9409
48.0437
47.9216
48.1039
47.9604
45.7181
45.9306
45.3796
45.6898
45.1803
45.4359
44.5738
45.2663
44.2231
48.2427
48.2917
48.2674
48.3281
48.3921
48.3632
44.9873
45.612
43.6657
42.5913
43.3419
48.3756
48.467
48.478
48.4795
48.5899
46.0863
46.1732
43.3963
44.4401
44.3283
48.5445
48.6933
48.5503
48.6431
48.7077
48.734
48.7176
48.811
48.9362
46.3629
47.1395
47.0212
45.6412
45.8115
47.074
46.869
46.6281
48.783
49.0449
48.8337
48.8795
49.13
49.1652
49.2369
48.4894
48.7468
48.8801
48.7193
49.0325
48.2434
47.8654
47.9003
47.3562
47.6289
47.3487
47.3349
47.6276
47.3199
46.7864
46.2664
46.8366
46.6765
46.1074
45.7029
45.424
48.2859
48.3789
47.9445
48.1709
47.982
48.1504
47.9756
48.2458
48.012
44.5725
44.87
43.6004
44.8682
43.915
44.3008
42.5111
42.6355
40.5597
48.423
48.5208
48.4887
48.5338
48.6663
48.6381
39.3424
37.5219
38.0072
35.5901
26.162
48.6085
48.7468
48.7638
48.7657
48.9424
40.5529
42.5999
34.6025
28.7021
38.8596
48.8835
49.122
48.9176
49.0381
49.2153
49.181
49.1682
49.2966
49.575
45.2517
46.9149
46.5531
45.4013
44.8018
46.1498
45.9986
45.1746
49.415
49.7774
49.6493
49.7944
49.9605
49.9349
50.1199
48.7455
49.4884
49.2367
48.5823
49.685
47.6733
47.9449
47.9883
47.3416
47.6393
47.3092
47.367
47.658
47.3115
46.6028
46.0022
46.801
46.5771
45.9751
45.2199
45.1319
48.4784
48.5971
48.0092
48.3177
48.0518
48.2612
48.0412
48.3894
48.0934
43.3085
43.8001
41.5116
44.3349
42.8671
43.4904
40.706
37.8853
34.7626
48.6627
48.8644
48.8171
48.8061
49.1047
49.018
32.4013
16.2802
25.8026
0.0159046
29.2167
14.0318
-21.7418
-2.076
-4.32656
6.62729
-5.27392
1.59909
48.9546
49.1829
49.239
49.2044
49.4738
14.1651
36.0475
26.6234
13.065
25.7084
-0.663182
-5.11173
-0.506457
-0.462135
-6.13441
2.85162
49.3985
49.7104
49.4006
49.5603
49.9008
49.8367
49.6193
49.8074
50.0885
44.0991
45.4934
45.4964
44.2002
42.8596
45.0312
44.9816
40.1208
50.106
50.4597
49.9541
50.0277
50.1176
49.5805
49.5461
48.0687
49.3388
48.0176
47.344
48.5492
46.3083
48.0283
48.0486
47.3941
47.6713
47.318
47.4297
47.6714
47.3275
46.5982
46.0433
46.905
46.6638
46.1984
45.203
45.4462
48.6899
48.7438
48.0588
48.4403
48.1148
48.3126
48.0505
48.4493
48.1068
42.7475
43.4355
40.4827
44.6075
43.0283
43.7471
40.5687
34.0555
33.7735
10.9211
7.77914
9.83654
48.9395
49.3245
49.1954
49.0626
49.4797
49.3388
8.79266
28.7138
15.8861
30.6276
16.9491
29.3999
18.1397
3.53364
1.31151
-1.10809
6.48514
3.45407
4.10612
-0.977265
49.4659
49.7804
49.7402
49.7075
50.0914
15.5433
27.0125
8.57652
28.9019
17.5812
27.9594
14.3185
-0.216701
0.487462
2.03907
4.10393
-0.462783
4.50563
2.02286
50.0431
50.3583
49.7643
50.0983
50.0091
50.7163
50.0156
50.6918
50.1601
41.7529
44.8314
44.7307
43.5722
40.4651
44.7679
44.2417
35.7089
13.6002
8.53048
7.6978
50.4784
50.1683
48.9905
48.9429
49.1126
48.4632
48.3861
46.7542
47.7827
46.7675
46.2525
47.1241
45.3371
48.0419
47.9961
47.4576
47.6558
47.3348
47.4737
47.6196
47.3477
46.7678
46.4368
47.0908
46.9044
46.7392
45.8573
46.3935
48.7017
48.5433
47.9975
48.3851
48.0708
48.1675
47.8798
48.2146
47.9521
43.8647
44.4753
41.3625
45.7329
44.961
45.29
43.3293
37.6772
20.2117
40.9312
23.8758
12.024
7.52106
15.0507
17.8832
49.095
49.56
49.4038
48.9672
49.4262
49.241
22.1117
30.6723
20.367
36.5484
24.9603
32.3916
22.5008
2.23082
6.58586
0.191349
11.9528
5.04043
8.35068
1.3915
49.8185
50.2602
49.6642
49.7735
50.2796
19.9329
29.5727
17.3781
32.2333
22.1361
29.8331
16.3504
0.585871
7.09263
3.55775
7.28491
0.807165
6.86216
4.94027
50.5208
50.5453
49.8687
50.7627
50.1176
50.3175
49.3337
50.356
49.5082
40.1831
44.7702
43.9896
43.6852
40.9607
44.8519
43.8946
13.8612
32.6009
6.84951
13.4161
7.7094
14.1958
49.6632
49.0612
47.8968
47.8104
47.9245
47.4332
47.3519
45.8948
46.5476
45.9603
45.6369
46.1241
45.001
47.9144
47.7788
47.4824
47.5682
47.3662
47.4714
47.4887
47.3734
47.0692
47.0609
47.3577
47.2484
47.3752
46.9506
47.4687
48.1745
47.5633
47.7156
47.9191
47.7043
47.7184
47.4906
47.5096
47.388
46.1618
46.0288
45.0673
47.2247
47.4581
46.6979
46.7194
43.318
25.2172
45.4238
13.9024
13.3321
48.4906
49.0226
48.7951
47.6582
48.4153
48.1134
25.6256
34.5202
24.4269
39.302
19.2445
36.5063
25.5954
6.57645
8.76783
1.4675
9.25874
10.5966
8.98619
1.95146
49.2111
49.5888
48.8083
48.5625
48.7804
22.6912
31.0228
12.7667
36.9344
22.1712
31.9685
8.64327
0.198382
3.8455
4.0703
-0.379284
1.96164
-2.26488
6.61515
50.0179
49.168
48.702
49.5666
48.7554
49.0283
48.0114
48.8144
48.0497
42.1371
44.9528
44.2275
44.3828
43.2694
45.2174
44.8512
39.9228
48.416
47.8365
46.9679
46.8919
47.1268
46.5608
46.5404
45.458
45.8568
45.6754
45.4299
45.7848
45.3214
47.5814
47.4195
47.4671
47.4058
47.3758
47.4636
47.3433
47.3781
47.4168
47.6408
47.5911
47.5629
47.8559
47.8824
48.1613
46.9109
46.7011
47.2552
47.115
47.0871
47.2557
47.098
47.0344
46.9464
48.2988
47.3222
48.0199
48.2172
48.6917
47.8538
48.8491
47.4022
48.9654
46.6762
47.5248
47.1922
46.2268
47.0184
46.7644
40.4822
28.531
47.4882
45.4001
41.8016
-9.40515
-1.917
47.9908
48.2637
47.5843
47.5424
47.8964
26.153
40.1744
44.2027
37.0471
44.7644
-1.59109
48.556
48.1004
47.5127
48.2074
47.5153
47.9748
47.1134
47.7338
47.115
44.7204
45.6384
45.4959
45.8225
45.7293
46.0215
45.9962
45.4514
47.3844
47.0746
46.3207
46.2993
46.7002
46.2239
46.21
45.5644
45.8582
45.8606
45.7782
46.0091
45.9531
47.3578
47.3255
47.4622
47.3082
47.4003
47.4746
47.2812
47.4366
47.6852
48.0324
47.7776
47.7795
48.1619
48.3199
48.3938
47.4751
48.0114
47.0247
47.601
47.0204
47.1387
46.9883
47.936
47.1847
48.8571
48.2115
49.0397
48.4995
48.8367
48.3956
48.9132
48.8878
48.9309
46.9025
46.9701
46.8987
47.179
46.9945
46.9724
47.5361
47.8121
48.9338
48.413
49.203
47.2941
47.6118
47.1274
47.1441
47.4034
44.944
46.5988
47.3033
47.5249
47.5819
47.7274
47.485
46.8192
47.3895
46.8398
47.3458
46.6421
47.1783
46.6978
46.4959
46.373
46.5294
46.777
47.03
46.7277
46.9328
47.3195
46.8791
46.8129
46.2378
46.24
46.6724
46.3286
46.3667
46.0259
46.2037
46.2556
46.3039
46.4368
46.5876
47.2569
47.0882
47.5211
47.2736
47.5022
47.6066
47.2639
47.5811
47.8613
48.2421
47.9776
47.9671
48.3228
48.4556
48.5476
47.477
46.9537
46.8876
46.9919
46.9381
46.6469
46.6586
46.4776
46.3608
48.7791
48.4816
48.783
48.6063
48.7469
48.5554
48.6976
48.8272
48.7968
47.0742
46.9904
46.9421
46.9701
46.9638
46.9083
48.7508
49.6112
49.1341
49.0325
49.8028
47.0541
47.2577
47.043
47.0535
47.2094
48.3398
48.0683
48.3239
48.6602
48.4203
47.3315
47.2878
46.5676
47.0816
46.668
47.1621
46.6403
47.0919
46.7666
47.4597
47.0389
47.3264
47.4307
47.7872
47.3013
47.6066
48.0687
46.8378
46.9649
46.4662
46.5367
46.8673
46.6513
46.7616
46.6096
46.6928
46.8027
46.9371
46.9875
47.2399
46.9055
46.8306
47.6948
47.2311
47.6604
47.8039
47.2692
47.7637
48.1133
48.4252
48.3252
48.2985
48.5699
48.6596
48.7875
46.8244
46.8949
46.4467
46.5234
46.1994
46.6046
46.396
46.6953
46.3565
48.7634
48.6183
48.6613
48.8091
48.8195
48.7028
48.7041
48.8192
48.9185
46.9465
47.0331
46.959
47.0356
47.1904
47.099
49.1182
49.5186
49.1838
49.1481
49.3159
47.1395
47.2725
47.3042
47.3012
47.4352
48.8569
48.639
48.7898
48.9975
48.7583
47.3469
47.5304
46.8454
47.2411
46.9907
47.4486
47.1516
47.5067
47.2986
48.0515
47.5736
47.9046
47.9318
48.2729
47.8412
48.136
48.4896
47.2042
47.5402
46.9509
47.0635
47.4923
47.3204
47.4345
47.28
47.3085
47.4637
47.6284
47.6545
47.8418
46.9675
47.1265
47.999
47.466
47.9262
48.2936
47.7366
48.184
48.5425
48.7815
48.8795
48.8589
49.0825
48.9514
49.2003
47.0401
47.2745
46.5508
46.825
46.5474
46.9213
46.854
47.0415
46.934
48.956
48.8309
48.8506
49.1436
49.155
49.0027
49.0781
49.0905
49.3009
47.2276
47.4172
47.3205
47.4737
47.6917
47.6005
49.1827
49.2692
49.2356
49.2612
49.2828
47.5344
47.6739
47.8194
47.8207
47.9774
49.0318
48.8515
48.9958
49.0702
48.961
47.8103
48.1628
47.4958
47.8477
47.6544
48.1189
47.8731
48.2457
48.0785
48.449
48.0752
48.3458
48.3709
48.6187
48.3129
48.5347
48.8112
47.9648
48.4629
47.7658
47.8772
48.4289
48.2403
48.3595
47.9856
48.0799
48.3159
48.3579
48.564
48.3686
47.2731
47.6275
48.7107
48.0306
48.5584
49.2348
48.4104
49.087
49.2719
49.4608
49.793
49.7598
49.9233
49.509
49.9064
47.5704
47.8726
47.1411
47.3854
47.2471
47.5721
47.3028
47.7248
47.5682
49.4261
49.2532
49.3636
49.7817
49.7727
49.5689
49.6905
49.564
49.8607
47.7733
47.9944
47.9026
48.0658
48.32
48.2235
49.3723
49.3729
49.5142
49.561
49.5258
48.147
48.328
48.4869
48.4913
48.7025
49.1746
49.0567
49.2447
49.3338
49.197
48.5562
48.9836
48.299
48.723
48.592
48.9905
48.7897
49.2267
49.1568
48.735
48.5656
48.724
48.639
48.9057
48.8474
48.9286
49.1054
49.0442
49.6351
48.7489
48.8693
49.5626
49.2935
49.4025
48.7523
49.0617
49.3379
49.1767
49.5818
49.0168
48.1672
48.843
49.9234
49.0199
49.7664
50.7309
49.8369
50.612
50.3769
50.4811
51.1653
51.1034
51.1245
50.3968
50.9877
48.1523
48.3574
47.5941
48.0301
47.9002
48.2336
48.0449
48.2754
48.2108
50.1956
49.9404
50.0414
50.8064
50.7095
50.4016
50.4646
50.1606
50.5232
48.3533
48.6188
48.5366
48.5674
48.8318
48.7633
49.8065
49.7559
50.2498
50.1068
50.0465
48.8181
49.0961
49.0899
49.1184
49.5152
49.571
49.3757
49.7376
49.8803
49.6566
49.4288
49.8899
49.2981
49.744
49.7029
49.947
49.7899
50.2311
50.2603
49.1583
49.2025
49.2231
49.2487
49.4879
49.5937
49.6162
49.6862
50.2566
50.8574
49.8816
49.9859
50.7775
50.4922
50.618
49.6493
50.1814
50.4603
50.1906
50.8215
50.0039
49.66
50.6764
51.7321
50.8388
51.626
52.7805
52.0473
52.7646
51.9403
51.8408
52.8513
52.8063
52.5527
51.6064
52.2161
48.5423
48.9325
48.5453
48.5033
48.5137
48.8692
49.0786
48.632
48.6817
51.2654
50.7998
50.8993
51.9715
51.8564
51.1964
51.367
50.9828
51.5968
48.7171
49.184
48.9785
49.0438
50.1732
49.4897
50.3772
50.4554
51.1697
50.8762
50.8754
49.5042
50.106
50.4251
50.0996
50.9756
50.3103
49.9339
50.4624
50.8027
50.5521
50.5586
51.5452
50.2726
50.8666
50.8194
51.125
50.6459
51.694
51.4655
49.8294
50.1366
50.1832
49.9513
50.4358
51.034
51.1616
50.8021
51.7763
52.7736
51.3044
51.651
52.5686
52.3014
53.0082
50.9769
51.9258
52.344
52.1721
53.1545
52.2698
51.2943
53.5488
53.0633
53.6492
53.4129
53.0843
52.525
49.3755
49.4717
49.0091
48.8576
52.5006
49.3596
50.4023
53.0905
51.347
51.8368
52.15
51.5589
51.584
51.8981
49.5026
50.542
49.8717
48.7973
49.0504
48.9268
49.0897
48.9071
48.9332
50.2069
49.1607
49.4711
50.4797
49.8436
50.0571
50.8354
51.2784
50.2533
50.9141
49.277
50.4276
49.9061
49.0142
49.6116
49.3885
49.3048
49.3468
49.4589
49.8847
49.685
50.0409
51.2195
50.4478
51.4008
50.8888
51.5606
51.5258
50.0646
51.3947
51.2208
49.9723
51.0161
50.9619
50.4664
51.0663
50.9759
52.4392
52.4824
53.1849
52.291
53.195
221.655
200.683
203.523
199.37
207.036
198.559
197.41
212.254
220.178
212.755
201.699
199.586
203.043
198.429
202.84
203.339
201.3
199.431
198.255
199.563
196.577
195.815
199.782
196.652
196.791
192.277
194.159
191.649
207.324
194.395
193.181
188.908
187.542
189.368
190.11
213.448
198.796
205.754
198.365
208.329
196.339
202.573
201.742
204.661
202.772
200.088
198.914
193.834
200.488
199.95
201.25
200.951
195.756
194.811
196.241
195.484
199.121
199.522
200.261
192.103
193.657
193.43
194.841
209.049
203.247
205.956
199.181
204.848
199.023
200.32
202.224
198.902
197.523
194.795
194.206
192.068
188.989
201.427
196.021
195.662
194.873
196.601
190.923
192.701
193.578
191.441
191.3
189.692
184.921
185.543
183.67
192.305
189.235
188.808
176.97
183.869
177.347
181.091
194.737
193.993
192.301
182.934
188.447
157.929
170.463
191.004
148.352
178.245
91.5621
129.915
71.0469
84.2229
174.227
178.268
172.614
169.664
162.122
163.669
158.479
175.446
167.24
172.451
164.72
166.345
159.139
163.488
161.061
89.9782
111.165
108.896
124.54
66.1104
84.7535
77.028
59.4856
66.6818
57.4946
65.7919
57.0885
59.7499
151.396
144.114
144.494
132.99
142.335
124.881
129.05
155.292
150.884
152.705
151.87
140.763
139.496
139.32
101.323
54.9149
70.5399
51.274
66.4139
50.1422
51.6213
53.4914
53.945
50.0272
50.6918
46.7314
51.2648
48.8497
128.15
95.5367
105.714
72.8059
95.8464
57.7252
71.4319
119.238
121.966
122.116
111.551
71.6887
86.4769
79.743
47.684
48.7265
45.0043
46.8965
45.7812
47.7025
45.8773
46.5055
49.164
48.664
47.8016
46.9438
47.9537
48.2217
49.5255
45.9734
47.2658
45.7483
45.8479
45.5094
45.799
47.024
48.1565
47.3871
44.8601
45.7515
45.2169
45.2402
45.7135
46.7827
45.9493
46.0788
45.9634
46.0821
45.8317
46.9669
47.6108
47.8428
46.8006
46.7664
47.4398
47.5278
46.2759
46.158
46.3505
46.055
46.2215
46.0195
46.1727
46.5819
46.4626
46.5853
46.4487
46.3866
46.2985
46.3235
46.1229
45.9996
45.9198
46.2825
46.1425
46.1128
45.9795
46.6945
47.2618
47.2476
46.5678
46.6172
47.0662
46.9904
46.234
46.0505
46.2476
46.1308
46.2489
46.121
46.2602
46.3528
46.287
46.2976
46.3117
46.3509
46.3054
46.3098
46.0804
46.165
46.0022
45.8773
46.0275
46.1248
46.0189
46.4675
46.8754
46.7946
46.3857
46.3241
46.7101
46.6273
46.2721
46.125
46.2365
46.2125
46.2812
46.1456
46.2379
46.3342
46.3069
46.3166
46.3052
46.3289
46.3067
46.32
46.0431
46.1008
46.061
46.0761
46.1082
46.1318
46.1094
46.2532
46.593
46.4958
46.247
46.247
46.5229
46.4049
46.2943
46.1816
46.2571
46.2887
46.3059
46.2187
46.2808
46.3382
46.3115
46.3274
46.3315
46.3451
46.3277
46.3498
46.1759
46.1829
46.1718
46.2113
46.2248
46.216
46.2149
46.2776
46.4946
46.3514
46.2369
46.3054
46.4797
46.3147
46.3189
46.2527
46.3045
46.3269
46.3384
46.2852
46.3279
46.3593
46.3412
46.3717
46.361
46.3776
46.3574
46.393
46.2627
46.2315
46.241
46.2512
46.2849
46.2431
46.259
46.3115
46.4701
46.2978
46.2562
46.3089
46.4687
46.2919
46.3522
46.3082
46.3445
46.3457
46.3612
46.3302
46.3612
46.3998
46.3674
46.4094
46.3936
46.4224
46.3786
46.4248
46.3008
46.2538
46.2778
46.2932
46.318
46.2678
46.3013
46.3193
46.4794
46.2954
46.3218
46.342
46.496
46.3054
46.3775
46.3538
46.3765
46.3948
46.3983
46.3658
46.3941
46.4347
46.3981
46.4378
46.4402
46.4361
46.4195
46.4545
46.3385
46.2927
46.323
46.3676
46.367
46.3314
46.3588
46.3645
46.5197
46.3254
46.4033
46.3924
46.55
46.3521
46.4186
46.3894
46.4161
46.4732
46.4442
46.4291
46.4504
46.4515
46.4443
46.474
46.4784
46.4853
46.4774
46.502
46.3997
46.3818
46.4144
46.4781
46.4385
46.4378
46.4489
46.4272
46.5834
46.3873
46.5056
46.4692
46.6138
46.4192
46.4821
46.4735
46.4949
46.5679
46.5368
46.524
46.5432
46.5269
46.517
46.5408
46.5624
46.5752
46.5635
46.5888
46.4864
46.5021
46.4875
46.5893
46.5464
46.5619
46.5488
46.5134
46.6437
46.4523
46.5902
46.5595
46.6778
46.4839
46.5952
46.5757
46.5941
46.6696
46.648
46.6348
46.6511
46.6293
46.6164
46.6408
46.665
46.6834
46.6743
46.6928
46.6073
46.6198
46.6121
46.7043
46.665
46.6766
46.6681
46.6129
46.719
46.5304
46.7089
46.6654
46.7655
46.5796
46.6981
46.69
46.7006
46.7759
46.7493
46.7382
46.7483
46.7372
46.7279
46.7396
46.7781
46.791
46.7765
46.7925
46.7226
46.7366
46.7218
46.8149
46.7818
46.8023
46.7759
46.7154
46.8113
46.6256
46.8128
46.7661
46.8484
46.6672
46.8073
46.7925
46.7999
46.8822
46.8668
46.853
46.8552
46.8462
46.824
46.8415
46.8915
46.9028
46.8756
46.894
46.8403
46.8652
46.8333
46.929
46.9004
46.9265
46.8939
46.8205
46.8843
46.71
46.9309
46.8793
46.93
46.7458
46.9311
46.9191
46.9128
47.0174
46.9971
46.9858
46.9735
46.9623
46.929
46.9491
47.0131
47.0241
46.9862
47.0084
46.9664
46.9963
46.957
47.0642
47.0387
47.0751
47.0258
46.9426
46.9824
46.7914
47.0779
47.0082
47.0496
46.841
47.0648
47.0512
47.0361
47.1483
47.1296
47.1167
47.0998
47.0863
47.0446
47.0687
47.1353
47.1494
47.1041
47.1311
47.1094
47.1514
47.1069
47.2018
47.1792
47.2184
47.1891
47.0776
47.122
46.9082
47.2102
47.1635
47.1828
46.9812
47.1929
47.1838
47.1609
47.2842
47.2557
47.2526
47.2246
47.2151
47.1626
47.1935
47.2609
47.2828
47.2257
47.262
47.2455
47.2774
47.2523
47.3382
47.3053
47.3357
47.305
47.2532
47.2294
47.0565
47.3549
47.3309
47.2745
47.1209
47.3225
47.3253
47.292
47.4255
47.3957
47.3952
47.362
47.357
47.2927
47.3333
47.4067
47.4348
47.366
47.4097
47.3623
47.3932
47.3601
47.4448
47.4148
47.4376
47.4064
47.3949
47.3307
47.1795
47.4829
47.4477
47.3834
47.2348
47.4756
47.463
47.4368
47.5677
47.5554
47.5287
47.512
47.5179
47.4452
47.4869
47.5712
47.6016
47.527
47.5661
47.4705
47.4667
47.4456
47.5247
47.5186
47.4826
47.4693
47.4855
47.4221
47.2902
47.5302
47.4952
47.4502
47.3315
47.6339
47.5893
47.5838
47.7058
47.7092
47.6525
47.6607
47.6858
47.6082
47.6442
47.7329
47.7643
47.6828
47.717
47.5598
47.503
47.497
47.6072
47.6167
47.5474
47.5428
47.5054
47.4881
47.3921
47.5529
47.5238
47.5404
47.4831
47.7812
47.7253
47.7354
47.8401
47.8508
47.7924
47.8013
47.8353
47.7506
47.7865
47.873
47.8931
47.8017
47.841
47.6816
47.6146
47.6049
47.7242
47.7548
47.6991
47.7015
47.6103
47.5833
47.5855
47.6692
47.7338
47.6707
47.6741
47.9157
47.8585
47.8614
47.9642
47.9636
47.9055
47.8957
47.933
47.8482
47.8803
47.9647
47.9549
47.8745
47.8933
47.8161
47.7858
47.78
47.8683
47.8746
47.8584
47.8388
47.8156
47.8304
47.8138
47.865
47.8761
47.9377
47.9562
47.9918
47.9468
47.9186
48.0218
48.0019
47.9623
47.9217
47.9646
47.8833
47.9048
47.9856
47.9642
47.8816
47.9045
47.9305
47.9085
47.8798
47.9989
47.971
47.9538
47.9058
47.9502
47.9705
48.0065
47.9317
48.0007
47.9528
48.0119
47.9974
47.9514
47.9114
48.0091
47.9795
47.9122
47.8813
47.9556
47.8779
47.8958
47.9633
47.9445
47.8743
47.8887
47.9892
47.9904
47.9252
48.0488
47.979
48.0055
47.9293
47.9933
47.939
48.0729
47.9631
47.9916
47.9492
48.0867
47.9594
47.8878
47.8698
47.9767
47.9451
47.8935
47.8751
47.9334
47.8753
47.8847
47.9365
47.9248
47.8821
47.8864
47.9512
48.0045
47.9194
48.0135
47.9244
48.0087
47.9233
48.0061
47.9946
48.1135
48.0386
47.9901
48.0645
48.1347
47.9372
47.9001
47.8794
47.9642
47.9386
47.9262
47.9027
47.9196
47.8892
47.8908
47.9291
47.9181
47.9026
47.9028
47.8857
47.9953
47.9211
47.9908
47.8678
47.9962
47.9564
47.9584
48.0866
48.108
48.0383
47.9313
48.1533
48.1085
47.9456
47.9512
47.9251
47.976
47.952
47.9734
47.9416
47.9202
47.9172
47.9147
47.938
47.9246
47.9339
47.9214
47.8738
48.0358
47.9966
47.9179
47.8765
48.0081
48.0039
47.9762
48.3304
48.1177
48.138
48.0453
48.4555
48.1798
47.9534
47.9821
47.9468
47.9738
47.9487
47.978
47.9416
47.9299
47.9469
47.9254
47.9469
47.9335
47.9518
47.9189
47.8677
47.8871
47.9819
47.7611
47.8419
47.724
47.8966
48.0389
48.3388
48.1458
47.9211
47.971
48.1646
48.082
47.9428
47.9715
47.9339
47.9603
47.9371
47.9712
47.9326
47.9341
47.9529
47.916
47.9499
47.9344
47.9447
47.9158
47.8159
47.5824
47.7926
47.741
47.8111
47.5369
47.7037
47.9323
48.0478
48.0505
47.7679
47.896
47.9867
48.0041
47.937
47.9754
47.9268
47.9624
47.9398
47.9783
47.9288
47.9313
47.94
47.9132
47.943
47.9284
47.9356
47.91
47.8319
47.5618
47.6549
47.8653
47.8571
47.6566
47.6481
47.841
47.9714
47.9644
47.8225
47.8345
47.9731
47.9359
47.9481
47.9732
47.9322
47.9879
47.9587
47.9704
47.934
47.9285
47.9326
47.9096
47.95
47.9295
47.9313
47.9139
47.8949
47.7566
47.6838
48.0062
47.9474
47.9082
47.783
47.8432
47.9808
47.9351
47.8089
47.8422
47.9918
47.9547
47.9721
47.9789
47.9359
48.0281
47.9899
48.0089
47.9499
47.9297
47.9359
47.9125
47.979
47.9372
47.9527
47.9195
47.9593
48.1971
47.9289
48.1104
47.9976
48.4344
48.0891
47.8649
48.0192
47.9689
48.0556
47.9374
48.0599
47.976
48.0011
48.0187
47.9522
48.0499
48.0046
48.0449
47.9312
47.9544
47.9665
47.9378
48.0105
47.9714
47.9776
47.9631
48.078
48.4915
48.1734
48.6098
48.1958
48.4421
48.2136
48.0249
48.0682
47.9548
48.1646
48.0912
48.0485
47.9188
48.0145
48.0479
47.9552
48.012
48.0074
47.9986
47.9584
47.9827
47.9767
47.9764
48.0121
47.9946
47.974
47.9894
48.1748
48.3079
48.1984
48.368
48.1081
48.1443
48.1035
48.0542
48.0121
47.8642
48.013
47.9413
47.9565
47.8126
47.9912
47.8819
47.9347
47.903
47.9663
47.7641
47.8951
48.0029
47.9644
47.9991
47.9951
48.0084
47.9556
48.0016
48.0296
47.9888
47.9287
47.9649
47.9638
47.8506
47.7783
47.8412
47.896
47.7611
47.795
47.7761
47.8321
47.7079
47.9443
47.7381
47.8633
47.8324
47.9388
47.7547
47.8272
48.0092
47.9562
48.0015
47.9927
48.0064
47.9577
47.998
47.8567
47.7651
47.6789
47.8051
47.7597
47.7347
47.6203
47.7445
47.7957
47.6629
47.7253
47.7394
47.7898
47.6453
47.949
47.7648
47.8196
47.9251
47.9497
47.7767
47.8367
48.0058
47.9596
47.9961
47.9983
48.0072
47.9681
47.9962
47.6824
47.7266
47.5918
47.7785
47.624
47.7229
47.5824
47.7571
47.8124
47.6823
47.8151
47.7754
47.8588
47.7646
47.9365
47.7878
47.8655
47.8619
47.9807
47.7986
47.8993
48.0112
47.9807
48.0006
48.0104
48.0194
47.9942
48.0109
47.6091
47.7214
47.6223
47.7615
47.615
47.7397
47.6922
47.841
47.9228
47.8785
47.9241
47.9452
47.9808
47.9722
48.0729
47.7922
47.9678
47.895
48.0821
47.7679
47.9842
48.0278
48.0054
48.014
48.0557
48.0377
48.0221
48.0351
47.6523
47.7736
47.7755
47.8005
47.7231
47.8186
47.8696
48.0471
48.0229
48.0404
48.0179
48.1196
48.0471
48.0862
48.0081
47.7275
47.9315
47.7684
47.9066
47.6934
47.8848
48.0321
48.0292
48.0437
48.0145
48.0091
47.9997
48.0307
47.7968
47.8665
47.9566
47.8779
47.8753
47.9085
48.0064
48.1478
48.0599
48.1148
48.0301
48.137
48.0657
48.1199
47.7881
47.7285
47.8393
47.7662
47.7057
47.7885
47.8084
47.984
47.9582
48.0267
47.8765
47.965
47.9203
48.0193
47.9439
47.9453
48.0107
47.9784
47.9769
47.9745
47.9776
48.1056
48.0644
48.1152
48.0374
48.0598
48.0628
48.1046
47.6789
47.8648
47.8419
47.8958
47.7282
47.9246
47.8664
47.9492
47.9039
48.0115
47.7515
47.9224
47.8863
47.9935
48.0104
48.0084
47.9631
48.1262
48.056
48.0553
48.0275
48.0141
48.0581
48.0936
48.0579
48.0146
48.0522
48.0827
47.7994
47.9762
47.9099
48.0052
47.875
48.0069
47.9572
47.8986
47.902
47.9953
47.7612
47.8883
47.9469
48.0206
48.1259
48.0954
48.1285
48.1322
48.162
48.1059
48.1871
48.0409
48.0424
48.0643
48.0587
48.0657
48.0268
48.0431
47.9328
48.0187
47.9869
48.0276
47.9613
48.0252
47.9978
47.9026
47.9821
48.0334
47.9055
47.9275
48.0038
48.041
48.1354
48.0895
48.1786
48.0513
48.0857
48.0591
48.1358
48.0532
48.0048
48.0188
48.0155
48.0162
47.9804
47.9913
47.9602
48.0104
47.9817
47.974
47.9428
47.9751
47.9387
47.9353
48.0029
48.0273
47.9188
47.9189
47.9695
47.9879
48.0269
48.0171
48.0547
47.9759
47.9754
47.9742
47.982
47.9714
47.9517
47.946
47.9476
47.9269
47.9204
47.9019
47.9156
47.9296
47.8939
47.9141
47.8844
47.8935
47.8501
47.889
47.9221
47.9318
47.8748
47.8545
47.8773
47.8727
47.9269
47.9307
47.92
47.9211
47.8941
47.8957
47.8775
47.8832
47.8894
47.8598
47.8811
47.8494
47.8632
47.8252
47.8568
47.874
47.8194
47.8745
47.8332
47.8718
47.8071
47.8187
47.8475
47.8239
47.8236
47.7855
47.8244
47.7868
47.8708
47.8686
47.8448
47.8876
47.8591
47.8523
47.8238
47.8287
47.8445
47.8027
47.8457
47.8159
47.8359
47.7891
47.8121
47.8681
47.8024
47.8502
47.7918
47.8505
47.8027
47.7551
47.8086
47.7656
47.7813
47.7284
47.8044
47.7483
47.8546
47.8433
47.8102
47.8752
47.8508
47.8412
47.8054
47.8113
47.8361
47.7859
47.8511
47.8146
47.8422
47.7917
47.7748
47.8127
47.7915
47.8385
47.7596
47.7685
47.7715
47.6905
47.7884
47.7291
47.7237
47.6684
47.7514
47.7049
47.8469
47.8422
47.7998
47.873
47.84
47.8488
47.7982
47.823
47.8572
47.8045
47.8822
47.8331
47.8763
47.8215
47.7485
47.7214
47.7659
47.8049
47.7346
47.6806
47.7502
47.6566
47.7243
47.6909
47.6795
47.6534
47.6856
47.6697
47.8372
47.8624
47.8036
47.8789
47.835
47.8799
47.8111
47.8475
47.8991
47.8439
47.9226
47.8631
47.9224
47.8685
47.7248
47.6716
47.7462
47.768
47.7161
47.687
47.7496
47.6507
47.6521
47.6497
47.6479
47.6465
47.6165
47.6308
47.8376
47.896
47.8205
47.8954
47.8417
47.9109
47.8298
47.8808
47.9466
47.8951
47.9608
47.8987
47.9711
47.9218
47.713
47.7078
47.7466
47.749
47.7138
47.7296
47.738
47.6425
47.5981
47.61
47.6267
47.6299
47.5913
47.5812
47.8503
47.9279
47.8422
47.9075
47.861
47.947
47.8593
47.9186
47.996
47.9496
48.0011
47.9389
48.0214
47.9779
47.704
47.7481
47.7223
47.755
47.6804
47.7496
47.7021
47.5987
47.5882
47.5493
47.5701
47.5504
47.5884
47.5202
47.8731
47.9676
47.8792
47.931
47.8879
47.9905
47.9028
47.9618
48.0483
48.0067
48.0439
47.9845
48.0752
48.0362
47.6565
47.7493
47.6757
47.7268
47.6286
47.755
47.6679
47.4783
47.5818
47.4767
47.4637
47.3769
47.5655
47.4168
47.9007
48.014
47.9312
47.9727
47.9197
48.0351
47.9606
48.0094
48.1048
48.0676
48.0923
48.0372
48.1373
48.103
47.5918
47.7523
47.6975
47.7073
47.5677
47.752
47.6735
47.2505
47.527
47.3362
47.3315
47.1181
47.4355
47.2253
47.9426
48.0589
47.9907
48.0233
47.9605
48.0842
48.0219
48.0672
48.1751
48.1408
48.156
48.1015
48.2213
48.1832
47.5245
47.7415
47.5689
47.691
47.4596
47.7098
47.4667
46.9641
47.2872
47.0505
47.1189
46.7833
47.1534
46.8044
47.9762
48.115
48.0489
48.0934
47.9946
48.1574
48.0807
48.1385
48.2786
48.2328
48.2539
48.1899
48.3506
48.306
47.3884
47.6848
47.3764
47.6555
47.3226
47.6546
47.2749
46.5676
46.9825
46.5279
46.8325
46.3357
46.7376
46.2136
48.0142
48.2109
48.1146
48.2018
48.0384
48.2822
48.1545
48.2492
48.4382
48.3933
48.4123
48.318
48.5444
48.5112
47.2562
47.6308
47.1906
47.6356
47.2086
47.6229
47.1249
46.0967
46.5453
45.8815
46.5723
45.8823
46.3895
45.5605
48.0654
48.3781
48.2117
48.3718
48.1046
48.5004
48.2913
48.3947
48.6931
48.6446
48.6609
48.4887
48.8606
48.8045
47.1888
47.6312
47.0859
47.6254
47.179
47.6416
47.0522
45.7134
46.2489
45.2908
46.4449
45.6204
46.1683
45.147
48.1485
48.6495
48.3847
48.5815
48.2106
48.8243
48.5307
48.5944
49.0684
48.9618
49.0207
48.7464
49.3273
49.1474
47.1754
47.6329
47.0245
47.547
47.159
47.5909
47.0026
45.6321
46.1572
45.1471
46.485
45.747
46.1585
45.252
48.2792
49.0022
48.7045
48.764
48.3586
49.1052
48.9131
48.9021
49.6458
49.2907
49.3575
49.0459
50.0258
49.5053
47.1444
47.5303
46.9832
47.3755
47.1327
47.4644
47.0242
45.9678
46.2195
45.4735
46.7141
46.2901
46.3798
45.8225
48.3841
49.1294
49.0011
48.6314
48.3056
48.9919
48.8259
49.0189
50.205
49.588
49.385
48.8078
50.0505
49.2278
47.125
47.3829
47.0799
47.1476
47.1152
47.2182
47.072
46.6849
46.5704
46.2435
47.0628
47.09
46.7727
46.7136
47.8847
48.5388
48.343
47.36
47.1168
47.7622
47.4579
48.2374
49.5134
48.4975
48.1806
47.5509
48.6215
47.6955
47.0954
46.9921
47.0103
46.9768
47.0908
46.8722
46.9441
47.4552
46.9573
47.1776
47.3482
47.7448
47.0852
47.5856
46.3038
47.0196
46.6677
46.4751
46.1211
46.6395
46.2536
47.0433
47.9269
47.1377
47.1206
46.6148
47.4256
46.6895
47.118
46.856
46.9343
46.9214
47.1718
46.9756
47.0197
47.9652
47.2101
47.865
47.5804
48.0925
47.3445
47.987
46.4208
46.6859
46.1903
46.7423
46.4797
46.6511
46.2259
46.3475
47.1002
46.3518
46.6139
46.1699
46.9001
46.1206
47.2537
46.8989
47.1034
46.8574
47.3458
46.5112
47.1842
48.1631
47.4702
48.0615
47.7782
48.2282
47.5978
48.134
46.4464
46.6033
46.2104
46.6204
46.3289
46.6042
46.1374
46.179
46.8039
46.05
46.6179
46.3475
46.8364
46.1438
47.4313
46.3484
47.284
46.9499
47.5341
46.7896
47.3521
48.319
47.7441
48.217
48.0924
48.4611
47.9038
48.3467
46.2647
46.6892
46.2075
46.8352
46.3551
46.8676
46.386
46.5922
46.9669
46.4295
47.0873
46.8662
47.1935
46.8063
47.6529
47.2656
47.2936
47.1973
47.8589
47.2775
47.3435
48.6599
48.1418
48.5404
48.6129
48.9211
48.4656
48.79
46.725
47.1201
46.7807
47.2876
47.079
47.4193
47.1736
47.174
47.4983
47.204
47.6989
47.497
47.8223
47.5582
48.2666
47.031
47.8152
47.8975
48.7615
47.2931
48.2199
49.2456
48.7658
49.0897
49.3647
49.6479
48.9157
49.404
47.4067
47.7544
47.5347
47.888
47.7485
48.0839
47.8837
47.7783
48.183
47.9075
48.3962
48.0751
48.5666
48.3238
49.2504
47.7598
48.4678
48.8088
49.7831
48.1548
48.7651
50.1626
49.1731
49.743
50.5932
50.7775
49.5848
50.1208
48.0534
48.3901
48.206
48.4132
48.3488
48.6348
48.5134
48.428
48.9738
48.7945
48.9372
48.75
49.3583
49.2202
50.5353
48.5432
49.1591
50.153
51.5049
48.9471
49.7611
51.4877
50.0167
50.5734
52.2388
52.3243
50.6571
51.17
48.5668
48.7401
48.6818
48.4161
48.555
48.6316
48.67
48.5334
48.6626
48.5863
48.6261
48.8
48.7012
48.7611
49.4237
48.7715
49.0552
49.2745
49.7956
48.9641
49.2403
50.2328
49.4287
49.7059
50.1831
50.536
49.6173
49.971
48.9805
49.701
49.5177
49.2165
48.9724
50.0493
49.6273
48.6549
49.2471
48.9786
48.9165
48.8945
49.3191
49.1834
48.9322
48.9493
49.0996
48.9273
49.0955
49.0809
49.1631
49.4612
49.3131
49.5886
49.3642
49.7397
49.4296
49.8991
49.4457
50.5924
50.3956
50.1551
49.8547
51.1312
50.928
49.2445
50.1723
50.0683
49.6176
49.6653
50.7101
50.7202
)
;

boundaryField
{
    fbOut
    {
        type            fixedValue;
        value           uniform 0;
    }
    CAD_patch1
    {
        type            zeroGradient;
    }
    fbGasin
    {
        type            zeroGradient;
    }
    CAD_patch3
    {
        type            zeroGradient;
    }
    fbBioin
    {
        type            zeroGradient;
    }
}


// ************************************************************************* //
