/*--------------------------------*- C++ -*----------------------------------*\
| =========                 |                                                 |
| \\      /  F ield         | OpenFOAM: The Open Source CFD Toolbox           |
|  \\    /   O peration     | Version:  5.x                                   |
|   \\  /    A nd           | Web:      www.OpenFOAM.org                      |
|    \\/     M anipulation  |                                                 |
\*---------------------------------------------------------------------------*/
FoamFile
{
    version     2.0;
    format      ascii;
    class       volScalarField;
    location    "1.25";
    object      Ksl;
}
// * * * * * * * * * * * * * * * * * * * * * * * * * * * * * * * * * * * * * //

dimensions      [1 -3 -1 0 0 0 0];

internalField   nonuniform List<scalar> 
10571
(
3113.52
6008.17
9619.76
8716.96
11944.9
289.477
553.952
3770.8
6933.05
6611.66
2561.42
693.689
1260.89
4341.11
5744.19
12015.6
1474.84
4742.58
4829.95
4581.36
10133.6
4391.8
6263.37
3851.9
13439
11401.8
10815.9
11813.7
11787.9
287.244
5439
7560.19
478.202
331.394
1823.93
918.28
8760.36
6900.2
907.864
491.208
8990.97
6336.93
9456.65
12029.3
5232.12
10487.8
10988.8
12274.7
14191.6
11507.5
11444.5
11479
1243.03
196.509
8325.24
3688.33
21.2661
89.2399
670.727
2902.08
1950.8
1014.59
76.1056
70.9216
443.408
52.5233
337.094
255.345
16.8254
1927
1048.05
3535.47
6744.13
11542.6
11400.3
9810.59
55.4515
4340.5
6828.96
1706.22
178.265
104.531
4789.23
7798.1
253.38
327.179
546.812
63.3039
55.0591
19.103
78.5911
550.882
20.5981
152.517
409.618
494.65
34.9536
10463.4
9790.36
177.239
155.635
10734.8
1262.03
228.977
371.944
59.5125
1509.14
884.651
20.0429
76.3777
482.641
26.2966
67.6475
28.4993
1.70156
284.002
732.986
152.676
316.303
462.102
16.1513
45.2848
85.492
3.4438
940.596
1922.55
83.0448
23.1086
160.853
855.488
11122.1
49.4583
42.7229
12.9237
7.91094
372.245
680.708
9665.43
48.5645
19.2733
4.50677
4.13037e-13
513.431
206.461
224.013
320.641
0
7.87427
0
3.02736
8.18405
39.5308
7.2702
2.24594
1.34626
1.78303
0
31.4994
142.758
15.5951
0.702828
3.12685
0
2.23869
68.6261
13.5428
4.72112
4.77755
20.301
6.04788
236.104
114.096
185.463
0
0
0
4.99188
2.30885
21.7167
4.15877
2.18637
0
0
0
158.595
41.104
12.163
0.789596
2.46228
0
0
42.3334
7.70718
6.4035
9.38012
14.5112
0
244.068
48.4864
129.911
0
0
4.06687
0
2.38413
22.91
1.91231
0.545219
0.636795
0
0
348.977
20.1632
13.2182
3.93318
2.44487
2.32031e-14
0
143.08
19.3604
7.24225
5.99745
14.8072
190.356
38.6485
48.6261
0
0
0
0
0
3.48361
1.73059
0.585224
0
0
198.681
50.6847
10.2345
3.18101
1.22131
0
99.481
19.0759
5.75127
10.8409
15.9307
132.667
42.9598
13.9428
0
0
0
0
3.85698e-13
0
0.582641
0
1.21545
0
71.1124
37.0387
4.51876
1.93917
0
3.36746e-13
89.9808
18.6181
7.18915
5.15118
9.46491
45.6079
18.4328
12.9908
0
0
0
0
0
0
0.583025
0.601177
0
0
18.5259
1.14545
1.7618
1.27093
1.80266
0
67.0984
12.5578
2.73278
5.15917
6.70139e-13
42.0703
4.473
6.97256
0
0
3.12503
0
0
0
1.09972
0
0.604549
0
4.40298e-13
5.89997
1.77085
3.16267
0.64719
0
16.9628
10.2447
4.13358
0
0.702302
37.8084
2.26814
0
0
0
0
0
0
0
0.0192568
0
0
0
0
1.40412e-13
0.00754515
1.24688
0.578283
0
0
4.39333
3.92614
4.85566
0
23.323
5.06699
5.13082e-13
0
0
0
0
1.08096
0
0
1.19486
0
0
0
0
0
0
0
0
0
0.552892
0.528673
5.28293
0
0
0
0
0
0
0
0
0
0
0
0
0
0
0
0
0
0
0
0
0
0.0775246
0.989152
0
0
0
0
0
0
0
0
0
0
0
0
0
0
0
0
0
0
0
0
0
0
0
0
0
0
0
0
0
0
0
0
0
0
0
0
0
0
0
0
0
0
0
0
0
0
0.222624
0
0
0
0
0
0
0
0
0
0
0
0
0
0
0
0
0
0
0
0
0
0
0
0.389921
0
0
0
0
0
0
0
0
0
0
0
0
0
0
0
0
0
0
0
0
0
0
0
0
0
0
0
0
0
0
0
0
0
0
0
0
0
0
0
0
0
0
0
0
0
0
0
0
0
0
0
0
0
0
0
0
0
0
0
0
0
0
0
0
0
0
0
0
0
0
0
0
0
0
0
0
0
0
0
0
0
0
0
0
0
0
0
0
0
0
0
0
0
0
0
0
0
0
0
0
0
0
0
0
0
0
0
0
0
0
0
0
0
0
0
0
0
0
0
0
0
0
0
0
0
0
0
0
0
0
0
0
0
0
0
0
0
0
0
0
0
0
0
0
0
0
0
0
0
0
0
0
0
0
0
0
0
0
0
0
0
0
0
0
0
0
0
0
0
0
0
0
0
0
0
0
0
0
0
0
0
0
0
0
0
0
0
0
0
0
0
0
0
0
0
0
0
0
0
0
0
0
0
0
0
0
0
0
0
0
0
0
0
0
0
0
0
0
0
0
0
0
0
0
0
0
0
0
0
0
0
0
0
0
0
0
0
0
0
0
0
0
0
0
0
0
0
0
0
0
0
0
0
0
0
0
0
0
0
0
0
0
0
0
0
0
0
0
0
0
0
0
0
0
0
0
0
0
0
0
0
0
0
0
0
0
0
0
0
0
0
0
0
0
0
0
0
0
0
0
0
0
0
0
0
0
0
0
0
0
0
0
0
0
0
0
0
0
0
0
0
0
0
0
0
0
0
0
0
0
0
0
0
0
0
0
0
0
0
0
0
0
0
0
0
0
0
0
0
0
0
0
0
0
0
0
0
0
0
0
0
0
0
0
0
0
0
0
0
0
0
0
0
0
0
0
0
0
0
0
0
0
0
0
0
0
0
0
0
0
0
0
0
0
0
0
0
0
0
0
0
0
0
0
0
0
0
0
0
0
0
0
0
0
0
0
0
0
0
0
0
0
0
0
0
0
0
0
0
0
0
0
0
0
0
0
0
0
0
0
0
0
0
0
0
0
0
0
0
0
0
0
0
0
0
0
0
0
0
0
0
0
0
0
0
0
0
0
0
0
0
0
0
0
0
0
0
0
0
0
0
0
0
0
0
0
0
0
0
0
0
0
0
0
0
0
0
0
0
0
0
0
0
0
0
0
0
0
0
0
0
0
0
0
0
0
0
0
0
0
0
0
0
0
0
0
0
0
0
0
0
0
0
0
0
0
0
0
0
0
0
0
0
0
0
0
0
0
0
0
0
0
0
0
0
0
0
0
0
0
0
0
0
0
0
0
0
0
0
0
0
0
0
0
0
0
0
0
0
0
0
0
0
0
0
0
0
0
0
0
0
0
0
0
0
0
0
0
0
0
0
0
0
0
0
0
0
0
0
0
0
0
0
0
0
0
0
0
0
0
0
0
0
0
0
0
0
0
0
0
0
0
0
0
0
0
0
0
0
0
0
0
0
0
0
0
0
0
0
0
0
0
0
0
0
0
0
0
0
0
0
0
0
0
0
0
0
0
0
0
0
0
0
0
0
0
0
0
0
0
0
0
0
0
0
0
0
0
0
0
0
0
0
0
0
0
0
0
0
0
0
0
0
0
0
0
0
0
0
0
0
0
0
0
0
0
0
0
0
0
0
0
0
0
0
0
0
0
0
0
0
0
0
0
0
0
0
0
0
0
0
0
0
0
0
0
0
0
0
0
0
0
0
0
0
0
0
0
0
0
0
0
0
0
0
0
0
0
0
0
0
0
0
0
0
0
0
0
0
0
0
0
0
0
0
0
0
0
0
0
0
0
0
0
0
0
0
0
0
0
0
0
0
0
0
0
0
0
0
0
0
0
0
0
0
0
0
0
0
0
0
0
0
0
0
0
0
0
0
0
0
0
0
0
0
0
0
0
0
0
0
0
0
0
0
0
0
0
0
0
0
0
0
0
0
0
0
0
0
0
0
0
0
0
0
0
0
0
0
0
0
0
0
0
0
0
0
0
0
0
0
0
0
0
0
0
0
0
0
0
0
0
0
0
0
0
0
0
0
0
0
0
0
0
0
0
0
0
0
0
0
0
0
0
0
0
0
0
0
0
0
0
0
0
0
0
0
0
0
0
0
0
0
0
0
0
0
0
0
0
0
0
0
0
0
0
0
0
0
0
0
0
0
0
0
0
0
0
0
0
0
0
0
0
0
0
0
0
0
0
0
0
0
0
0
0
0
0
0
0
0
0
0
0
0
0
0
0
0
0
0
0
0
0
0
0
0
0
0
0
0
0
0
0
0
0
0
0
0
0
0
0
0
0
0
0
0
0
0
0
0
0
0
0
0
0
0
0
0
0
0
0
0
0
0
0
0
0
0
0
0
0
0
0
0
0
0
0
0
0
0
0
0
0
0
0
0
0
0
0
0
0
0
0
0
0
0
0
0
0
0
0
0
0
0
0
0
0
0
0
0
0
0
0
0
0
0
0
0
0
0
0
0
0
0
0
0
0
0
0
0
0
0
0
0
0
0
0
0
0
0
0
0
0
0
0
0
0
0
0
0
0
0
0
0
0
0
0
0
0
0
0
0
0
0
0
0
0
0
0
0
0
0
0
0
0
0
0
0
0
0
0
0
0
0
0
0
0
0
0
0
0
0
0
0
0
0
0
0
0
0
0
0
0
0
0
0
0
0
0
0
0
0
0
0
0
0
0
0
0
0
0
0
0
0
0
0
0
0
0
0
0
0
0
0
0
0
0
0
0
0
0
0
0
0
0
0
0
0
0
0
0
0
0
0
0
0
0
0
0
0
0
0
0
0
0
0
0
0
0
0
0
0
0
0
0
0
0
0
0
0
0
0
0
0
0
0
0
0
0
0
0
0
0
0
0
0
0
0
0
0
0
0
0
0
0
0
0
0
0
0
0
0
0
0
0
0
0
0
0
0
0
0
0
0
0
0
0
0
0
0
0
0
0
0
0
0
0
0
0
0
0
0
0
0
0
0
0
0
0
0
0
0
0
0
0
0
0
0
0
0
0
0
0
0
0
0
0
0
0
0
0
0
0
0
0
0
0
0
0
0
0
0
0
0
0
0
0
0
6189.52
2792.48
5119.01
4060.71
3108.39
3569.85
4073.93
6598.25
4502.13
5787.21
8037.66
6240.96
3776.38
7429.95
6796.17
2072.23
3482.66
5659.28
6320.06
4196.78
6664.45
9260.6
10202.7
9747.68
10615.7
10503.1
3979.09
2983.41
2937.98
2430.11
808.454
891.652
815.574
800.514
826.502
742.136
505.532
740.628
1198.21
647.72
727.053
3345.74
8105.31
1489.43
4267.19
9250.4
9293.89
10352.6
2256.64
2408.81
2741.18
676.359
738.462
861.452
637.001
1105.02
937.182
1244.73
1078
996.025
804.019
1498.62
1200.89
1159.04
2862.53
1378.64
2953.86
9307.13
11389
8321.6
2920.65
2370.47
1029.22
2982.95
2439.13
1133.13
697.711
1059.55
795.073
1151.89
997.265
645.003
981.437
876.45
3482.67
2278.91
5823.26
7950.05
2990.78
1192.32
945.216
2310.63
2228.5
2791.94
4100.01
4665.36
9181.85
12247.5
3065.73
6208.02
5629.32
10542
10721.5
11905.7
5809.8
7595.71
10656.2
11706.6
11963.9
11636.7
14020.2
764.689
2642.76
9468.22
1242.97
809.084
11694.6
10659.4
1735.06
1011.41
13603
11965.3
12099.5
12530.6
12135.2
11760.4
8845.25
7897.21
2813.35
331.249
1294
595.055
776.162
1772.99
515.611
9409.76
6794.14
684.396
1159.1
1005.06
1044.03
1965.52
2105.7
865.467
2030.99
9280.01
10885.4
7386.53
4672.84
9569.97
2559.78
2828.01
2421.54
3161.58
4609.63
4882.78
7224.48
8954.79
9609.9
7059.27
4006.82
7352.41
9867.3
11243.6
9405.12
11278.7
10087
6361.37
11011.3
5098.64
7295.64
10164.8
9778.99
11810.6
4176.63
7024.03
10257.2
9597.96
11273.9
8490.14
12087.6
13078
12147.6
11356.9
12130.1
14585.4
11306.9
12411
12044.2
12015.8
13254.6
11861.9
11909.4
13740.4
12746.8
2208.35
2686.24
10756.9
1632.73
1041.53
11106.4
10442.1
2126.2
2197.71
4778.58
9759.28
3123.36
5745.84
606.305
2198.28
341.744
893.239
159.512
697.493
1250.79
503.202
606.634
1088.88
502.895
55.7538
61.7292
158.238
46.2807
60.2092
797.486
1432.16
812.105
660.813
3652.8
232.934
3447.2
46.9297
131.68
151.253
5274.92
9399.2
10539.3
11266.9
10809.6
8009.05
3887.99
5858.65
4066.09
5515.2
11459.4
10233.5
4604.55
189.757
10376.8
2783.31
101.485
11313.3
8389.59
10675.4
11664
9577.11
8331.09
10623
11405.5
11819.9
7852.37
9789.95
10443.4
12398.3
13319.1
13085.2
14080.8
11882.2
11936.2
12534.7
11246.8
11910.3
12211
11330.2
11779.3
11453.8
9694.86
11349.8
6879.55
4914.52
8737.8
10591.9
4102.77
5553.88
11447.1
10739.5
8104.8
9463.83
183.746
63.3338
35.9971
264.917
111.422
61.7348
74.2985
151.657
186.35
508.704
629.614
487.922
1008.92
1066.28
563.033
64.8713
91.6293
57.3389
76.0118
171.57
1659.27
6634.02
875.805
3498.11
6954.25
104.767
140.418
62.2521
81.3765
127.674
6221.36
722.24
127.933
84.7615
107.756
86.9405
172.018
85.3601
136.655
25.3213
2703.92
1140.17
167.671
17.2409
418.774
670.63
51.4182
323.95
160.895
2107.21
7842.14
192.017
419.348
3347.81
1393.28
7629.84
497.946
520.362
2822.08
558.348
12705.7
12115.9
11862.6
11007.7
11123.8
1365
9944.05
6605
9521.7
8623.65
393.458
1431
3959.65
3083.25
2399.24
10196
11074.7
10702.4
9743.4
10447.1
12492.2
10408.5
10221.4
10890.7
122.477
124.103
56.897
61.2321
57.1403
135.28
18.2563
165.682
104.953
6549.48
6825.07
4755.32
9972.02
10817
10210.5
85.5395
202.219
76.6915
79.8022
102.717
7775
3221.85
7697.42
5570.78
423.064
84.0189
79.0121
73.5196
0
31.9907
96.543
16.5822
141.495
84.4826
164.473
100.841
89.6613
81.5647
84.9501
26.1355
407.048
458.873
1508.84
220.616
202.562
444.877
58.5571
75.2931
104.69
142.708
1918.06
155.613
115.937
1339.24
560.035
3252.89
384.763
501.915
2555.3
576.822
4658.03
91.8745
36.3764
1892.76
770.635
2.08462
92.5123
47.7125
49.4368
1757.26
17.5337
16.147
521.051
3855.42
6885.58
11445.8
5504.65
7702.65
10172.2
10507
1395.57
482.743
3824.82
6351.42
96.533
202.912
5.56643
548.95
253.072
346.427
44.7776
151.431
16.7605
9890.7
10210.6
10180.4
4574.31
1270.83
4297.4
49.8909
47.0326
154.276
234.212
766.383
1155.17
59.6915
104.341
184.058
61.3926
3.89752
6.20714e-15
39.6501
302.794
729.846
49.1277
67.3096
69.4698
97.0073
69.7433
72.7125
94.0546
189.382
61.1142
1450.08
64.1735
392.951
14.3123
606.57
36.8224
157.322
1980.71
90.1451
99.5073
118.548
1221.15
136.633
122.81
1116.59
492.369
1792.98
295.898
476.142
1860.54
456.53
13.7868
7.8405
3.06604e-13
8.3845
16.6562
0
7.84421
4.86442
1.18414e-14
25.6865
15.8801
0.23342
3.89697
1785.13
161.249
756.769
380.737
28.9963
278.099
865.29
15.5284
7.00565
56.3732
4.72687
679.41
391.03
305.59
336.1
1987.55
82.1999
464.236
412.083
775.242
369.885
95.9198
137.532
225.397
26.3111
82.7055
1323.27
1113.03
2717.55
36.7126
4.69723
65.0172
1.81323
8913.53
9363.98
11310
608.023
10452.9
598.095
6727.36
20.2266
44.4498
28.4159
11.7611
69.6002
2391.5
1051.65
639.477
351.351
13.1725
63.418
6.10708
11288.1
10446.6
12444.4
423.299
5662.66
162.704
4386.08
74.938
17.1327
48.6236
104.992
51.988
32.2955
30.4804
117.534
83.2606
103.861
34.6124
97.4943
2.63365
20.7212
14.5494
80.5233
54.5428
183.971
136.245
145.842
1113.15
167.064
134.182
1018.51
306.951
1756.48
182.301
225.621
1504.14
260.699
0
6.72247
0
0
10.2283
0
4.08641
3.32921
0
0.282176
0
0
5.22014
0
0
146.346
52.4137
9.28448
3.48755
3.55885
14.1863
0.113884
5.1187
3.30644
464.814
2.4294
163.76
3.06624
3.92858
0
0.016985
176.39
0
3.13817
0
0
0.115271
0
0
203.77
84.98
60.5795
149.558
184.006
104.178
0
0
0
0
0
0
0.186437
85.5003
1.94146e-13
0.00771645
0
0
0
0
22.7479
33.7729
25.0982
17.9631
30.5229
4.70515
4.38195
9.43724
0
4.52926
0
4.15603
0
2.31441
5.4825
0
0
0
0
64.6198
37.7146
44.2831
44.5691
61.6234
31.9162
40.8589
102.263
85.2336
18.7471
22.3657
117.944
3.46522
7.59994
24.357
39.4627
0.963756
13.5844
5.58914
0
0
0
224.924
409.743
201.874
735.832
187.74
174.473
612.46
153.112
1425.48
76.1633
123.596
575.353
231.603
6.38837
2.25863e-13
0
0.28161
1.27442e-13
0
0
0
0
5.63453
0
0
5.01604e-13
0
0.899485
7.8613
7.65996
0
2.72001
3.05523e-13
0
0
4.75218
0
5.79091
0
0.312018
6.99419
0
0
0
0
0
0
0
0
0
0
0
134.376
215.314
162.201
73.3891
345.917
121.986
0
5.67297
7.07255
0
0
0
3.72455e-13
0
0
0
0
0
0
0
49.0596
55.7195
393.11
122.333
126.359
4.71672
5.12701
3.8862
5.9031
4.12715
1.93387
5.32458
0
0
0
0
0
0
0
39.1001
80.0426
51.7128
103.49
95.8255
25.2642
37.1391
140.52
69.3282
7.74405
38.5371
20.553
8.3708e-14
1.67547
21.5218
77.6062
0
19.1138
0
0
0
0
435.426
346.33
151.718
535.298
244.074
92.8249
314.731
107.152
407.036
57.989
68.8345
330.999
94.4174
7.68388
7.42591
0
0.543803
8.65286
0
3.25295e-13
0.131242
0
5.74898
0
0
0
0
0.302152
5.40986
16.4461
9.27307
1.03558
0
0
0.0893218
2.38197
0
0.606914
0
0
3.90248
0
0
0
0
0
52.4673
361.971
118.392
24.6889
103.697
89.2483
0
5.5109
4.11072
4.48964
0
0
0
0
0
0
0
0
0
0
146.776
218.672
363.845
144.992
293.73
1.72785
4.79925
1.7826
0
0
2.64942
0
0
0
0
0
0
0
0
449.011
574.156
12.5234
426.47
95.844
142.833
31.7206
365.556
90.9931
16.1693
17.5788
30.0527
3.30615
4.15625
14.8694
32.7243
0
392.865
343.64
94.0448
312.974
192.066
74.7322
286.636
62.4049
311.312
47.3685
45.8135
154.891
24.6432
0
0
0
0
0
0
0
0
0
0
0
0
0
0
0
5.85269
6.54061
3.40149
1.02162
0
0
0
0
0
0
0
0
4.32897
0
4.69023
0
0
0
23.8741
53.4766
59.3964
3.38458
32.3955
20.5073
0
0
0
0
0
101.661
277.465
171.475
104.062
219.852
0
5.16388
4.92373
0
5.02119
497.797
509.761
21.3024
388.664
48.0144
120.442
17.9531
365.122
70.7
7.05679
4.19687
4.07915
0
9.8925
16.8083
20.0168
16.9922
210.782
146.529
75.384
131.734
92.2727
47.6891
117.505
30.4981
53.4765
21.5181
18.4585
48.6401
26.1525
0
8.64176
0
0
0
0
0
0
0
0
0
4.26028
0
0
0
7.09759e-13
0
4.07979
6.37379
3.74513
0
0
0
3.94289
0
0
0
0
0
0
0
0
0
0
14.5288
11.031
7.61312
8.48114
0
0
0
0
0
0
68.0017
153.386
19.294
30.7877
84.7032
0
0
0
0
0
424.211
275.946
20.0846
259.165
63.2455
64.7082
37.7685
98.6184
57.6087
10.9794
33.7118
6.54067
0
0
8.43865
0
9.21684
97.7398
62.7453
50.8569
19.3171
42.4254
27.5926
32.5486
3.85827
37.8732
28.9693
6.6017
20.1236
9.73055
0
0
0
0
0
0
0
0
0
0
0
0
0
0
0
0
0
0
0
0
0
3.88333
0
4.212
0
0
0
0
0
0
0
0
0
0
0
5.23313
0
9.02491
0.0989164
0
0
0
0
0
13.4611
42.8802
11.7861
2.23937
10.1547
0
0
0
0
0
152.796
22.3421
54.6319
66.6552
56.6764
29.6908
29.2335
51.8942
65.951
0
4.54671
0
5.09339
0
7.68233
0
0
36.954
64.9441
8.16946
23.0929
11.6022
16.0601
19.1711
2.55848
10.5629
12.2905
0
12.1224
12.9771
0
0
0
0
0
0
0
0
0
0
0
0
0
0
0
0
0
0
0
3.76668e-13
0
0
0
0
0
0
0
0
0
0
0
0
0
4.48035
0
0
0
0
0
0
0
0
0
0
1.81679e-15
22.2162
0
0
9.35531
0
4.83369
0
0
0
4.33844
0
11.0432
14.8762
71.2131
0.653276
10.6979
9.39538
17.6917
7.39896
0
0
0
4.82748
0
0
0
68.6687
32.7893
14.766
22.7434
36.7603
14.9395
28.5802
5.05822
1.99793
2.5653
1.37114
9.58181
7.02761
0
0
0
0
0
0
0
0
0
0
0
0
0
0
2.30671
0
0
0
0
0
0
0
0
0
0
0
0
0.601239
0
0
0
0
0
0
0
0
0
0
0
0
0
0
0
0
0
0
0
0
0
0
0
0
0
0
3.82414
0
1.4158
6.03762
15.4234
2.19946
0
8.05217
2.37765
0
0
0
0
0
0
0
0
26.5008
5.35346
10.1883
0
0.589362
3.06648
0
0
0
5.99232
4.05172e-13
10.2305
0
0
0
0
0
0
0
0
0
0
0
0
0
0
3.76076
0
0
0
0
0
0
0
0
0
0
0
0
0
0
0
0
0
0
0
0
0
0
0
0
0
0
0
0
0
0
0
0.0372116
0
0
0
0
0
0
0
0
3.68149
1.067e-13
0
0
5.56114
0
3.79516
0
0.678846
3.86448
2.53389
0
0
0
0
0
0
0
0
4.87063
0
0
1.82736
0
0
0
0
0
0
0
0
0
0
0
0
0
0
0
0
0
0
0
0
0
0
0
0
0
0
0
0
0
0
0
0
0
0
0
0
0
0
0
0
0
0
0
0
0
0
0
0
0
0
0
0
0
0
0
0
0
0
0
0
0
0
0
3.29451e-13
0
2.3544
0
0
0
0
0
0
0
0
0
0
0
0
0
0
4.79806
0
0
4.328e-14
0
0
0
0
0
0
0
0
0
0
0
0
0
0
0
0
0
0
0
0
0
0
0
0
0
0
0
0
0
0
0
0
0
0
0
0
0
0
0
0
0
0
0
0
0
0
0
0
0
0
0
3.39509
0
0
0
0
0
0
0
0
0
0
0
0
0
0
0
0
0
0
0
0
0
0
0
0
0
0
0
0
0
0
3.47066
0
0
0
0
0
0
0
0
0
0
0
0
0
0
0
0
0
0
0
0
0
0
0
0
0
0
0
0
0
0
0
0
0
0
0
0
0
0
0
0
0
0
0
0
0
0
0
0
0
0
0
0
0
0
0
0
0
0
0
0
0
0
0
0
0
0
0
0
0
0
0
0
0
0
0
0
0
0
0
0
0
0
0
0
0
0
0
0
0
0
0
0
0
0
0
0
0
0
0
0
0
0
0
0
0
0
0
0
0
0
0
0
0
0
0
0
0
0
0
0
0
0
0
0
0
0
0
0
0
0
0
0
0
0
0
0
0
0.381938
0
0
4.27261
0
0
0
0
0
0
0
0
0
0
0
0
0
0
0
0
0
0
0
0
0
0
0
0
0
0
0
0
0
0
0
0
0
0
0
0
0
0
0
0
0
0
0
0
0
0
0
0
0
0
0
0
0
0
0
0
0
0
0
0
0
0
0
0
0
0
0
0
0
0
0
0
0
0
0
0
0
0
0
0
0
0
0
0
0
0
0
0
0
0
0
0
0
0
0
0
0
0
0
0
0
0
0
0
0
0
0
0
0
0
0
0
0
0
0
0
0
0
0
0
0
0
0
0
0
0
0
0
0
0
0
0
0
0
0
0
0
0
0
0
0
0
0
0
0
0
0
0
0
0
0
0
0
0
0
0
0
0
0
0
0
0
0
0
0
0
0
0
0
0
0
0
0
0
0
0
0
0
0
0
0
0
0
0
0
0
0
0
0
0
0
0
0
0
0
0
0
0
0
0
0
0
0
0
0
0
0
0
0
0
0
0
0
0
0
0
0
0
0
0
0
0
0
0
0
0
0
0
0
0
0
0
0
0
0
0
0
0
0
0
0
0
0
0
0
0
0
0
0
0
0
0
0
0
0
0
0
0
0
0
0
0
0
0
0
0
0
0
0
0
0
0
0
0
0
0
0
0
0
0
0
0
0
0
0
0
0
0
0
0
0
0
0
0
0
0
0
0
0
0
0
0
0
0
0
0
0
0
0
0
0
0
0
0
0
0
0
0
0
0
0
0
0
0
0
0
0
0
0
0
0
0
0
0
0
0
0
0
0
0
0
0
0
0
0
0
0
0
0
0
0
0
0
0
0
0
0
0
0
0
0
0
0
0
0
0
0
0
0
0
0
0
0
0
0
0
0
0
0
0
0
0
0
0
0
0
0
0
0
0
0
0
0
0
0
0
0
0
0
0
0
0
0
0
0
0
0
0
0
0
0
0
0
0
0
0
0
0
0
0
0
0
0
0
0
0
0
0
0
0
0
0
0
0
0
0
0
0
0
0
0
0
0
0
0
0
0
0
0
0
0
0
0
0
0
0
0
0
0
0
0
0
0
0
0
0
0
0
0
0
0
0
0
0
0
0
0
0
0
0
0
0
0
0
0
0
0
0
0
0
0
0
0
0
0
0
0
0
0
0
0
0
0
0
0
0
0
0
0
0
0
0
0
0
0
0
0
0
0
0
0
0
0
0
0
0
0
0
0
0
0
0
0
0
0
0
0
0
0
0
0
0
0
0
0
0
0
0
0
0
0
0
0
0
0
0
0
0
0
0
0
0
0
0
0
0
0
0
0
0
0
0
0
0
0
0
0
0
0
0
0
0
0
0
0
0
0
0
0
0
0
0
0
0
0
0
0
0
0
0
0
0
0
0
0
0
0
0
0
0
0
0
0
0
0
0
0
0
0
0
0
0
0
0
0
0
0
0
0
0
0
0
0
0
0
0
0
0
0
0
0
0
0
0
0
0
0
0
0
0
0
0
0
0
0
0
0
0
0
0
0
0
0
0
0
0
0
0
0
0
0
0
0
0
0
0
0
0
0
0
0
0
0
0
0
0
0
0
0
0
0
0
0
0
0
0
0
0
0
0
0
0
0
0
0
0
0
0
0
0
0
0
0
0
0
0
0
0
0
0
0
0
0
0
0
0
0
0
0
0
0
0
0
0
0
0
0
0
0
0
0
0
0
0
0
0
0
0
0
0
0
0
0
0
0
0
0
0
0
0
0
0
0
0
0
0
0
0
0
0
0
0
0
0
0
0
0
0
0
0
0
0
0
0
0
0
0
0
0
0
0
0
0
0
0
0
0
0
0
0
0
0
0
0
0
0
0
0
0
0
0
0
0
0
0
0
0
0
0
0
0
0
0
0
0
0
0
0
0
0
0
0
0
0
0
0
0
0
0
0
0
0
0
0
0
0
0
0
0
0
0
0
0
0
0
0
0
0
0
0
0
0
0
0
0
0
0
0
0
0
0
0
0
0
0
0
0
0
0
0
0
0
0
0
0
0
0
0
0
0
0
0
0
0
0
0
0
0
0
0
0
0
0
0
0
0
0
0
0
0
0
0
0
0
0
0
0
0
0
0
0
0
0
0
0
0
0
0
0
0
0
0
0
0
0
0
0
0
0
0
0
0
0
0
0
0
0
0
0
0
0
0
0
0
0
0
0
0
0
0
0
0
0
0
0
0
0
0
0
0
0
0
0
0
0
0
0
0
0
0
0
0
0
0
0
0
0
0
0
0
0
0
0
0
0
0
0
0
0
0
0
0
0
0
0
0
0
0
0
0
0
0
0
0
0
0
0
0
0
0
0
0
0
0
0
0
0
0
0
0
0
0
0
0
0
0
0
0
0
0
0
0
0
0
0
0
0
0
0
0
0
0
0
0
0
0
0
0
0
0
0
0
0
0
0
0
0
0
0
0
0
0
0
0
0
0
0
0
0
0
0
0
0
0
0
0
0
0
0
0
0
0
0
0
0
0
0
0
0
0
0
0
0
0
0
0
0
0
0
0
0
0
0
0
0
0
0
0
0
0
0
0
0
0
0
0
0
0
0
0
0
0
0
0
0
0
0
0
0
0
0
0
0
0
0
0
0
0
0
0
0
0
0
0
0
0
0
0
0
0
0
0
0
0
0
0
0
0
0
0
0
0
0
0
0
0
0
0
0
0
0
0
0
0
0
0
0
0
0
0
0
0
0
0
0
0
0
0
0
0
0
0
0
0
0
0
0
0
0
0
0
0
0
0
0
0
0
0
0
0
0
0
0
0
0
0
0
0
0
0
0
0
0
0
0
0
0
0
0
0
0
0
0
0
0
0
0
0
0
0
0
0
0
0
0
0
0
0
0
0
0
0
0
0
0
0
0
0
0
0
0
0
0
0
0
0
0
0
0
0
0
0
0
0
0
0
0
0
0
0
0
0
0
0
0
0
0
0
0
0
0
0
0
0
0
0
0
0
0
0
0
0
0
0
0
0
0
0
0
0
0
0
0
0
0
0
0
0
0
0
0
0
0
0
0
0
0
0
0
0
0
0
0
0
0
0
0
0
0
0
0
0
0
0
0
0
0
0
0
0
0
0
0
0
0
0
0
0
0
0
0
0
0
0
0
0
0
0
0
0
0
0
0
0
0
0
0
0
0
0
0
0
0
0
0
0
0
0
0
0
0
0
0
0
0
0
0
0
0
0
0
0
0
0
0
0
0
0
0
0
0
0
0
0
0
0
0
0
0
0
0
0
0
0
0
0
0
0
0
0
0
0
0
0
0
0
0
0
0
0
0
0
0
0
0
0
0
0
0
0
0
0
0
0
0
0
0
0
0
0
0
0
0
0
0
0
0
0
0
0
0
0
0
0
0
0
0
0
0
0
0
0
0
0
0
0
0
0
0
0
0
0
0
0
0
0
0
0
0
0
0
0
0
0
0
0
0
0
0
0
0
0
0
0
0
0
0
0
0
0
0
0
0
0
0
0
0
0
0
0
0
0
0
0
0
0
0
0
0
0
0
0
0
0
0
0
0
0
0
0
0
0
0
0
0
0
0
0
0
0
0
0
0
0
0
0
0
0
0
0
0
0
0
0
0
0
0
0
0
0
0
0
0
0
0
0
0
0
0
0
0
0
0
0
0
0
0
0
0
0
0
0
0
0
0
0
0
0
0
0
0
0
0
0
0
0
0
0
0
0
0
0
0
0
0
0
0
0
0
0
0
0
0
0
0
0
0
0
0
0
0
0
0
0
0
0
0
0
0
0
0
0
0
0
0
0
0
0
0
0
0
0
0
0
0
0
0
0
0
0
0
0
0
0
0
0
0
0
0
0
0
0
0
0
0
0
0
0
0
0
0
0
0
0
0
0
0
0
0
0
0
0
0
0
0
0
0
0
0
0
0
0
0
0
0
0
0
0
0
0
0
0
0
0
0
0
0
0
0
0
0
0
0
0
0
0
0
0
0
0
0
0
0
0
0
0
0
0
0
0
0
0
0
0
0
0
0
0
0
0
0
0
0
0
0
0
0
0
0
0
0
0
0
0
0
0
0
0
0
0
0
0
0
0
0
0
0
0
0
0
0
0
0
0
0
0
0
0
0
0
0
0
0
0
0
0
0
0
0
0
0
0
0
0
0
0
0
0
0
0
0
0
0
0
0
0
0
0
0
0
0
0
0
0
0
0
0
0
0
0
0
0
0
0
0
0
0
0
0
0
0
0
0
0
0
0
0
0
0
0
0
0
0
0
0
0
0
0
0
0
0
0
0
0
0
0
0
0
0
0
0
0
0
0
0
0
0
0
0
0
0
0
0
0
0
0
0
0
0
0
0
0
0
0
0
0
0
0
0
0
0
0
0
0
0
0
0
0
0
0
0
0
0
0
0
0
0
0
0
0
0
0
0
0
0
0
0
0
0
0
0
0
0
0
0
0
0
0
0
0
0
0
0
0
0
0
0
0
0
0
0
0
0
0
0
0
0
0
0
0
0
0
0
0
0
0
0
0
0
0
0
0
0
0
0
0
0
0
0
0
0
0
0
0
0
0
0
0
0
0
0
0
0
0
0
0
0
0
0
0
0
0
0
0
0
0
0
0
0
0
0
0
0
0
0
0
0
0
0
0
0
0
0
0
0
0
0
0
0
0
0
0
0
0
0
0
0
0
0
0
0
0
0
0
0
0
0
0
0
0
0
0
0
0
0
0
0
0
0
0
0
0
0
0
0
0
0
0
0
0
0
0
0
0
0
0
0
0
0
0
0
0
0
0
0
0
0
0
0
0
0
0
0
0
0
0
0
0
0
0
0
0
0
0
0
0
0
0
0
0
0
0
0
0
0
0
0
0
0
0
0
0
0
0
0
0
0
0
0
0
0
0
0
0
0
0
0
0
0
0
0
0
0
0
0
0
0
0
0
0
0
0
0
0
0
0
0
0
0
0
0
0
0
0
0
0
0
0
0
0
0
0
0
0
0
0
0
0
0
0
0
0
0
0
0
0
0
0
0
0
0
0
0
0
0
0
0
0
0
0
0
0
0
0
0
0
0
0
0
0
0
0
0
0
0
0
0
0
0
0
0
0
0
0
0
0
0
0
0
0
0
0
0
0
0
0
0
0
0
0
0
0
0
0
0
0
0
0
0
0
0
0
0
0
0
0
0
0
0
0
0
0
0
0
0
0
0
0
0
0
0
0
0
0
0
0
0
0
0
0
0
0
0
0
0
0
0
0
0
0
0
0
0
0
0
0
0
0
0
0
0
0
0
0
0
0
0
0
0
0
0
0
0
0
0
0
0
0
0
0
0
0
0
0
0
0
0
0
0
0
0
0
0
0
0
0
0
0
0
0
0
0
0
0
0
0
0
0
0
0
0
0
0
0
0
0
0
0
0
0
0
0
0
0
0
0
0
0
0
0
0
0
0
0
0
0
0
0
0
0
0
0
0
0
0
0
0
0
0
0
0
0
0
0
0
0
0
0
0
0
0
0
0
0
0
0
0
0
0
0
0
0
0
0
0
0
0
0
0
0
0
0
0
0
0
0
0
0
0
0
0
0
0
0
0
0
0
0
0
0
0
0
0
0
0
0
0
0
0
0
0
0
0
0
0
0
0
0
0
0
0
0
0
0
0
0
0
0
0
0
0
0
0
0
0
0
0
0
0
0
0
0
0
0
0
0
0
0
0
0
0
0
0
0
0
0
0
0
0
0
0
0
0
0
0
0
0
0
0
0
0
0
0
0
0
0
0
0
0
0
0
0
0
0
0
0
0
0
0
0
0
0
0
0
0
0
0
0
0
0
0
0
0
0
0
0
0
0
0
0
0
0
0
0
0
0
0
0
0
0
0
0
0
0
0
0
0
0
0
0
0
0
0
0
0
0
0
0
0
0
0
0
0
0
0
0
0
0
0
0
0
0
0
0
0
0
0
0
0
0
0
0
0
0
0
0
0
0
0
0
0
0
0
0
0
0
0
0
0
0
0
0
0
0
0
0
0
0
0
0
0
0
0
0
0
0
0
0
0
0
0
0
0
0
0
0
0
0
0
0
0
0
0
0
0
0
0
0
0
0
0
0
0
0
0
0
0
0
0
0
0
0
0
0
0
0
0
0
0
0
0
0
0
0
0
0
0
0
0
0
0
0
0
0
0
0
0
0
0
0
0
0
0
0
0
0
0
0
0
0
0
0
0
0
0
0
0
0
0
0
0
0
0
0
0
0
0
0
0
0
0
0
0
0
0
0
0
0
0
0
0
0
0
0
0
0
0
0
0
0
0
0
0
0
0
0
0
0
0
0
0
0
0
0
0
0
0
0
0
0
0
0
0
0
0
0
0
0
0
0
0
0
0
0
0
0
0
0
0
0
0
0
0
0
0
0
0
0
0
0
0
0
0
0
0
0
0
0
0
0
0
0
0
0
0
0
0
0
0
0
0
0
0
0
0
0
0
0
0
0
0
0
0
0
0
0
0
0
0
0
0
0
0
0
0
0
0
0
0
0
0
0
0
0
0
0
0
0
0
0
0
0
0
0
0
0
0
0
0
0
0
0
0
0
0
0
0
0
0
0
0
0
0
0
0
0
0
0
0
0
0
0
0
0
0
0
0
0
0
0
0
0
0
0
0
0
0
0
0
0
0
0
0
0
0
0
0
0
0
0
0
0
0
0
0
0
0
0
0
0
0
0
0
0
0
0
0
0
0
0
0
0
0
0
0
0
0
0
0
0
0
0
0
0
0
0
0
0
0
0
0
0
0
0
0
0
0
0
0
0
0
0
0
0
0
0
0
0
0
0
0
0
0
0
0
0
0
0
0
0
0
0
0
0
0
0
0
0
0
0
0
0
0
0
0
0
0
0
0
0
0
0
0
0
0
0
0
0
0
0
0
0
0
0
0
0
0
0
0
0
0
0
0
0
0
0
0
0
0
0
0
0
0
0
0
0
0
0
0
0
0
0
0
0
0
0
0
0
0
0
0
0
0
0
0
0
0
0
0
0
0
0
0
0
0
0
0
0
0
0
0
0
0
0
0
0
0
0
0
0
0
0
0
0
0
0
0
0
0
0
0
0
0
0
0
0
0
0
0
0
0
0
0
0
0
0
0
0
0
0
0
0
0
0
0
0
0
0
0
0
0
0
0
0
0
0
0
0
0
0
0
0
0
0
0
0
0
0
0
0
0
0
0
0
0
0
0
0
0
0
0
0
0
0
0
0
0
0
0
0
0
0
0
0
0
0
0
0
0
0
0
0
0
0
0
0
0
0
0
0
0
0
0
0
0
0
0
0
0
0
0
0
0
0
0
0
0
0
0
0
0
0
0
0
0
0
0
0
0
0
0
0
0
0
0
0
0
0
0
0
0
0
0
0
0
0
0
0
0
0
0
0
0
0
0
0
0
0
0
0
0
0
0
0
0
0
0
0
0
0
0
0
0
0
0
0
0
0
0
0
0
0
0
0
0
0
0
0
0
0
0
0
0
0
0
0
0
0
0
0
0
0
0
0
0
0
0
0
0
0
0
0
0
0
0
0
0
0
0
0
0
0
0
0
0
0
0
0
0
0
0
0
0
0
0
0
0
0
0
0
0
0
0
0
0
0
0
0
0
0
0
0
0
0
0
0
0
0
0
0
0
0
0
0
0
0
0
0
0
0
0
0
0
0
0
0
0
0
0
0
0
0
0
0
0
0
0
0
0
0
0
0
0
0
0
0
0
0
0
0
0
0
0
0
0
0
0
0
0
0
0
0
0
0
0
0
0
0
0
0
0
0
0
0
0
0
0
0
0
0
0
0
0
0
0
0
0
0
0
0
0
0
0
0
0
0
0
0
0
0
0
0
0
0
0
0
0
0
0
0
0
0
0
0
0
0
0
0
0
0
0
0
0
0
0
0
0
0
0
0
0
0
0
0
0
0
0
0
0
0
0
0
0
0
0
0
0
0
0
0
0
0
0
0
0
0
0
0
0
0
0
0
0
0
0
0
0
0
0
0
0
0
0
0
0
0
0
0
0
0
0
0
0
0
0
0
0
0
0
0
0
0
0
0
0
0
0
0
0
0
0
0
0
0
0
0
0
0
0
0
0
0
0
0
0
0
0
0
0
0
0
0
0
0
0
0
0
0
0
0
0
0
0
0
0
0
0
0
0
0
0
0
0
0
0
0
0
0
0
0
0
0
0
0
0
0
0
0
0
0
0
0
0
0
0
0
0
0
0
0
0
0
0
0
0
0
0
0
0
0
0
0
0
0
0
0
0
0
0
0
0
0
0
0
0
0
0
0
0
0
0
0
0
0
0
0
0
0
0
0
0
0
0
0
0
0
0
0
0
0
0
0
0
0
0
0
0
0
0
0
0
0
0
0
0
0
0
0
0
0
0
0
0
0
0
0
0
0
0
0
0
0
0
0
0
0
0
0
0
0
0
0
0
0
0
0
0
0
0
0
0
0
0
0
0
0
0
0
0
0
0
0
0
0
0
0
0
0
0
0
0
0
0
0
0
0
0
0
0
0
0
0
0
0
0
0
0
0
0
0
0
0
0
0
0
0
0
0
0
0
0
0
0
0
0
0
0
0
0
0
0
0
0
0
0
0
0
0
0
0
0
0
0
0
0
0
0
0
0
0
0
0
0
0
0
0
0
0
0
0
0
0
0
0
0
0
0
0
0
0
0
0
0
0
0
0
0
0
0
0
0
0
0
0
0
0
0
0
0
0
0
0
0
0
0
0
0
0
0
0
0
0
0
0
0
0
0
0
0
0
0
0
0
0
0
0
0
0
0
0
0
0
0
0
0
0
0
0
0
0
0
0
0
0
0
0
0
0
0
0
0
0
0
0
0
0
0
0
0
0
0
0
0
0
0
0
0
0
0
0
0
0
0
0
0
0
0
0
0
0
0
0
0
0
0
0
0
0
0
0
0
0
0
0
0
0
0
0
0
0
0
0
0
0
0
0
0
0
0
0
0
0
0
0
0
0
0
0
0
0
0
0
0
0
0
0
0
0
0
0
0
0
0
0
0
0
0
0
0
0
0
0
0
0
0
0
0
0
0
0
0
0
0
0
0
0
0
0
0
0
0
0
0
0
0
0
0
0
0
0
0
0
0
0
0
0
0
0
0
0
0
0
0
0
0
0
0
0
0
0
0
0
0
0
0
0
0
0
0
0
0
0
0
0
0
0
0
0
0
0
0
0
0
0
0
0
0
0
0
0
0
0
0
0
0
0
0
0
0
0
0
0
0
0
0
0
0
0
0
0
0
0
0
0
0
0
0
0
0
0
0
0
0
0
0
0
0
0
0
0
0
0
0
0
0
0
0
0
0
0
0
0
0
0
0
0
0
0
0
0
0
0
0
0
0
0
0
0
0
0
0
0
0
0
0
0
0
0
0
0
0
0
0
0
0
0
0
0
0
0
0
0
0
0
0
0
0
0
0
0
0
0
0
0
0
0
0
0
0
0
0
0
0
0
0
0
0
0
0
0
0
0
0
0
0
0
0
0
0
0
0
0
0
0
0
0
0
0
0
0
0
0
0
0
0
0
0
0
0
0
0
0
0
0
0
0
0
0
0
0
0
0
0
0
0
0
0
0
0
0
0
0
0
0
0
0
0
0
0
0
0
0
0
0
0
0
0
0
0
0
0
0
0
0
0
0
0
0
0
0
0
0
0
0
0
0
0
0
0
0
0
0
0
0
0
0
0
0
0
0
0
0
0
0
0
0
0
0
0
0
0
0
0
0
0
0
0
0
0
0
0
0
0
0
0
0
0
0
0
0
0
0
0
0
0
0
0
0
0
0
0
0
0
0
0
0
0
0
0
0
0
0
0
0
0
0
0
0
0
0
0
0
0
0
0
0
0
0
0
0
0
0
0
0
0
0
0
0
0
0
0
0
0
0
0
0
0
0
0
0
0
0
0
0
0
0
0
0
0
0
0
0
0
0
0
0
0
0
0
0
0
0
0
0
0
0
0
0
0
0
0
0
0
0
0
0
0
0
0
0
0
0
0
0
0
0
0
0
0
0
0
0
0
0
0
0
0
0
0
0
0
0
0
0
0
0
0
0
0
0
0
0
0
0
0
0
0
0
0
0
0
0
0
0
0
0
0
0
0
0
0
0
0
0
0
0
0
0
0
0
0
0
0
0
0
0
0
0
0
0
0
0
0
0
0
0
0
0
0
0
0
0
0
0
0
0
0
0
0
0
0
0
0
0
0
0
0
0
0
0
0
0
0
0
0
0
0
0
0
0
0
0
0
0
0
0
0
0
0
0
0
0
0
0
0
0
0
0
0
0
0
0
0
0
0
0
0
0
0
0
0
0
0
0
0
0
0
0
0
0
0
0
0
0
0
0
0
0
0
0
0
0
0
0
0
0
0
0
0
0
0
0
0
0
0
0
0
0
0
0
0
0
0
0
0
0
0
0
0
0
0
0
0
0
0
0
0
0
0
0
0
0
0
0
0
0
0
0
0
0
0
0
0
0
0
0
0
0
0
0
0
0
0
0
0
0
0
0
0
0
0
0
0
0
0
0
0
0
0
0
0
0
0
0
0
0
0
0
0
0
0
0
0
0
0
0
0
0
0
0
0
0
0
0
0
0
0
0
0
0
0
0
0
0
0
0
0
0
0
0
0
0
0
0
0
0
0
0
0
0
0
0
0
0
0
0
0
0
0
0
0
0
0
0
0
0
0
0
0
0
0
0
0
0
0
0
0
0
0
0
0
0
0
0
0
0
0
0
0
0
0
0
0
0
0
0
0
0
0
0
0
0
0
0
0
0
0
0
0
0
0
0
0
0
0
0
0
0
0
0
0
0
0
0
0
0
0
0
0
0
0
0
0
0
0
0
0
0
0
0
0
0
0
0
0
0
0
0
0
0
0
0
0
0
0
0
0
8785.22
1694.19
4945.08
10406.8
10934.8
2616.61
7980.88
9824.43
8254.67
10213.2
11492.4
11972.5
10444.3
11702.7
832.723
475.789
536.809
193.124
200.145
118.789
54.4423
1623.99
881.205
2282.72
382.282
3756.69
402.508
3418.33
4923.12
3341.28
3971.8
9733.73
10812.6
8403.18
9073.53
11948
4873.62
8264.43
8990.93
4906.15
6863.41
2410.1
482.934
809.715
778.05
573.887
400.477
2311.19
2928.92
2642.16
2557.09
3676.15
3033.23
7555.35
7261.83
11126.3
5206.07
6035.47
6460.91
10645.8
10109.8
12055.1
11300
7289.62
5843.36
6786.92
8609.01
5487.4
10609.5
10570.3
4268.96
5351.74
4102.41
10133.6
11154
10483.3
10332.6
5599.59
3169.87
4134.38
12221.6
12194.7
10741.6
11647.6
11313.5
5098.69
10550.5
10914.7
11641.1
7877.48
10893.2
11707.4
11418.5
11047.7
11658.8
11332.8
11373.8
8929.22
131.296
505.251
241.932
326.501
247.549
501.703
261.64
794.61
3823.05
6161.85
1615.54
3047.67
6234.88
7581.08
11893.8
10246
11200.9
11337.9
11699.6
10866.7
11032.1
10480.7
10980.8
4868.1
11301.6
8625.53
10608.3
4127.12
180.222
350.614
477.298
394.716
1948.01
344.771
1117.25
4438.29
5484.63
1813.49
3978.23
5847.06
1808.27
605.216
11604.3
11800.2
11471.9
10674.1
10933.5
11404.7
10457.4
6092.52
8258.34
8017.21
1908.62
808.041
750.899
810.441
7827.77
2841.5
7372.71
10554.1
10990.2
10162
10537.4
4488.82
1034.43
307.543
4161.05
1126.96
185.692
109.338
6670.75
11163.4
5869.92
3244.38
602.13
9907.5
709.313
584.924
144.858
332.31
16.9175
485.298
12.2873
175.433
11177.4
9877.33
6802.15
8680.02
11048.1
5918.39
2272.38
267.874
64.8918
63.8158
111.904
80.292
26.6169
63.4784
33.2773
646.065
40.1591
1.66925
3.92812
9.48665
3.99602
75.3608
8.97349
48.9174
0
0.975994
0
3.87539
3842.89
964.994
245.59
84.0004
36.7513
176.055
30.4129
99.7759
30.6089
86.2103
75.9094
60.5483
62.2254
72.5202
4.41422
3.67992e-13
3.28862
3.58698
0
0
0
4.13819
0
5.05163
0
0.170867
7.19586
0
5.62672
94.2311
76.9357
24.995
12.8127
24.3237
34.9397
102.646
83.9428
50.0829
58.5003
119.002
63.4341
82.3251
0
0
0
0
0
0
0
4.58087
5.43594e-13
0
0
3.43313e-13
4.8474
0
5.23044
43.9649
2.73951
79.0342
5.63926
28.2914
5.32875
96.3215
36.2742
45.1808
23.897
80.6583
23.9845
38.1631
0
4.30016
0
0
0
0
0
0
0
0
0
0
0
0
7.61711
60.4885
7.20898
3.40526
0
75.0766
0.28574
22.4471
18.5657
43.3677
27.7088
5.9294
11.7216
30.9294
0
0
1.28334
0
0
0
8.90483
0
0
0
0
0
0
0
3.83705
57.012
14.1713
0
0
15.8374
7.45303
27.1141
25.8483
30.1081
75.5828
11.8404
13.3455
28.9647
0
0
0
0
0
0
0
0
0
0
0
0
0
0
3.79277
12.0058
9.34278
0
3.70932
1.56924e-14
4.73396e-13
11.4327
33.4509
27.9614
46.0902
9.61754
91.8409
26.3756
8.16406
0
0
2.22265
5.93603e-13
0
0
0
0
0
0
0
4.91211
0
0
3.56938
0
3.48208
0
0
0
5.26464
76.1256
34.7789
8.10707
0
26.0279
6.81743
0
0
0
0
0
0
0
0
0
5.02575
0
0
0
0
0
0
0
0
0
0
0
0
9.70225
6.05506
4.95812
0
0
3.56698
0
0
0
0
0
0
0
0
0
0
0
0
0
0
0
0
0
0
0
0
0
0
3.04278
0.167464
0
0
0
0
0
0
0
0
0
0
0
0
0
0
0
0
0
0
0
0
0
4.30758
0
0
0
0
0
0
0
0
0
0
0
0
0
0
0
0
0
0
0
0
0
0
0
0
0
0
0
0
0
0
0
0
0
0
0
0
0
0
0
0
0
0
0
0
0
0
0
0
0
0
0
0
0
0
0
0
0
0
0
0
0
0
0
0
0
0
0
0
0
0
0
0
0
0
0
0
0
0
0
0
0
0
0
0
0
0
0
0
0
0
0
0
0
0
0
0
0
0
0
0
0
0
0
0
0
0
0
0
0
0
0
0
0
0
0
0
0
0
0
0
0
0
0
0
0
0
0
0
0
0
0
0
0
0
0
0
0
0
0
0
0
0
0
0
0
0
0
0
0
0
0
0
0
0
0
0
0
0
0
0
0
0
0
0
0
0
0
0
0
0
0
0
0
0
0
0
0
0
0
0
0
0
0
0
0
0
0
0
0
0
0
0
0
0
0
0
0
0
0
0
0
0
0
0
0
0
0
0
0
0
0
0
0
0
0
0
0
0
0
0
0
0
0
0
0
0
0
0
0
0
0
0
0
0
0
0
0
0
0
0
0
0
0
0
0
0
0
0
0
0
0
0
0
0
0
0
0
0
0
0
0
0
0
0
0
0
0
0
0
0
0
0
0
0
0
0
0
0
0
0
0
0
0
0
0
0
0
0
0
0
0
0
0
0
0
0
0
0
0
0
0
0
0
0
0
0
0
0
0
0
0
0
0
0
0
0
0
0
0
0
0
0
0
0
0
0
0
0
0
0
0
0
0
0
0
0
0
0
0
0
0
0
0
0
0
0
0
0
0
0
0
0
0
0
0
0
0
0
0
0
0
0
0
0
0
0
0
0
0
0
0
0
0
0
0
0
0
0
0
0
0
0
0
0
0
0
0
0
0
0
0
0
0
0
0
0
0
0
0
0
0
0
0
0
0
0
0
0
0
0
0
0
0
0
0
0
0
0
0
0
0
0
0
0
0
0
0
0
0
0
0
0
0
0
0
0
0
0
0
0
0
0
0
0
0
0
0
0
0
0
0
0
0
0
0
0
0
0
0
0
0
0
0
0
0
0
0
0
0
0
0
0
0
0
0
0
0
0
0
0
0
0
0
0
0
0
0
0
0
0
0
0
0
0
0
0
0
0
0
0
0
0
0
0
0
0
0
0
0
0
0
0
0
0
0
0
0
0
0
0
0
0
0
0
0
0
0
0
0
0
0
0
0
0
0
0
0
0
0
0
0
0
0
0
0
0
0
0
0
0
0
0
0
0
0
0
0
0
0
0
0
0
0
0
0
0
0
0
0
0
0
0
0
0
0
0
0
0
0
0
0
0
0
0
0
0
0
0
0
0
0
0
0
0
0
0
0
0
0
0
0
0
0
0
0
0
0
0
0
0
0
0
0
0
0
0
0
0
0
0
0
0
0
0
0
0
0
0
0
0
0
0
0
0
0
0
0
0
0
0
0
0
0
0
0
0
0
0
0
0
0
0
0
0
0
0
0
0
0
0
0
0
0
0
0
0
0
0
0
0
0
0
0
0
0
0
0
0
0
0
0
0
0
0
0
0
0
0
0
0
0
0
0
0
0
0
0
0
0
0
0
0
0
0
0
0
0
0
0
0
0
0
0
0
0
0
0
0
0
0
0
0
0
0
0
0
0
0
0
0
0
0
0
0
0
0
0
0
0
0
0
0
0
0
0
0
0
0
0
0
0
0
0
0
0
0
0
0
0
0
0
0
0
0
0
0
0
0
0
0
0
0
0
0
0
0
0
0
0
0
0
0
0
0
0
0
0
0
0
0
0
0
0
0
0
0
0
0
0
0
0
0
0
0
0
0
0
0
0
0
0
0
0
0
0
0
0
0
0
0
0
0
0
0
0
0
0
0
0
0
0
0
0
0
0
0
0
0
0
0
0
0
0
0
0
0
0
0
0
0
0
0
0
0
0
0
0
0
0
0
0
0
0
0
0
0
0
0
0
0
0
0
0
0
0
0
0
0
0
0
0
0
0
0
0
0
0
0
0
0
0
0
0
0
0
0
0
0
0
0
0
0
0
0
0
0
0
0
0
0
0
0
0
0
0
0
0
0
0
0
0
0
0
0
0
0
0
0
0
0
0
0
0
0
0
0
0
0
0
0
0
0
0
0
0
0
0
0
0
0
0
0
0
0
0
0
0
0
0
0
0
0
0
0
0
0
0
0
0
0
0
0
0
0
0
0
0
0
0
0
0
0
0
0
0
0
0
0
0
0
0
0
0
0
0
0
0
0
0
0
0
0
0
0
0
0
0
0
0
0
0
0
0
0
0
0
0
0
0
0
0
0
0
0
0
0
0
0
0
0
0
0
0
0
0
0
0
0
0
0
0
0
0
0
0
0
0
0
0
0
0
0
0
0
0
0
0
0
0
0
0
0
0
0
0
0
0
0
0
0
0
0
0
0
0
0
0
0
0
0
0
0
0
0
0
0
0
0
0
0
0
0
0
0
0
0
0
0
0
0
0
0
0
0
0
0
0
0
0
0
0
0
0
0
0
0
0
0
0
0
0
0
0
0
0
0
0
0
0
0
0
0
0
0
0
0
0
0
0
0
0
0
0
0
0
0
0
0
0
0
0
0
0
0
0
0
0
0
0
0
0
0
0
0
0
0
0
0
0
0
0
0
0
0
0
0
0
0
0
0
0
0
0
0
0
0
0
0
0
0
0
0
0
0
0
0
0
0
0
0
0
0
0
0
0
0
0
0
0
0
0
0
0
0
0
0
0
0
0
0
0
0
0
0
0
0
0
0
0
0
0
0
0
0
0
0
0
0
0
0
0
0
0
0
0
0
0
0
0
0
0
0
0
0
0
0
0
0
0
0
0
0
0
0
0
0
0
0
0
0
0
0
0
0
0
0
0
0
0
0
0
0
0
0
0
0
0
0
0
0
0
0
0
0
0
0
0
0
0
0
0
0
0
0
0
0
0
0
0
0
0
0
0
0
0
0
0
0
0
0
0
0
0
0
0
0
0
0
0
0
0
0
0
0
0
0
0
0
0
0
0
0
0
0
0
0
0
0
0
0
0
0
0
0
0
0
0
0
0
0
0
0
0
0
0
0
0
0
0
0
0
0
0
0
0
0
0
0
0
0
0
0
0
0
0
0
0
0
0
0
0
0
0
0
0
0
0
0
0
0
0
0
0
0
0
0
0
0
0
0
0
0
0
0
0
0
0
0
0
0
0
0
0
0
0
0
0
0
0
0
0
0
0
0
0
0
0
0
0
0
0
0
0
0
0
0
0
0
0
0
0
0
0
0
0
0
0
0
0
0
0
0
0
0
0
0
0
0
0
0
0
0
0
0
0
0
0
0
0
0
0
0
0
0
0
0
0
0
0
0
0
0
0
0
0
0
0
0
0
0
0
0
0
0
0
0
0
0
0
0
0
0
0
0
0
0
0
0
0
0
0
0
0
0
0
0
0
0
0
0
0
0
0
0
0
0
0
0
0
0
0
0
0
0
0
0
0
0
0
0
0
0
0
0
0
0
0
0
0
0
0
0
0
0
0
0
0
0
0
0
0
0
0
0
0
0
0
0
0
0
0
0
0
0
0
0
0
0
0
0
0
0
0
0
0
0
0
0
0
0
0
0
0
0
0
0
0
0
0
0
0
0
0
0
0
0
0
0
0
0
0
0
0
0
0
0
0
0
0
0
0
0
0
0
0
0
0
0
0
0
0
0
0
0
0
0
0
0
0
0
0
0
0
0
0
0
0
0
0
0
0
0
0
0
0
0
0
0
0
0
0
0
0
0
0
0
0
0
0
0
0
0
0
0
0
0
0
0
0
0
0
0
0
0
0
0
0
0
0
0
0
0
0
0
0
0
0
0
0
0
0
0
0
0
0
0
0
0
)
;

boundaryField
{
    fbOut
    {
        type            zeroGradient;
    }
    CAD_patch1
    {
        type            zeroGradient;
    }
    fbGasin
    {
        type            zeroGradient;
    }
    CAD_patch3
    {
        type            zeroGradient;
    }
    fbBioin
    {
        type            zeroGradient;
    }
}


// ************************************************************************* //
