/*--------------------------------*- C++ -*----------------------------------*\
| =========                 |                                                 |
| \\      /  F ield         | OpenFOAM: The Open Source CFD Toolbox           |
|  \\    /   O peration     | Version:  5.x                                   |
|   \\  /    A nd           | Web:      www.OpenFOAM.org                      |
|    \\/     M anipulation  |                                                 |
\*---------------------------------------------------------------------------*/
FoamFile
{
    version     2.0;
    format      ascii;
    class       volScalarField;
    location    "4.5";
    object      p;
}
// * * * * * * * * * * * * * * * * * * * * * * * * * * * * * * * * * * * * * //

dimensions      [0 2 -2 0 0 0 0];

internalField   nonuniform List<scalar> 
10571
(
32.6942
41.4632
34.3589
33.4792
35.8322
41.5123
36.7898
38.5471
53.7799
52.8703
41.2765
40.9046
46.9561
52.671
63.4331
64.5677
49.7985
84.0621
78.9221
93.4419
87.12
70.8119
70.0972
90.5056
34.1894
32.7692
32.5292
34.3966
34.6772
36.5837
34.272
35.1861
44.6276
48.617
40.8047
38.6997
36.0569
45.4704
57.6624
61.6157
42.2977
59.1358
67.0567
68.8879
65.467
68.4406
70.0871
71.4659
31.9227
30.5358
30.596
31.6071
31.3143
32.381
30.4717
29.9861
33.4987
42.7985
36.0751
34.795
32.9453
33.8821
33.3823
49.3228
35.1272
36.3764
47.9522
37.1807
39.5966
64.1899
68.4795
51.8598
30.042
28.9041
29.0646
28.7764
28.7623
29.6587
26.2967
26.1424
18.5941
29.8585
32.5163
33.5014
31.0604
25.6826
14.0301
18.352
31.0407
29.5414
20.1822
16.4569
14.1723
42.1323
50.3838
20.6419
28.0057
26.7337
26.9934
25.8849
26.4461
20.0274
22.9529
20.6876
13.7453
13.6815
23.7695
33.505
19.0739
14.5504
13.7431
13.9852
28.0893
16.1078
13.6168
13.6527
14.0408
25.2087
23.8523
14.1417
26.1338
22.7973
22.8777
22.4359
17.664
13.001
18.6891
15.0646
13.8075
13.8881
13.7683
12.8086
12.6202
12.5341
13.1109
13.6888
13.8396
13.7536
13.2802
13.2367
13.6132
13.6637
13.7632
14.676
14.0773
13.5949
20.0461
16.021
18.6989
18.8657
13.479
13.3481
14.2897
13.6459
13.8465
13.8277
13.7575
13.3296
13.2756
13.1332
13.5069
13.6211
13.762
13.731
13.2807
13.463
13.6124
13.6118
13.7371
13.7172
13.4661
13.5623
13.5949
13.2575
12.6586
18.33
14.181
13.5539
13.4203
12.6735
13.5938
13.7755
13.7483
13.6907
13.4693
13.4352
13.3562
13.5172
13.5337
13.6849
13.6958
13.2918
13.5617
13.6761
13.6137
13.7352
13.6843
13.5147
13.5961
13.6094
13.3629
12.9844
12.7771
13.2577
13.5005
12.9084
12.6408
13.4675
13.5822
13.652
13.6752
13.6645
13.6699
13.3061
13.4587
13.403
13.6067
13.6792
13.5256
13.5526
13.6726
13.586
13.6898
13.5674
13.6092
13.6063
13.4262
13.1647
13.5276
13.4488
13.5019
13.4479
13.2864
13.3519
13.4848
13.5725
13.765
13.7234
13.3487
13.4064
13.3348
13.5497
13.7679
13.605
13.6596
13.5631
13.5798
13.6446
13.6355
13.6156
13.4435
13.2809
13.3549
13.459
13.4743
13.586
13.3753
13.2423
13.4221
13.5129
13.8574
13.8318
13.4759
13.3445
13.3699
13.5197
13.9343
13.7325
13.6719
13.582
13.5554
13.7501
13.6841
13.6501
13.4416
13.465
13.3062
13.3922
13.435
13.7595
13.3617
13.1675
13.3778
13.4927
13.9068
13.8346
13.6504
13.4034
13.4395
13.5468
13.9819
13.8541
13.7087
13.6105
13.5766
13.8529
13.7482
13.6928
13.4062
13.6046
13.2909
13.3433
13.429
13.7781
13.4052
13.191
13.3908
13.5161
13.9185
13.8462
13.7786
13.5901
13.575
13.6312
13.9956
13.9385
13.7539
13.6626
13.6386
13.9363
13.813
13.7588
13.3525
13.5882
13.2889
13.2362
13.4313
13.7233
13.5221
13.3896
13.4897
13.5913
13.9177
13.89
13.9289
13.84
13.7311
13.7195
14.0108
13.9712
13.8001
13.7298
13.7313
13.9804
13.8699
13.8266
13.4474
13.6655
13.4237
13.3237
13.5236
13.7616
13.6621
13.6591
13.6218
13.6771
13.9548
13.9427
14.1261
14.0063
13.8457
13.7983
13.9235
13.9907
13.8569
13.7961
13.8065
13.9723
13.9051
13.8599
13.6648
13.8115
13.6168
13.5938
13.6968
13.8552
13.832
13.8504
13.7267
13.77
13.9414
13.8998
14.2105
13.9895
13.8951
13.8543
13.8198
13.9412
13.8938
13.8417
13.8639
13.947
13.9096
13.8779
13.852
13.9386
13.808
13.8188
13.8552
13.8925
13.9565
13.9328
13.8037
13.8468
13.8484
13.8235
14.116
13.9451
13.9028
13.8884
13.883
13.9232
13.9026
13.8605
13.8947
13.9225
13.9003
13.884
13.9356
13.9952
13.9347
13.913
13.9458
13.835
13.9116
13.9295
13.8477
13.896
13.766
13.6353
13.9152
13.9079
13.8956
13.9054
13.9424
13.8753
13.897
13.8708
13.9102
13.8901
13.8916
13.8862
13.9548
13.9663
13.9443
13.9355
13.9731
13.6798
13.7352
13.8841
13.8626
13.9241
13.6922
13.3643
13.7357
13.8871
13.8945
13.918
13.3552
13.7457
13.89
13.89
13.9229
13.8819
13.8981
13.9262
13.961
13.8939
13.9174
13.9415
13.9731
13.636
13.6352
13.8659
13.8801
13.9458
13.8325
13.4832
13.8005
13.909
13.9161
13.9353
12.9206
13.8646
13.9116
13.9162
13.9396
13.9706
13.9384
13.9545
13.9705
13.8575
13.8933
13.9462
13.9735
13.7423
13.6406
13.8862
13.9121
13.9671
14.1598
13.9705
13.9419
13.9286
13.9414
13.9574
13.9216
13.9645
13.9484
13.9398
13.9593
14.0086
13.9915
13.9773
13.9709
13.8202
13.8673
13.9463
13.9812
13.8544
13.7122
13.9197
13.9508
13.9871
14.3074
14.2931
13.9304
13.9406
13.967
13.9818
14.3432
13.9773
13.9625
13.9559
13.979
13.9619
14.0089
13.9787
13.9625
13.8317
13.8475
13.932
13.9947
13.823
13.7941
13.9519
13.9826
14.0075
14.0341
13.964
13.8694
13.9509
13.9921
14.0045
14.1444
13.9893
13.9744
13.9755
13.9995
13.9371
13.9956
13.9846
13.9866
13.9057
13.8581
13.9552
14.02
13.8175
13.9134
13.9804
14.008
14.0223
13.8539
13.7647
13.9074
13.9716
14.0151
14.0244
14.0265
14.0038
13.9966
14.0008
14.0182
13.9311
13.9867
13.9791
14.0371
13.91
14.006
14.0226
14.0461
13.938
14.0335
14.0234
14.0354
14.0276
14.0205
13.931
13.9857
13.9956
14.0301
14.037
14.0192
14.0082
13.9829
14.0155
14.0304
13.9506
13.96
13.9642
14.07
14.0556
14.0952
14.0623
14.0567
14.1724
14.0828
14.0502
14.0345
14.0291
14.1182
14.0491
14.0352
14.0191
14.0376
14.0414
14.0302
14.0293
13.9988
14.0254
14.0386
14.0358
14.0078
14.0105
14.0793
14.1127
14.0937
14.069
14.0513
14.1604
14.0647
14.0552
14.0234
14.0259
14.102
14.0556
14.0456
14.0214
14.0346
14.042
14.033
14.0364
14.0146
14.0289
14.0418
14.0865
14.0729
14.0413
14.0773
14.09
14.0744
14.0628
14.0393
14.1154
14.0308
14.0425
14.0252
14.0408
14.0657
14.0292
14.036
14.0053
14.0246
14.0412
14.0355
14.0363
13.9867
14.0185
14.0367
14.0535
14.0422
14.0299
14.0779
14.0765
14.0644
14.0572
14.0317
14.0856
14.0103
14.0245
14.0479
14.0753
14.0544
14.023
14.0273
13.9931
14.0072
14.0428
14.0365
14.0633
13.9842
14.007
14.029
14.0261
14.0208
14.0255
14.0777
14.0548
14.0624
14.0544
14.0305
14.0573
14.005
14.0092
14.0579
14.0846
14.0482
14.0349
14.0689
14.0038
13.9868
14.0331
14.0603
14.1036
13.9988
13.9986
14.0209
14.0456
14.0134
14.0296
14.0666
14.0161
14.0332
14.0421
14.025
14.0205
14.0079
14.008
14.039
14.0665
14.0217
14.016
14.0941
14.0131
13.9939
14.0339
14.0556
14.1429
14.0041
13.9866
14.0174
14.0709
13.9966
14.0358
14.0324
13.9674
13.9651
14.0071
14.0068
13.9802
13.9807
13.9755
14.0005
14.0404
13.9735
13.9722
14.0427
13.9908
13.9762
14.0268
14.019
14.103
14.0052
13.9925
14.0262
14.0434
13.9783
14.0281
13.976
13.9175
13.8751
13.9501
13.9697
13.9278
13.9209
13.9295
13.9506
13.9969
13.9128
13.911
13.9585
13.922
13.9347
13.988
13.9673
13.9871
13.9445
13.9513
14.0131
13.968
13.9263
13.9863
13.9046
13.8714
13.8031
13.876
13.9191
13.8639
13.8614
13.8765
13.9075
13.9467
13.867
13.8646
13.8913
13.8482
13.8712
13.9296
13.9161
13.8862
13.8445
13.8854
13.9592
13.8888
13.8655
13.9134
13.8553
13.862
13.807
13.8252
13.8782
13.8425
13.842
13.8285
13.8727
13.9042
13.8589
13.866
13.8459
13.791
13.8201
13.8752
13.8813
13.8145
13.7535
13.8201
13.8915
13.8181
13.7946
13.8383
13.8563
13.8759
13.8563
13.8336
13.8613
13.8649
13.8553
13.7906
13.8422
13.8758
13.8704
13.8775
13.8196
13.7664
13.8068
13.8479
13.8638
13.7777
13.7253
13.7826
13.8422
13.7752
13.7308
13.787
13.8824
13.9048
13.9093
13.8697
13.8643
13.8921
13.8775
13.7887
13.8112
13.8557
13.8925
13.8755
13.8072
13.7652
13.8026
13.8337
13.857
13.7823
13.7425
13.7816
13.8291
13.7799
13.7174
13.7853
13.9128
13.9336
13.9484
13.9112
13.8762
13.9228
13.9004
13.8076
13.794
13.8446
13.9109
13.8824
13.8139
13.7844
13.8102
13.8368
13.854
13.8179
13.7807
13.8016
13.8408
13.8284
13.777
13.8211
13.9354
13.9438
13.9538
13.9602
13.9059
13.934
13.8955
13.8225
13.8099
13.8536
13.9181
13.8894
13.8345
13.8256
13.8375
13.8603
13.8493
13.8559
13.8399
13.8373
13.8683
13.8944
13.8671
13.8713
13.9557
13.938
13.934
13.9897
13.9392
13.929
13.8914
13.8363
13.8468
13.8789
13.9157
13.889
13.862
13.8719
13.8813
13.8936
13.8452
13.8879
13.9003
13.8794
13.9066
13.9461
13.9574
13.9226
13.9507
13.9354
13.9181
13.9425
13.9337
13.9324
13.8773
13.8498
13.8725
13.9058
13.9041
13.8755
13.8877
13.9104
13.9123
13.9294
13.8434
13.9105
13.9175
13.9272
13.95
13.9772
13.9789
13.9564
13.9551
13.9454
13.9267
13.9144
13.9184
13.9201
13.8819
13.8755
13.8892
13.9299
13.8934
13.8521
13.9032
13.9368
13.962
13.9707
13.8467
13.9248
13.9373
14.009
14.0168
13.9892
14.0223
14.0506
13.9644
13.9625
13.9516
13.9319
13.9142
13.9136
13.8907
13.8814
13.9235
13.9515
13.8902
13.8296
13.9111
13.9557
14.0271
14.0178
13.8637
13.9386
13.9857
14.0644
14.0834
13.9924
14.0436
14.0808
13.9793
13.9719
13.968
13.9415
13.9217
13.9047
13.8947
13.8744
13.9517
13.9746
13.9
13.8144
13.9123
13.9739
14.0533
14.0362
13.8938
13.9469
13.9868
14.0801
14.0725
13.9909
14.0397
14.0577
13.9866
13.9887
13.9824
13.9511
13.9422
13.9248
13.9064
13.8775
13.9526
13.9919
13.9322
13.8412
13.9196
13.9849
14.0693
14.0199
13.9375
13.9517
13.9819
14.0329
14.0313
13.9889
14.0282
14.035
13.9896
14.0077
13.9958
13.9545
13.9601
13.9498
13.9204
13.8896
13.9469
14.0052
13.9916
13.9126
13.9504
13.9802
14.0832
14.0499
13.9832
13.953
13.9811
14.006
14.0216
13.9881
14.018
14.0193
13.9924
14.0078
14.0053
13.9563
13.9699
13.9673
13.9531
13.9074
13.9581
14.0019
14.0475
13.9894
13.9786
13.9707
14.0519
13.9961
14.0129
13.9524
13.9811
14.0008
14.0101
13.9965
14.0113
14.0102
14.0022
14.0363
14.014
13.9713
13.978
14.0173
13.9902
13.9186
13.9902
14.0059
14.0731
14.0245
13.9876
13.9613
14.03
13.9667
14.0185
13.9572
13.9803
14.0017
14.0023
14.0138
14.0067
14.005
14.0098
14.0436
14.0218
13.986
13.9724
14.0342
14.0173
13.938
14.0191
14.0206
14.0479
14.0228
13.9896
13.9536
14.0153
13.9996
14.0001
13.968
13.979
14.0016
14.0076
14.0235
14.0029
14.0006
14.0107
14.029
14.0181
13.9811
13.9632
14.0225
14.039
13.9635
14.0038
14.0165
14.0232
14.0117
13.9993
13.9472
13.9891
13.9999
13.9929
13.9763
13.979
13.9944
14.0014
14.0274
13.9998
13.9961
14.0012
14.0143
14.005
13.9713
13.9587
14.0098
14.0278
13.9828
13.972
13.996
14.0012
13.9957
13.9968
13.9553
13.9582
13.9721
13.9904
13.976
13.9788
13.9819
13.9828
14.0255
13.9952
13.9904
13.9809
13.9966
13.9838
13.9398
13.9553
13.9946
13.9876
13.9924
13.9252
13.9425
13.9942
13.9801
13.9827
13.9542
13.9262
13.9256
13.9902
13.9721
13.9738
13.9678
13.9587
14.0159
13.9875
13.983
13.94
13.9719
13.9538
13.8896
13.9339
13.9742
13.9404
13.9725
13.893
13.907
14.0054
13.979
13.9645
13.9445
13.9084
13.8809
13.9979
13.9642
13.9636
13.9585
13.9377
13.9995
13.9786
13.9734
13.8961
13.9414
13.9208
13.8428
13.9081
13.9504
13.8936
13.9759
13.9034
13.8999
13.9852
13.9645
13.9409
13.9425
13.8988
13.8692
13.9885
13.9551
13.9534
13.9469
13.9273
13.9836
13.9692
13.96
13.874
13.9068
13.8922
13.8138
13.8744
13.9328
13.8872
13.9881
13.8956
13.9064
13.9654
13.9474
13.9175
13.9238
13.8909
13.8829
13.9746
13.9444
13.9408
13.9354
13.9195
13.9697
13.9576
13.9472
13.8688
13.8746
13.8614
13.81
13.8261
13.9195
13.8871
13.9337
13.9049
13.8975
13.9546
13.9373
13.8998
13.9044
13.8806
13.8854
13.9626
13.9321
13.9284
13.9215
13.9056
13.9576
13.9463
13.9337
13.8619
13.8539
13.8268
13.7912
13.7919
13.9137
13.8803
13.896
13.9118
13.8718
13.9559
13.9378
13.895
13.8892
13.8528
13.864
13.9561
13.9363
13.9193
13.9027
13.8782
13.9505
13.9382
13.9187
13.8576
13.8644
13.8056
13.7638
13.762
13.925
13.8674
13.8675
13.8629
13.798
13.9723
13.952
13.9063
13.8668
13.8178
13.8127
13.9702
13.9629
13.9198
13.8778
13.8365
13.9645
13.9379
13.904
13.86
13.9159
13.8269
13.7626
13.7354
13.9603
13.8494
13.8209
13.742
13.6768
14.0057
13.9832
13.9269
13.8451
13.7509
13.7097
13.9991
13.9867
13.9184
13.8422
13.7741
14.0017
13.9448
13.8873
13.8888
14.0183
13.9183
13.7953
13.6785
14.0244
13.8386
13.7393
13.5972
13.5049
14.0562
14.0301
13.9527
13.8125
13.6366
13.5098
14.0363
14.0019
13.9041
13.7853
13.67
14.03
13.9494
13.8698
14.0137
14.1729
14.1217
13.8879
13.5733
14.1136
13.8817
13.6011
13.3847
13.0856
14.1124
14.0884
13.9944
13.7678
13.4493
13.0662
14.0795
14.0247
13.8981
13.711
13.4912
14.0458
13.955
13.8541
14.1628
14.2979
14.3886
14.0121
13.4425
14.1993
14.007
13.4919
13.0683
12.1648
14.18
14.1532
14.0203
13.7303
13.2154
12.011
14.1295
14.0407
13.9102
13.6364
13.1541
14.0617
13.9709
13.8515
14.2679
14.3799
14.4725
14.2024
13.4146
14.2832
14.116
13.5566
12.7211
9.85566
14.2596
14.2293
14.0413
13.7048
12.9738
10.5065
-6.61331
14.182
14.0499
13.9322
13.5602
12.3642
14.0773
13.9834
13.8687
14.3886
14.4239
14.4561
14.3717
13.6438
14.3729
14.1529
13.7949
12.8055
8.64432
-0.134027
14.3332
14.3084
14.0685
13.7989
12.9998
10.2993
1.0142
14.2281
14.0548
13.962
13.5345
11.2123
14.0854
14.003
13.913
14.4683
14.481
14.4452
14.3747
14.1825
14.3937
14.138
13.9
13.1629
10.4331
2.65415
14.3536
14.2834
14.0515
13.9164
13.4629
10.6526
3.48036
14.1751
14.0485
14.0042
13.7261
11.985
4.05801
14.0797
14.0274
14.0057
14.5758
14.4607
14.4629
14.4431
14.479
14.3108
14.0994
14.0213
13.6673
11.2917
3.3176
14.2411
14.15
13.9865
14.0054
13.8651
11.7607
3.38676
14.0185
13.9918
14.085
13.9146
12.996
14.0235
14.0586
14.1001
14.5598
14.3756
14.394
14.4498
14.5053
14.1785
14.0183
14.1
14.0617
12.9303
14.1021
14.0081
13.9457
14.0779
14.1047
12.9984
-2.44695
13.922
13.939
14.1263
14.0807
14.233
13.979
14.0708
14.1332
14.4671
14.2595
14.2696
14.3324
14.4033
14.0659
13.9689
14.1062
14.1788
14.1537
14.0279
13.9211
13.9268
14.104
14.187
14.2256
13.909
13.9346
14.1234
14.165
14.3118
13.9282
14.069
14.1455
14.3545
14.1749
14.142
14.2054
14.3072
14.0269
13.9111
14.041
14.1787
14.2935
14.0318
13.9257
13.9162
14.0769
14.1483
14.3608
13.9397
13.9379
14.0541
14.1258
14.2874
13.9548
14.065
14.1372
14.2219
14.1503
14.0572
14.0798
14.2057
14.0506
13.9068
14.009
14.147
14.2725
14.0873
13.9931
13.946
14.0745
14.1537
14.3531
13.9968
13.9358
14.0487
14.1267
14.2606
13.9341
14.0727
14.1341
14.1508
14.1926
14.0657
14.0166
14.1177
14.1232
13.9547
14.0104
14.1292
14.2291
14.1739
14.0845
14.0214
14.1062
14.1856
14.3304
14.0815
13.9939
14.1183
14.174
14.2745
13.9668
14.1269
14.184
14.1344
14.2577
14.1175
14.0243
14.0619
14.2171
14.0575
14.0501
14.1394
14.2147
14.2772
14.1911
14.1235
14.1588
14.2405
14.3218
14.1913
14.0944
14.2033
14.2484
14.3209
14.1336
14.2281
14.2666
14.1428
14.3195
14.1723
14.0672
14.0566
14.3053
14.1564
14.1477
14.1838
14.2366
14.384
14.2956
14.1957
14.2238
14.314
14.3482
14.3091
14.2046
14.2956
14.3305
14.3838
14.2697
14.3024
14.3536
14.1447
14.3494
14.2002
14.1025
14.0901
14.3675
14.2337
14.1732
14.1899
14.2851
14.4839
14.3688
14.2552
14.2481
14.3325
14.4098
14.4016
14.2759
14.3102
14.4005
14.4648
14.3671
14.3606
14.433
14.1612
14.3853
14.2137
14.1501
14.1359
14.4146
14.2573
14.2038
14.2319
14.367
14.5725
14.4152
14.2872
14.2939
14.3824
14.486
14.4612
14.324
14.3618
14.4422
14.5306
14.4105
14.4057
14.478
47.2209
35.9246
40.4886
37.2833
36.4139
38.2707
39.5567
48.6115
79.5394
74.1878
50.2032
73.7543
46.9275
41.5447
40.0398
41.6765
46.8002
41.0993
50.5921
51.0529
63.3381
78.2766
89.846
87.1499
76.2868
62.79
57.8248
46.3781
47.0617
49.831
45.0244
45.0025
46.0917
49.757
58.6286
73.8516
88.3961
69.4173
63.1677
74.4338
66.7132
62.7398
62.312
70.2917
74.049
62.4819
80.1836
71.2132
46.0365
46.9816
49.6899
45.3685
62.7889
51.844
94.1199
107.299
70.4483
115.123
86.8964
69.5564
77.6288
102.313
104.913
77.2229
82.9297
101.661
123.23
78.7587
71.9308
104.128
73.3875
99.5016
138.042
107.909
134.201
128.924
96.5087
112.296
88.608
108.073
118.4
105.503
123.089
135.703
165.717
135.941
144.935
142.148
124.526
103.271
84.4494
80.4916
85.1874
106.714
80.5264
125.048
33.8504
33.3479
32.7764
32.5332
33.3307
34.419
33.5372
34.3722
33.3702
32.6843
34.9686
34.9922
35.5244
33.0287
36.061
48.9177
41.6429
36.9407
42.9485
39.0632
35.7281
34.1136
38.1712
36.0906
44.7647
47.5008
51.0463
35.5245
39.4999
38.3561
46.2731
50.1636
49.5233
43.7394
41.5222
42.0189
41.1714
41.5831
41.3295
59.8552
59.8154
53.5897
59.1602
62.3019
42.3913
41.6106
42.0121
42.1924
42.5833
63.5177
71.8017
65.8729
65.4514
69.6067
44.5106
43.4519
75.5216
63.0504
74.9926
44.7078
50.059
53.5828
60.5905
102.897
101.565
106.71
80.7992
79.8995
85.7519
87.201
73.6861
71.9209
64.9053
69.7274
66.5832
68.8651
70.536
70.6407
76.6443
68.1359
70.6879
72.1733
70.9829
78.0699
31.8489
30.7308
33.6159
32.6661
33.5555
32.5595
31.6935
32.4305
34.0643
34.3477
32.9297
32.8249
32.8303
34.5654
32.9426
37.5763
34.297
31.418
35.2392
33.0879
31.2863
30.0483
32.7506
30.8484
37.6262
35.57
43.3005
33.0552
35.1996
33.2003
39.8292
46.4996
43.6614
38.8377
39.8778
39.545
35.5401
36.8542
36.4477
54.1048
57.6306
44.8514
48.6144
51.3308
40.673
40.8371
38.513
38.6164
39.0774
62.504
64.1347
56.5884
56.9554
56.2348
41.5927
39.2894
41.8056
51.9087
57.4278
39.0254
37.3794
47.2019
51.8515
68.3654
73.8506
72.6673
55.114
55.0609
59.2288
56.9941
54.6789
63.8308
61.6896
69.6681
69.4692
68.579
69.4552
69.2795
69.8909
70.1772
69.4518
67.3137
69.4141
63.8114
30.1726
29.8882
31.7171
30.9904
31.5275
31.0485
30.4985
30.8392
31.6864
31.6262
30.9654
30.6668
30.6776
31.4186
30.1332
31.7282
29.7833
29.4303
30.8743
29.4728
29.8597
29.0645
29.5321
28.5854
33.0902
31.0936
36.1139
29.8657
31.318
29.1068
32.7637
40.754
36.456
32.7765
34.0061
33.6721
30.5692
32.0047
31.6259
43.5599
45.4643
38.0619
35.3597
35.5655
36.2708
36.785
34.0016
34.1264
33.6741
48.6417
45.2988
34.8285
35.1963
29.0889
36.2487
33.516
33.9023
40.0089
42.2685
32.9306
32.0546
34.5078
34.9009
38.227
40.0183
37.7335
21.497
19.4194
21.3638
18.7296
23.4971
54.067
43.6463
67.7862
69.1741
51.9573
60.8159
66.2928
63.8032
68.5843
65.4423
53.2278
67.2107
34.4771
29.5503
29.183
30.5156
30.0543
30.2363
30.0659
29.6092
29.4828
29.7094
29.8642
29.0612
28.7182
29.0906
29.2705
28.6106
27.8981
25.9845
28.6911
27.5762
27.747
27.8677
28.1532
25.4852
26.5635
29.5998
27.0419
29.2341
27.889
27.7831
25.1746
24.7564
30.5453
21.5796
28.7235
30.7092
30.3902
26.3916
29.5347
30.3731
24.0663
23.1906
16.0908
13.8899
13.9283
32.436
31.3018
31.0631
31.7261
30.1907
20.2222
14.5465
13.7242
13.7936
13.7028
31.2468
29.6841
31.3727
31.4481
32.5606
30.6782
31.0377
29.1942
30.8932
14.2002
15.5525
14.4257
14.4449
13.9312
14.2539
14.0975
13.9808
36.6704
31.299
47.8305
52.4857
32.8654
35.4692
37.532
38.4943
54.7549
34.2258
25.5982
37.3212
16.0212
28.7965
28.2114
28.77
29.0695
28.2252
26.9944
27.9791
26.7189
27.6814
28.2955
27.0598
26.5329
27.4233
27.7427
26.4493
23.6686
21.4105
27.4825
22.8995
24.857
25.2448
26.5099
20.6188
22.9473
23.9802
22.0423
16.141
23.7614
16.1035
18.2828
13.6665
13.8621
13.8398
22.0198
24.459
26.5821
17.7981
17.0768
17.2477
13.8915
13.873
13.9172
13.9299
13.8973
26.2386
26.032
14.5554
14.4825
16.223
13.9229
13.9491
13.8774
13.8104
13.8207
24.9562
14.6795
28.2706
24.7049
25.504
16.6497
17.9154
16.1461
17.6416
13.886
13.6182
13.8554
13.6915
13.7863
13.5542
13.7287
13.87
25.0677
18.5851
26.054
26.8414
19.1323
19.427
19.8114
17.9018
25.9739
17.5364
13.6258
18.8621
13.6963
26.246
22.3791
25.3021
25.6575
25.052
23.1308
22.5443
22.9701
25.1345
26.0422
24.269
22.9133
22.274
22.7062
14.8635
19.0709
16.5744
24.4759
17.8884
20.6759
19.3174
21.0655
15.4492
18.0918
13.8459
14.4293
13.6901
13.6614
13.7292
13.5954
13.7834
13.8656
13.7863
15.1431
13.2471
13.5275
14.2714
13.0927
13.0058
13.8304
13.9164
13.833
13.8621
13.8041
13.9336
13.8027
13.7629
13.7705
13.7693
13.7686
13.7721
13.7758
13.797
12.6068
12.9564
13.3342
13.3125
13.0922
13.7782
13.7786
13.7571
13.8115
13.7545
13.7715
13.7489
13.7617
13.7414
13.7561
13.7478
13.7841
13.7292
13.7612
13.244
13.2129
13.0867
13.5701
13.4163
13.252
13.2387
13.2148
13.1678
13.7206
13.5686
13.6858
13.6309
13.6864
13.5685
13.6614
13.7176
13.8601
13.2551
15.1768
15.5676
13.1741
13.1785
13.0552
12.8672
14.9086
13.4217
13.7017
13.1175
13.6101
18.1642
14.4744
20.1305
18.9805
20.1827
16.001
14.244
16.4675
18.6608
14.2145
14.436
14.1968
13.023
13.4981
13.535
14.3909
12.2582
17.6932
13.7226
16.0384
13.1956
15.1032
12.7436
15.0727
13.692
13.5358
13.6634
13.5549
13.6649
13.7323
13.7131
13.7587
13.7755
13.7568
13.7515
13.759
13.7639
13.7326
13.7362
13.6953
13.225
13.1596
13.2416
13.3615
13.3243
13.7853
13.8431
13.7712
13.802
13.7445
13.8072
13.7285
13.7532
13.7469
13.7485
13.7253
13.7331
13.7163
13.7361
13.3724
13.2707
13.3761
13.3806
13.3231
13.7311
13.7675
13.7423
13.722
13.7018
13.7216
13.7038
13.74
13.7334
13.7512
13.7067
13.7322
13.7032
13.7325
13.2547
13.309
13.2675
13.3182
13.3478
13.2493
13.1925
13.3342
13.3297
13.6799
13.5476
13.6254
13.6112
13.6956
13.5417
13.622
13.7185
13.74
13.7043
13.7443
13.6904
13.7257
13.3971
13.401
13.4959
13.5427
13.4495
13.4882
13.5246
13.5823
13.583
13.5651
13.594
13.5704
13.5896
12.8361
13.2754
13.3038
12.5293
13.3801
13.2403
13.1849
13.1821
13.2605
13.331
13.265
13.2705
13.3707
13.5176
13.4919
13.2493
13.1855
13.504
12.8557
15.5693
12.9625
12.9769
12.9967
14.1604
13.6718
13.8443
13.7944
13.4912
13.6105
13.702
13.73
13.75
13.7404
13.6977
13.7109
13.7196
13.7211
13.696
13.7041
13.2108
13.4813
13.4639
13.3095
13.5541
13.5482
13.7115
13.7463
13.6993
13.7015
13.6843
13.6927
13.6714
13.7134
13.6953
13.7225
13.6682
13.6922
13.6793
13.7054
13.4661
13.4369
13.583
13.5767
13.5819
13.6854
13.7008
13.6843
13.6475
13.6528
13.6814
13.6792
13.7189
13.6995
13.7258
13.6851
13.7044
13.6976
13.7147
13.4306
13.5677
13.2112
13.3952
13.39
13.3949
13.3372
13.4683
13.4649
13.7157
13.5711
13.6663
13.6137
13.7113
13.5897
13.6833
13.6887
13.7306
13.684
13.7204
13.6871
13.7133
13.456
13.5148
13.5567
13.5929
13.5405
13.5748
13.6016
13.6112
13.6066
13.6076
13.6174
13.6187
13.6133
13.0821
13.0837
13.2776
13.2238
13.1939
13.3312
13.2816
13.2805
13.3462
13.4067
13.4106
13.4116
13.4422
13.513
13.5081
13.2781
13.3595
12.8992
13.0783
12.1222
13.0678
12.9861
13.2099
12.7107
13.5765
13.6135
13.6484
13.5092
13.5542
13.6022
13.5969
13.645
13.6127
13.4129
13.6085
13.5957
13.4777
13.6454
13.6263
13.6652
13.6309
13.6267
13.6095
13.6503
13.5871
13.6352
13.6901
13.6692
13.7006
13.6682
13.6874
13.6587
13.6994
13.6599
13.7086
13.7177
13.7112
13.8086
13.6046
13.6456
13.6353
13.5622
13.5925
13.5597
13.5789
13.7064
13.6923
13.7148
13.6464
13.6901
13.6559
13.6984
13.6968
13.8095
13.4571
13.5641
13.5433
13.6541
13.5817
13.6638
13.6322
13.6686
13.5742
13.6452
13.5693
13.6099
13.5691
13.6094
13.61
13.5807
13.6529
13.6001
13.6284
13.6016
13.6276
13.6498
13.6169
13.6263
13.6202
13.6265
13.6337
13.6043
13.1718
13.2457
13.3823
13.3291
13.3615
13.4035
13.3647
13.3967
13.4296
13.4503
13.4332
13.4531
13.4562
13.4944
13.4889
13.4151
13.472
13.0705
13.2663
13.1307
13.219
13.1082
13.3129
13.2071
13.5348
13.5767
13.5592
13.4882
13.5054
13.5323
13.5188
13.5779
13.5367
13.5427
13.6774
13.6577
13.6057
13.7144
13.6955
13.5649
13.5837
13.5348
13.5291
13.5396
13.754
13.8898
13.8115
13.7952
13.9563
13.5375
13.5222
13.5269
13.5311
13.4963
13.9084
13.9895
13.7047
13.7644
13.7158
13.8624
13.8256
13.8516
13.7929
13.5783
13.576
13.5877
13.5701
13.5611
13.5858
13.5803
13.5581
13.7238
13.7912
13.6587
13.6813
13.6926
13.6929
13.7099
13.6372
13.6473
13.6575
13.6529
13.6653
13.629
13.2985
13.3381
13.4136
13.3848
13.413
13.4204
13.4
13.4167
13.4696
13.4578
13.445
13.4537
13.4437
13.4845
13.4626
13.5297
13.5998
13.1474
13.3879
13.2161
13.3552
13.1814
13.4711
13.2696
13.4824
13.4887
13.4906
13.452
13.4602
13.4439
13.4677
13.5074
13.4802
13.6634
13.7677
13.7429
13.7212
13.8095
13.7884
13.5055
13.5097
13.4922
13.4904
13.4936
13.8359
14.0042
13.8894
13.8723
14.0207
13.5245
13.4933
13.5168
13.5198
13.4977
14.0374
14.0463
13.9242
13.9179
13.8576
13.972
13.9886
13.956
13.8991
13.5591
13.6128
13.5904
13.5948
13.5654
13.6311
13.6018
13.5543
13.8489
13.891
13.735
13.7533
13.801
13.7745
13.7915
13.6742
13.6917
13.7149
13.6983
13.7225
13.6702
13.3675
13.3928
13.4177
13.4033
13.4102
13.4078
13.3998
13.4004
13.4385
13.4178
13.4318
13.4276
13.3908
13.4386
13.4243
13.6604
13.6998
13.2029
13.5797
13.3804
13.5717
13.2457
13.6841
13.5157
13.4458
13.4034
13.4512
13.4279
13.4336
13.3693
13.4405
13.4681
13.4592
13.7594
13.8289
13.8211
13.7765
13.8323
13.8311
13.4876
13.4935
13.4917
13.4896
13.4967
13.8972
14.0091
13.9178
13.9099
13.9904
13.5482
13.5343
13.5725
13.569
13.5653
14.0337
14.0201
13.9906
13.9707
13.923
13.9788
13.9651
13.9839
13.9418
13.5803
13.666
13.6315
13.6312
13.5982
13.6938
13.653
13.5916
13.9191
13.9435
13.8158
13.8356
13.8972
13.8541
13.8744
13.7263
13.755
13.7789
13.7557
13.7878
13.718
13.4324
13.4781
13.394
13.4006
13.3889
13.378
13.4109
13.3732
13.4044
13.3686
13.371
13.3637
13.3467
13.4203
13.4155
13.7283
13.717
13.3535
13.7015
13.6352
13.5962
13.4566
13.674
13.674
13.431
13.3431
13.4444
13.4243
13.4379
13.3295
13.45
13.4707
13.4853
13.7856
13.8323
13.8338
13.7948
13.8343
13.8363
13.5146
13.5196
13.5333
13.5371
13.5432
13.911
13.9709
13.9125
13.9042
13.98
13.6271
13.6292
13.6546
13.6493
13.6705
14.0181
14.0217
13.9514
14.0076
13.9613
14.0108
13.9415
14.0223
13.9728
13.6274
13.7501
13.7006
13.6946
13.6574
13.7838
13.7232
13.6658
13.9673
13.9805
13.8918
13.9128
13.9641
13.9228
13.94
13.7889
13.8214
13.8442
13.8216
13.8536
13.7987
13.5194
13.5627
13.3736
13.4278
13.3685
13.3986
13.4625
13.3991
13.336
13.3491
13.3719
13.3552
13.3879
13.4314
13.4712
13.7101
13.7198
13.5241
13.6456
13.6646
13.6063
13.5743
13.6486
13.6398
13.4705
13.3472
13.4829
13.4599
13.5108
13.4017
13.5254
13.527
13.5693
13.8042
13.8391
13.8386
13.8087
13.8474
13.8461
13.5968
13.6111
13.6225
13.637
13.6431
13.9118
14.044
13.938
13.9341
14.0718
13.7244
13.7435
13.7586
13.7535
13.7859
14.0241
14.0433
13.9269
14.0061
13.9729
13.9843
13.9015
13.9842
13.957
13.7006
13.8159
13.7686
13.7642
13.7399
13.8305
13.792
13.7622
13.9849
13.9807
13.943
13.9511
13.9807
13.9523
13.9538
13.8539
13.8814
13.888
13.8732
13.9019
13.8486
13.6152
13.676
13.4648
13.5224
13.4692
13.557
13.5961
13.5577
13.4327
13.4748
13.5505
13.5387
13.5827
13.5444
13.6349
13.7364
13.7748
13.6286
13.6831
13.6427
13.7374
13.6855
13.7414
13.6794
13.5796
13.4711
13.5854
13.6053
13.6489
13.5611
13.6489
13.6339
13.6914
13.8224
13.8562
13.8542
13.8432
13.8727
13.8694
13.6942
13.717
13.7233
13.743
13.7554
13.9531
14.0495
13.9557
13.9566
13.972
13.7967
13.8275
13.8294
13.8267
13.8596
14.01
13.9436
13.8712
13.9683
13.9536
13.8554
13.8518
13.9559
13.9411
13.782
13.8419
13.8222
13.8217
13.8174
13.8479
13.8451
13.837
13.973
13.9537
13.9548
13.9603
13.9591
13.9518
13.9604
13.8907
13.9162
13.9106
13.8988
13.9209
13.8678
13.7452
13.8242
13.6634
13.683
13.6592
13.769
13.776
13.7619
13.6582
13.6966
13.7701
13.7692
13.7997
13.7291
13.8157
13.8296
13.8859
13.7465
13.8157
13.7265
13.8863
13.8105
13.8893
13.7702
13.7292
13.6502
13.7129
13.7824
13.8022
13.7345
13.7744
13.7543
13.8096
13.8708
13.8913
13.8903
13.9035
13.9033
13.9102
13.7884
13.8102
13.8114
13.8246
13.8422
13.9338
13.862
13.903
13.8852
13.7742
13.8568
13.882
13.8746
13.8783
13.8986
13.8884
13.8519
13.844
13.9569
13.9148
13.8371
13.8222
13.9065
13.892
13.846
13.8589
13.8679
13.8552
13.8673
13.8755
13.8875
13.8816
13.934
13.9237
13.9434
13.9523
13.9379
13.9341
13.9407
13.9002
13.9232
13.9063
13.9009
13.9219
13.8868
13.8994
13.9574
13.8597
13.8685
13.8538
13.9247
13.9396
13.9222
13.8554
13.8821
13.9062
13.9127
13.941
13.8866
13.9383
13.9347
13.9623
13.8767
13.9313
13.8191
13.9752
13.9293
13.957
13.8564
13.8661
13.8032
13.8285
13.9101
13.9149
13.8591
13.8728
13.8593
13.8974
13.915
13.9012
13.9123
13.9059
13.8841
13.8823
13.855
13.8765
13.875
13.8775
13.8956
13.8235
13.7459
13.8044
13.7694
13.7439
13.8959
13.9092
13.899
13.9081
13.918
13.8496
13.8806
13.8394
13.9469
13.8924
13.9516
13.8418
13.9946
13.8741
13.8799
13.891
13.9019
13.8652
13.8884
13.9065
13.9121
13.9031
13.9173
13.9098
13.915
13.9234
13.909
13.8923
13.9015
13.8883
13.9187
13.8949
13.8735
13.913
13.8812
13.989
13.9926
13.9629
13.9799
13.9623
13.9757
13.9926
13.9772
13.9461
13.9776
13.9514
13.9605
13.9974
13.9708
13.9881
13.9636
13.936
13.9601
13.9601
13.8713
13.9956
13.9691
13.9375
13.8604
13.9491
13.8929
13.904
13.9652
13.9698
13.912
13.9251
13.9258
13.9427
13.8777
13.8411
13.823
13.8368
13.7867
13.7607
13.8945
13.9149
13.9128
13.9089
13.9255
13.7199
13.7394
13.7241
13.6817
13.7082
13.9181
13.9234
13.912
13.9255
13.9291
13.8816
13.7605
13.8239
13.9361
13.8518
13.7545
13.7813
13.8559
13.9076
13.8948
13.9216
13.9224
13.8797
13.9015
13.9376
13.9288
13.9162
13.8928
13.8958
13.8719
13.8809
13.8864
13.8605
13.8668
13.8637
13.9065
13.8933
13.8641
13.9018
13.9072
13.9784
13.956
13.9744
13.9867
13.9739
13.9661
13.9752
13.957
13.9635
14.0055
13.9586
13.9626
14.0072
13.9949
13.9958
13.893
13.8617
13.9573
13.9002
13.8283
13.925
13.9308
13.8689
13.7846
13.9814
13.9185
13.9376
13.9741
13.9868
13.923
13.9465
13.9531
13.9599
13.7917
13.7497
13.7194
13.7648
13.7493
13.7102
13.9196
13.9367
13.9356
13.9301
13.9433
13.6515
13.652
13.729
13.6701
13.6154
13.9333
13.9345
13.9257
13.9407
13.9416
13.5291
13.3017
13.6523
13.6968
13.9124
12.9276
13.5329
13.4221
13.856
13.9085
13.9386
13.9305
13.9019
13.9165
13.9354
13.9335
13.9305
13.887
13.9208
13.8557
13.8621
13.9068
13.87
13.8747
13.8765
13.9017
13.9132
13.9027
13.9107
13.9288
13.9416
13.9328
13.9595
13.9663
13.9456
13.9635
13.958
13.9569
13.9599
14.0035
13.9643
13.96
13.9976
13.9954
13.9939
13.8501
13.8635
13.9077
13.8277
13.7295
13.8757
13.8984
13.8068
13.6796
13.9889
13.9268
13.9537
13.9723
13.9888
13.9333
13.9608
13.9656
13.9713
13.782
13.8084
13.7795
13.8432
13.8671
13.876
13.9393
13.9527
13.9564
13.9495
13.9604
13.7684
13.6617
13.9251
13.8895
13.8446
13.9501
13.9507
13.9458
13.9596
13.9604
13.2576
13.5979
13.5031
13.3618
13.8668
13.4269
13.6599
13.6268
13.9139
13.9258
13.945
13.9426
13.9295
13.936
13.9539
13.9524
13.9492
13.9858
14.0165
13.9189
13.9126
14.0096
13.9622
13.9469
13.9366
13.9329
13.9681
13.9624
13.9574
13.9778
13.9176
13.9157
13.969
13.9499
13.9737
13.97
13.9504
13.9751
13.9701
13.9924
13.9744
13.9757
13.9878
13.9907
13.9878
13.893
13.9359
13.8821
13.8041
13.6506
13.8382
13.8533
13.8129
13.657
13.9892
13.9429
13.9685
13.9764
13.9916
13.953
13.977
13.9776
13.9847
13.9195
14.0186
13.9687
13.9863
14.2504
14.1057
13.9602
13.9708
13.9768
13.9709
13.9803
14.0792
14.13
14.3367
14.2625
14.3935
13.9704
13.9699
13.9696
13.9808
13.9793
14.017
14.3964
13.8784
13.9115
13.9755
14.2412
14.0299
14.0945
14.0269
13.9474
13.9574
13.9598
13.9476
13.9584
13.963
13.9672
13.9692
14.0121
14.0139
13.9768
13.9707
13.9837
13.9705
13.9753
13.9755
13.9813
14.0041
13.9795
13.994
13.9747
13.8977
13.848
13.956
13.9404
13.9606
13.9341
13.9082
13.933
13.9722
13.9829
13.9638
13.9655
13.9812
13.9865
13.9879
13.9548
13.9278
13.7868
13.8273
13.6879
13.8194
13.7314
13.8331
13.7019
13.9973
13.9616
13.9856
13.9875
14.0055
13.9715
13.9952
13.9921
14.0008
14.0081
14.2249
14.0849
13.9265
13.9433
13.8519
13.9835
13.9919
13.9967
13.9948
14.0021
14.3107
14.4725
14.1963
14.2206
14.3351
13.9917
13.9894
13.9934
14.0015
13.9992
14.5313
14.3858
14.0675
14.1377
14.0361
14.252
14.0492
14.1137
14.0223
13.9695
13.9703
13.9763
13.9644
13.9795
13.9782
13.9851
13.9891
14.0103
13.9993
13.9564
13.9693
13.9457
13.9433
13.9587
13.9748
13.9993
14.0029
13.965
13.9956
13.9832
13.8271
13.8173
13.9184
13.8938
13.9047
13.9238
13.8921
13.9006
13.9637
13.9846
13.9706
13.9687
13.9917
13.9934
14.0037
13.8735
13.8565
13.7213
13.8137
13.7141
13.8672
13.7425
13.8191
13.7374
14.0152
13.9789
14.0044
14.0061
14.0266
13.9898
14.0176
14.0115
14.0239
13.8523
13.6373
13.5642
13.871
13.4664
13.4408
14.0061
14.0121
14.0158
14.015
14.0207
14.0546
14.1651
13.8982
13.8796
14.048
14.0111
14.0088
14.0148
14.0196
14.0176
14.2085
14.0873
14.0168
14.0712
14.0069
14.0663
13.9909
14.0334
13.9943
13.9908
13.9843
13.9926
13.9876
14.0028
13.9862
13.9975
14.0097
13.9874
13.9772
13.9373
13.9531
13.9343
13.9375
13.9562
13.9601
13.9907
13.9906
13.9556
13.9895
13.9842
13.8345
13.9037
13.9511
13.9003
13.9224
13.9942
13.9277
13.9618
13.9825
14.0061
14.0102
14.0056
14.0251
14.018
14.033
13.8823
13.9425
13.827
13.8071
13.779
13.9111
13.9147
13.8059
13.8444
14.0373
14.0059
14.0296
14.0341
14.047
14.0238
14.0393
14.0361
14.047
13.8957
13.6301
13.6238
13.9595
13.875
13.8782
14.0243
14.0289
14.0262
14.0321
14.0358
13.8438
14.0041
13.9252
13.9077
14.0085
14.0274
14.0256
14.0318
14.0336
14.0311
14.0336
14.0236
13.9867
14.0115
13.9897
14.0158
13.9935
14.0033
13.9899
14.0141
13.985
14.0004
14.0112
14.0232
13.981
14.001
14.0253
13.9765
13.9809
13.9409
13.9612
13.9298
13.9458
13.9636
13.9519
13.9902
13.9731
13.9421
13.9891
13.9664
13.9753
14.0441
14.0425
13.984
14.0099
14.0727
14.0366
14.0466
14.0302
14.0422
14.0577
14.0503
14.0549
14.0463
14.056
13.9552
13.9883
13.9488
13.8563
13.957
13.9796
13.9957
13.9382
14.0793
14.0559
14.0371
14.047
14.0538
14.0626
14.0443
14.0474
14.0542
14.0557
13.9945
14.0962
14.1207
14.1112
14.2225
14.2648
14.0392
14.0407
14.0294
14.0444
14.0438
13.9949
14.0337
14.0909
14.0639
14.061
14.0377
14.0358
14.0398
14.0398
14.0397
14.0312
14.0421
14.0052
14.005
13.995
14.0255
14.0207
14.0119
14.0014
14.028
13.9781
14.0025
14.021
14.0297
13.9895
14.0101
14.0345
13.992
14.0082
13.9618
13.977
13.9889
14.011
14.001
13.9368
13.9862
13.9717
13.9704
13.9868
13.9818
14.1039
14.1341
14.0846
14.0723
14.0684
14.0847
14.0876
14.0756
14.0642
14.0627
14.0758
14.072
14.0674
14.0622
14.066
14.0808
14.1385
14.0681
14.0283
14.1419
14.093
14.1053
14.0868
14.1407
14.065
14.0446
14.0441
14.056
14.0619
14.0377
14.0369
14.0515
14.0469
14.2209
14.2487
14.2865
14.2474
14.2256
14.2454
14.0458
14.0445
14.0287
14.0469
14.044
14.0993
14.072
14.1173
14.1036
14.0727
14.0409
14.0421
14.042
14.0413
14.0434
14.0488
14.0511
14.0328
14.0208
14.0081
14.0335
14.0394
14.0291
14.0161
14.033
14.0138
14.0225
14.0286
14.0375
14.0322
14.0314
14.0412
14.0278
14.0417
14.0679
14.0346
14.0719
14.1024
14.1077
14.0189
14.0135
14.0554
14.0587
14.0776
14.0341
14.1206
14.0998
14.0817
14.0845
14.0758
14.0795
14.0779
14.0763
14.0773
14.071
14.0787
14.0756
14.072
14.0668
14.0654
14.1357
14.1159
14.1019
14.1013
14.1317
14.0999
14.0914
14.0955
14.1177
14.0558
14.0307
14.0323
14.045
14.0506
14.024
14.0298
14.0432
14.0428
14.2197
14.1847
14.1923
14.1791
14.1448
14.1477
14.0487
14.0449
14.0297
14.0571
14.0504
14.0914
14.0687
14.0834
14.0753
14.0647
14.0407
14.0436
14.0413
14.0417
14.044
14.0498
14.0486
14.0418
14.0365
14.0282
14.0346
14.0376
14.0451
14.0403
14.0386
14.0326
14.033
14.0258
14.0376
14.0228
14.031
14.0401
14.0438
14.0456
14.1031
14.1278
14.0742
14.0836
14.0925
14.0656
14.1053
14.0598
14.0567
14.0723
14.038
14.086
14.0857
14.0814
14.0746
14.0828
14.0831
14.081
14.088
14.0736
14.072
14.0781
14.0774
14.0776
14.0624
14.0604
14.1031
14.0925
14.0805
14.0922
14.1051
14.0838
14.0754
14.0845
14.0963
14.0458
14.0183
14.0303
14.0358
14.0432
14.0181
14.0344
14.0451
14.0507
14.1429
14.1162
14.1157
14.119
14.0925
14.093
14.0677
14.0567
14.0572
14.0749
14.0656
14.0635
14.0608
14.0578
14.0569
14.0571
14.0436
14.0429
14.0439
14.0472
14.0402
14.0466
14.0462
14.0338
14.0534
14.0553
14.0351
14.0267
14.0602
14.0699
14.0332
14.0091
14.0247
14.0128
14.0283
13.9965
14.0172
14.0327
14.0496
14.0563
14.0624
14.0664
14.0366
14.0465
14.0536
14.043
14.0472
14.0286
14.0336
14.0339
14.026
14.0863
14.0818
14.0891
14.0899
14.0925
14.0936
14.0978
14.0985
14.0773
14.0813
14.0772
14.0758
14.0814
14.0589
14.0563
14.0829
14.0662
14.0747
14.0726
14.0944
14.067
14.0703
14.0579
14.085
14.0437
14.0215
14.0412
14.0303
14.0497
14.0302
14.0524
14.061
14.0732
14.0996
14.0754
14.0774
14.0806
14.0616
14.0632
14.0761
14.07
14.0867
14.0728
14.0744
14.0543
14.0534
14.0526
14.0527
14.0504
14.0464
14.0359
14.0366
14.0379
14.0328
14.0481
14.0538
14.0316
14.065
14.0771
14.0484
14.0693
14.0686
14.0813
14.0242
13.9852
14.0095
14.0029
14.019
13.9755
14.0028
14.0249
14.063
14.0677
14.0343
14.0476
14.0281
14.0302
14.0508
14.0315
14.0273
14.016
14.0323
14.0266
14.0279
14.072
14.0574
14.097
14.0971
14.0996
14.0928
14.0849
14.0909
14.0759
14.0839
14.0743
14.0713
14.0793
14.0561
14.0559
14.0483
14.0309
14.0607
14.0442
14.0641
14.0378
14.041
14.0266
14.0428
14.0509
14.045
14.0615
14.0303
14.0482
14.0595
14.0632
14.073
14.0696
14.062
14.0466
14.0471
14.0405
14.0274
14.0266
14.0636
14.0663
14.0758
14.0567
14.0607
14.0481
14.0463
14.038
14.0387
14.0384
14.0354
14.0273
14.0312
14.0383
14.0262
14.0577
14.0529
14.0958
14.0692
14.0832
14.0633
14.1069
14.0666
14.0793
14.0152
13.9677
13.9986
13.9912
14.0097
13.965
13.9971
14.0187
14.0699
14.0724
14.0381
14.0636
14.0603
14.0501
14.0798
14.0338
14.0288
14.007
14.0372
14.0283
14.0344
14.0372
14.0109
14.0814
14.0653
14.0756
14.0609
14.0397
14.0533
14.0611
14.0675
14.0528
14.0467
14.0529
14.0497
14.0386
14.0096
13.9871
14.0128
14.0048
14.0164
13.9922
13.9801
13.9834
13.9881
14.0416
14.0652
14.0593
14.0181
14.0306
14.056
14.0472
14.0611
14.0505
14.0172
14.0043
14.003
13.9935
13.9771
13.9783
14.0492
14.0551
14.0546
14.0405
14.0483
14.0191
14.024
14
13.9966
14.0044
14.0437
14.0315
14.0314
14.0514
14.0333
14.0428
14.0265
14.0974
14.059
14.0689
14.0405
14.0714
14.0471
14.053
14.0027
13.9681
14.0018
13.9926
14.0016
13.9778
14.0095
14.021
14.0679
14.0549
14.0605
14.0894
14.0643
14.0524
14.0874
14.0392
14.0214
13.9896
14.0324
14.0127
14.0354
13.9799
13.9478
14.0328
14.0076
14.0246
13.9989
13.9705
13.9912
14.0265
14.0334
14.0067
14.0008
14.0079
14.0242
14.0036
13.9642
13.9405
13.9464
13.9623
13.96
13.9421
13.9144
13.9412
13.9345
14.0163
14.0388
14.03
13.9912
13.9992
14.0141
14.0072
14.0344
14.015
13.9682
13.947
13.9511
13.9423
13.9152
13.9179
14.0309
14.0379
14.0179
14.0115
14.0211
13.9723
13.9818
13.9431
13.9464
13.9588
14.051
14.0365
14.0114
14.0392
14.0265
14.0059
13.9826
14.0446
14.0302
14.0363
13.9951
14.0144
14.0089
14.0148
13.9996
13.9894
14.024
13.9735
13.9946
13.9814
14.031
14.0248
14.0356
14.0096
14.0277
14.0548
14.0117
13.9917
14.0137
14.0157
13.9934
13.9535
14.0034
13.9639
14.0124
13.918
13.894
13.9609
13.9291
13.9537
13.9204
13.8878
13.9136
13.9699
13.9775
13.9407
13.9341
13.9438
13.9778
13.9494
13.9181
13.9
13.8894
13.9199
13.9135
13.8943
13.8755
13.8992
13.894
13.977
13.985
13.9819
13.9447
13.9518
13.9518
13.9526
13.993
13.9677
13.917
13.884
13.883
13.8937
13.8621
13.8587
13.9876
13.9981
13.972
13.9604
13.9719
13.9199
13.9364
13.8844
13.8921
13.9146
14.0159
14.0017
13.9591
13.9879
13.9661
13.9576
13.933
13.9798
13.982
13.984
13.9407
13.9475
13.9551
13.956
13.9831
13.9658
14.0106
13.9202
13.9636
13.9351
13.9813
13.9895
13.9763
13.944
13.9536
13.962
13.9298
13.9145
13.92
13.9817
13.93
13.898
13.9478
13.8975
13.9532
13.875
13.8632
13.8838
13.8545
13.8775
13.8581
13.8365
13.8533
13.898
13.911
13.8747
13.8685
13.8847
13.9204
13.8955
13.8871
13.8843
13.8669
13.8837
13.8904
13.8611
13.8606
13.8813
13.8907
13.9262
13.9199
13.9226
13.896
13.9029
13.8859
13.8926
13.9414
13.9161
13.8735
13.8489
13.8442
13.8598
13.8445
13.8411
13.9329
13.9444
13.9252
13.9098
13.9196
13.8721
13.8957
13.8592
13.8615
13.8816
13.9557
13.9305
13.9007
13.9248
13.8946
13.9108
13.8932
13.9158
13.9283
13.9257
13.8964
13.8902
13.9059
13.9004
13.9341
13.9009
13.9428
13.8516
13.9023
13.8643
13.9049
13.9257
13.9117
13.8824
13.8722
13.8782
13.8521
13.8326
13.8405
13.9076
13.8618
13.8303
13.8659
13.8258
13.8741
13.8587
13.8598
13.8486
13.8367
13.8459
13.8528
13.8469
13.8511
13.8521
13.8673
13.8495
13.8491
13.8594
13.8768
13.8654
13.8856
13.8849
13.8507
13.8826
13.8784
13.8648
13.8498
13.8845
13.8697
13.8836
13.8551
13.8653
13.8663
13.8695
13.8305
13.8427
13.8929
13.8727
13.8551
13.8507
13.8517
13.8506
13.8646
13.8731
13.8889
13.8982
13.8893
13.8745
13.8816
13.8589
13.8727
13.8628
13.8599
13.8679
13.897
13.8634
13.8605
13.8763
13.8488
13.8805
13.8723
13.8687
13.8871
13.8784
13.8708
13.8544
13.8744
13.8623
13.8721
13.8302
13.8689
13.7943
13.8458
13.8064
13.84
13.861
13.8585
13.8396
13.7961
13.8026
13.7922
13.7619
13.7684
13.8249
13.7891
13.7589
13.7851
13.7576
13.8087
13.875
13.8951
13.8642
13.8662
13.8643
13.878
13.8861
13.8788
13.8538
13.8607
13.8679
13.8645
13.8673
13.861
13.8638
13.8873
13.8948
13.8682
13.8895
13.8723
13.8913
13.8919
13.8969
13.8824
13.8588
13.8165
13.8268
13.8618
13.8572
13.8162
13.8204
13.8571
13.8462
13.8593
13.8846
13.895
13.8774
13.9085
13.9156
13.8622
13.8683
13.8651
13.8536
13.8581
13.8643
13.8661
13.8814
13.8728
13.8668
13.8605
13.84
13.8401
13.8491
13.839
13.8676
13.8658
13.8455
13.8657
13.8519
13.8594
13.8413
13.8621
13.8477
13.8317
13.7931
13.8222
13.7802
13.8256
13.792
13.8148
13.8322
13.8283
13.8266
13.7336
13.7386
13.7704
13.7203
13.722
13.7519
13.7335
13.7142
13.73
13.7233
13.7806
13.9039
13.9127
13.8972
13.8998
13.8969
13.9164
13.9133
13.9141
13.8801
13.8782
13.8993
13.8991
13.8913
13.8705
13.8797
13.9054
13.9201
13.9053
13.9034
13.8924
13.9189
13.9146
13.9115
13.897
13.8585
13.8213
13.8213
13.8686
13.8596
13.8336
13.8326
13.8403
13.8397
13.9002
13.9328
13.9325
13.9257
13.9504
13.9423
13.848
13.8509
13.848
13.8467
13.8472
13.8832
13.8693
13.9026
13.8924
13.8724
13.8409
13.8402
13.8327
13.8368
13.8445
13.8661
13.8676
13.8431
13.8621
13.8509
13.8553
13.8476
13.8643
13.8584
13.826
13.795
13.815
13.7891
13.8293
13.804
13.8217
13.8316
13.8341
13.848
13.7302
13.7258
13.8008
13.7592
13.7469
13.736
13.7298
13.7426
13.7618
13.7478
13.8005
13.9254
13.9341
13.9268
13.9272
13.9247
13.9348
13.9364
13.9339
13.9117
13.9011
13.925
13.9224
13.9169
13.8899
13.8999
13.9319
13.9375
13.9245
13.9203
13.897
13.9422
13.9299
13.928
13.8947
13.8632
13.8488
13.8467
13.8905
13.8699
13.8699
13.8613
13.8465
13.8586
13.9483
13.9596
13.947
13.9589
13.961
13.9493
13.8504
13.8486
13.8457
13.8562
13.8536
13.9003
13.8754
13.9155
13.9048
13.8778
13.8386
13.8509
13.8458
13.8464
13.8581
13.8693
13.8703
13.8542
13.8676
13.87
13.8517
13.8588
13.87
13.8808
13.8401
13.8172
13.8346
13.8182
13.854
13.8358
13.8512
13.8532
13.8653
13.8807
13.7983
13.7845
13.8618
13.8315
13.8292
13.791
13.7942
13.815
13.8192
13.843
13.8463
13.9397
13.9433
13.9418
13.9428
13.9396
13.9527
13.9465
13.9474
13.9322
13.9331
13.9468
13.9392
13.9473
13.9147
13.9344
13.9391
13.9382
13.9288
13.9325
13.8954
13.9421
13.9249
13.9334
13.9003
13.8826
13.9006
13.8813
13.9265
13.8992
13.9373
13.9029
13.878
13.9049
13.9625
13.9629
13.9486
13.9647
13.9649
13.9452
13.8645
13.8629
13.8629
13.875
13.8716
13.9069
13.8795
13.9182
13.9063
13.8786
13.8595
13.8691
13.8764
13.8733
13.8823
13.8706
13.8701
13.8625
13.8723
13.8895
13.8465
13.8636
13.8736
13.8955
13.8691
13.8574
13.8715
13.8573
13.8871
13.8813
13.8916
13.8851
13.8958
13.9097
13.8532
13.8676
13.9226
13.8804
13.901
13.8426
13.8799
13.9311
13.8823
13.9227
13.8922
13.9444
13.9468
13.955
13.9485
13.9538
13.9518
13.9529
13.9525
13.9437
13.9505
13.956
13.9455
13.9418
13.9445
13.9444
13.9364
13.9345
13.9214
13.9318
13.9102
13.9352
13.9199
13.9319
13.9249
13.92
13.9518
13.9139
13.9391
13.9322
13.9406
13.9166
13.9177
13.9288
13.9627
13.965
13.9398
13.9518
13.9605
13.9321
13.8906
13.8847
13.893
13.9052
13.8974
13.9032
13.8758
13.9104
13.897
13.8711
13.8902
13.8993
13.9108
13.9071
13.9169
13.8695
13.869
13.8644
13.8761
13.9002
13.8438
13.8636
13.8765
13.9019
13.9111
13.9064
13.9147
13.9035
13.935
13.9304
13.9382
13.9284
13.9227
13.9319
13.9129
13.9303
13.965
13.941
13.9521
13.9173
13.9507
13.9627
13.9617
13.9621
13.9483
13.9473
13.9472
13.956
13.9588
13.9577
13.9585
13.9614
13.9655
13.9449
13.9345
13.9497
13.9513
13.9362
13.9425
13.9346
13.9304
13.9273
13.922
13.9327
13.9384
13.9389
13.9284
13.9351
13.9469
13.9338
13.9175
13.9165
13.9258
13.9306
13.889
13.912
13.9329
13.9354
13.9377
13.9555
13.9259
13.9262
13.9517
13.9213
13.9218
13.9127
13.9178
13.9382
13.9271
13.8893
13.866
13.898
13.8818
13.8623
13.9256
13.9358
13.9494
13.945
13.962
13.8695
13.8713
13.8641
13.8787
13.9051
13.8437
13.864
13.8821
13.9098
13.9559
13.9534
13.9603
13.9584
13.9801
13.9874
13.9856
13.9807
13.9401
13.9467
13.9625
13.9708
13.9849
13.9801
13.985
13.9946
13.9796
14.0012
13.9987
13.9974
13.9863
13.9516
13.958
13.9634
13.9631
13.9695
13.9667
13.9635
13.9699
13.9618
13.9443
13.9616
13.97
13.9547
13.9296
13.9323
13.9252
13.9262
13.9393
13.9411
13.9586
13.9547
13.9549
13.9466
13.9828
13.9266
13.869
13.9101
13.9149
13.9282
13.8649
13.9158
13.9378
13.9395
13.9165
13.9492
13.9177
13.9112
13.9489
13.9146
13.9524
13.9397
13.9396
13.9615
13.9513
13.8758
13.8629
13.8908
13.8708
13.8632
13.9658
13.9931
13.9928
13.9867
14.0158
13.8766
13.8851
13.8646
13.8878
13.9161
13.8535
13.8677
13.8953
13.9235
14.0257
14.0329
14.0223
14.0402
14.0674
14.0731
14.0709
14.0596
13.9538
13.9608
13.9949
13.9977
13.9914
14.0067
14.0062
14.0147
14.0152
14.0365
14.0362
14.0266
14.0838
13.9682
13.98
13.9663
13.9657
13.969
13.9842
13.971
13.9734
13.9729
13.9621
13.9703
13.9711
13.9661
13.936
13.9391
13.9355
13.9481
13.9705
13.9515
13.998
13.9672
13.9834
13.9531
13.9989
13.9343
13.869
13.9268
13.9152
13.9421
13.8751
13.9402
13.9434
13.949
13.9125
13.9501
13.9126
13.917
13.9513
13.9113
13.973
13.9652
13.9642
13.9838
13.9807
13.8668
13.8665
13.8926
13.8645
13.8745
14.0112
14.0292
14.0351
14.0217
14.0371
13.897
13.9114
13.8726
13.9049
13.9319
13.8769
13.8813
13.9171
13.9419
14.0881
14.0818
14.1021
14.092
14.0842
14.0686
14.0963
14.0822
13.9685
13.9777
14.0147
14.0124
13.9917
14.0192
14.0155
14.0443
14.0338
14.0435
14.0428
14.0347
14.0696
13.9849
13.986
13.9947
13.9778
13.9814
13.9921
13.9826
13.9835
13.9729
13.9669
13.9841
13.9758
13.9619
13.9427
13.9468
13.9601
13.9657
13.986
13.9532
13.9865
13.9778
13.987
13.9577
13.9706
13.9513
13.8873
13.9553
13.9324
13.9618
13.8963
13.9635
13.9558
13.9627
13.9236
13.9537
13.9119
13.9332
13.9605
13.9163
13.9919
13.9908
13.9847
13.9992
13.9975
13.8669
13.8905
13.9135
13.8781
13.9162
14.0267
14.0454
14.0293
14.0311
14.0555
13.9282
13.9488
13.894
13.9328
13.953
13.9144
13.9108
13.9519
13.9666
14.0672
14.0611
14.0798
14.0591
14.0525
14.0503
14.0635
14.0488
13.9887
14.0012
14.0224
14.0183
13.9895
14.025
14.019
14.0375
14.0326
14.0342
14.0318
14.0285
14.0459
13.991
13.9996
13.9901
13.9881
13.985
13.9933
13.9947
13.9881
13.9781
13.9543
13.9885
13.9798
13.9497
13.9506
13.9579
13.9748
13.9925
13.9901
13.9699
13.9637
14.0005
13.9957
13.9845
13.9622
13.9708
13.9106
13.9713
13.9519
13.9767
13.9231
13.9758
13.9696
13.976
13.9468
13.9702
13.9251
13.9648
13.9766
13.9398
14.0051
14.0043
14.0008
14.0111
14.0086
13.8971
13.9492
13.957
13.9239
13.9829
14.031
14.0423
14.032
14.0431
14.0311
13.9727
13.9952
13.9284
13.974
13.9807
13.9609
13.9463
13.9971
13.9955
14.031
14.04
14.0479
14.0121
14.0164
14.0296
14.0351
14.0229
14.0146
14.0261
14.0281
14.0212
13.9871
14.0302
14.0228
14.0257
14.0238
14.0228
14.0208
14.0202
14.026
14.0054
14.0078
13.9988
14.001
13.9914
14.0047
14.0054
13.9948
13.9817
13.9476
13.9904
13.9837
13.9473
13.9657
13.9719
14.0036
14.0057
13.9978
13.9938
13.9604
14.007
13.9963
13.9949
13.9646
13.9828
13.9361
13.9794
13.965
13.9878
13.9474
13.9839
13.9819
13.9875
13.9801
13.9883
13.9596
13.9874
14.0086
13.9819
14.008
14.0095
14.0058
13.9969
14.0003
13.9556
14.0087
14.0216
13.9888
14.0248
14.059
14.0297
14.0341
14.0504
14.0213
14.0139
14.0309
13.9598
14.0191
14.007
14.0009
13.971
14.0393
14.0133
14.0117
14.0217
14.0255
14.0007
14.0075
14.0146
14.0189
14.0176
14.0332
14.034
14.0339
14.0251
13.9913
14.0369
14.0268
14.0166
14.0172
14.0144
14.0131
14.0149
14.0142
14.0081
14.0101
14.0124
14.0079
14.0004
14.0208
14.0079
14.0064
13.9854
13.9494
13.9969
13.9886
13.9539
13.9787
13.9858
14.0101
14.0264
13.9919
13.9989
13.9744
14.0167
13.9971
14.0113
13.9894
13.9913
13.9571
13.9887
13.9756
13.9942
13.9667
13.9936
13.9915
13.9935
13.9989
14.0185
14.0052
14.0315
14.0505
14.0393
13.9835
13.9895
13.9987
13.9742
13.9789
14.023
14.0387
14.0689
14.0494
14.0542
14.0223
14.0041
13.9717
13.9869
13.9898
14.045
14.0549
13.9742
14.0558
14.01
14.0198
13.9707
14.0576
14.0012
14.0069
14.0098
14.0131
14.0008
14.0042
14.006
14.0092
14.0035
14.0328
14.0278
14.0393
14.0278
14.005
14.0399
14.0276
14.0097
14.0126
14.009
14.0069
14.0104
14.0071
14.0182
14.0394
14.0289
14.0106
14.0092
14.0357
14.0227
14.0173
13.9935
13.9609
14.0069
13.9984
13.9691
13.9906
13.9905
14.0451
14.0498
14.0149
14.0304
14.0072
14.0464
14.0357
14.0399
14.0205
13.9964
13.9724
13.9959
13.976
13.9966
13.9758
13.9969
13.996
14.0023
14.0572
14.0795
14.0629
14.0591
14.0709
14.0625
13.9717
13.977
14.0161
13.9904
13.9946
14.0526
14.056
14.0612
14.0476
14.0478
13.9708
13.9897
13.9786
14.0024
14.0009
14.0603
14.0538
13.9643
14.0455
13.9957
14.0086
13.9597
14.0312
13.9944
14.0035
14.0037
14.0062
14.0018
14.0036
14.0014
14.0046
14.0048
14.0238
14.0215
14.0375
14.0262
14.02
14.0349
14.0246
14.004
14.0084
14.0049
14.0022
14.0066
14.0027
14.0446
14.038
14.0315
14.0333
14.0248
14.0267
14.0319
14.0225
14.0018
13.9765
14.0106
14.0026
13.9792
13.9894
13.9878
14.0458
14.039
14.0391
14.0389
14.027
14.0365
14.0336
14.0344
14.028
13.995
13.9804
13.9988
13.9682
13.9908
13.9798
13.996
14.0053
14.0059
14.0508
14.0581
14.0522
14.0389
14.0461
14.0399
14.0198
14.0097
14.0218
14.0282
14.0149
14.037
14.0392
14.0353
14.0265
14.0296
14.0188
14.0102
14.0056
14.0121
14.0107
14.0418
14.0322
13.9594
14.0239
13.9971
13.9942
13.9631
14.0214
14.0002
14.0027
13.9987
14.0023
13.9987
14.0002
13.9958
14.0004
14.0069
14.0211
14.0207
14.0325
14.0235
14.0258
14.0311
14.0228
14.0003
14.005
14.0014
13.999
14.0037
13.9983
14.0308
14.0251
14.0199
14.0248
14.0152
14.0144
14.0166
14.0114
13.9994
13.9772
14.0072
13.9934
13.9737
13.9842
13.9789
14.0315
14.023
14.027
14.0294
14.0257
14.0218
14.0201
14.0234
14.0212
13.9837
13.9769
13.9893
13.9595
13.9754
13.9716
13.9815
14.0022
13.9956
14.0273
14.0362
14.0296
14.0152
14.0244
14.0195
14.01
14.0062
14.0071
13.989
13.9936
14.0154
14.0212
14.0112
14.0042
14.0141
14.0019
14.0023
13.9885
13.9915
13.9893
14.0261
14.0215
13.9696
14.0208
14.0016
13.9926
13.9759
14.0181
14.0008
13.9954
13.9926
13.9967
13.9887
13.9891
13.9884
13.9928
13.9933
14.0202
14.019
14.0304
14.0223
14.027
14.0283
14.0202
13.9979
14.0023
13.9981
13.9965
14.0005
13.9934
14.0185
14.0093
14.0121
14.0078
14.0062
14.0112
13.9979
13.9992
13.9864
13.9712
13.993
13.9775
13.9683
13.9754
13.9725
14.0129
14.0045
14.0123
14.0149
14.0153
14.0063
14.0032
14.0058
14.0076
13.9698
13.9675
13.9748
13.9592
13.9681
13.9602
13.9647
13.9867
13.9711
14.0088
14.0125
14.0106
14.007
13.9985
14.0042
13.9659
13.9741
13.9794
13.9339
13.9451
13.9945
14.0091
13.9927
13.9864
14.0024
13.9751
13.9743
13.9506
13.9527
13.9567
14.0159
14.0086
13.979
14.014
13.9982
13.9898
13.98
14.0088
13.9948
13.9808
13.9841
13.9872
13.9748
13.9727
13.979
13.9816
13.9713
14.0177
14.0151
14.0234
14.0159
14.0224
14.0166
14.0097
13.995
13.9975
13.9916
13.9925
13.9936
13.9869
13.9977
13.9835
14.0077
13.9861
13.9905
13.9974
13.9719
13.9791
13.9638
13.9623
13.9625
13.9454
13.9526
13.9668
13.9574
13.9967
13.9883
13.9924
13.9962
13.9982
13.9851
13.9791
13.9855
13.9866
13.963
13.9518
13.9542
13.9459
13.9528
13.9419
13.9433
13.9429
13.9202
14.0018
13.9957
13.9951
13.9947
13.9949
13.9912
13.8929
13.9094
13.9163
13.8628
13.879
13.9924
14.0043
14.0017
14.0032
14.004
13.9276
13.9386
13.8993
13.9034
13.92
14.0055
14.0025
13.9792
14.0038
13.9924
13.9936
13.9767
14.0005
13.9899
13.9636
13.974
13.9748
13.9641
13.9564
13.9686
13.9685
13.946
14.0115
14.0069
14.0085
14.0027
14.0082
14.0006
13.9957
13.9895
13.9893
13.9829
13.9855
13.9846
13.9787
13.9665
13.9463
13.9825
13.9553
13.9632
13.961
13.9371
13.9427
13.9239
13.9393
13.9164
13.9029
13.9233
13.9445
13.9284
13.9788
13.9682
13.9632
13.9738
13.9739
13.9573
13.9451
13.9615
13.9608
13.9419
13.9274
13.9339
13.9216
13.9323
13.9175
13.932
13.9055
13.903
13.9866
13.9896
13.9867
13.9779
13.9775
13.9793
13.851
13.8664
13.8943
13.8624
13.8713
14.0014
14.0002
13.9965
13.9924
13.997
13.8842
13.9073
13.8715
13.8753
13.8989
14.0049
14.0062
13.9757
13.9966
13.9879
13.9957
13.9756
13.9932
13.9857
13.9501
13.9634
13.9611
13.9516
13.9451
13.9571
13.9538
13.9351
14.0015
13.9969
13.9937
13.989
13.9909
13.9859
13.9829
13.9811
13.9804
13.9738
13.9752
13.9763
13.967
13.9241
13.9016
13.936
13.9188
13.92
13.9107
13.902
13.8984
13.8863
13.9067
13.8818
13.8752
13.89
13.9108
13.8943
13.9563
13.9445
13.9264
13.9488
13.9468
13.9242
13.9064
13.936
13.9313
13.9218
13.9022
13.9255
13.8933
13.9096
13.8878
13.9182
13.9067
13.9056
13.9675
13.9699
13.9694
13.9575
13.9613
13.96
13.8802
13.8855
13.9037
13.8913
13.8962
13.9818
13.9904
13.9744
13.9714
13.9812
13.8734
13.8979
13.8749
13.8783
13.8989
13.9991
13.9908
13.9725
13.9931
13.9814
13.9812
13.9686
13.9903
13.9795
13.9406
13.9503
13.9467
13.9416
13.9352
13.9444
13.94
13.9241
13.9901
13.9835
13.98
13.9783
13.9757
13.9739
13.9735
13.9693
13.9719
13.9635
13.9628
13.9669
13.9534
13.8806
13.8657
13.8917
13.8897
13.8829
13.8806
13.8789
13.8735
13.8698
13.8705
13.8722
13.8687
13.8479
13.8762
13.8557
13.933
13.9228
13.8846
13.9233
13.9157
13.8897
13.8628
13.9114
13.9006
13.8932
13.875
13.9102
13.8506
13.8717
13.8594
13.9012
13.9028
13.8995
13.9487
13.9546
13.9525
13.9411
13.9498
13.9463
13.8978
13.9018
13.9037
13.895
13.8966
13.9626
13.9724
13.9587
13.9557
13.9659
13.8813
13.8986
13.8886
13.8848
13.9007
13.9825
13.9746
13.9625
13.9831
13.9772
13.9688
13.9549
13.9758
13.9707
13.9294
13.9375
13.9328
13.9294
13.9219
13.9314
13.9245
13.9146
13.9789
13.9711
13.9683
13.969
13.9633
13.9626
13.9638
13.9567
13.9617
13.9519
13.951
13.9563
13.9409
13.8568
13.8497
13.8727
13.8719
13.8677
13.866
13.8675
13.8641
13.8641
13.8295
13.8653
13.8569
13.8147
13.838
13.8209
13.9146
13.909
13.841
13.9017
13.8857
13.8616
13.8237
13.8932
13.8725
13.85
13.8439
13.8874
13.807
13.8324
13.823
13.8576
13.8973
13.8887
13.9352
13.9467
13.9424
13.9321
13.9458
13.9414
13.8883
13.8972
13.8884
13.8892
13.9027
13.9515
13.9616
13.9536
13.9502
13.96
13.88
13.8981
13.875
13.8805
13.8848
13.968
13.9642
13.9474
13.9668
13.9601
13.9574
13.9425
13.9572
13.9449
13.9118
13.9238
13.9153
13.9117
13.8988
13.9167
13.9059
13.8948
13.9628
13.9534
13.9577
13.9594
13.9525
13.9528
13.9552
13.9444
13.9512
13.9417
13.9379
13.9466
13.9261
13.8456
13.8469
13.8608
13.8652
13.8622
13.8592
13.8646
13.8602
13.8492
13.804
13.8599
13.8432
13.7933
13.8071
13.7963
13.9077
13.9121
13.8102
13.8889
13.8639
13.8541
13.8051
13.8904
13.8591
13.8136
13.8143
13.831
13.779
13.796
13.8105
13.8121
13.866
13.8274
13.9324
13.9478
13.9435
13.9367
13.9531
13.9501
13.8827
13.8887
13.8392
13.8557
13.8599
13.9521
13.9617
13.962
13.9579
13.9673
13.8685
13.8672
13.8436
13.8459
13.8446
13.9642
13.9684
13.9422
13.9504
13.9324
13.9604
13.9444
13.9521
13.9288
13.8857
13.9081
13.8946
13.8926
13.8705
13.8995
13.8824
13.8605
13.9443
13.9443
13.9511
13.9536
13.9555
13.9555
13.9563
13.9326
13.9433
13.9367
13.9296
13.9422
13.912
13.8579
13.8788
13.8611
13.8699
13.8636
13.8697
13.886
13.8733
13.8378
13.7847
13.8569
13.8374
13.7794
13.7845
13.7729
13.9228
13.9404
13.8126
13.899
13.8595
13.8847
13.8328
13.9157
13.8671
13.7815
13.8129
13.7961
13.7464
13.7617
13.8206
13.77
13.7882
13.744
13.9462
13.9631
13.9613
13.9624
13.9785
13.9766
13.8064
13.8122
13.7528
13.7543
13.7571
13.968
13.9766
13.9867
13.9823
13.9898
13.8089
13.8104
13.7673
13.7651
13.775
13.9773
13.9905
13.9506
13.9669
13.9502
13.9832
13.9653
13.9879
13.9812
13.8514
13.8892
13.8683
13.8617
13.8317
13.878
13.8525
13.8109
13.9594
13.9833
13.9614
13.9615
13.9804
13.9714
13.9707
13.9247
13.9435
13.9417
13.9236
13.9488
13.8947
13.9141
13.975
13.8883
13.9169
13.8914
13.9173
13.9529
13.9206
13.8433
13.7771
13.8683
13.8561
13.782
13.7598
13.7441
13.9662
14.0016
13.867
13.9414
13.8849
13.9603
13.9221
13.9774
13.9145
13.7375
13.7971
13.7447
13.713
13.6953
13.7643
13.696
13.6939
13.6539
13.9858
13.9994
13.9967
14.0155
14.0252
14.024
13.6869
13.6863
13.5891
13.5899
13.5918
14
14.0072
14.0298
14.0215
14.0274
13.7015
13.7278
13.6274
13.6249
13.6612
14.0069
14.0261
13.9817
14.0088
14.0053
14.017
13.9978
14.0273
14.0226
13.8034
13.8655
13.8345
13.816
13.7701
13.8487
13.8129
13.7313
14.0088
14.0277
13.985
13.9827
14.0207
14.0004
13.9972
13.9249
13.9561
13.9495
13.9279
13.9633
13.8796
14.0579
14.1396
13.9624
14.0143
13.9634
14.028
14.0951
14.0254
13.8831
13.7974
13.9409
13.9298
13.8106
13.7325
13.7223
14.0474
14.1005
13.9975
14.0234
13.9522
14.0909
14.0823
14.0808
13.9985
13.6336
13.7248
13.5897
13.6339
13.5499
13.6175
13.4384
13.5381
13.3816
14.0519
14.0555
14.0548
14.0937
14.0883
14.0879
13.4622
13.4549
13.3384
13.2661
13.2609
14.0473
14.0502
14.0826
14.0753
14.0756
13.4969
13.5747
13.3318
13.3302
13.4414
14.0473
14.0704
14.0151
14.0449
14.0359
14.0567
14.0335
14.0626
14.0495
13.7254
13.8287
13.7832
13.7485
13.6725
13.8072
13.7482
13.5976
14.0395
14.0502
14.0106
14.0125
14.0366
14.0163
14.0225
13.9285
13.9705
13.9493
13.9298
13.9751
13.862
14.2179
14.3042
14.119
14.2139
14.1188
14.2274
14.3341
14.2129
13.9949
13.8279
14.1004
14.0534
13.8698
13.6981
13.6791
14.1546
14.205
14.1706
14.143
14.07
14.2432
14.261
14.1984
14.1633
13.4393
13.4731
13.2756
13.5171
13.3157
13.3152
13.0627
13.2014
12.9059
14.1366
14.1227
14.122
14.1784
14.1575
14.1589
12.9873
12.9001
12.7172
12.5169
12.3113
14.1052
14.1034
14.1451
14.1386
14.1336
12.9853
13.2635
12.6153
12.4473
12.9666
14.0955
14.1218
14.0527
14.0817
14.0645
14.1036
14.0723
14.1014
14.08
13.601
13.7845
13.7064
13.6756
13.5144
13.7626
13.6604
13.3604
14.0617
14.0739
14.0205
14.0314
14.053
14.0245
14.0376
13.9325
13.9795
13.9628
13.9396
13.9849
13.8507
14.3838
14.4338
14.3295
14.4125
14.3155
14.3984
14.453
14.4097
14.1107
13.9335
14.2238
14.1951
13.9974
13.6579
13.6633
14.2533
14.2956
14.343
14.2506
14.2493
14.3459
14.4032
14.2931
14.3082
13.1751
13.1562
12.7969
13.3889
13.0489
13.0325
12.508
12.5051
12.0038
14.2218
14.1949
14.1968
14.2638
14.2369
14.2377
11.9469
10.5311
11.2535
11.0973
7.27815
14.1744
14.167
14.2188
14.2143
14.2068
10.7233
12.5279
11.2158
7.4132
11.7677
14.1501
14.1825
14.0916
14.1226
14.0961
14.1559
14.1116
14.1443
14.111
13.4027
13.741
13.6088
13.5931
13.2672
13.72
13.5555
12.8724
14.0869
14.1022
14.0335
14.0444
14.0704
14.0442
14.0532
13.9509
13.9916
13.9756
13.9627
13.9986
13.8574
14.4538
14.4558
14.4214
14.4629
14.4283
14.4229
14.4519
14.4221
14.2595
14.0776
14.3366
14.3073
14.1907
13.7225
13.8485
14.3332
14.3699
14.4356
14.3349
14.3453
14.4044
14.447
14.3701
14.3682
12.9226
12.9996
12.2293
13.4919
12.8621
13.1547
12.1162
11.2896
10.3341
14.3061
14.2802
14.281
14.3481
14.3213
14.3261
10.6086
4.96292
7.32215
-2.06073
10.0804
4.74717
-7.02073
-2.654
-3.42408
-0.692474
-2.15634
-1.20531
14.2575
14.2503
14.3031
14.3048
14.2926
4.91791
10.6157
9.94074
4.74763
8.29487
-2.03765
-2.59815
-2.19514
-1.41772
-3.61832
-0.879413
14.2155
14.2467
14.1302
14.1654
14.1244
14.2069
14.1479
14.1835
14.1352
13.1223
13.7056
13.5048
13.5185
12.9793
13.7035
13.4773
11.4694
14.1171
14.1305
14.0559
14.0629
14.0828
14.068
14.0741
13.981
14.0071
13.9918
14.0022
14.015
13.8879
14.4487
14.4601
14.4404
14.4369
14.4372
14.4547
14.4378
14.4504
14.3513
14.3034
14.4254
14.3986
14.403
14.027
14.2057
14.4027
14.4333
14.4539
14.4004
14.3821
14.4622
14.4735
14.4322
14.3914
12.9396
13.4155
12.1728
13.9127
13.2125
13.7014
12.3077
10.1728
9.82096
0.629914
1.15665
2.37838
14.388
14.3594
14.3621
14.4145
14.3866
14.3869
1.7814
10.2766
6.27922
9.51298
4.61369
10.4907
7.24294
0.429306
0.907457
-0.162319
1.33811
0.56851
2.26885
0.370736
14.3324
14.3192
14.349
14.3417
14.3158
6.27453
9.30089
2.03513
10.4772
7.17945
10.0286
4.97902
-0.0801178
0.0511267
0.586855
2.30339
0.407456
1.61075
0.776874
14.2719
14.2616
14.1572
14.1907
14.1344
14.2223
14.1562
14.1765
14.1217
12.8909
13.7276
13.4833
13.6319
12.7645
13.7786
13.5578
10.8422
2.23657
2.35128
3.14245
14.1337
14.1261
14.0772
14.0816
14.0849
14.0824
14.0852
14.0278
14.0243
14.0141
14.0513
14.0342
13.9559
14.4802
14.5112
14.4643
14.4882
14.4623
14.5075
14.5428
14.5077
14.4479
14.4729
14.5168
14.4961
14.5207
14.3987
14.529
14.4523
14.4471
14.4828
14.4463
14.405
14.4778
14.4915
14.4492
14.3987
13.6039
13.8713
12.7172
14.3559
13.9999
13.9755
13.2213
11.2402
4.0651
12.2892
5.35041
2.48729
1.74767
3.36947
4.4983
14.4143
14.3951
14.3871
14.3917
14.3663
14.3547
6.52484
10.5858
7.84059
11.0105
7.35155
10.8132
8.22198
0.83448
3.21203
0.789005
3.47288
1.87528
3.41717
0.978852
14.3316
14.2813
14.3126
14.2923
14.2268
7.83882
10.86
7.08108
10.8791
8.23449
10.9427
6.98285
0.977986
3.59367
1.73446
3.39698
0.942481
3.34819
1.85962
14.2087
14.1719
14.1196
14.1362
14.088
14.1015
14.0536
14.062
14.0288
12.9756
13.8593
13.709
13.824
13.2928
13.9661
13.8918
5.92344
12.3428
5.38632
4.86348
3.53243
3.85413
14.1022
14.055
14.0862
14.0853
14.0535
14.0742
14.0783
14.0717
14.0443
14.0426
14.0934
14.0544
14.0569
14.5107
14.4941
14.5597
14.5433
14.5647
14.5641
14.5318
14.5629
14.5551
14.5875
14.5899
14.5629
14.6083
14.6104
14.651
14.4135
14.3579
14.4764
14.4233
14.3687
14.4316
14.4459
14.367
14.3283
14.3022
14.1312
13.6589
14.5283
14.4817
14.2519
14.1404
12.622
5.02389
13.3506
2.47204
3.82661
14.3491
14.3088
14.2979
14.2934
14.2425
14.2322
7.01256
11.5348
8.52988
11.2632
4.15993
11.8336
8.11851
2.23608
3.29975
0.604624
1.23472
2.73842
1.83854
1.20855
14.2238
14.1615
14.1672
14.1542
14.0992
8.66765
11.5062
6.54142
12.058
8.16507
11.7252
5.29704
0.623942
3.25765
1.83975
1.97639
1.02976
1.67072
2.56814
14.1169
14.046
13.9646
14.0029
13.9406
13.9602
13.8868
13.9503
13.8269
13.7459
14.056
14.0714
14.0046
13.9907
14.1071
14.162
13.5241
13.9927
13.9374
14.0543
14.0623
13.9984
14.036
14.0463
14.113
14.0652
14.0674
14.1196
14.0725
14.1222
14.4598
14.3979
14.5491
14.4933
14.5332
14.511
14.4454
14.4855
14.5268
14.5751
14.5118
14.481
14.5259
14.5936
14.5348
14.297
14.2309
14.3963
14.3041
14.2654
14.3184
14.336
14.2338
14.1934
14.4995
14.3079
14.2649
14.4547
14.494
14.3169
14.3258
14.0692
14.3294
14.2308
14.1762
14.1671
14.1708
14.119
14.1109
12.7491
8.82398
13.8441
13.7392
11.9094
-2.85059
-0.572736
14.0929
14.048
14.0545
14.0439
14.0102
9.27523
13.3913
13.8394
12.4006
14.0947
-0.588122
13.9939
13.9608
13.8526
13.8624
13.8137
13.9065
13.8596
13.8544
13.8479
14.1454
14.1365
14.22
14.138
14.225
14.1538
14.2531
14.3418
13.9121
13.923
14.0206
14.0297
13.9652
14.0129
14.016
14.1171
14.0749
14.0716
14.1137
14.0763
14.1408
14.3477
14.2961
14.4578
14.3921
14.4283
14.3929
14.3363
14.3665
14.4327
14.4692
14.4155
14.3764
14.4148
14.4754
14.4182
14.1788
14.1409
14.2777
14.1769
14.1271
14.213
14.2177
14.1327
14.0752
14.4467
14.2965
14.3413
14.355
14.3909
14.2633
14.3292
14.4069
14.3975
14.126
14.08
14.0708
14.0981
14.0581
14.0484
14.203
13.7847
14.3065
14.3281
14.3052
14.0137
13.9907
14.0211
14.0016
13.9877
13.9165
14.2209
14.3657
14.3478
14.3428
13.9492
13.9546
13.8759
13.8975
13.909
13.9219
13.8766
13.9223
13.9045
14.2403
14.1647
14.2576
14.1581
14.2345
14.1662
14.2447
14.3153
13.949
13.9318
14.0073
14.0051
13.9199
14.0086
13.9985
14.1098
14.0738
14.0666
14.1072
14.0709
14.1447
14.2477
14.2106
14.3269
14.2751
14.2982
14.2651
14.2174
14.2313
14.3122
14.3587
14.2861
14.2434
14.2918
14.3653
14.3091
14.1218
14.123
14.1679
14.1029
14.0389
14.1538
14.1321
14.0909
14.0244
14.3403
14.2247
14.3023
14.2574
14.2953
14.1806
14.2667
14.3595
14.3157
14.0887
14.0541
14.0428
14.0949
14.0664
14.0526
14.3778
14.3677
14.3033
14.3817
14.3744
14.007
13.9993
14.054
14.0271
14.0225
14.3688
14.3096
14.3751
14.3747
14.3181
13.9713
13.9983
13.8982
13.9381
13.9168
13.9656
13.9255
13.9576
13.9317
14.2129
14.1494
14.2172
14.1219
14.2038
14.1424
14.1957
14.2656
13.9306
13.9327
14.0083
13.9984
13.9549
13.9899
13.9897
14.103
14.0681
14.0641
14.0938
14.0654
14.1312
14.1895
14.1842
14.2145
14.1769
14.181
14.1858
14.1556
14.1473
14.1826
14.2312
14.1787
14.1369
14.1793
14.2561
14.2055
14.1382
14.1647
14.1168
14.0974
14.0322
14.167
14.1186
14.1205
14.0557
14.2517
14.1378
14.2302
14.159
14.2111
14.0942
14.1956
14.2774
14.2414
14.1142
14.0911
14.0763
14.1451
14.1259
14.1103
14.3476
14.3442
14.2486
14.3227
14.3187
14.0593
14.0549
14.1276
14.0995
14.0943
14.3528
14.3135
14.3403
14.3375
14.3128
14.0327
14.0744
13.9531
13.9835
13.9518
14.0355
13.9874
14.0186
13.9793
14.2075
14.1486
14.1924
14.1476
14.2182
14.1702
14.2007
14.2621
13.9292
13.9404
13.9693
13.9799
13.9377
13.9655
13.9865
14.09
14.0731
14.09
14.0996
14.0892
14.152
14.1926
14.2103
14.1766
14.1497
14.1295
14.1756
14.1566
14.1256
14.1073
14.1415
14.1356
14.0932
14.1185
14.1631
14.1303
14.1999
14.2425
14.1358
14.1529
14.0888
14.223
14.163
14.1915
14.1249
14.1763
14.0634
14.1676
14.0841
14.1494
14.0308
14.1425
14.2131
14.1892
14.1838
14.1683
14.1523
14.2284
14.2153
14.199
14.2952
14.2974
14.2178
14.2785
14.2823
14.1462
14.1388
14.2248
14.1976
14.189
14.3261
14.3185
14.321
14.3153
14.3269
14.1216
14.1754
14.0298
14.0661
14.0176
14.1334
14.0764
14.1219
14.0694
14.2364
14.1997
14.2218
14.2099
14.2631
14.2356
14.2486
14.2932
13.98
14.0419
13.9936
14.0258
14.0323
14.0687
14.1007
14.1265
14.1244
14.1763
14.1728
14.1745
14.224
14.2328
14.2537
14.1845
14.1717
14.1326
14.1946
14.1875
14.1438
14.0936
14.1114
14.1387
14.1011
14.1117
14.1127
14.1059
14.2888
14.3352
14.1932
14.2345
14.1658
14.2897
14.2242
14.2748
14.2085
14.1312
14.0216
14.1304
14.0531
14.1202
14.0202
14.1202
14.1739
14.166
14.2771
14.2657
14.2504
14.3258
14.3166
14.3013
14.2723
14.2775
14.2204
14.2755
14.2803
14.2519
14.2438
14.3309
14.3057
14.3001
14.3176
14.342
14.3338
14.3296
14.3587
14.2333
14.2935
14.1264
14.1839
14.1282
14.2498
14.1797
14.2494
14.19
14.2978
14.2736
14.2849
14.2906
14.336
14.3119
14.3234
14.3546
14.1242
14.1996
14.1642
14.1938
14.2097
14.2446
14.2779
14.2296
14.2336
14.2754
14.2855
14.2784
14.311
14.271
14.2792
14.1985
14.2007
14.1516
14.193
14.2019
14.1499
14.1099
14.1167
14.1435
14.116
14.1208
14.1089
14.1111
14.3812
14.4121
14.2515
14.3125
14.2459
14.3327
14.2694
14.3339
14.2756
14.1204
14.0296
14.1207
14.0631
14.1242
14.0464
14.1317
14.1662
14.1785
14.3738
14.3656
14.3511
14.4125
14.4052
14.3915
14.2882
14.2942
14.256
14.3064
14.3163
14.3584
14.3579
14.4254
14.4008
14.4034
14.3487
14.3809
14.3716
14.3762
14.4089
14.3543
14.401
14.2355
14.3177
14.2537
14.3559
14.2784
14.3699
14.3086
14.3747
14.3554
14.3663
14.3721
14.4115
14.403
14.4092
14.4187
14.2736
14.3405
14.2965
14.3254
14.3215
14.3271
14.3416
14.332
14.3087
14.3309
14.3732
14.3413
14.4007
14.2752
14.2812
14.1702
14.1895
14.1372
14.1544
14.1879
14.1455
14.1226
14.1264
14.1504
14.1418
14.1353
14.1187
14.1261
14.4649
14.5661
14.278
14.3601
14.2893
14.4064
14.2999
14.4088
14.3077
14.131
14.0789
14.1462
14.0968
14.1303
14.112
14.1736
14.2029
14.2391
14.4652
14.4612
14.4434
14.5361
14.5525
14.5085
14.3342
14.3517
14.3247
14.387
14.4018
14.4491
14.4521
14.5698
14.5129
14.5309
14.4149
14.4432
14.4594
14.4635
14.4932
14.461
14.563
14.3164
14.4307
14.35
14.4734
14.3599
14.5387
14.4256
14.4443
14.4336
14.4453
14.4303
14.4771
14.4655
14.4849
14.518
14.4047
14.4987
14.3392
14.3651
14.4396
14.3732
14.4242
14.4068
14.3848
14.4073
14.4361
14.4341
14.4658
14.2663
14.1608
14.191
14.161
14.1668
14.1526
14.1444
14.5262
14.2893
14.4036
14.3141
14.1677
14.2404
14.1925
14.1316
14.1648
14.1425
14.1357
14.1321
14.1798
14.2738
14.5355
14.5701
14.5179
14.3294
14.4182
14.3288
14.2144
14.2683
14.236
14.2007
14.2393
14.2448
14.2613
14.2825
14.3233
14.4318
14.4434
14.5252
14.5304
14.3335
14.4315
14.3458
14.2764
14.3014
14.2954
14.3155
14.3163
14.3509
14.4038
14.4103
14.4319
14.4911
14.5173
14.5306
14.3734
14.4903
14.4093
14.3215
14.3445
14.3407
14.3918
14.3691
14.4002
14.4732
14.4688
14.4929
14.4717
14.3608
14.458
14.4389
14.4723
33.8246
36.1957
35.1397
33.8161
34.5384
34.9514
35.4888
32.8606
33.886
35.1493
35.5526
35.886
36.1524
35.1296
40.5153
40.804
38.8841
39.2007
37.7142
39.5547
38.0249
36.3974
37.1488
42.9422
36.042
36.5345
35.6505
37.3924
43.2556
47.8822
52.1076
36.8648
38.2936
41.1901
46.8933
53.612
59.5419
58.9762
47.6857
52.733
57.1619
58.1784
39.2917
40.1448
50.0842
40.191
36.6523
40.7601
37.3687
50.4633
70.1645
61.2471
36.434
43.3766
45.1654
53.9675
57.2923
65.0296
71.4293
49.1156
54.3499
57.1593
63.4435
63.8368
75.1797
76.1726
62.6382
64.652
72.7416
70.206
71.2764
77.6569
67.3711
65.2519
68.3382
69.7682
70.3242
87.732
73.3033
88.5877
70.3655
75.4946
70.4511
74.5103
33.5606
33.3166
34.0555
31.4329
32.2842
31.6461
32.2623
34.5909
34.662
34.2498
33.0009
32.9094
32.6624
32.4691
35.2674
37.6407
36.6898
34.2172
32.8304
35.4531
34.855
36.8693
39.1369
36.0422
36.7972
36.0066
36.8422
35.716
31.1803
30.3951
30.8159
29.8355
30.2221
29.2744
29.6361
31.4235
30.9474
30.5978
30.2448
30.1333
29.2971
28.973
30.9556
33.7867
33.3589
31.1331
29.5739
33.0345
32.4249
34.8387
34.5553
34.5286
33.6302
34.4594
32.5737
33.5844
29.4371
28.0426
28.5508
28.1954
28.3069
26.5218
27.0598
28.9878
27.4689
27.6331
27.3552
27.9024
25.5704
26.6243
27.743
33.1425
31.6325
27.1988
24.7122
33.6751
30.3397
34.6338
31.1518
33.3532
34.429
34.735
30.1813
32.368
26.6102
24.7353
25.3436
25.3367
24.7234
22.7415
23.5164
26.9188
23.5818
25.3607
24.2503
26.0321
21.7278
24.0502
20.656
31.5133
26.101
14.9274
17.8611
22.3001
19.002
30.9767
28.6864
26.3211
18.4436
19.299
22.8791
15.184
22.8313
20.7663
21.7156
20.5164
20.9436
19.1887
20.0193
24.4843
20.258
21.9107
20.5114
20.8559
19.307
16.9911
16.6893
13.5379
14.0351
12.9679
15.8606
12.4994
12.1095
13.1235
13.5808
12.1269
12.9845
12.6954
12.5042
12.8824
19.2643
17.9657
18.4514
17.7048
18.3498
17.419
17.5826
13.9921
18.5074
12.0208
16.9997
12.7746
17.5715
12.3987
15.1307
12.8125
12.0586
13.686
14.9354
13.0947
12.4678
12.9799
13.2119
13.1263
13.3442
13.0275
13.4739
13.1471
18.2068
17.1965
17.3595
15.5533
14.7121
14.9758
14.1052
13.2347
14.9645
13.3069
12.8172
13.4025
12.6239
13.4592
15.0987
13.2224
12.6639
12.8117
12.9359
13.2079
12.4654
13.0389
13.5495
13.2367
13.5808
13.2239
13.6126
13.3524
12.4118
12.1062
11.7561
13.3
13.1403
12.2813
12.7091
13.4623
13.4135
13.4924
13.4187
13.4691
13.8892
13.4922
11.7261
13.3485
12.7095
13.2696
12.7743
13.53
13.1647
13.4338
13.6571
13.4497
13.6909
13.4859
13.6984
13.5362
13.379
13.0906
13.3599
13.4191
13.3323
13.3125
13.4361
13.4666
13.8412
13.4847
13.4675
13.4612
13.6689
13.4664
13.3517
13.5978
13.4397
13.5255
13.4326
13.6197
13.5112
13.5474
13.7627
13.6439
13.7824
13.6571
13.8217
13.777
13.3559
13.2556
13.3587
13.3304
13.3799
13.2209
13.2875
13.4433
13.5103
13.4326
13.4249
13.4178
13.3705
13.3795
13.4632
13.7056
13.5888
13.6783
13.5611
13.7985
13.7324
13.7793
13.8708
13.8912
13.8368
13.8706
13.8955
13.9721
13.3822
13.2293
13.2343
13.2868
13.3706
13.2489
13.2007
13.3908
13.2673
13.3205
13.3731
13.3711
13.2042
13.2664
13.6713
13.8075
13.8501
13.7923
13.7492
13.7768
13.8911
13.9112
13.903
13.9958
13.8368
13.9225
13.9031
13.9796
13.3363
13.2811
13.1777
13.2956
13.2812
13.3198
13.15
13.344
13.1664
13.2135
13.2815
13.3067
13.1197
13.1675
13.7863
13.7571
13.8831
13.746
13.7956
13.7583
13.8678
13.9236
13.9456
13.9443
13.8646
13.914
13.9803
13.9209
13.2439
13.3616
13.1484
13.3307
13.2602
13.4009
13.2058
13.3002
13.0738
13.1517
13.2465
13.3298
13.1227
13.2045
13.78
13.7822
13.841
13.7281
13.7583
13.7964
13.8115
13.881
13.9697
13.8885
13.9207
13.8613
13.9562
13.8945
13.3288
13.4582
13.3358
13.5229
13.4297
13.5306
13.4803
13.407
13.2702
13.337
13.4479
13.5159
13.4596
13.4948
13.742
13.8156
13.792
13.804
13.755
13.8402
13.7789
13.8551
13.9379
13.9022
13.9335
13.86
13.8945
13.8829
13.5461
13.606
13.6039
13.7115
13.6669
13.6888
13.7102
13.6374
13.6223
13.6381
13.7237
13.7466
13.7454
13.7504
13.7678
13.88
13.7817
13.8794
13.8057
13.8938
13.8008
13.8733
13.8138
13.8696
13.8668
13.8529
13.7249
13.85
13.7802
13.791
13.801
13.888
13.8672
13.8566
13.8522
13.8357
13.8268
13.8367
13.8794
13.9034
13.8729
13.9012
13.85
13.8862
13.8227
13.8824
13.8505
13.8383
13.7982
13.819
13.709
13.8407
13.7525
13.7696
13.7173
13.8213
13.9173
13.8863
13.8851
13.9511
13.9383
13.8778
13.8851
13.9459
13.8926
13.9307
13.9289
13.9674
13.8913
13.9376
13.8187
13.7516
13.7356
13.7565
13.7297
13.6143
13.6236
13.6711
13.6544
13.7569
13.4807
13.4982
13.5166
13.6471
13.941
13.8603
13.8774
13.9309
13.9364
13.8418
13.8742
13.975
13.887
13.9362
13.9398
13.9775
13.8865
13.9346
13.6257
13.4938
13.5052
13.6315
13.5339
13.4801
13.4221
13.3172
13.3158
13.4511
13.3441
13.2667
13.1361
13.345
13.9298
13.8197
13.8763
13.905
13.9291
13.7943
13.8864
13.9773
13.8899
13.938
13.9422
13.977
13.8966
13.9448
13.4694
13.5303
13.4699
13.664
13.5182
13.6312
13.585
13.4134
13.2374
13.354
13.6662
13.6572
13.6063
13.551
13.9312
13.7666
13.8986
13.8823
13.9258
13.7454
13.9036
13.9751
13.9119
13.9553
13.9502
13.9737
13.9221
13.9622
13.5953
13.7638
13.6889
13.8078
13.683
13.9099
13.7685
13.8808
14.0924
13.7988
14.2796
14.0346
14.3094
13.9707
13.9125
13.7341
13.8936
13.8484
13.8919
13.7309
13.8591
13.9703
13.9257
13.9638
13.9372
13.9701
13.9223
13.9649
13.7207
13.955
13.8263
13.8423
13.7416
13.8489
13.8147
14.0397
14.276
14.0207
14.1494
13.9654
14.1702
14.0118
13.8713
13.7672
13.8539
13.8475
13.871
13.8032
13.8612
13.9732
13.914
13.9618
13.9369
13.9811
13.9226
13.9656
13.7122
13.7121
13.7335
13.8186
13.6747
13.6292
13.6709
13.8731
14.0698
13.9836
13.8007
13.7791
14.0012
13.9571
13.8885
13.8452
13.8397
13.9226
13.9311
13.9063
13.9048
13.9971
13.9348
13.9782
13.9839
14.0167
13.9509
14.0028
13.6855
13.6902
13.7147
13.8366
13.7818
13.8616
13.7999
13.7708
13.9727
13.9455
13.8319
13.8294
13.978
13.9515
14.0091
13.9609
13.9924
14.0696
14.0548
14.0747
14.0578
14.0334
13.9941
14.0239
14.0458
14.0495
14.0342
14.0403
13.9465
14.0653
13.9014
14.0861
14.1009
14.1642
14.006
13.9076
13.9986
13.9674
14.0102
13.975
14.0215
13.9841
14.0743
14.1386
14.0928
14.1003
14.08
14.1405
14.0978
14.0569
14.0591
14.0447
14.0683
14.0597
14.0654
14.0461
14.1759
14.1803
14.0814
14.1888
14.1868
14.1587
14.0997
14.0142
14.0304
13.9952
14.0625
14.0267
14.0328
14.0016
14.0786
14.119
14.0892
14.0844
14.0742
14.0964
14.0799
14.0598
14.0644
14.047
14.0664
14.058
14.0606
14.0469
14.1709
14.1276
14.0885
14.136
14.1364
14.1014
14.0651
14.0211
14.0309
14.0085
14.0422
13.9996
14.0311
14.0143
14.0691
14.0813
14.0735
14.0679
14.0663
14.0742
14.0711
14.0544
14.0575
14.0456
14.0596
14.0492
14.0561
14.0463
14.1096
14.0831
14.0435
14.0994
14.0937
14.0688
14.0201
13.9814
14.0348
14.0255
14.0246
13.9708
14.0411
14.0362
14.0648
14.0671
14.0692
14.0637
14.0674
14.0638
14.0691
14.0461
14.0568
14.0478
14.0564
14.0445
14.0566
14.0545
14.0846
14.0569
14.0093
14.0726
14.0822
14.0481
14.013
13.9841
14.044
14.0441
14.0286
14.0202
14.042
14.0645
14.0706
14.0573
14.0711
14.0529
14.067
14.0419
14.0635
14.0421
14.0563
14.0632
14.0512
14.0379
14.0476
14.0661
14.0698
14.0378
14.0253
14.0392
14.0486
14.0244
14.028
14.0545
14.0431
14.09
14.0309
14.0647
14.0377
14.1029
14.0551
14.0225
14.0503
14.0023
14.0348
13.9884
14.0237
14.0307
14.0397
14.0645
14.0272
14.0211
14.0197
14.0458
14.0237
14.007
14.0192
14.0005
13.9984
13.986
14.0016
14.0537
14.0267
14.089
13.997
14.0326
14.0103
14.0604
14.0087
13.9566
13.9951
13.9222
13.9782
13.9239
13.9606
14.0057
13.9958
14.0214
13.9816
13.9842
13.9677
13.9931
13.9711
13.9609
13.9742
13.9578
13.9428
13.9278
13.9427
14.0063
13.9878
14.0283
13.9446
13.9764
13.9646
13.9967
13.9413
13.8916
13.9257
13.8303
13.8988
13.8616
13.8901
13.9562
13.9378
13.9618
13.9136
13.9237
13.9012
13.9248
13.9203
13.8806
13.9109
13.8955
13.8964
13.8396
13.8803
13.9448
13.9368
13.9639
13.8808
13.9162
13.9108
13.9351
13.8592
13.8378
13.8551
13.7974
13.8311
13.829
13.8284
13.8906
13.8602
13.8851
13.8437
13.8632
13.8244
13.8496
13.8688
13.8178
13.8609
13.8432
13.8406
13.8354
13.8553
13.8905
13.8894
13.9085
13.8607
13.8738
13.8761
13.8875
13.8205
13.8304
13.8169
13.8282
13.827
13.845
13.824
13.8447
13.7962
13.8231
13.8226
13.8356
13.7899
13.8052
13.8133
13.8708
13.86
13.8551
13.805
13.9024
13.8678
13.8641
13.8679
13.8713
13.8737
13.8579
13.8626
13.8596
13.844
13.8645
13.8396
13.8841
13.8696
13.8857
13.862
13.8369
13.795
13.7956
13.8506
13.8454
13.8201
13.7981
13.8171
13.915
13.8717
13.8737
13.841
13.9174
13.8782
13.8533
13.8571
13.8518
13.8762
13.854
13.8516
13.8466
13.8998
13.9017
13.8849
13.9323
13.9266
13.9094
13.9082
13.8594
13.8588
13.8183
13.8865
13.8779
13.9022
13.8458
13.8698
13.9237
13.8863
13.9102
13.8961
13.9316
13.8951
13.8573
13.8468
13.8451
13.878
13.8614
13.8428
13.8451
13.946
13.9154
13.9255
13.9577
13.9594
13.9144
13.9341
13.8966
13.9407
13.8788
13.9361
13.9118
13.9597
13.9273
13.9167
13.9391
13.9013
13.9313
13.9392
13.941
13.9063
13.8665
13.843
13.845
13.8855
13.87
13.8425
13.8439
13.9647
13.9132
13.9385
13.944
13.968
13.9131
13.9403
13.9365
13.9542
13.9747
13.9834
13.9712
13.9448
13.9979
13.9574
13.935
13.9093
13.934
13.9719
13.9259
13.909
13.8748
13.8432
13.8447
13.89
13.8777
13.8405
13.844
13.9624
13.9159
13.9395
13.9226
13.95
13.9218
13.9353
13.985
13.9376
13.9853
13.9695
13.9708
13.9273
13.9547
13.9963
13.9189
13.9127
13.9348
14.0041
13.9138
13.9074
13.8809
13.8372
13.8439
13.884
13.8778
13.8309
13.8444
13.9351
13.9311
13.9327
13.9203
13.9327
13.9415
13.9338
13.9452
13.9161
13.9286
13.9218
13.9209
13.9059
13.9092
13.9801
13.9069
13.8982
13.9266
13.9511
13.8992
13.889
13.8708
13.8242
13.8454
13.865
13.8591
13.8156
13.8445
13.937
13.9497
13.9325
13.9397
13.946
13.9579
13.9373
13.9074
13.903
13.9013
13.9212
13.9105
13.9058
13.8945
13.933
13.893
13.8816
13.9156
13.9222
13.8902
13.8751
13.8456
13.8091
13.8454
13.84
13.8297
13.8078
13.846
13.9554
13.963
13.9456
13.9608
13.9627
13.9663
13.9512
13.9201
13.9167
13.8943
13.9378
13.9261
13.9246
13.8973
13.9231
13.8891
13.8706
13.9089
13.9232
13.8852
13.8684
13.8174
13.8109
13.8537
13.8202
13.8086
13.8176
13.8621
13.9701
13.9685
13.9554
13.9747
13.9725
13.9685
13.957
13.9289
13.9332
13.9002
13.9479
13.9291
13.9401
13.9023
13.9159
13.8779
13.865
13.9083
13.91
13.8712
13.864
13.8042
13.8331
13.8717
13.8198
13.8126
13.8565
13.8853
13.9747
13.9748
13.9587
13.9896
13.9793
13.9795
13.9579
13.9275
13.945
13.9053
13.953
13.926
13.949
13.908
13.9098
13.8691
13.8679
13.9437
13.9145
13.8749
13.877
13.8312
13.8879
13.9019
13.8723
13.8574
13.9219
13.9219
13.9828
13.9768
13.9542
14.0024
13.9893
13.9901
13.959
13.9224
13.9502
13.9099
13.9557
13.9213
13.9519
13.913
13.9228
13.8882
13.89
13.9526
13.9358
13.9193
13.911
13.891
13.9522
13.9395
13.9531
13.9258
13.9748
13.9567
14.0035
14.0016
13.9691
14.0084
14.0176
14.0088
13.9808
13.9242
13.9543
13.9183
13.9624
13.9281
13.9585
13.9238
13.9502
13.9636
13.9425
13.9902
13.9729
14.0047
13.9749
13.9546
13.9939
13.9702
14.0148
13.9746
14.0084
13.9794
14.0321
14.0216
13.9928
14.0171
14.0451
14.0334
14.0098
13.9293
13.9642
13.9265
13.9803
13.929
13.972
13.9258
13.9933
14.0259
13.9909
14.0304
14.0041
14.0354
13.9985
13.9871
14.0169
13.9801
14.0257
13.9895
14.0168
13.9738
14.0432
14.0367
14.017
14.0216
14.0276
14.0345
14.0206
13.9309
13.9831
13.9273
13.984
13.9345
13.9959
13.9335
14.0062
14.0325
14.0034
14.0315
14.0095
14.028
14.0088
13.9911
14.0123
13.9716
14.0183
13.994
14.0056
13.9753
14.0136
14.0255
14.025
14.0124
14.0034
14.0141
14.0281
13.938
13.998
13.9396
13.9785
13.9423
13.9891
13.944
14.0106
14.0206
14.0119
14.0155
14.0072
14.0136
14.0096
13.993
14
13.9772
14.0034
13.991
13.9952
13.9794
13.9958
14.0023
14.025
13.9959
13.988
13.9904
14.0093
13.9456
13.978
13.9456
13.959
13.9441
13.9683
13.9449
14.001
14.0067
14.005
14.0026
13.9951
13.9971
13.9993
13.9888
13.9876
13.9798
13.9872
13.9868
13.9819
13.9807
13.9763
13.9805
13.9891
13.9695
13.9611
13.9672
13.9652
13.9372
13.9514
13.94
13.9161
13.9261
13.9312
13.9348
13.9867
13.9903
13.991
13.9852
13.9772
13.9833
13.9814
13.9848
13.9792
13.9814
13.9799
13.9803
13.982
13.9801
13.9421
13.9551
13.942
13.9378
13.9213
13.9429
13.9168
13.9107
13.91
13.9274
13.8645
13.8919
13.8947
13.9194
13.9664
13.9744
13.9699
13.9616
13.9547
13.9631
13.9576
13.9725
13.9837
13.9763
13.9729
13.9634
13.9812
13.9713
13.8993
13.9306
13.8909
13.9058
13.8767
13.9178
13.8632
13.8683
13.8829
13.908
13.8237
13.8381
13.878
13.9015
13.9441
13.9523
13.9487
13.9408
13.9333
13.943
13.9387
13.9535
13.975
13.9665
13.9556
13.9426
13.9664
13.9617
13.8578
13.905
13.8425
13.8784
13.8445
13.8916
13.8307
13.8033
13.8787
13.8915
13.8122
13.7751
13.8569
13.8657
13.9234
13.9364
13.9303
13.9256
13.9137
13.9322
13.9236
13.9321
13.9578
13.9545
13.9412
13.9234
13.951
13.9471
13.8332
13.8781
13.8231
13.8447
13.8215
13.865
13.8175
13.7554
13.8286
13.8417
13.8067
13.7428
13.8071
13.8156
13.9045
13.9294
13.9194
13.9153
13.8966
13.9285
13.9168
13.9176
13.9458
13.94
13.9361
13.9152
13.9431
13.935
13.811
13.853
13.8121
13.8124
13.8007
13.8397
13.8008
13.7374
13.7915
13.7895
13.7764
13.7321
13.7755
13.7714
13.8913
13.9299
13.9169
13.9165
13.8914
13.9337
13.9199
13.9161
13.9443
13.9332
13.9429
13.9219
13.9493
13.9362
13.797
13.8261
13.7887
13.812
13.8025
13.8115
13.7797
13.7304
13.7648
13.7696
13.7595
13.7307
13.757
13.7715
13.8965
13.9411
13.9254
13.9396
13.9072
13.954
13.9358
13.9313
13.9581
13.9432
13.9656
13.9445
13.9712
13.955
13.815
13.8078
13.7688
13.8633
13.8378
13.8206
13.7559
13.7295
13.7446
13.7674
13.773
13.7256
13.7362
13.7465
13.9235
13.9726
13.9489
13.9884
13.949
13.9952
13.9703
13.9618
13.9882
13.9718
14.0045
13.9834
14.0075
13.9901
13.8797
13.859
13.7481
13.9987
13.9409
13.9327
13.7563
13.7171
13.7312
13.6797
13.8349
13.7201
13.7231
13.5656
13.9788
14.0239
13.9926
14.0671
14.0162
14.0567
14.0225
14.0062
14.0305
14.0095
14.058
14.0314
14.0558
14.0303
14.0296
14.0497
13.7799
14.2735
14.1348
14.1872
13.9066
13.7283
13.7181
13.4628
13.9527
13.7302
13.7223
13.3983
14.0545
14.0922
14.0516
14.1564
14.0952
14.1275
14.0816
14.0557
14.0832
14.0507
14.1192
14.0811
14.1118
14.0745
14.2648
14.2716
14.1394
14.4447
14.4254
14.328
14.3745
13.7518
13.7631
13.3819
14.0798
13.8059
13.872
13.4135
14.1354
14.1657
14.1128
14.2387
14.1765
14.2071
14.1361
14.1075
14.1435
14.0985
14.1905
14.1373
14.1771
14.1248
14.5141
14.3633
14.44
14.4747
14.4937
14.3627
14.4161
13.8908
14.0385
13.4984
14.3166
14.0088
14.2148
13.7182
14.2228
14.2516
14.1677
14.327
14.2573
14.2992
14.2006
14.1669
14.2134
14.1483
14.2727
14.1978
14.253
14.1741
14.4655
14.3661
14.4139
14.4385
14.4431
14.3731
14.3768
14.1598
14.306
13.9752
14.3907
14.2785
14.2898
14.1013
14.2779
14.3415
14.2329
14.398
14.3095
14.3544
14.2646
14.2272
14.2783
14.1902
14.3119
14.2393
14.277
14.1896
14.4192
14.374
14.3346
14.4643
14.4285
14.3679
14.3327
14.3173
14.228
14.13
14.3827
14.3515
14.2164
14.1673
14.3234
14.3434
14.2769
14.3619
14.2908
14.302
14.2387
14.2073
14.2383
14.1558
14.227
14.1465
14.1661
14.0804
14.4582
14.3575
14.3335
14.4407
14.4604
14.3258
14.3213
14.4227
14.2761
14.2548
14.4694
14.4758
14.2999
14.32
14.2526
14.2382
14.1675
14.2508
14.192
14.1628
14.0928
14.0615
14.0748
13.9812
14.0766
13.997
14.0034
13.9307
14.4317
14.2555
14.2846
14.3316
14.3757
14.1769
14.236
14.4672
14.2913
14.3165
14.3996
14.4257
14.2598
14.2951
14.1295
14.0923
14.031
14.1143
14.0611
14.0377
13.9844
13.9511
13.9551
13.9067
13.9586
13.918
13.931
13.8927
14.3096
14.1071
14.1802
14.2056
14.2394
14.0497
14.1099
14.3711
14.2201
14.2636
14.2744
14.3125
14.1624
14.2244
14.0115
13.9979
13.9494
14.0371
13.9815
13.9791
13.9275
13.8932
13.9142
13.8918
13.913
13.8792
13.9163
13.89
14.1555
14.0054
14.0444
14.09
14.0873
13.9717
13.9871
14.2459
14.0959
14.1721
14.1392
14.1816
14.0235
14.1157
13.9704
13.9754
13.9199
14.0324
13.9776
13.9895
13.9301
13.8932
13.9346
13.9202
13.9548
13.9212
13.9645
13.9548
14.0419
13.9656
13.9631
14.0517
14.0275
13.9794
13.9655
14.1222
13.9698
14.0657
14.0381
14.0744
13.9453
14.0197
13.9997
14.015
13.9573
14.0819
14.0301
14.0514
13.9924
13.958
14.0034
13.9935
14.0366
13.9976
14.0444
14.0274
14.0323
14.0072
13.983
14.0892
14.0427
14.0376
13.9919
14.0391
13.9429
13.9968
14.0124
14.0227
13.9414
13.9795
14.0683
14.0985
14.0352
14.1676
14.1086
14.1468
14.0806
14.0408
14.0876
14.0588
14.1353
14.0869
14.1356
14.0959
14.0608
14.0794
14.0188
14.1482
14.085
14.1216
14.057
14.0245
13.9687
13.9844
14.0466
14.0389
14.0071
14.0111
14.1552
14.2002
14.1318
14.2628
14.2043
14.2506
14.1853
14.1358
14.1895
14.1406
14.244
14.1862
14.2439
14.1911
14.1018
14.1572
14.0907
14.1899
14.1154
14.1912
14.1222
14.055
14.0506
14.0465
14.0836
14.0637
14.0861
14.0806
14.2467
14.2983
14.2338
14.3357
14.2786
14.3357
14.2676
14.2346
14.3001
14.2396
14.3352
14.272
14.3444
14.2814
14.1279
14.2127
14.1566
14.2091
14.1501
14.232
14.1793
14.0795
14.1186
14.1077
14.1209
14.0906
14.1441
14.1263
14.3003
14.3697
14.2963
14.3996
14.3156
14.4036
14.3193
14.1793
14.2426
14.1843
14.2466
14.2077
14.2619
14.2328
14.1714
14.1949
14.2024
14.1906
14.1864
14.2275
14.2285
14.2174
14.2324
14.2735
14.2169
14.2426
14.2586
14.3003
14.2967
14.38
14.3099
14.402
14.3218
14.4221
14.3334
14.2212
14.2662
14.2414
14.2753
14.2617
14.2872
14.2791
14.2772
14.2736
14.3127
14.2753
14.302
14.3019
14.3385
14.3706
14.365
14.3833
14.3617
14.3931
14.396
14.4228
14.2591
14.2976
14.2711
14.3073
14.3053
14.3209
14.3179
14.3592
14.3194
14.3757
14.3461
14.3823
14.3548
14.404
)
;

boundaryField
{
    fbOut
    {
        type            fixedValue;
        value           uniform 0;
    }
    CAD_patch1
    {
        type            zeroGradient;
    }
    fbGasin
    {
        type            zeroGradient;
    }
    CAD_patch3
    {
        type            zeroGradient;
    }
    fbBioin
    {
        type            zeroGradient;
    }
}


// ************************************************************************* //
