/*--------------------------------*- C++ -*----------------------------------*\
| =========                 |                                                 |
| \\      /  F ield         | OpenFOAM: The Open Source CFD Toolbox           |
|  \\    /   O peration     | Version:  5.x                                   |
|   \\  /    A nd           | Web:      www.OpenFOAM.org                      |
|    \\/     M anipulation  |                                                 |
\*---------------------------------------------------------------------------*/
FoamFile
{
    version     2.0;
    format      ascii;
    class       volScalarField;
    location    "3.05";
    object      voidfraction;
}
// * * * * * * * * * * * * * * * * * * * * * * * * * * * * * * * * * * * * * //

dimensions      [0 0 0 0 0 0 0];

internalField   nonuniform List<scalar> 
10571
(
0.597634
0.807158
0.937178
0.927521
0.872156
0.797899
0.935398
0.895031
0.859385
0.932051
0.728677
0.820623
0.787323
0.893416
0.960825
0.915699
0.57819
0.852677
0.821308
1
0.995444
0.513195
0.746592
0.737303
0.514295
0.471783
0.99627
0.94853
0.503094
0.582024
0.976162
0.817276
0.52367
0.491578
0.551178
0.633724
0.827159
0.853741
0.837938
0.603915
0.8566
0.874168
0.728357
0.707762
0.657476
0.828912
0.534716
0.454782
0.447415
0.484933
0.81588
0.534293
0.43128
0.659829
0.949996
0.820754
0.774004
0.558123
0.518294
0.85462
0.952019
0.950442
0.962678
0.910142
0.681964
0.825983
0.811905
0.975019
0.682739
0.919229
0.626473
0.760889
0.584421
0.474213
0.742042
0.546351
0.786323
0.967334
0.801916
0.856303
0.88606
0.929575
0.414574
0.642614
0.847398
0.993943
0.971408
0.791412
0.448544
0.738084
0.934157
0.987293
0.647406
0.633477
0.744636
0.726121
0.812677
0.47511
0.462194
0.764752
0.999127
0.912602
0.842293
0.88798
0.905852
0.984651
0.573603
0.49875
0.750774
0.853597
0.830947
0.731191
0.678953
0.782277
0.97227
0.956086
0.675097
0.798173
0.806316
0.770469
0.996922
0.450436
0.471878
0.988623
0.999124
0.460583
0.990239
0.983485
0.985181
0.988611
0.408818
0.871893
0.972235
0.990003
0.910499
0.916797
0.963935
0.421532
0.975011
0.960276
0.949805
0.938436
0.950439
0.887016
0.905227
0.890536
0.99956
0.910939
0.992439
0.990822
0.997169
0.906861
0.996007
0.99589
0.997089
0.999113
0.999951
0.970199
0.986062
0.996887
0.989915
0.995946
0.998031
0.999523
0.920392
0.972831
0.900786
0.961636
0.999809
1
0.932122
0.948599
0.731445
1
1
1
0.999018
0.990746
0.998175
0.996525
0.997049
0.997928
0.998132
0.999285
0.997801
0.993538
0.998143
0.9988
0.997817
1
0.999193
0.966225
0.994383
0.964757
0.989986
0.998468
1
0.983079
0.790131
0.889614
1
1
1
0.999018
0.995569
0.997398
0.998327
0.998891
0.998289
0.998466
1
0.991533
0.995636
0.998844
0.998588
0.997175
0.997874
1
0.988601
0.996932
0.998221
0.998165
0.999465
0.990707
0.997795
0.99853
1
1
1
1
0.999097
0.995303
0.998552
0.999508
0.996812
0.997688
0.990433
0.992965
0.998895
0.997141
0.997065
0.999074
0.98758
0.996598
0.99792
0.998084
1
0.995315
0.995047
0.996637
1
1
1
0.99804
0.996214
0.998041
0.999889
0.998895
0.996387
0.996652
0.99967
0.994319
0.99837
0.996319
0.997516
0.999121
0.987491
0.99623
0.997055
0.996191
1
0.994773
0.996497
0.99741
1
1
1
0.99902
1
1
0.999557
0.997685
0.997505
1
1
0.99405
0.998172
0.996777
0.998671
1
0.992423
0.994927
0.99527
0.997063
1
0.995509
0.99689
0.99874
1
1
1
0.998074
1
1
0.999008
0.996492
0.997492
1
1
0.99902
0.997815
0.996341
0.999299
1
0.999399
0.996503
0.997554
1
1
0.996128
0.998037
1
1
1
1
1
0.999429
1
0.998188
0.995963
0.999507
1
1
0.99902
0.996527
0.998261
0.999878
1
0.999128
0.997735
0.999179
1
1
1
0.99997
1
1
1
1
1
1
1
0.998291
0.998227
1
1
1
1
0.997777
0.999253
1
1
1
0.998437
0.999883
1
1
1
1
1
1
1
1
1
1
1
0.999424
0.999777
1
1
1
1
0.999335
0.999663
1
1
1
1
1
1
1
1
1
1
1
1
1
1
1
1
1
1
1
1
1
1
0.999773
1
1
1
1
1
1
1
1
1
1
1
1
1
1
1
1
1
1
1
1
1
1
1
1
1
1
1
1
1
1
1
1
1
1
1
1
1
1
1
1
1
1
1
1
1
1
1
1
1
1
1
1
1
1
1
1
1
1
1
1
1
1
1
1
1
1
1
1
1
1
1
1
1
1
1
1
1
1
1
1
1
1
1
1
1
1
1
1
1
1
1
1
1
1
1
1
1
1
1
1
1
1
1
1
1
1
1
1
1
1
1
1
1
1
1
1
1
1
1
1
1
1
1
1
1
1
1
1
1
1
1
1
1
1
1
1
1
1
1
1
1
1
1
1
1
1
1
1
1
1
1
1
1
1
1
1
1
1
1
1
1
1
1
1
1
1
1
1
1
1
1
1
1
1
1
1
1
1
1
1
1
1
1
1
1
1
1
1
1
1
1
1
1
1
1
1
1
1
1
1
1
1
1
1
1
1
1
1
1
1
1
1
1
1
1
1
1
1
1
1
1
1
1
1
1
1
1
1
1
1
1
1
1
1
1
1
1
1
1
1
1
1
1
1
1
1
1
1
1
1
1
1
1
1
1
1
1
1
1
1
1
1
1
1
1
1
1
1
1
1
1
1
1
1
1
1
1
1
1
1
1
1
1
1
1
1
1
1
1
1
1
1
1
1
1
1
1
1
1
1
1
1
1
1
1
1
1
1
1
1
1
1
1
1
1
1
1
1
1
1
1
1
1
1
1
1
1
1
1
1
1
1
1
1
1
1
1
1
1
1
1
1
1
1
1
1
1
1
1
1
1
1
1
1
1
1
1
1
1
1
1
1
1
1
1
1
1
1
1
1
1
1
1
1
1
1
1
1
1
1
1
1
1
1
1
1
1
1
1
1
1
1
1
1
1
1
1
1
1
1
1
1
1
1
1
1
1
1
1
1
1
1
1
1
1
1
1
1
1
1
1
1
1
1
1
1
1
1
1
1
1
1
1
1
1
1
1
1
1
1
1
1
1
1
1
1
1
1
1
1
1
1
1
1
1
1
1
1
1
1
1
1
1
1
1
1
1
1
1
1
1
1
1
1
1
1
1
1
1
1
1
1
1
1
1
1
1
1
1
1
1
1
1
1
1
1
1
1
1
1
1
1
1
1
1
1
1
1
1
1
1
1
1
1
1
1
1
1
1
1
1
1
1
1
1
1
1
1
1
1
1
1
1
1
1
1
1
1
1
1
1
1
1
1
1
1
1
1
1
1
1
1
1
1
1
1
1
1
1
1
1
1
1
1
1
1
1
1
1
1
1
1
1
1
1
1
1
1
1
1
1
1
1
1
1
1
1
1
1
1
1
1
1
1
1
1
1
1
1
1
1
1
1
1
1
1
1
1
1
1
1
1
1
1
1
1
1
1
1
1
1
1
1
1
1
1
1
1
1
1
1
1
1
1
1
1
1
1
1
1
1
1
1
1
1
1
1
1
1
1
1
1
1
1
1
1
1
1
1
1
1
1
1
1
1
1
1
1
1
1
1
1
1
1
1
1
1
1
1
1
1
1
1
1
1
1
1
1
1
1
1
1
1
1
1
1
1
1
1
1
1
1
1
1
1
1
1
1
1
1
1
1
1
1
1
1
1
1
1
1
1
1
1
1
1
1
1
1
1
1
1
1
1
1
1
1
1
1
1
1
1
1
1
1
1
1
1
1
1
1
1
1
1
1
1
1
1
1
1
1
1
1
1
1
1
1
1
1
1
1
1
1
1
1
1
1
1
1
1
1
1
1
1
1
1
1
1
1
1
1
1
1
1
1
1
1
1
1
1
1
1
1
1
1
1
1
1
1
1
1
1
1
1
1
1
1
1
1
1
1
1
1
1
1
1
1
1
1
1
1
1
1
1
1
1
1
1
1
1
1
1
1
1
1
1
1
1
1
1
1
1
1
1
1
1
1
1
1
1
1
1
1
1
1
1
1
1
1
1
1
1
1
1
1
1
1
1
1
1
1
1
1
1
1
1
1
1
1
1
1
1
1
1
1
1
1
1
1
1
1
1
1
1
1
1
1
1
1
1
1
1
1
1
1
1
1
1
1
1
1
1
1
1
1
1
1
1
1
1
1
1
1
1
1
1
1
1
1
1
1
1
1
1
1
1
1
1
1
1
1
1
1
1
1
1
1
1
1
1
1
1
1
1
1
1
1
1
1
1
1
1
1
1
1
1
1
1
1
1
1
1
1
1
1
1
1
1
1
1
1
1
1
1
1
1
1
1
1
1
1
1
1
1
1
1
1
1
1
1
1
1
1
1
1
1
1
1
1
1
1
1
1
1
1
1
1
1
1
1
1
1
1
1
1
1
1
1
1
1
1
1
1
1
1
1
1
1
1
1
1
1
1
1
1
1
1
1
1
1
1
1
1
1
1
1
1
1
1
1
1
1
1
1
1
1
1
1
1
1
1
1
1
1
1
1
1
1
1
1
1
1
1
1
1
1
1
1
1
1
1
1
1
1
1
1
1
1
1
1
1
1
1
1
1
1
1
1
1
1
1
1
1
1
1
1
1
1
1
1
1
1
1
1
1
1
1
1
1
1
1
1
1
1
1
1
1
1
1
1
1
1
1
1
1
1
1
1
1
1
1
1
1
1
1
1
1
1
1
1
1
1
1
1
1
1
1
1
1
1
1
1
1
1
1
1
1
1
1
1
1
1
1
1
1
1
1
1
1
1
1
1
1
1
1
1
1
1
1
1
1
1
1
1
1
1
1
1
1
1
1
1
1
1
1
1
1
1
1
1
1
1
1
1
1
1
1
1
1
1
1
1
1
1
1
1
1
1
1
1
1
1
1
1
1
1
1
1
1
1
1
1
1
1
1
1
1
1
1
1
1
1
1
1
1
1
1
1
1
1
1
1
1
1
1
1
1
1
1
1
1
1
1
1
1
1
1
1
1
1
1
1
1
1
1
1
1
1
1
1
1
1
1
1
1
1
1
1
1
1
1
1
1
1
1
1
1
1
1
1
1
1
1
1
1
1
1
1
1
1
1
1
1
1
1
1
1
1
1
1
1
1
1
1
1
1
1
1
1
1
1
1
1
1
1
1
1
1
1
1
1
1
1
1
1
1
1
1
1
1
1
1
1
1
1
1
1
1
1
1
1
1
1
1
1
1
1
1
1
1
1
1
1
1
1
1
1
1
1
1
1
1
1
0.590099
0.666615
0.583754
0.721925
0.715662
0.803498
0.762092
0.742327
0.626829
0.556416
0.546074
0.5769
0.489056
0.748273
0.95693
0.78118
0.903191
0.936917
0.912373
0.871155
0.861937
0.878623
0.886274
0.891213
0.910193
0.830674
0.523133
0.704812
0.530848
0.556742
0.48933
0.602095
0.577827
0.861441
0.964402
0.691395
0.936258
0.971985
0.984746
0.954824
0.947955
0.981811
0.970751
0.945505
0.939107
0.943412
0.972466
0.95796
0.886599
0.779219
0.761557
0.654639
0.673612
0.80422
0.676185
0.553374
0.757896
0.56872
0.548365
0.94964
0.960243
0.718086
0.941773
0.980746
0.98692
0.982709
0.940238
0.974716
0.939606
0.8939
0.567825
0.72584
0.794303
0.510184
0.601832
0.654675
0.630991
0.727194
0.809115
0.678232
0.781747
0.848764
0.669555
0.93533
0.902674
0.743178
0.813533
0.877039
0.534688
0.592242
0.636445
0.686804
0.787949
0.780671
0.831685
0.579335
0.602973
0.459874
0.588116
0.676206
0.82549
0.58305
0.720928
0.898235
0.795954
0.768068
0.662286
0.916115
0.845634
0.762641
0.724856
0.515109
0.427734
0.782213
0.88178
0.847526
0.473143
0.666715
0.599354
0.830258
0.876587
0.853411
0.836919
0.701802
0.719868
0.595583
0.618207
0.77793
0.672068
0.560127
0.859347
0.690559
0.590233
0.741833
0.861911
0.946008
0.983595
0.769722
0.775093
0.887415
0.543469
0.537842
0.655071
0.577096
0.603162
0.988818
0.969319
0.894497
0.839922
0.926403
0.519176
0.689021
0.717006
0.481708
0.562219
0.747144
0.801016
0.657801
0.715385
0.994359
0.922595
0.889186
0.911421
0.861583
0.677264
0.568511
0.981643
0.456296
0.489579
0.543995
0.523912
0.683487
0.84802
0.592692
0.911816
0.748247
0.673674
0.564597
0.575203
0.487816
0.491849
0.499177
0.518052
0.727716
0.836003
0.434256
0.608245
0.567771
0.773906
0.588598
0.435668
0.529615
0.462248
0.521412
0.427556
0.455391
0.471325
0.811931
0.580056
0.975093
0.491494
0.809856
0.660771
0.998945
0.432606
0.434326
0.425898
0.428288
0.400668
0.437912
0.42349
0.420268
0.415073
0.757686
0.63435
0.774626
0.742022
0.618565
0.745758
0.488272
0.584049
0.478935
0.466531
0.578727
0.737126
0.80017
0.556557
0.840905
0.861344
0.630198
0.742352
0.817851
0.603603
0.846805
0.83202
0.764373
0.921083
0.63631
0.683669
0.798247
0.958258
0.534811
0.716056
0.610146
0.534346
0.483154
0.861408
0.712279
0.722389
0.550585
0.614357
0.502579
0.588372
0.913167
0.844776
0.918867
0.921721
0.942151
0.48944
0.51568
0.524759
0.482077
0.572911
0.548502
0.496685
0.500609
0.455924
0.493039
0.487774
0.475333
0.487721
0.577908
0.459098
0.434337
0.441558
0.445462
0.431146
0.409314
0.413959
0.508278
0.527626
0.699387
0.633389
0.988267
0.477819
0.664643
0.543305
0.922006
0.42555
0.437266
0.451324
0.432588
0.547252
0.450559
0.684919
0.54285
0.931522
0.752932
0.559101
0.789116
0.762027
0.489376
0.733996
0.642491
0.633055
0.880028
0.84349
0.9271
0.807744
0.75956
0.438664
0.682313
0.628746
0.660435
0.852994
0.824331
0.756965
0.786027
0.613933
0.465056
0.949213
0.478119
0.805052
0.5522
0.892198
0.468049
0.810616
0.840824
0.935072
0.683136
0.992317
0.827212
0.925572
0.693669
0.650819
0.693097
0.758082
0.892446
0.898504
0.87163
0.812857
0.799764
0.672973
0.654774
0.692497
0.823053
0.690839
0.72367
0.482972
0.476908
0.558665
0.508742
0.703641
0.508036
0.472237
0.496915
0.701238
0.719004
0.693098
0.81609
0.996052
0.768215
0.996444
0.614103
0.702856
0.611717
0.60501
0.854165
0.492641
0.555118
0.782976
0.884781
0.966299
0.765719
0.93019
0.993207
0.998256
0.966197
0.984082
0.941169
0.988114
0.750307
0.429409
0.584383
0.706299
0.424466
0.5234
0.846091
0.991631
0.971788
0.853338
0.999781
0.491158
0.462306
0.439751
0.458586
0.451874
0.8979
0.782719
0.756805
0.970046
0.802421
0.419591
0.413281
0.644926
0.516429
0.7113
0.463536
0.480018
0.764201
0.745743
0.840188
0.90788
0.704536
0.963869
0.898999
0.894093
0.69403
0.708982
0.775701
0.881354
0.620368
0.647305
0.582181
0.495672
0.491553
0.821021
0.692092
0.785266
0.859304
0.627131
0.71926
0.443624
0.43207
0.489288
0.466244
0.461293
0.677503
0.450431
0.520055
0.843028
0.990435
0.954705
0.951575
0.993607
0.999791
0.995532
0.709062
0.528554
0.476141
0.854489
0.815806
0.447724
0.454137
0.649423
0.648721
1
0.990068
0.999087
0.999005
0.998368
0.993442
0.998051
1
0.996472
0.62861
0.470242
0.527655
0.504476
0.525081
0.538632
0.849553
0.973152
0.986356
0.914384
0.892827
0.653701
0.543428
0.844408
0.888935
0.884448
0.950859
0.709689
0.889516
0.901531
0.874946
0.507962
0.870527
0.644575
0.962484
0.911533
0.971915
0.951667
0.983743
0.968909
0.909654
0.885685
0.66078
0.98026
0.881116
0.924751
0.64358
0.755457
0.940321
0.917089
0.532006
0.552991
0.898244
0.791034
0.830426
0.914512
0.670464
0.832567
0.921558
0.832642
0.88009
0.440264
0.763617
0.936444
0.482109
0.742095
0.99956
0.876594
0.984704
0.994484
0.991086
0.99956
0.994968
0.992249
1
0.997977
0.463053
0.443666
0.447368
0.463892
0.465582
0.494433
0.577581
0.458883
0.516744
1
0.997426
0.998429
0.999698
1
0.999022
0.999424
0.998386
1
0.473476
0.712004
0.635105
0.610784
0.944027
0.890799
0.715695
0.980209
0.634947
0.998987
0.984043
0.994124
0.991864
0.414987
0.432834
0.416739
0.691671
0.428908
0.673887
0.416414
0.946399
0.890018
0.912467
0.959183
0.88238
0.604682
0.975955
0.653598
0.996829
0.975726
0.996041
0.946633
0.391674
0.423583
0.405782
0.639654
0.422343
0.610677
0.417006
0.882801
0.794264
0.990796
0.973506
0.976144
0.949623
0.990032
0.942283
0.982046
0.867767
0.963296
0.787018
0.970534
0.925234
0.970156
0.894655
0.995637
0.925275
0.962636
0.944023
0.888822
0.907919
0.938234
0.858637
0.939299
0.865126
0.947133
0.908157
0.873463
0.808951
0.997978
1
0.997251
0.998723
0.999243
1
1
1
0.998151
0.992214
0.996922
0.995606
0.997948
0.995124
0.995548
0.84834
1
0.982049
0.787222
0.91664
0.996751
0.9997
0.997407
0.994071
0.996862
0.999899
0.998018
0.995611
0.996875
0.997776
0.998306
1
0.999481
1
1
1
0.989616
1
1
0.957033
0.971738
0.987883
0.994658
0.996701
0.992942
0.996797
0.996884
0.999273
0.997842
1
0.998659
0.998177
0.860309
0.999232
0.910769
0.999178
1
0.999834
0.999031
0.986121
0.942487
0.990433
0.987212
0.974671
0.998896
1
1
0.996394
0.999278
1
0.997007
0.903984
0.996894
0.846899
1
1
1
1
0.831099
0.905398
0.96941
0.86139
0.958097
0.942343
0.980922
0.884226
0.953099
0.97443
0.926302
0.958119
0.912967
0.989747
0.823221
0.989022
0.997846
0.998696
0.999902
0.984084
1
1
0.957459
0.947173
0.905349
0.795757
0.972585
0.92344
0.741547
0.85754
0.866886
0.759974
0.709629
0.668715
0.660372
1
1
1
0.998877
1
0.99934
0.998877
0.99894
1
0.995703
1
0.999121
0.997754
0.988247
0.997912
0.99798
1
0.99997
0.995887
0.998143
1
0.999431
0.999106
0.997915
0.995423
0.995015
0.998541
0.991999
0.997895
0.993873
0.997846
0.998691
0.998571
0.99981
1
1
1
1
1
0.996632
0.993622
0.996516
0.998877
0.997911
0.996486
0.998852
1
1
0.997045
0.99982
0.998625
0.996556
1
0.99936
1
1
1
1
1
0.991757
0.988381
0.994062
0.990424
0.990937
1
0.998897
0.998994
0.99993
0.999124
1
0.999133
1
1
1
0.999216
1
0.999267
1
0.974675
0.990442
0.985676
0.941045
0.977534
0.984481
0.991749
0.96501
0.983075
0.999151
0.946232
1
0.995958
0.998489
0.996466
0.99897
0.997839
0.999286
1
1
1
1
0.943186
0.967325
0.967311
0.910777
0.985906
0.986344
0.991879
0.727785
0.726443
0.98472
0.987586
0.982333
0.995667
1
1
0.997471
0.998877
0.999303
1
0.998916
1
0.999121
0.997753
1
0.999848
0.996088
0.997979
0.998117
0.999303
1
0.9997
0.999821
0.99987
0.998376
0.999131
1
0.996906
0.991935
0.999025
0.997469
0.999066
0.997827
0.998899
0.999067
1
0.99789
0.998877
0.995271
0.998819
0.999961
0.992962
0.999455
1
0.998937
1
0.993406
1
1
0.999019
1
1
1
1
1
1
1
0.992364
0.987336
0.982296
0.996909
0.99086
1
0.998987
0.998806
1
1
0.998309
1
1
0.998815
1
1
1
1
1
0.993303
0.99121
0.996171
0.982224
0.978079
0.991098
0.990827
0.972211
0.979321
1
1
0.999449
0.996018
0.999121
0.999114
0.99513
0.997274
0.972782
0.986986
0.992265
0.992098
0.991017
0.99423
0.99583
0.995189
0.996708
0.997161
0.997789
0.994184
0.997898
1
1
1
1
1
1
1
1
0.999909
0.997483
1
1
0.997754
0.997977
0.997978
1
1
1
0.99857
0.999349
1
1
0.998838
1
0.996802
0.99804
0.999666
0.997685
0.995113
1
0.998574
0.995094
0.999586
0.998065
1
0.999879
0.997832
0.99978
0.997637
1
1
0.997661
1
0.997021
0.997394
0.998296
0.993842
0.999121
0.996592
1
0.99976
1
1
0.996551
0.995954
0.989606
0.992245
0.981325
0.986648
0.994738
0.997427
0.977669
0.984349
1
0.997439
0.996279
0.997958
0.999082
0.997565
0.994522
1
0.986147
0.979431
0.995257
0.990342
0.995315
0.993022
0.996817
0.993951
0.997696
0.997524
0.993993
0.993635
0.995238
1
1
1
1
1
1
1
0.999122
1
1
1
1
0.998297
1
0.999721
1
1
1
0.999136
1
0.998376
1
1
1
0.99444
0.99812
0.996823
0.99976
0.998371
0.997299
0.999123
0.997979
0.997976
0.998103
0.996811
0.997668
0.999265
1
0.998546
1
0.996839
0.999961
0.999123
1
0.998091
0.990048
0.99978
0.995607
0.997212
1
1
1
1
1
1
0.998605
0.991159
0.979919
0.985378
0.986199
0.988127
0.995107
0.980384
0.99698
0.998784
0.99904
0.99703
1
0.999118
0.998362
1
0.993703
0.98188
0.994442
0.993744
0.997329
0.994141
0.991
0.997753
1
0.99689
0.997327
0.998903
0.99734
1
1
1
1
1
1
1
0.999122
1
0.998878
1
1
1
1
1
1
1
1
1
1
1
1
1
0.999056
1
0.997134
1
0.998829
1
0.999374
0.999123
1
1
1
1
1
1
1
0.999122
1
1
1
1
1
0.999879
0.998683
1
1
0.997986
1
1
0.999124
1
1
0.993931
0.997977
0.987369
0.987795
0.989435
0.992664
0.991393
0.991282
0.992856
0.999116
0.999666
1
0.999032
1
1
1
1
0.991744
0.997691
0.995047
0.993634
0.997754
0.995862
0.996817
1
0.990452
0.994142
1
0.99583
1
1
1
1
1
1
1
1
1
0.99997
1
1
1
0.998877
1
1
1
1
1
1
1
1
1
1
0.999056
1
0.998451
1
0.9997
0.998483
0.998715
0.999939
1
1
1
1
1
1
1
1
1
1
1
1
1
0.999121
0.997754
1
1
1
1
1
1
1
1
1
1
0.998087
0.996738
0.998698
1
0.999143
1
0.998638
1
1
1
1
1
1
1
1
0.99958
1
0.998158
0.996707
0.999148
0.997886
0.996927
0.999923
0.999561
0.999155
0.997753
1
1
1
1
1
1
1
1
1
1
1
1
1
1
1
1
1
1
1
1
1
0.999967
1
1
1
1
1
0.998089
1
1
1
0.998089
1
1
1
1
0.996811
1
1
1
1
0.999122
1
1
1
1
1
1
1
1
1
1
1
1
1
1
1
1
1
1
1
0.999128
1
1
1
1
1
1
1
1
1
1
1
1
1
0.998278
1
1
0.999124
1
1
1
1
1
1
1
1
1
1
1
1
1
1
1
1
1
1
1
1
1
1
1
1
1
1
1
1
1
1
1
1
1
1
1
1
1
1
1
1
1
1
1
1
1
1
1
1
1
1
1
1
1
1
1
1
1
1
1
1
1
1
1
0.999011
1
1
1
0.999406
1
1
1
1
1
1
1
1
1
1
1
1
1
1
1
1
1
1
1
1
1
1
1
1
1
1
1
1
1
1
1
1
1
1
1
1
1
1
1
1
1
1
1
1
1
1
1
1
1
1
1
1
1
1
1
1
1
1
1
1
1
1
1
1
1
1
1
1
1
1
1
1
1
1
1
1
1
1
1
1
1
1
1
1
1
1
1
1
1
1
1
1
1
1
1
1
1
1
1
1
1
1
1
1
1
1
1
1
1
1
1
1
1
1
1
1
1
1
1
1
1
1
1
1
1
1
1
1
1
1
1
1
1
1
1
1
1
1
1
1
1
1
1
1
1
1
1
1
1
1
1
1
1
1
1
1
1
1
1
1
1
1
1
1
1
1
1
1
1
1
1
1
1
1
1
1
1
1
1
1
1
1
1
1
1
1
1
1
1
1
1
1
1
1
1
1
1
1
1
1
1
1
1
1
1
1
1
1
1
1
1
1
1
1
1
1
1
1
1
1
1
1
1
1
1
1
1
1
1
1
1
1
1
1
1
1
1
1
1
1
1
1
1
1
1
1
1
1
1
1
1
1
1
1
1
1
1
1
1
1
1
1
1
1
1
1
1
1
1
1
1
1
1
1
1
1
1
1
1
1
1
1
1
1
1
1
1
1
1
1
1
1
1
1
1
1
1
1
1
1
1
1
1
1
1
1
1
1
1
1
1
1
1
1
1
1
1
1
1
1
1
1
1
1
1
1
1
1
1
1
1
1
1
1
1
1
1
1
1
1
1
1
1
1
1
1
1
1
1
1
1
1
1
1
1
1
1
1
1
1
1
1
1
1
1
1
1
1
1
1
1
1
1
1
1
1
1
1
1
1
1
1
1
1
1
1
1
1
1
1
1
1
1
1
1
1
1
1
1
1
1
1
1
1
1
1
1
1
1
1
1
1
1
1
1
1
1
1
1
1
1
1
1
1
1
1
1
1
1
1
1
1
1
1
1
1
1
1
1
1
1
1
1
1
1
1
1
1
1
1
1
1
1
1
1
1
1
1
1
1
1
1
1
1
1
1
1
1
1
1
1
1
1
1
1
1
1
1
1
1
1
1
1
1
1
1
1
1
1
1
1
1
1
1
1
1
1
1
1
1
1
1
1
1
1
1
1
1
1
1
1
1
1
1
1
1
1
1
1
1
1
1
1
1
1
1
1
1
1
1
1
1
1
1
1
1
1
1
1
1
1
1
1
1
1
1
1
1
1
1
1
1
1
1
1
1
1
1
1
1
1
1
1
1
1
1
1
1
1
1
1
1
1
1
1
1
1
1
1
1
1
1
1
1
1
1
1
1
1
1
1
1
1
1
1
1
1
1
1
1
1
1
1
1
1
1
1
1
1
1
1
1
1
1
1
1
1
1
1
1
1
1
1
1
1
1
1
1
1
1
1
1
1
1
1
1
1
1
1
1
1
1
1
1
1
1
1
1
1
1
1
1
1
1
1
1
1
1
1
1
1
1
1
1
1
1
1
1
1
1
1
1
1
1
1
1
1
1
1
1
1
1
1
1
1
1
1
1
1
1
1
1
1
1
1
1
1
1
1
1
1
1
1
1
1
1
1
1
1
1
1
1
1
1
1
1
1
1
1
1
1
1
1
1
1
1
1
1
1
1
1
1
1
1
1
1
1
1
1
1
1
1
1
1
1
1
1
1
1
1
1
1
1
1
1
1
1
1
1
1
1
1
1
1
1
1
1
1
1
1
1
1
1
1
1
1
1
1
1
1
1
1
1
1
1
1
1
1
1
1
1
1
1
1
1
1
1
1
1
1
1
1
1
1
1
1
1
1
1
1
1
1
1
1
1
1
1
1
1
1
1
1
1
1
1
1
1
1
1
1
1
1
1
1
1
1
1
1
1
1
1
1
1
1
1
1
1
1
1
1
1
1
1
1
1
1
1
1
1
1
1
1
1
1
1
1
1
1
1
1
1
1
1
1
1
1
1
1
1
1
1
1
1
1
1
1
1
1
1
1
1
1
1
1
1
1
1
1
1
1
1
1
1
1
1
1
1
1
1
1
1
1
1
1
1
1
1
1
1
1
1
1
1
1
1
1
1
1
1
1
1
1
1
1
1
1
1
1
1
1
1
1
1
1
1
1
1
1
1
1
1
1
1
1
1
1
1
1
1
1
1
1
1
1
1
1
1
1
1
1
1
1
1
1
1
1
1
1
1
1
1
1
1
1
1
1
1
1
1
1
1
1
1
1
1
1
1
1
1
1
1
1
1
1
1
1
1
1
1
1
1
1
1
1
1
1
1
1
1
1
1
1
1
1
1
1
1
1
1
1
1
1
1
1
1
1
1
1
1
1
1
1
1
1
1
1
1
1
1
1
1
1
1
1
1
1
1
1
1
1
1
1
1
1
1
1
1
1
1
1
1
1
1
1
1
1
1
1
1
1
1
1
1
1
1
1
1
1
1
1
1
1
1
1
1
1
1
1
1
1
1
1
1
1
1
1
1
1
1
1
1
1
1
1
1
1
1
1
1
1
1
1
1
1
1
1
1
1
1
1
1
1
1
1
1
1
1
1
1
1
1
1
1
1
1
1
1
1
1
1
1
1
1
1
1
1
1
1
1
1
1
1
1
1
1
1
1
1
1
1
1
1
1
1
1
1
1
1
1
1
1
1
1
1
1
1
1
1
1
1
1
1
1
1
1
1
1
1
1
1
1
1
1
1
1
1
1
1
1
1
1
1
1
1
1
1
1
1
1
1
1
1
1
1
1
1
1
1
1
1
1
1
1
1
1
1
1
1
1
1
1
1
1
1
1
1
1
1
1
1
1
1
1
1
1
1
1
1
1
1
1
1
1
1
1
1
1
1
1
1
1
1
1
1
1
1
1
1
1
1
1
1
1
1
1
1
1
1
1
1
1
1
1
1
1
1
1
1
1
1
1
1
1
1
1
1
1
1
1
1
1
1
1
1
1
1
1
1
1
1
1
1
1
1
1
1
1
1
1
1
1
1
1
1
1
1
1
1
1
1
1
1
1
1
1
1
1
1
1
1
1
1
1
1
1
1
1
1
1
1
1
1
1
1
1
1
1
1
1
1
1
1
1
1
1
1
1
1
1
1
1
1
1
1
1
1
1
1
1
1
1
1
1
1
1
1
1
1
1
1
1
1
1
1
1
1
1
1
1
1
1
1
1
1
1
1
1
1
1
1
1
1
1
1
1
1
1
1
1
1
1
1
1
1
1
1
1
1
1
1
1
1
1
1
1
1
1
1
1
1
1
1
1
1
1
1
1
1
1
1
1
1
1
1
1
1
1
1
1
1
1
1
1
1
1
1
1
1
1
1
1
1
1
1
1
1
1
1
1
1
1
1
1
1
1
1
1
1
1
1
1
1
1
1
1
1
1
1
1
1
1
1
1
1
1
1
1
1
1
1
1
1
1
1
1
1
1
1
1
1
1
1
1
1
1
1
1
1
1
1
1
1
1
1
1
1
1
1
1
1
1
1
1
1
1
1
1
1
1
1
1
1
1
1
1
1
1
1
1
1
1
1
1
1
1
1
1
1
1
1
1
1
1
1
1
1
1
1
1
1
1
1
1
1
1
1
1
1
1
1
1
1
1
1
1
1
1
1
1
1
1
1
1
1
1
1
1
1
1
1
1
1
1
1
1
1
1
1
1
1
1
1
1
1
1
1
1
1
1
1
1
1
1
1
1
1
1
1
1
1
1
1
1
1
1
1
1
1
1
1
1
1
1
1
1
1
1
1
1
1
1
1
1
1
1
1
1
1
1
1
1
1
1
1
1
1
1
1
1
1
1
1
1
1
1
1
1
1
1
1
1
1
1
1
1
1
1
1
1
1
1
1
1
1
1
1
1
1
1
1
1
1
1
1
1
1
1
1
1
1
1
1
1
1
1
1
1
1
1
1
1
1
1
1
1
1
1
1
1
1
1
1
1
1
1
1
1
1
1
1
1
1
1
1
1
1
1
1
1
1
1
1
1
1
1
1
1
1
1
1
1
1
1
1
1
1
1
1
1
1
1
1
1
1
1
1
1
1
1
1
1
1
1
1
1
1
1
1
1
1
1
1
1
1
1
1
1
1
1
1
1
1
1
1
1
1
1
1
1
1
1
1
1
1
1
1
1
1
1
1
1
1
1
1
1
1
1
1
1
1
1
1
1
1
1
1
1
1
1
1
1
1
1
1
1
1
1
1
1
1
1
1
1
1
1
1
1
1
1
1
1
1
1
1
1
1
1
1
1
1
1
1
1
1
1
1
1
1
1
1
1
1
1
1
1
1
1
1
1
1
1
1
1
1
1
1
1
1
1
1
1
1
1
1
1
1
1
1
1
1
1
1
1
1
1
1
1
1
1
1
1
1
1
1
1
1
1
1
1
1
1
1
1
1
1
1
1
1
1
1
1
1
1
1
1
1
1
1
1
1
1
1
1
1
1
1
1
1
1
1
1
1
1
1
1
1
1
1
1
1
1
1
1
1
1
1
1
1
1
1
1
1
1
1
1
1
1
1
1
1
1
1
1
1
1
1
1
1
1
1
1
1
1
1
1
1
1
1
1
1
1
1
1
1
1
1
1
1
1
1
1
1
1
1
1
1
1
1
1
1
1
1
1
1
1
1
1
1
1
1
1
1
1
1
1
1
1
1
1
1
1
1
1
1
1
1
1
1
1
1
1
1
1
1
1
1
1
1
1
1
1
1
1
1
1
1
1
1
1
1
1
1
1
1
1
1
1
1
1
1
1
1
1
1
1
1
1
1
1
1
1
1
1
1
1
1
1
1
1
1
1
1
1
1
1
1
1
1
1
1
1
1
1
1
1
1
1
1
1
1
1
1
1
1
1
1
1
1
1
1
1
1
1
1
1
1
1
1
1
1
1
1
1
1
1
1
1
1
1
1
1
1
1
1
1
1
1
1
1
1
1
1
1
1
1
1
1
1
1
1
1
1
1
1
1
1
1
1
1
1
1
1
1
1
1
1
1
1
1
1
1
1
1
1
1
1
1
1
1
1
1
1
1
1
1
1
1
1
1
1
1
1
1
1
1
1
1
1
1
1
1
1
1
1
1
1
1
1
1
1
1
1
1
1
1
1
1
1
1
1
1
1
1
1
1
1
1
1
1
1
1
1
1
1
1
1
1
1
1
1
1
1
1
1
1
1
1
1
1
1
1
1
1
1
1
1
1
1
1
1
1
1
1
1
1
1
1
1
1
1
1
1
1
1
1
1
1
1
1
1
1
1
1
1
1
1
1
1
1
1
1
1
1
1
1
1
1
1
1
1
1
1
1
1
1
1
1
1
1
1
1
1
1
1
1
1
1
1
1
1
1
1
1
1
1
1
1
1
1
1
1
1
1
1
1
1
1
1
1
1
1
1
1
1
1
1
1
1
1
1
1
1
1
1
1
1
1
1
1
1
1
1
1
1
1
1
1
1
1
1
1
1
1
1
1
1
1
1
1
1
1
1
1
1
1
1
1
1
1
1
1
1
1
1
1
1
1
1
1
1
1
1
1
1
1
1
1
1
1
1
1
1
1
1
1
1
1
1
1
1
1
1
1
1
1
1
1
1
1
1
1
1
1
1
1
1
1
1
1
1
1
1
1
1
1
1
1
1
1
1
1
1
1
1
1
1
1
1
1
1
1
1
1
1
1
1
1
1
1
1
1
1
1
1
1
1
1
1
1
1
1
1
1
1
1
1
1
1
1
1
1
1
1
1
1
1
1
1
1
1
1
1
1
1
1
1
1
1
1
1
1
1
1
1
1
1
1
1
1
1
1
1
1
1
1
1
1
1
1
1
1
1
1
1
1
1
1
1
1
1
1
1
1
1
1
1
1
1
1
1
1
1
1
1
1
1
1
1
1
1
1
1
1
1
1
1
1
1
1
1
1
1
1
1
1
1
1
1
1
1
1
1
1
1
1
1
1
1
1
1
1
1
1
1
1
1
1
1
1
1
1
1
1
1
1
1
1
1
1
1
1
1
1
1
1
1
1
1
1
1
1
1
1
1
1
1
1
1
1
1
1
1
1
1
1
1
1
1
1
1
1
1
1
1
1
1
1
1
1
1
1
1
1
1
1
1
1
1
1
1
1
1
1
1
1
1
1
1
1
1
1
1
1
1
1
1
1
1
1
1
1
1
1
1
1
1
1
1
1
1
1
1
1
1
1
1
1
1
1
1
1
1
1
1
1
1
1
1
1
1
1
1
1
1
1
1
1
1
1
1
1
1
1
1
1
1
1
1
1
1
1
1
1
1
1
1
1
1
1
1
1
1
1
1
1
1
1
1
1
1
1
1
1
1
1
1
1
1
1
1
1
1
1
1
1
1
1
1
1
1
1
1
1
1
1
1
1
1
1
1
1
1
1
1
1
1
1
1
1
1
1
1
1
1
1
1
1
1
1
1
1
1
1
1
1
1
1
1
1
1
1
1
1
1
1
1
1
1
1
1
1
1
1
1
1
1
1
1
1
1
1
1
1
1
1
1
1
1
1
1
1
1
1
1
1
1
1
1
1
1
1
1
1
1
1
1
1
1
1
1
1
1
1
1
1
1
1
1
1
1
1
1
1
1
1
1
1
1
1
1
1
1
1
1
1
1
1
1
1
1
1
1
1
1
1
1
1
1
1
1
1
1
1
1
1
1
1
1
1
1
1
1
1
1
1
1
1
1
1
1
1
1
1
1
1
1
1
1
1
1
1
1
1
1
1
1
1
1
1
1
1
1
1
1
1
1
1
1
1
1
1
1
1
1
1
1
1
1
1
1
1
1
1
1
1
1
1
1
1
1
1
1
1
1
1
1
1
1
1
1
1
1
1
1
1
1
1
1
1
1
1
1
1
1
1
1
1
1
1
1
1
1
1
1
1
1
1
1
1
1
1
1
1
1
1
1
1
1
1
1
1
1
1
1
1
1
1
1
1
1
1
1
1
1
1
1
1
1
1
1
1
1
1
1
1
1
1
1
1
1
1
1
1
1
1
1
1
1
1
1
1
1
1
1
1
1
1
1
1
1
1
1
1
1
1
1
1
1
1
1
1
1
1
1
1
1
1
1
1
1
1
1
1
1
1
1
1
1
1
1
1
1
1
1
1
1
1
1
1
1
1
1
1
1
1
1
1
1
1
1
1
1
1
1
1
1
1
1
1
1
1
1
1
1
1
1
1
1
1
1
1
1
1
1
1
1
1
1
1
1
1
1
1
1
1
1
1
1
1
1
1
1
1
1
1
1
1
1
1
1
1
1
1
1
1
1
1
1
1
1
1
1
1
1
1
1
1
1
1
1
1
1
1
1
1
1
1
1
1
1
1
1
1
1
1
1
1
1
1
1
1
1
1
1
1
1
1
1
1
1
1
1
1
1
1
1
1
1
1
1
1
1
1
1
1
1
1
1
1
1
1
1
1
1
1
1
1
1
1
1
1
1
1
1
1
1
1
1
1
1
1
1
1
1
1
1
1
1
1
1
1
1
1
1
1
1
1
1
1
1
1
1
1
1
1
1
1
1
1
1
1
1
1
1
1
1
1
1
1
1
1
1
1
1
1
1
1
1
1
1
1
1
1
1
1
1
1
1
1
1
1
1
1
1
1
1
1
1
1
1
1
1
1
1
1
1
1
1
1
1
1
1
1
1
1
1
1
1
1
1
1
1
1
1
1
1
1
1
1
1
1
1
1
1
1
1
1
1
1
1
1
1
1
1
1
1
1
1
1
1
1
1
1
1
1
1
1
1
1
1
1
1
1
1
1
1
1
1
1
1
1
1
1
1
1
1
1
1
1
1
1
1
1
1
1
1
1
1
1
1
1
1
1
1
1
1
1
1
1
1
1
1
1
1
1
1
1
1
1
1
1
1
1
1
1
1
1
1
1
1
1
1
1
1
1
1
1
1
1
1
1
1
1
1
1
1
1
1
1
1
1
1
1
1
1
1
1
1
1
1
1
1
1
1
1
1
1
1
1
1
1
1
1
1
1
1
1
1
1
1
1
1
1
1
1
1
1
1
1
1
1
1
1
1
1
1
1
1
1
1
1
1
1
1
1
1
1
1
1
1
1
1
1
1
1
1
1
1
1
1
1
1
1
1
1
1
1
1
1
1
1
1
1
1
1
1
1
1
1
1
1
1
1
1
1
1
1
1
1
1
1
1
1
1
1
1
1
1
1
1
1
1
1
1
1
1
1
1
1
1
1
1
1
1
1
1
1
1
1
1
1
1
1
1
1
1
1
1
1
1
1
1
1
1
1
1
1
1
1
1
1
1
1
1
1
1
1
1
1
1
1
1
1
1
1
1
1
1
1
1
1
1
1
1
1
1
1
1
1
1
1
1
1
1
1
1
1
1
1
1
1
1
1
1
1
1
1
1
1
1
1
1
1
1
1
1
1
1
1
1
1
1
1
1
1
1
1
1
1
1
1
1
1
1
1
1
1
1
1
1
1
1
1
1
1
1
1
1
1
1
1
1
1
1
1
1
1
1
1
1
1
1
1
1
1
1
1
1
1
1
1
1
1
1
1
1
1
1
1
1
1
1
1
1
1
1
1
1
1
1
1
1
1
1
1
1
1
1
1
1
1
1
1
1
1
1
1
1
1
1
1
1
1
1
1
1
1
1
1
1
1
1
1
1
1
1
1
1
1
1
1
1
1
1
1
1
1
1
1
1
1
1
1
1
1
1
1
1
1
1
1
1
1
1
1
1
1
1
1
1
1
1
1
1
1
1
1
1
1
1
1
1
1
1
1
1
1
1
1
1
1
1
1
1
1
1
1
1
1
1
1
1
1
1
1
1
1
1
1
1
1
1
1
1
1
1
1
1
1
1
1
1
1
1
1
1
1
1
1
1
1
1
1
1
1
1
1
1
1
1
1
1
1
1
1
1
1
1
1
1
1
1
1
1
1
1
1
1
1
1
1
1
1
1
1
1
1
1
1
1
1
1
1
1
1
1
1
1
1
1
1
1
1
1
1
1
1
1
1
1
1
1
1
1
1
1
1
1
1
1
1
1
1
1
1
1
1
1
1
1
1
1
1
1
1
1
1
1
1
1
1
1
1
1
1
1
1
1
1
1
1
1
1
1
1
1
1
1
1
1
1
1
1
1
1
1
1
1
1
1
1
1
1
1
1
1
1
1
1
1
1
1
1
1
1
1
1
1
1
1
1
1
1
1
1
1
1
1
1
1
1
1
1
1
1
1
1
1
1
1
1
1
1
1
1
1
1
1
1
1
1
1
1
1
1
1
1
1
1
1
1
1
1
1
1
1
1
1
1
1
1
1
1
1
1
1
1
1
1
1
1
1
1
1
1
1
1
1
1
1
1
1
1
1
1
1
1
1
1
1
1
1
1
1
1
1
1
1
1
1
1
1
1
1
1
1
1
1
1
1
1
1
1
1
1
1
1
1
1
1
1
1
1
1
1
1
1
1
1
1
1
1
1
1
1
1
1
1
1
1
1
1
1
1
1
1
1
1
1
1
1
1
1
1
1
1
1
1
1
1
1
1
1
1
1
1
1
1
1
1
1
1
1
1
1
1
1
1
1
1
1
1
1
1
1
1
1
1
1
1
1
1
1
1
1
1
1
1
1
1
1
1
1
1
1
1
1
1
1
1
1
1
1
1
1
1
1
1
1
1
1
1
1
1
1
1
1
1
1
1
1
1
1
1
1
1
1
1
1
1
1
1
1
1
1
1
1
1
1
1
1
1
1
1
1
1
1
1
1
1
1
1
1
1
1
1
1
1
1
1
1
1
1
1
1
1
1
1
1
1
1
1
1
1
1
1
1
1
1
1
1
1
1
1
1
1
1
1
1
1
1
1
1
1
1
1
1
1
1
1
1
1
1
1
1
1
1
1
1
1
1
1
1
1
1
1
1
1
1
1
1
1
1
1
1
1
1
1
1
1
1
1
1
1
1
1
1
1
1
1
1
1
1
1
1
1
1
1
1
1
1
1
1
1
1
1
1
1
1
1
1
1
1
1
1
1
1
1
1
1
1
1
1
1
1
1
1
1
1
1
1
1
1
1
1
1
1
1
1
1
1
1
1
1
1
1
1
1
1
1
1
1
1
1
1
1
1
1
1
1
1
1
1
1
1
1
1
1
1
1
1
1
1
1
1
1
1
1
1
1
1
1
1
1
1
1
1
1
1
1
1
1
1
1
1
1
1
1
1
1
1
1
1
1
1
1
1
1
1
1
1
1
1
1
1
1
1
1
1
1
1
1
1
1
1
1
1
1
1
1
1
1
1
1
1
1
1
1
1
1
1
1
1
1
1
1
1
1
1
1
1
1
1
1
1
1
1
1
1
1
1
1
1
1
1
1
1
1
1
1
1
1
1
1
1
1
1
1
1
1
1
1
1
1
1
1
1
1
1
1
1
1
1
1
1
1
1
1
1
1
1
1
1
1
1
1
1
1
1
1
1
1
1
1
1
1
1
1
1
1
1
1
1
1
1
1
1
1
1
1
1
1
1
1
1
1
1
1
1
1
1
1
1
1
1
1
1
1
1
1
1
1
1
1
1
1
1
1
1
1
1
1
1
1
1
1
1
1
1
1
1
1
1
1
1
1
1
1
1
1
1
1
1
1
1
1
1
1
1
1
1
1
1
1
1
1
1
1
1
1
1
1
1
1
1
1
1
1
1
1
1
1
1
1
1
1
1
1
1
1
1
1
1
1
1
1
1
1
1
1
1
1
1
1
1
1
1
1
1
1
1
1
1
1
1
1
1
1
1
1
1
1
1
1
1
1
1
1
1
1
1
1
1
1
1
1
1
1
1
1
1
1
1
1
1
1
1
1
1
1
1
1
1
1
1
1
1
1
1
1
1
1
1
1
1
1
1
1
1
1
1
1
1
1
1
1
1
1
1
1
1
1
1
1
1
1
1
1
1
1
1
1
1
1
1
1
1
1
1
1
1
1
1
1
1
1
1
1
1
1
1
1
1
1
1
1
1
1
1
1
1
1
1
1
1
1
1
1
1
1
1
1
1
1
1
1
1
1
1
1
1
1
1
1
1
1
1
1
1
1
1
1
1
1
1
1
1
1
1
1
1
1
1
1
1
1
1
1
1
1
1
1
1
1
1
1
1
1
1
1
1
1
1
1
1
1
1
1
1
1
1
1
1
1
1
1
1
1
1
1
1
1
1
1
1
1
1
1
1
1
1
1
1
1
1
1
1
1
1
1
1
1
1
1
1
1
1
1
1
1
1
1
1
1
1
1
1
1
1
1
1
1
1
1
1
1
1
1
1
1
1
1
1
1
1
1
1
1
1
1
1
1
1
1
1
1
1
1
1
1
1
1
1
1
1
1
1
1
1
1
1
1
1
1
1
1
1
1
1
1
1
1
1
1
1
1
1
1
1
1
1
1
1
1
1
1
1
1
1
1
1
1
1
1
1
1
1
1
1
1
1
1
1
1
1
1
1
1
1
1
1
1
1
1
1
1
1
1
1
1
1
1
1
1
1
1
1
1
1
1
1
1
1
1
1
1
1
1
1
1
1
1
1
1
1
1
1
1
1
1
1
1
1
1
1
1
1
1
1
1
1
1
1
1
1
1
1
1
1
1
1
0.948767
0.93772
0.91914
0.988511
0.989007
0.994634
0.99616
0.902599
0.899339
0.860907
0.969511
0.791239
0.879398
0.6582
0.821773
0.72735
0.801547
0.52576
0.869361
0.53507
0.71622
0.939416
0.918092
0.928011
0.990532
0.995344
0.98603
0.990703
0.859038
0.803346
0.817381
0.911107
0.678251
0.877699
0.699694
0.884267
0.880808
0.912116
0.543828
0.56806
0.693963
0.67022
0.863029
0.850182
0.720663
0.804913
0.640849
0.751755
0.617724
0.893437
0.718139
0.751978
0.82508
0.950111
0.61991
0.717369
0.941811
0.91691
0.996405
0.85953
0.795451
0.821484
0.919832
0.917332
0.999366
0.950316
0.85867
0.872268
0.911561
0.841624
0.816972
0.804023
0.769586
0.937494
0.867876
0.984113
0.965452
0.93179
0.880186
0.838582
0.805467
0.97846
0.786122
0.830366
0.98975
0.995897
0.982408
0.973086
0.932348
0.994053
0.990735
0.692493
0.951552
0.651437
0.79418
0.522028
0.874099
0.558637
0.985503
0.524562
0.795988
0.703807
0.986497
0.678126
0.96751
0.470471
0.727502
0.557967
0.763691
0.701217
0.901335
0.710933
0.726812
0.992697
0.971941
0.702699
0.620397
0.947618
0.92488
0.435362
0.744908
0.453184
0.507528
0.433275
0.713419
0.45663
0.938359
0.791772
0.9633
0.799186
0.893871
0.925516
0.92603
0.925208
0.84797
0.833013
0.907591
0.961048
0.853153
0.945332
0.686794
0.935093
0.899802
0.657417
0.544553
0.784938
0.664192
0.577998
0.602909
0.539773
0.567679
0.904779
0.6731
0.779796
0.93217
0.864413
0.901606
0.966987
0.874742
0.730833
0.652715
0.700987
0.53491
0.649557
0.491027
0.455044
0.44485
0.442591
0.456074
0.582434
0.748511
0.437528
0.604019
0.717685
0.942062
0.985298
0.90888
0.967421
0.951004
0.995759
0.982543
0.977968
0.806037
0.613347
0.625486
0.671762
0.807307
0.540114
0.743724
0.526041
0.524522
0.532644
0.809151
0.746956
0.927648
0.902359
0.834515
0.783537
0.972407
0.789234
0.981876
0.881096
0.989615
0.997724
0.987049
0.994798
0.994648
0.992727
0.985371
0.994176
0.680464
0.65896
0.90236
0.52548
0.749224
0.865678
0.967312
0.983238
0.981037
0.983119
0.9886
0.981673
0.969719
0.977311
0.995503
0.99301
0.994098
0.996085
0.999019
0.996816
0.99934
0.993684
0.986894
0.999431
0.99658
0.995215
0.990666
0.993141
0.969973
0.984392
0.997927
0.998074
0.991968
0.986755
0.991868
0.991169
0.98215
0.988476
0.995771
0.990144
0.98181
0.991388
0.998039
0.999048
0.99967
0.99838
0.999662
0.999048
0.999044
0.990161
0.995367
0.997993
1
0.997149
0.998081
0.995083
0.996492
0.992803
0.993317
0.999223
0.998853
0.995641
0.998091
0.99232
0.989398
0.994568
0.9955
0.993276
0.989872
0.992913
1
1
0.998088
0.998988
0.998006
0.998163
1
0.998099
0.999206
0.997526
1
0.999016
0.997159
0.998401
0.998099
0.997027
0.99842
0.99902
0.99905
0.996487
0.997927
0.994133
0.990787
0.992183
0.996076
0.994399
0.991431
0.993808
1
0.999049
1
1
1
1
1
0.999017
1
0.999036
1
1
0.999242
1
0.99905
0.997804
0.996413
0.997973
1
0.996082
0.997139
0.993476
0.991262
0.995397
0.994082
0.995587
0.99448
0.993214
1
1
0.998094
1
1
0.99905
1
1
0.998881
1
0.99902
0.997835
0.999967
0.999967
1
0.995306
0.99829
0.99902
1
0.998008
0.997765
0.995686
0.990587
0.991659
0.993678
0.994305
0.99184
0.990437
1
0.99905
0.999048
1
1
0.999673
1
0.998004
0.999671
1
0.999358
0.998681
0.999375
0.996431
1
0.996793
0.998094
0.999021
1
0.999021
1
0.99526
0.992654
0.995202
0.997059
0.997137
0.998104
0.996129
1
0.998429
1
1
1
1
0.999376
0.999019
0.998718
0.999769
1
1
0.998093
0.997654
0.999051
1
0.998094
1
1
0.99838
0.998718
1
0.999018
0.996923
0.999662
0.999967
1
0.997287
1
0.999051
0.999672
1
1
1
1
0.999019
1
0.995671
1
1
0.999047
0.998116
0.999083
0.999021
0.99747
1
1
1
0.999376
0.999046
0.999018
0.998412
1
1
1
0.99871
1
1
1
1
1
1
1
1
1
0.999009
1
1
0.999671
1
1
1
0.999671
1
1
1
1
0.999046
1
1
1
0.999046
1
0.999008
1
1
1
1
1
1
1
1
0.999375
1
1
1
1
1
1
1
1
1
1
1
1
1
1
1
1
1
1
0.999041
1
1
1
1
1
1
1
1
1
1
1
1
1
1
1
1
1
1
1
1
1
1
1
1
1
1
1
1
1
1
1
1
1
1
1
1
1
1
1
1
1
1
1
1
1
1
1
1
1
1
1
1
1
1
1
1
1
1
1
1
1
1
1
1
1
1
1
1
1
1
1
1
1
1
1
1
1
1
1
1
1
1
1
1
1
1
1
1
1
1
1
1
1
1
1
1
1
1
1
1
1
1
1
1
1
1
1
1
1
1
1
1
1
1
1
1
1
1
1
1
1
1
1
1
1
1
1
1
1
1
1
1
1
1
1
1
1
1
1
1
1
1
1
1
1
1
1
1
1
1
1
1
1
1
1
1
1
1
1
1
1
1
1
1
1
1
1
1
1
1
1
1
1
1
1
1
1
1
1
1
1
1
1
1
1
1
1
1
1
1
1
1
1
1
1
1
1
1
1
1
1
1
1
1
1
1
1
1
1
1
1
1
1
1
1
1
1
1
1
1
1
1
1
1
1
1
1
1
1
1
1
1
1
1
1
1
1
1
1
1
1
1
1
1
1
1
1
1
1
1
1
1
1
1
1
1
1
1
1
1
1
1
1
1
1
1
1
1
1
1
1
1
1
1
1
1
1
1
1
1
1
1
1
1
1
1
1
1
1
1
1
1
1
1
1
1
1
1
1
1
1
1
1
1
1
1
1
1
1
1
1
1
1
1
1
1
1
1
1
1
1
1
1
1
1
1
1
1
1
1
1
1
1
1
1
1
1
1
1
1
1
1
1
1
1
1
1
1
1
1
1
1
1
1
1
1
1
1
1
1
1
1
1
1
1
1
1
1
1
1
1
1
1
1
1
1
1
1
1
1
1
1
1
1
1
1
1
1
1
1
1
1
1
1
1
1
1
1
1
1
1
1
1
1
1
1
1
1
1
1
1
1
1
1
1
1
1
1
1
1
1
1
1
1
1
1
1
1
1
1
1
1
1
1
1
1
1
1
1
1
1
1
1
1
1
1
1
1
1
1
1
1
1
1
1
1
1
1
1
1
1
1
1
1
1
1
1
1
1
1
1
1
1
1
1
1
1
1
1
1
1
1
1
1
1
1
1
1
1
1
1
1
1
1
1
1
1
1
1
1
1
1
1
1
1
1
1
1
1
1
1
1
1
1
1
1
1
1
1
1
1
1
1
1
1
1
1
1
1
1
1
1
1
1
1
1
1
1
1
1
1
1
1
1
1
1
1
1
1
1
1
1
1
1
1
1
1
1
1
1
1
1
1
1
1
1
1
1
1
1
1
1
1
1
1
1
1
1
1
1
1
1
1
1
1
1
1
1
1
1
1
1
1
1
1
1
1
1
1
1
1
1
1
1
1
1
1
1
1
1
1
1
1
1
1
1
1
1
1
1
1
1
1
1
1
1
1
1
1
1
1
1
1
1
1
1
1
1
1
1
1
1
1
1
1
1
1
1
1
1
1
1
1
1
1
1
1
1
1
1
1
1
1
1
1
1
1
1
1
1
1
1
1
1
1
1
1
1
1
1
1
1
1
1
1
1
1
1
1
1
1
1
1
1
1
1
1
1
1
1
1
1
1
1
1
1
1
1
1
1
1
1
1
1
1
1
1
1
1
1
1
1
1
1
1
1
1
1
1
1
1
1
1
1
1
1
1
1
1
1
1
1
1
1
1
1
1
1
1
1
1
1
1
1
1
1
1
1
1
1
1
1
1
1
1
1
1
1
1
1
1
1
1
1
1
1
1
1
1
1
1
1
1
1
1
1
1
1
1
1
1
1
1
1
1
1
1
1
1
1
1
1
1
1
1
1
1
1
1
1
1
1
1
1
1
1
1
1
1
1
1
1
1
1
1
1
1
1
1
1
1
1
1
1
1
1
1
1
1
1
1
1
1
1
1
1
1
1
1
1
1
1
1
1
1
1
1
1
1
1
1
1
1
1
1
1
1
1
1
1
1
1
1
1
1
1
1
1
1
1
1
1
1
1
1
1
1
1
1
1
1
1
1
1
1
1
1
1
1
1
1
1
1
1
1
1
1
1
1
1
1
1
1
1
1
1
1
1
1
1
1
1
1
1
1
1
1
1
1
1
1
1
1
1
1
1
1
1
1
1
1
1
1
1
1
1
1
1
1
1
1
1
1
1
1
1
1
1
1
1
1
1
1
1
1
1
1
1
1
1
1
1
1
1
1
1
1
1
1
1
1
1
1
1
1
1
1
1
1
1
1
1
1
1
1
1
1
1
1
1
1
1
1
1
1
1
1
1
1
1
1
1
1
1
1
1
1
1
1
1
1
1
1
1
1
1
1
1
1
1
1
1
1
1
1
1
1
1
1
1
1
1
1
1
1
1
1
1
1
1
1
1
1
1
1
1
1
1
1
1
1
1
1
1
1
1
1
1
1
1
1
1
1
1
1
1
1
1
1
1
1
1
1
1
1
1
1
1
1
1
1
1
1
1
1
1
1
1
1
1
1
1
1
1
1
1
1
1
1
1
1
1
1
1
1
1
1
1
1
1
1
1
1
1
1
1
1
1
1
1
1
1
1
1
1
1
1
1
1
1
1
1
1
1
1
1
1
1
1
1
1
1
1
1
1
1
1
1
1
1
1
1
1
1
1
1
1
1
1
1
1
1
1
1
1
1
1
1
1
1
1
1
1
1
1
1
1
1
1
1
1
1
1
1
1
1
1
1
1
1
1
1
1
1
1
1
1
1
1
1
1
1
1
1
1
1
1
1
1
1
1
1
1
1
1
1
1
1
1
1
1
1
1
1
1
1
1
1
1
1
1
1
1
1
1
1
1
1
1
1
1
1
1
1
1
1
1
1
1
1
1
1
1
1
1
1
1
1
1
1
1
1
1
1
1
1
1
1
1
1
1
1
1
1
1
1
1
1
1
1
1
1
1
1
1
1
1
1
1
1
1
1
1
1
1
1
1
1
1
1
1
1
1
1
1
1
1
1
1
1
1
1
1
1
1
1
1
1
1
1
1
1
1
1
1
1
1
1
1
1
1
1
1
1
1
1
1
1
1
1
1
1
1
1
1
1
1
1
1
1
1
1
1
1
1
1
1
1
1
1
1
1
1
1
1
1
1
1
1
1
1
1
1
1
1
1
1
1
1
1
1
1
1
1
1
1
1
1
1
1
1
1
1
1
1
1
1
1
1
1
1
1
1
1
1
1
1
1
1
1
1
1
1
1
1
1
1
1
1
1
1
1
1
1
1
1
1
1
1
1
1
1
1
1
1
1
1
1
1
1
1
1
1
1
1
1
1
1
1
1
1
1
1
1
1
1
1
1
1
1
1
1
1
1
1
1
1
1
1
1
1
1
1
1
1
1
1
1
1
1
1
1
1
1
1
1
1
1
1
1
1
1
1
1
1
1
1
1
1
1
1
1
1
1
1
1
1
1
1
1
1
1
1
1
1
1
1
1
1
1
1
1
1
1
1
1
1
1
1
1
1
1
1
1
1
1
1
1
1
1
1
1
1
1
1
1
1
1
1
1
1
1
1
1
1
1
1
1
1
1
1
1
1
1
1
1
1
1
1
1
1
1
1
1
1
1
1
1
1
1
1
1
1
1
1
1
1
1
1
1
1
1
1
1
1
1
1
1
1
1
1
1
1
1
1
1
1
1
1
1
1
1
1
1
1
1
1
1
1
1
1
1
1
1
1
1
1
1
1
1
1
1
1
1
1
1
1
1
1
1
1
1
1
1
1
1
1
1
1
1
1
1
1
1
1
1
1
1
1
1
1
1
1
1
1
1
1
1
1
1
)
;

boundaryField
{
    fbOut
    {
        type            fixedValue;
        value           uniform 1;
    }
    CAD_patch1
    {
        type            zeroGradient;
    }
    fbGasin
    {
        type            fixedValue;
        value           uniform 1;
    }
    CAD_patch3
    {
        type            zeroGradient;
    }
    fbBioin
    {
        type            zeroGradient;
    }
}


// ************************************************************************* //
