/*--------------------------------*- C++ -*----------------------------------*\
| =========                 |                                                 |
| \\      /  F ield         | OpenFOAM: The Open Source CFD Toolbox           |
|  \\    /   O peration     | Version:  5.x                                   |
|   \\  /    A nd           | Web:      www.OpenFOAM.org                      |
|    \\/     M anipulation  |                                                 |
\*---------------------------------------------------------------------------*/
FoamFile
{
    version     2.0;
    format      ascii;
    class       volScalarField;
    location    "8.1";
    object      p;
}
// * * * * * * * * * * * * * * * * * * * * * * * * * * * * * * * * * * * * * //

dimensions      [0 2 -2 0 0 0 0];

internalField   nonuniform List<scalar> 
10571
(
237.8
175.145
191.167
226.906
264.205
155.807
140.232
136.009
201.298
237.58
132.289
132.473
132.578
140.782
147.138
201.701
110.266
136.002
142.088
141.643
159.816
99.863
141.363
141.305
82.8244
118.603
132.57
114.983
140.774
88.8966
110.667
109.538
119.319
149.971
21.5555
47.4685
70.8063
121.088
135.777
144.167
16.2953
29.5286
128.78
140.595
134.038
17.378
68.9069
136.465
30.8989
25.8828
28.9835
24.5254
49.2792
15.4891
38.7813
49.0939
39.3764
81.2032
16.8836
15.4998
17.0478
30.376
55.7977
73.8051
18.3285
11.0432
19.3462
106.551
79.6504
17.3041
13.8362
19.3287
22.9265
16.0184
19.6701
20.4638
19.4277
15.9555
15.9282
23.0401
16.2824
21.5658
15.8118
16.5606
15.5311
14.5314
14.8546
14.5539
16.0889
14.252
12.1632
14.533
17.6921
15.3695
14.4879
14.2031
16.4748
12.9677
16.2393
17.8519
15.2769
13.2583
13.1972
16.7608
14.2682
14.0324
14.5592
14.4177
13.6135
13.0117
13.176
13.8316
14.5366
13.5787
13.693
13.3831
13.6649
14.394
13.8099
13.512
13.8446
12.9444
13.0286
15.8418
14.4848
13.0314
12.3696
12.7609
12.9447
13.1954
13.0126
13.4602
12.9736
12.5807
12.7957
12.9835
13.2552
12.9985
13.6081
13.0287
13.1012
13.1517
13.0615
13.5595
13.3579
13.2127
12.6951
12.9481
12.8554
12.7724
12.6394
13.0041
12.8348
12.8086
12.7989
12.9489
12.9246
13.2694
13.2303
12.8902
12.91
12.9216
12.9392
12.9222
13.3352
12.9534
13.0011
13.005
12.9462
12.9278
13.1406
13.111
13.0373
12.7199
12.9483
12.819
12.7365
12.8198
12.9524
12.7377
12.886
12.8739
12.9307
12.9233
13.1321
13.0728
12.9826
12.9216
12.9177
12.9505
12.9218
13.1447
12.9188
13.0059
12.9466
12.9252
12.9227
12.9951
13.0711
12.9606
12.7577
12.9375
12.8129
12.7276
12.8485
12.9515
12.8226
12.8321
12.8494
12.8639
12.9315
13.0073
12.9831
12.8875
12.9118
12.8844
12.9166
12.902
13.0082
12.8447
12.9728
12.9214
12.9228
12.9388
13.0172
12.9524
12.7728
12.8821
12.7952
12.7208
12.8422
12.914
12.8329
12.8145
12.8327
12.803
12.9401
12.913
12.8205
12.9137
12.8422
12.8687
12.9083
12.7585
12.929
12.8861
12.8902
12.8678
12.9681
12.9363
12.7876
12.7648
12.7557
12.7445
12.798
12.8611
12.8089
12.7895
12.8157
12.8262
12.8918
12.8532
12.7869
12.8939
12.7921
12.8272
12.8416
12.7062
12.9104
12.8432
12.8483
12.799
12.9378
12.9039
12.816
12.6485
12.6429
12.8656
12.7791
12.7697
12.7352
12.7916
12.7946
12.8196
12.8018
12.79
12.7354
12.8362
12.7379
12.7736
12.7777
12.6611
12.8902
12.7769
12.7759
12.7586
12.9137
12.8614
12.734
12.5308
12.4654
12.7327
12.7558
12.6346
12.605
12.721
12.7472
12.7686
12.695
12.6904
12.6344
12.7346
12.657
12.6996
12.6887
12.5536
12.8355
12.7001
12.681
12.6956
12.8439
12.795
12.6483
12.4291
12.3422
12.6125
12.7088
12.5142
12.4239
12.6239
12.6901
12.7169
12.585
12.5618
12.5229
12.6355
12.5739
12.6248
12.5865
12.4424
12.7825
12.6215
12.6102
12.6018
12.7669
12.7266
12.5835
12.3905
12.2955
12.5427
12.6742
12.4292
12.2588
12.5502
12.6569
12.6879
12.483
12.4083
12.4022
12.5725
12.5259
12.6009
12.4921
12.3925
12.7396
12.567
12.5972
12.545
12.6998
12.6755
12.5658
12.3854
12.2893
12.5128
12.6723
12.3817
12.1655
12.504
12.6578
12.6899
12.3993
12.3331
12.2936
12.528
12.5236
12.6246
12.455
12.3836
12.6877
12.5481
12.6233
12.508
12.6519
12.6503
12.5961
12.406
12.327
12.5318
12.7083
12.3549
12.1627
12.4981
12.6921
12.7247
12.3517
12.3055
12.2714
12.4873
12.5494
12.6704
12.4267
12.411
12.6185
12.5488
12.654
12.48
12.6063
12.6319
12.6868
12.4872
12.427
12.6063
12.7884
12.3175
12.1988
12.5371
12.7603
12.7921
12.3119
12.2514
12.2688
12.4615
12.5888
12.7292
12.3962
12.5102
12.5278
12.5488
12.6841
12.4763
12.5142
12.5994
12.8442
12.6651
12.5942
12.7494
12.9139
12.4244
12.3204
12.6344
12.8642
12.8956
12.4274
12.3298
12.2859
12.4351
12.6468
12.8114
12.4417
12.5688
12.424
12.5635
12.7409
12.5258
12.4399
12.563
13.062
12.9269
12.8345
12.9605
13.0987
12.7222
12.569
12.8134
13.0134
13.0421
12.6496
12.6079
12.4534
12.5289
12.7748
12.9393
12.7072
12.4927
12.3193
12.614
12.8332
12.5807
12.2912
12.5447
13.3079
13.2288
13.1379
13.2157
13.275
13.0307
12.8796
13.086
13.2189
13.2226
12.9556
13.0031
12.7423
12.7817
12.977
13.1241
13.117
12.5253
12.3738
12.7175
12.9346
12.7374
12.269
12.6247
13.5257
13.5295
13.4425
13.4712
13.4562
13.3684
13.2481
13.3716
13.4304
13.4045
13.4421
13.4087
13.0608
13.1146
13.2558
13.3319
13.5465
12.9403
12.7561
12.957
13.1734
13.1261
12.6611
12.7884
13.6748
13.7128
13.6567
13.659
13.6066
13.6697
13.5648
13.6068
13.6054
13.5676
13.7796
13.7241
13.4578
13.4518
13.523
13.5365
13.8634
13.6105
13.3061
13.3421
13.4672
13.8506
13.3326
13.1098
13.7532
13.7587
13.7386
13.7528
13.7051
13.7893
13.7403
13.7462
13.7115
13.6865
13.8935
13.8134
13.6768
13.6965
13.7121
13.688
14.0978
14.0797
13.824
13.6862
13.6954
14.5328
14.345
13.7976
13.7917
13.7494
13.7687
13.7888
13.7568
13.7553
13.8101
13.7895
13.7673
13.7635
13.8911
13.8247
13.7659
13.7846
13.7818
13.7717
14.0878
14.0903
13.9552
13.8343
13.8022
14.6526
14.4014
14.0365
13.8154
13.7615
13.7955
13.805
13.7848
13.7244
13.8333
13.8072
13.7959
13.8103
13.8144
13.7684
13.7744
13.8039
13.8077
13.8143
13.9575
13.9955
13.9326
13.8668
13.8414
14.3035
14.1708
13.9994
13.8393
13.8162
13.8152
13.8171
13.8022
13.7739
13.8189
13.8165
13.8127
13.8316
13.8081
13.7641
13.7554
13.808
13.8283
13.8309
13.8422
13.9057
13.8975
13.8651
13.8528
14.076
14.0198
13.942
13.8619
13.8878
13.8417
13.8204
13.8129
13.8632
13.8455
13.7941
13.8214
13.8335
13.8687
13.8356
13.8101
13.8069
13.8504
13.8401
13.8455
13.8445
13.869
13.8596
13.8543
13.9676
13.9417
13.9037
13.8678
13.9301
13.859
13.8244
13.8154
13.9181
13.849
13.8055
13.8284
13.8338
13.9105
13.9309
13.8901
13.822
13.8564
13.8451
13.8684
13.8362
13.8458
13.8504
13.8508
13.909
13.8933
13.8748
13.8632
13.9294
13.8633
13.8277
13.8154
13.9543
13.8652
13.8222
13.8321
13.8314
13.9155
13.9247
13.8828
13.8181
13.8387
13.8376
13.8429
13.817
13.8215
13.8309
13.8408
13.8665
13.8555
13.846
13.8507
13.9124
13.8559
13.8256
13.8133
13.9282
13.8368
13.8099
13.8277
13.8244
13.8999
13.886
13.8409
13.794
13.8125
13.821
13.7839
13.786
13.7945
13.8063
13.8224
13.8176
13.821
13.8161
13.8323
13.8726
13.8255
13.8156
13.8069
13.8717
13.8072
13.7949
13.8179
13.8157
13.8563
13.8373
13.8031
13.7654
13.7845
13.7984
13.7533
13.7607
13.7786
13.7935
13.8036
13.7777
13.7857
13.7916
13.8121
13.8125
13.7934
13.8015
13.7965
13.8089
13.7816
13.7776
13.8063
13.8079
13.8053
13.7961
13.7836
13.7494
13.7699
13.7849
13.7507
13.7511
13.7786
13.7902
13.7946
13.7492
13.7557
13.7762
13.7953
13.7578
13.7634
13.7864
13.7854
13.7489
13.7512
13.7557
13.7979
13.8103
13.7491
13.7568
13.7807
13.7504
13.7661
13.7835
13.7488
13.7402
13.7883
13.8104
13.7992
13.7377
13.735
13.7782
13.783
13.713
13.7451
13.7709
13.7756
13.7092
13.7213
13.7424
13.7842
13.801
13.7117
13.7203
13.7822
13.7602
13.7703
13.7827
13.7393
13.7165
13.7758
13.8007
13.8004
13.7449
13.7395
13.7865
13.7737
13.709
13.7365
13.7582
13.7689
13.705
13.6965
13.7387
13.769
13.7896
13.7094
13.7044
13.781
13.765
13.7721
13.7861
13.7738
13.6975
13.7442
13.7799
13.7973
13.7688
13.7682
13.7629
13.7657
13.7189
13.7309
13.7504
13.7649
13.7194
13.6925
13.7365
13.7573
13.7844
13.7186
13.6989
13.7663
13.765
13.7732
13.7898
13.7984
13.7523
13.7353
13.776
13.7945
13.8488
13.8094
13.77
13.7627
13.7338
13.7334
13.7531
13.7712
13.7377
13.7043
13.7456
13.7738
13.7937
13.7331
13.7008
13.7471
13.7677
13.7779
13.7947
13.7979
13.7975
13.7898
13.7737
13.7936
13.8669
13.8604
13.7944
13.7689
13.7482
13.7394
13.7616
13.7944
13.7526
13.7158
13.7597
13.8061
13.8051
13.753
13.7117
13.7368
13.7664
13.7878
13.8025
13.7963
13.8043
13.8256
13.7747
13.7973
13.8487
13.8676
13.8088
13.781
13.7664
13.7535
13.7743
13.7924
13.759
13.7187
13.7603
13.8009
13.8103
13.7751
13.729
13.7446
13.7707
13.8013
13.8132
13.8088
13.8149
13.833
13.8004
13.8065
13.8376
13.8402
13.8265
13.8029
13.8049
13.7798
13.7849
13.7672
13.7483
13.7227
13.7641
13.798
13.8181
13.8004
13.7516
13.7683
13.7926
13.8248
13.8343
13.8357
13.8352
13.8483
13.8277
13.8346
13.8436
13.8482
13.8609
13.8523
13.8759
13.8223
13.8328
13.8328
13.8015
13.7673
13.8204
13.8354
13.8406
13.8524
13.8232
13.8155
13.8234
13.8405
13.8541
13.8684
13.8574
13.8626
13.8322
13.8583
13.8588
13.8642
13.8859
13.8543
13.983
13.8843
13.8477
13.868
13.9007
13.8427
13.8597
13.8528
13.8585
13.9141
13.8821
13.8553
13.85
13.8428
13.8643
13.8924
13.8722
13.868
13.838
13.864
13.8736
13.8725
13.8874
13.893
13.9554
13.909
13.8889
13.8686
13.9129
13.8745
13.8757
13.8524
13.8563
13.9232
13.8955
13.8663
13.8655
13.8466
13.8632
13.8987
13.8761
13.8688
13.8426
13.8586
13.8823
13.8779
13.8806
13.9147
13.9235
13.914
13.8993
13.8838
13.8822
13.8693
13.8772
13.8449
13.87
13.9073
13.8783
13.8638
13.8764
13.8523
13.8599
13.897
13.8778
13.8711
13.8459
13.8491
13.888
13.8828
13.8766
13.9088
13.9093
13.9026
13.9024
13.8924
13.868
13.8502
13.8773
13.8463
13.8883
13.8978
13.87
13.8663
13.8785
13.8554
13.8607
13.8952
13.8802
13.8797
13.8565
13.8453
13.8934
13.8899
13.8787
13.896
13.8999
13.892
13.8972
13.8956
13.8745
13.8388
13.869
13.8563
13.8779
13.8905
13.8718
13.8614
13.8713
13.8495
13.8596
13.8934
13.8781
13.8864
13.8656
13.8545
13.8952
13.8943
13.8826
13.8777
13.8926
13.887
13.8813
13.8717
13.869
13.8384
13.8472
13.8294
13.8568
13.8827
13.8655
13.8531
13.8689
13.8487
13.8553
13.8894
13.8782
13.8801
13.867
13.8513
13.8916
13.8906
13.8834
13.8568
13.8898
13.8788
13.8649
13.8422
13.8668
13.8378
13.8432
13.8242
13.8392
13.8725
13.8515
13.8452
13.8739
13.8569
13.8548
13.8825
13.8722
13.8718
13.8627
13.861
13.8849
13.8847
13.8804
13.8382
13.8898
13.8637
13.8387
13.8314
13.8711
13.8397
13.8498
13.8336
13.8367
13.8595
13.834
13.8493
13.8731
13.8537
13.8543
13.8744
13.8654
13.8621
13.8618
13.8646
13.8787
13.8783
13.8755
13.8162
13.8837
13.8387
13.8036
13.8308
13.8653
13.8307
13.8437
13.8517
13.8268
13.8425
13.8141
13.8584
13.8671
13.8608
13.8538
13.865
13.8582
13.8559
13.865
13.8655
13.8734
13.8699
13.8706
13.797
13.8632
13.8011
13.777
13.8298
13.8442
13.8084
13.8359
13.8647
13.8289
13.8253
13.8028
13.8666
13.8514
13.8716
13.8525
13.8566
13.8504
13.8553
13.863
13.8643
13.8673
13.8623
13.8655
13.8013
13.8405
13.7719
13.7775
13.8296
13.8197
13.7884
13.8273
13.8545
13.8462
13.8148
13.801
13.8614
13.8384
13.8688
13.8497
13.8482
13.8413
13.8591
13.8599
13.8586
13.8595
13.8551
13.8599
13.8121
13.8261
13.772
13.7887
13.8322
13.802
13.767
13.8174
13.8366
13.8526
13.8131
13.8065
13.8457
13.8343
13.8542
13.8432
13.8422
13.8288
13.8602
13.8498
13.8503
13.8513
13.8516
13.8539
13.8266
13.8221
13.7879
13.8039
13.836
13.8037
13.748
13.811
13.8315
13.8483
13.8177
13.8136
13.8187
13.827
13.8378
13.8323
13.8377
13.8148
13.8512
13.8421
13.8394
13.8427
13.8492
13.8459
13.8424
13.8277
13.8073
13.8179
13.838
13.8198
13.7435
13.8041
13.8292
13.8409
13.8263
13.8224
13.7889
13.8148
13.8247
13.8233
13.8325
13.8085
13.837
13.8268
13.827
13.8319
13.8398
13.8342
13.8471
13.862
13.8369
13.827
13.8392
13.8402
13.7571
13.7976
13.8205
13.8247
13.8385
13.8285
13.7754
13.8
13.8084
13.8042
13.8315
13.804
13.816
13.8093
13.8058
13.822
13.8273
13.82
13.8594
13.8823
13.8702
13.8458
13.8385
13.8583
13.7763
13.7954
13.8014
13.7967
13.8501
13.8374
13.7772
13.7854
13.7816
13.7676
13.8362
13.7987
13.8006
13.7886
13.7742
13.8171
13.8172
13.8029
13.8795
13.9113
13.9021
13.8678
13.8367
13.8875
13.8051
13.7931
13.7654
13.7372
13.869
13.8582
13.7904
13.7716
13.7298
13.6914
13.8488
13.8034
13.7916
13.7585
13.7221
13.8188
13.8072
13.7903
13.9055
13.9464
13.9296
13.8865
13.8373
13.9271
13.8438
13.7788
13.6937
13.6155
13.9005
13.8898
13.8063
13.7489
13.6537
13.5289
13.874
13.8237
13.7887
13.7326
13.6313
13.8359
13.7997
13.7814
13.9436
13.9784
13.9629
13.9031
13.8492
13.9685
13.8758
13.7491
13.5711
13.3591
13.9419
13.9292
13.8317
13.723
13.5271
13.1356
13.9179
13.8676
13.7908
13.6896
13.468
13.8709
13.805
13.7745
13.9851
14.0122
14.0069
13.9215
13.8761
14.0026
13.9024
13.6949
13.3658
12.7143
13.9885
13.9744
13.8674
13.7072
13.3512
12.1458
13.9841
13.9389
13.8414
13.6357
13.1484
13.9563
13.8666
13.7933
14.0236
14.0463
14.0445
13.9323
13.9004
14.0209
13.9044
13.6393
13.0886
10.9256
14.0334
14.015
13.9183
13.7171
13.1718
10.7387
-9.56678
14.0588
14.0492
13.9384
13.5934
12.3738
14.0732
13.9899
13.8603
14.0403
14.0621
14.0161
13.906
13.7228
14.0344
13.8941
13.6251
12.8221
9.6249
0.717776
14.0796
14.062
13.996
13.8251
13.1689
10.5961
1.17069
14.1454
14.183
14.0659
13.638
11.3053
14.2357
14.1565
13.9945
13.97
14.0136
13.9298
13.7978
13.5092
14.0321
13.8951
13.6421
12.8801
9.60152
2.14782
14.1293
14.1195
14.1057
13.9938
13.4311
10.6627
3.23823
14.2166
14.293
14.2062
13.8035
11.8216
3.58536
14.3512
14.3213
14.1608
13.9743
14.0557
13.9224
13.7817
13.7012
14.0307
13.9342
13.8176
13.4076
10.9778
2.78983
14.1734
14.155
14.227
14.1719
13.8909
11.6013
2.54985
14.2416
14.3449
14.3179
13.993
12.4716
14.3879
14.4155
14.3176
14.1285
14.1012
13.9636
14.0006
14.0495
14.1052
14.047
13.9316
13.6986
12.4094
14.1847
14.1734
14.2312
14.2289
14.022
12.3296
-5.42142
14.2206
14.3212
14.2538
14.1882
13.6388
14.343
14.3874
14.3771
14.2632
14.2053
14.1635
14.1913
14.1845
14.1383
14.1209
13.8931
13.8808
13.673
14.1973
14.1683
14.0806
14.0955
14.1123
13.5396
14.1823
14.0914
14.1753
14.2302
14.0707
14.2429
14.2884
14.322
14.3233
14.3262
14.3105
14.2578
14.2818
14.3038
14.2001
14.0388
14.1179
14.1648
14.2603
14.2339
14.0403
14.0693
14.2096
14.0626
14.0672
13.8933
14.1803
14.2378
14.2169
14.1437
14.2393
14.2913
14.3043
14.408
14.3288
14.262
14.3469
14.4704
14.3224
14.2095
14.278
14.3892
14.4011
14.3844
14.1469
14.1474
14.2899
14.2832
14.1063
14.0073
14.2422
14.2938
14.3137
14.1489
14.2741
14.3333
14.289
14.4408
14.3369
14.2745
14.3547
14.5324
14.407
14.3144
14.3502
14.4395
14.5877
14.5714
14.3807
14.3462
14.3533
14.3618
14.3238
14.2473
14.3335
14.3577
14.3755
14.2929
14.3392
14.3818
14.2911
14.4545
14.3657
14.2911
14.3638
14.5046
14.4069
14.3363
14.3584
14.4176
14.6252
14.5885
14.4468
14.3919
14.3874
14.4165
14.5475
14.3902
14.3679
14.3962
14.4115
14.4103
14.3654
14.428
14.3298
14.4733
14.3967
14.3179
14.3903
14.4797
14.3977
14.3781
14.4103
14.4294
14.5565
14.5167
14.4225
14.4103
14.4132
14.4403
14.548
14.396
14.3779
14.4153
14.4311
14.446
14.3937
14.4474
14.4158
14.4947
14.4412
14.3875
14.4244
14.4515
14.4098
14.4022
14.4184
14.4422
14.5079
14.4678
14.4061
14.4079
14.4265
14.4441
14.5056
14.4047
14.3894
14.4223
14.4448
14.4787
14.4269
14.463
14.4672
14.4988
14.4667
14.4257
14.4395
14.4346
14.4156
14.4146
14.4286
14.4495
14.4898
14.4462
14.4062
14.4125
14.4305
14.4494
14.4862
14.4101
14.4051
14.4311
14.4573
14.4993
14.4538
14.4801
197.974
254.383
220.683
252.014
268.079
271.669
275.698
280.904
171.525
184.691
191.363
177.768
181.11
198.206
217.759
190.877
193.32
249.769
267.531
230.82
259.747
282.306
286.046
276.762
286.863
277.27
164.056
153.858
158.205
164.436
168.484
149.783
140.075
159.719
149.959
135.875
138.211
158.014
201.736
142.104
149.949
260.414
266.159
198.859
231.094
261.881
239.809
228.883
148.181
152.996
154.449
138.23
132.96
143.71
136.894
136.212
137.393
137.194
137.225
143.871
146.052
142.357
144.711
162.776
204.141
148.76
169.181
230.412
221.24
207.735
156.419
155.997
144.394
157.218
159.866
138.857
138.399
149.686
140.426
143.038
143.778
143.191
143.879
145.832
172.959
147.033
164.723
198.27
162.797
172.537
160.668
168.292
152.024
146.243
161.353
148.125
184.099
172.014
221.027
190.052
209.113
161.681
169.221
166.118
242.006
257.022
168.09
173.488
180.336
261.386
195.228
163.174
153.316
182.59
168.244
171.982
163.81
170.052
159.658
167.091
264.975
260.41
261.577
203.432
205.975
197.809
205.971
249.695
200.592
155.796
143.507
146.262
143.28
116.097
128.043
220.319
214.651
199.414
194.6
195.678
131.31
118.958
79.8349
82.8837
30.5793
204.035
170.928
172.492
182.579
152.062
97.2398
20.5475
126.785
85.4853
100.795
24.4077
59.0637
20.1512
23.5545
145.007
142.139
142.821
142.308
141.268
143.732
142.266
143.708
79.5338
20.455
129.794
129.663
27.5851
73.0362
71.6766
141.676
141.294
132.095
142.51
112.144
143.715
127.066
73.2905
78.1094
113.926
92.6324
48.0852
68.0849
49.9896
93.1003
98.2169
42.5508
37.7092
44.6784
124.886
71.4522
97.0314
37.1238
127.656
106.901
120.778
59.7577
65.8646
34.6216
58.5569
149.275
142.83
152.892
89.7211
106.736
96.5444
114.178
146.041
114.588
78.2147
27.7288
40.0473
23.7451
17.0404
17.7608
153.098
151.876
113.052
112.486
113.016
22.6446
16.3599
16.6916
16.7861
18.4263
146.75
134.687
110.746
110.524
109.995
17.0342
19.2619
20.0746
17.9023
16.2253
19.349
16.8337
20.0174
18.046
135.591
139.178
134.817
135.118
124.499
120.502
117.887
113.962
18.1993
19.8292
24.1261
22.6835
18.5283
15.4078
15.4894
121.011
44.7846
21.6957
31.8697
17.4726
87.6415
39.2826
24.2182
36.9468
41.3921
36.317
30.9305
26.153
30.0255
28.8161
31.075
26.8172
26.752
27.2807
38.7317
28.4313
18.9404
16.6291
32.0042
18.2234
21.8037
18.3059
21.6391
16.885
17.0018
70.6981
56.4359
80.7815
26.3469
43.0758
30.7609
50.7445
87.6069
56.8854
16.2796
16.9332
16.7688
16.157
16.543
16.5195
73.9262
75.8299
48.9293
31.1443
34.3525
16.6449
18.275
16.4112
16.2692
17.3632
72.8676
78.9522
34.6487
33.7368
47.0754
18.342
16.9671
17.146
18.4494
17.1315
16.7906
16.9971
16.5558
16.1082
87.3065
46.5768
66.2602
31.5617
40.7844
14.848
20.1151
44.9021
18.0849
16.4379
14.2604
14.6838
15.9389
14.3798
14.5992
12.8876
14.5823
14.668
13.9859
15.769
13.5779
19.3953
16.5857
24.2098
19.4762
22.4602
18.9194
17.5372
17.5871
23.2776
22.0302
19.1076
18.9316
17.3424
22.3694
17.6454
15.5007
14.0857
18.501
16.0929
16.7726
14.1068
15.7323
14.4509
15.6272
26.9334
19.0776
29.1869
16.7196
19.3256
15.5618
18.8907
31.725
18.2281
15.5035
15.7702
15.8068
14.409
14.9038
14.7121
14.6922
14.8637
14.0393
13.9913
14.2308
15.8275
16.5949
15.2298
15.2073
15.7924
14.573
18.3991
13.5826
13.7349
13.4404
16.1538
15.5187
16.3493
15.6586
15.393
15.4301
15.2799
15.2095
14.9388
15.0084
13.3635
13.5006
13.3358
13.2693
13.4659
13.6411
13.3003
15.5561
15.028
14.6236
14.5285
14.884
14.4782
14.3591
14.2717
14.9988
14.0424
13.8653
14.1568
13.8201
14.5357
13.0381
16.4641
15.6525
16.1889
14.8048
14.0208
14.7287
16.1144
14.8716
15.026
14.8534
13.7615
15.1496
14.3554
13.3563
13.1884
13.2896
13.0923
13.4175
12.9561
12.8465
12.9642
12.8044
16.7033
14.318
15.8663
15.3473
15.4365
14.6349
14.4557
15.083
13.8249
13.5586
14.0966
13.8042
13.2892
13.5816
13.4339
14.2184
14.319
13.5071
13.7213
13.7754
14.3001
14.7839
13.8606
13.6727
14.0462
14.0299
13.632
13.6234
13.6136
13.5612
14.8078
14.1646
14.0721
14.6659
14.4998
13.9314
13.4747
14.1188
14.0163
13.5523
13.3438
13.3741
13.2626
13.206
13.2105
13.1452
13.4613
14.5557
14.1051
14.1845
14.1166
13.937
13.8915
13.8882
13.6443
13.8265
13.5986
13.4956
13.6608
13.3483
12.8875
12.851
13.7282
12.8344
13.24
12.7953
12.7824
12.7159
13.9563
13.9523
13.0482
12.7364
12.9067
13.8511
12.8238
13.1478
13.0908
12.9214
13.0067
12.9282
12.9289
12.865
12.9756
12.9054
13.3723
14.5519
13.3841
12.8834
12.8889
13.2382
12.9555
13.2646
13.0649
13.2531
13.3348
13.3129
13.1998
13.2548
13.2337
13.214
13.2837
13.5729
13.0044
12.8929
12.9741
12.8585
12.8202
13.0358
12.9179
12.9382
12.9657
12.9404
12.8878
13.432
13.6327
13.323
13.3456
13.4379
13.5743
13.2158
13.0933
12.8733
12.8337
12.8452
12.7891
12.966
12.9273
12.9312
12.9107
12.9175
12.8765
12.9258
13.7363
13.5138
13.3311
13.6942
13.6024
13.442
13.3126
13.4173
13.3246
12.9914
13.108
13.0299
13.0646
12.9456
13.0373
12.9949
12.8606
13.7036
13.4122
13.6194
13.6313
13.2982
13.4107
13.3986
13.3175
13.4593
13.1867
13.1902
13.252
13.1095
12.8724
12.8735
12.7662
12.8033
12.7679
12.7672
12.8091
12.7701
12.6795
12.6221
12.7236
12.7123
12.6823
12.635
12.7462
13.0387
13.0232
12.9021
12.9655
12.9086
12.9491
12.9027
12.9669
12.9165
12.8099
12.5979
12.879
12.778
12.8366
12.8005
12.8907
13.0153
12.9195
12.9747
12.9182
12.8994
12.9409
12.9485
12.9449
13.1386
13.2034
13.1748
13.0824
13.1487
13.1218
12.915
12.9493
12.9969
12.9411
12.9085
12.9629
12.9447
12.9683
12.9301
12.9459
12.9269
12.9293
12.9275
12.9291
13.2831
13.3326
13.2092
13.2067
13.2466
12.9681
12.9518
12.9372
12.9538
12.9087
12.925
12.9013
12.9229
12.9436
12.9336
12.9163
12.9177
12.911
12.9259
13.4054
13.306
13.2767
13.2605
13.1714
13.2376
13.2169
13.1784
13.1042
12.9506
12.9769
12.9636
12.9657
12.9379
12.9207
12.9321
12.9201
12.9275
12.922
12.9377
12.9215
12.9312
13.2351
13.1428
13.2657
13.2358
13.0514
13.1793
13.147
13.1173
13.1397
13.087
13.0819
13.0991
12.9871
12.8733
12.879
12.7688
12.8135
12.778
12.7726
12.8208
12.7795
12.6998
12.6992
12.7489
12.7464
12.7846
12.7824
12.8272
13.03
13.0373
12.9052
12.9732
12.9244
12.9483
12.9126
12.9753
12.9319
12.8492
12.8546
12.8909
12.8363
12.855
12.8363
12.8717
12.946
12.9302
12.8962
12.9252
12.9432
12.9436
12.942
12.9464
13.0373
13.097
13.0728
13.0116
13.0582
13.038
12.9105
12.9545
12.9403
12.9041
12.9084
12.9305
12.9325
12.9262
12.9285
12.9248
12.9283
12.94
12.9291
12.9266
13.1258
13.1632
13.062
13.0551
13.085
12.9277
12.9239
12.9234
12.9345
12.9263
12.9193
12.9215
12.9173
12.9213
12.9275
12.9172
12.9208
12.9362
12.932
13.213
13.1313
13.1346
13.1214
13.0657
13.0695
13.0547
13.0694
13.0271
12.9271
12.891
12.9131
12.9328
12.9199
12.8791
12.9021
12.9197
12.9238
12.9206
12.9323
12.9317
12.9385
13.0914
13.0491
13.1223
13.0911
12.9617
13.0677
13.041
13.0633
13.0755
13.0458
13.0434
13.0481
12.9546
12.8759
12.8642
12.7767
12.8212
12.7827
12.779
12.8155
12.7827
12.7569
12.7962
12.7661
12.7667
12.8
12.8367
12.8331
13.0379
13.027
12.9096
12.9641
12.9381
12.9185
12.8918
12.9516
12.9391
12.8638
12.8297
12.8555
12.851
12.8684
12.8279
12.8521
12.8439
12.8075
13.0081
13.0283
13.013
13.0101
13.0007
12.9922
12.9015
12.8973
12.9112
12.8274
12.8549
12.8682
12.8693
12.9441
12.9266
12.936
12.9229
12.945
12.9116
12.9408
12.9995
13.0195
12.9665
12.9641
12.975
12.9196
12.9119
12.9275
12.8908
12.8857
12.8828
12.8929
12.9278
12.9204
12.9398
12.9109
12.9263
12.9171
12.9392
13.063
13.0076
12.9939
13.0133
12.9775
12.9548
12.9423
12.9589
12.9212
12.9125
12.8737
12.897
12.9056
12.9
12.8715
12.8942
12.9069
13.0047
12.9547
13.0181
12.9962
12.9074
12.9716
12.9573
13.0205
13.0175
12.9931
12.9966
12.9901
12.948
12.8349
12.7869
12.777
12.8026
12.7778
12.7698
12.7815
12.7674
12.7705
12.7897
12.7792
12.7685
12.774
12.8218
12.8094
13.0014
12.9542
12.8476
12.9351
12.9163
12.8262
12.7839
12.8977
12.876
12.8467
12.8223
12.8336
12.8216
12.8202
12.8167
12.8175
12.8206
12.8221
13.0071
12.9822
12.9767
12.9873
12.9642
12.9591
12.8427
12.8398
12.816
12.8386
12.7892
12.9437
12.9502
12.9204
12.9276
12.9253
12.869
12.8531
12.8483
12.815
12.8435
12.9612
12.9212
12.889
12.9087
12.8687
12.8705
12.8427
12.8654
12.8238
12.8906
12.8592
12.8837
12.8678
12.8808
12.8397
12.876
12.875
12.9031
12.857
12.9213
12.9121
12.8292
12.8775
12.8663
12.9767
12.9638
12.9472
12.9615
12.9391
12.9208
12.7223
12.6577
12.7606
12.7531
12.7538
12.7492
12.7159
12.7399
12.761
12.7642
12.8094
12.7812
12.776
12.7967
12.7858
12.8972
12.8377
12.7042
12.8507
12.821
12.7069
12.6247
12.802
12.7425
12.7969
12.8092
12.8094
12.7769
12.7854
12.7981
12.8021
12.8164
12.8126
12.9564
12.9309
12.9238
12.9115
12.8755
12.8683
12.8313
12.8301
12.8282
12.8191
12.8148
12.9018
12.9037
12.8509
12.8616
12.8733
12.8253
12.8207
12.8008
12.7982
12.7881
12.889
12.8523
12.8103
12.8283
12.7882
12.8095
12.7725
12.8037
12.7676
12.8598
12.8192
12.8611
12.8105
12.8267
12.7959
12.8384
12.8147
12.8235
12.7992
12.845
12.8293
12.7806
12.8253
12.8083
12.9494
12.9253
12.9316
12.9346
12.9293
12.8861
12.5998
12.542
12.7272
12.6636
12.7184
12.6954
12.6001
12.6825
12.785
12.7936
12.7759
12.7585
12.7859
12.7851
12.7746
12.7766
12.7048
12.5549
12.7469
12.6445
12.5892
12.4957
12.6663
12.5418
12.7855
12.7902
12.7948
12.7739
12.7793
12.7764
12.7833
12.8064
12.791
12.8442
12.8093
12.8048
12.7678
12.7416
12.7398
12.7995
12.789
12.7977
12.7756
12.7743
12.8153
12.8329
12.7499
12.7643
12.7846
12.7689
12.7486
12.7433
12.7414
12.7108
12.8113
12.7692
12.7322
12.7784
12.7486
12.7426
12.6818
12.749
12.7192
12.789
12.766
12.8082
12.7404
12.7453
12.7326
12.774
12.7301
12.7727
12.7389
12.7997
12.789
12.7315
12.7636
12.7572
12.9133
12.9223
12.8835
12.8853
12.8943
12.8317
12.4881
12.4463
12.654
12.5341
12.64
12.6076
12.4758
12.5953
12.7261
12.7565
12.6908
12.6902
12.7185
12.7545
12.7295
12.6256
12.5501
12.4436
12.5795
12.4491
12.4739
12.4012
12.498
12.3774
12.763
12.7554
12.7641
12.7344
12.7426
12.734
12.745
12.7681
12.7473
12.6878
12.6726
12.6725
12.6161
12.6042
12.6078
12.7457
12.7471
12.7424
12.7188
12.7227
12.7066
12.7269
12.6386
12.6495
12.6648
12.7053
12.6656
12.6609
12.6715
12.6233
12.7158
12.6594
12.625
12.7105
12.6791
12.6324
12.5634
12.6619
12.6302
12.6984
12.694
12.7339
12.659
12.657
12.6578
12.6985
12.6383
12.6986
12.6544
12.7168
12.7113
12.6494
12.6648
12.6622
12.8498
12.8531
12.802
12.8132
12.812
12.7599
12.4222
12.4036
12.5615
12.433
12.5493
12.5209
12.4032
12.5082
12.653
12.6848
12.611
12.6189
12.6586
12.7043
12.6827
12.4992
12.4858
12.3749
12.4534
12.3298
12.4022
12.3577
12.45
12.3122
12.7192
12.7086
12.7228
12.6886
12.7
12.6866
12.7058
12.7247
12.709
12.5661
12.5476
12.5516
12.5272
12.5019
12.508
12.6927
12.6977
12.6998
12.6739
12.6807
12.5936
12.5991
12.5357
12.5397
12.5291
12.6357
12.5885
12.6056
12.6174
12.5691
12.6116
12.5658
12.5034
12.6163
12.585
12.5373
12.4572
12.5747
12.553
12.6278
12.6249
12.6709
12.5914
12.6125
12.5995
12.6523
12.5974
12.6104
12.5755
12.6164
12.6187
12.5686
12.5832
12.5842
12.7816
12.7758
12.7346
12.751
12.744
12.6987
12.3943
12.3885
12.4899
12.3899
12.4784
12.4699
12.3863
12.4628
12.5911
12.6402
12.57
12.5735
12.6304
12.6672
12.6593
12.5075
12.4814
12.3462
12.4562
12.3163
12.3845
12.3382
12.4231
12.3135
12.687
12.6675
12.6931
12.6688
12.6815
12.6602
12.6881
12.6977
12.6944
12.4944
12.4697
12.4756
12.4433
12.4399
12.4469
12.6627
12.6706
12.6849
12.6613
12.6701
12.4859
12.4676
12.4412
12.4366
12.4244
12.6113
12.5667
12.6067
12.6156
12.5759
12.5216
12.4986
12.4305
12.5332
12.5264
12.4689
12.4114
12.5032
12.5021
12.6071
12.5798
12.6381
12.5533
12.6107
12.5732
12.6333
12.6085
12.5488
12.5259
12.5569
12.5584
12.5261
12.5341
12.537
12.7221
12.7117
12.6739
12.7007
12.6832
12.6601
12.3956
12.4128
12.4623
12.3933
12.4618
12.4747
12.4116
12.4747
12.568
12.6311
12.5737
12.5759
12.6431
12.661
12.6732
12.4125
12.3841
12.3365
12.3798
12.2993
12.3919
12.3469
12.3602
12.292
12.6862
12.6623
12.6922
12.6845
12.6984
12.6736
12.705
12.6991
12.7127
12.399
12.4074
12.4121
12.4012
12.3981
12.4017
12.6684
12.6789
12.7029
12.6833
12.6943
12.3933
12.3916
12.3701
12.3639
12.3628
12.6314
12.5958
12.6455
12.649
12.6224
12.4763
12.4488
12.3907
12.4807
12.4797
12.4405
12.3654
12.4567
12.4528
12.6191
12.5752
12.6355
12.548
12.6287
12.5812
12.6389
12.6396
12.5062
12.4856
12.5075
12.5135
12.4917
12.4774
12.4862
12.6822
12.6584
12.6315
12.6637
12.637
12.6414
12.4489
12.4988
12.505
12.4429
12.5033
12.5521
12.4883
12.5488
12.5986
12.6678
12.6332
12.636
12.7047
12.6978
12.734
12.3765
12.3672
12.3765
12.3635
12.2889
12.4353
12.4286
12.383
12.3041
12.7229
12.6953
12.7277
12.7425
12.7542
12.7275
12.7594
12.7353
12.7653
12.4171
12.3845
12.4031
12.3912
12.3483
12.367
12.7052
12.7169
12.7519
12.7331
12.744
12.3506
12.3401
12.3208
12.3265
12.3171
12.6732
12.6502
12.6977
12.6969
12.6837
12.4241
12.3905
12.3639
12.4363
12.4333
12.4011
12.3859
12.4142
12.432
12.6355
12.5868
12.6393
12.5477
12.6387
12.5894
12.639
12.6676
12.4713
12.4748
12.4501
12.4624
12.4754
12.4324
12.4419
12.6404
12.6107
12.562
12.598
12.5761
12.6172
12.5722
12.6621
12.618
12.5516
12.6104
12.7021
12.6315
12.6891
12.6894
12.7551
12.7567
12.7577
12.819
12.7834
12.8433
12.3763
12.425
12.5023
12.4185
12.3521
12.563
12.5914
12.4666
12.4365
12.7997
12.7705
12.8016
12.8438
12.852
12.8229
12.8525
12.8072
12.8531
12.3539
12.3049
12.3028
12.349
12.2863
12.2839
12.7703
12.7816
12.8328
12.8108
12.8211
12.3121
12.2933
12.3487
12.349
12.2982
12.7304
12.7163
12.7639
12.7614
12.7523
12.3652
12.3704
12.4266
12.4103
12.4538
12.4052
12.4732
12.4085
12.4746
12.6445
12.5921
12.6363
12.5512
12.6547
12.5962
12.6376
12.7012
12.4879
12.5124
12.4174
12.4216
12.4975
12.4194
12.4197
12.5478
12.528
12.4702
12.4945
12.4859
12.5797
12.7691
12.8893
12.8038
12.7304
12.7847
12.9204
12.8447
12.896
12.8417
12.897
12.9467
12.9399
12.9867
12.9168
12.9988
12.5188
12.6514
12.6922
12.5414
12.5404
12.7884
12.8034
12.6645
12.6625
12.9213
12.8894
12.9178
12.983
12.9875
12.9576
12.9664
12.916
12.9689
12.4079
12.3526
12.3455
12.5263
12.4672
12.4641
12.8672
12.8777
12.9496
12.9194
12.9293
12.4206
12.3442
12.5197
12.5046
12.4241
12.8144
12.7972
12.8604
12.8591
12.8452
12.4022
12.4734
12.5436
12.4578
12.5145
12.5477
12.6463
12.5784
12.5744
12.676
12.6048
12.6465
12.5855
12.7042
12.6177
12.6624
12.7916
12.5538
12.601
12.4538
12.4538
12.5535
12.4923
12.4822
12.4531
12.458
12.3834
12.4167
12.4194
12.5482
13.0256
13.1675
13.0512
12.9784
13.0233
13.1891
13.119
13.1605
13.0511
13.0886
13.183
13.1692
13.1939
13.1003
13.1944
12.8047
12.9698
12.9253
12.8117
12.8008
13.0747
13.0573
12.9602
12.946
13.0855
13.0525
13.062
13.1775
13.1646
13.1388
13.1444
13.0695
13.1374
12.6761
12.6249
12.6075
12.8386
12.7835
12.76
13.0045
13.0142
13.1021
13.0667
13.0763
12.6125
12.5157
12.7733
12.7211
12.6816
12.951
12.9121
12.9981
13.005
12.959
12.6095
12.8018
12.7899
12.7409
12.6814
12.9032
12.9502
12.9379
12.8282
12.7351
12.6378
12.691
12.6617
12.7784
12.6744
12.7346
12.8683
12.6897
12.8261
12.559
12.5182
12.6287
12.6792
12.6299
12.397
12.3313
12.2243
12.4113
12.2609
12.5702
13.3128
13.453
13.3295
13.2687
13.303
13.459
13.4136
13.4372
13.2934
13.3049
13.4231
13.4087
13.4075
13.2967
13.3927
13.1457
13.3353
13.1934
13.1052
13.0964
13.3844
13.3372
13.2521
13.2425
13.2675
13.2378
13.2427
13.3656
13.3564
13.3304
13.3335
13.2393
13.3295
13.0167
12.9571
12.9427
13.2208
13.1624
13.139
13.1963
13.2052
13.3071
13.2749
13.275
12.9343
12.9413
13.1878
13.1718
13.2186
13.1551
13.0561
13.208
13.2207
13.1399
13.0702
13.3453
13.1356
13.1754
13.0024
13.3635
13.3111
13.3642
13.2006
12.8508
12.7211
12.8003
12.8135
12.9351
12.7801
12.8783
13.0327
12.9786
13.1936
12.7958
12.7646
12.8923
12.8888
12.8905
12.4495
12.3341
12.4117
12.4992
12.4966
12.6996
13.5804
13.6769
13.5689
13.5464
13.5548
13.654
13.6478
13.6446
13.5136
13.5018
13.6104
13.6007
13.5824
13.4836
13.5642
13.5243
13.6795
13.4818
13.4198
13.3919
13.6432
13.6032
13.5742
13.5442
13.4491
13.4262
13.4279
13.5357
13.5283
13.5112
13.5113
13.4212
13.5045
13.4337
13.3907
13.3262
13.6131
13.6066
13.5066
13.3801
13.3849
13.4887
13.4703
13.471
13.4017
13.4579
13.6632
13.6074
13.6912
13.3572
13.2626
13.4339
13.4489
13.3737
13.539
13.7335
13.4349
13.4809
13.378
13.6737
13.5951
13.6192
13.6377
13.0662
12.8685
12.9943
13.1351
13.2267
13.0096
13.1479
13.3183
13.4372
13.7245
13.0663
13.0847
13.4363
13.2752
13.2784
12.5863
12.7794
12.9378
12.6885
13.0766
12.9023
13.7382
13.76
13.7139
13.7156
13.7068
13.7534
13.7484
13.7466
13.6673
13.648
13.7211
13.715
13.6992
13.6319
13.685
13.7919
13.8553
13.6877
13.6946
13.6461
13.7449
13.7238
13.7728
13.7046
13.5999
13.5863
13.5861
13.6629
13.6568
13.6493
13.648
13.5795
13.6422
13.7388
13.7493
13.6615
13.8412
13.8522
13.7783
13.554
13.5555
13.6325
13.6225
13.6236
13.7355
13.8528
13.8444
13.7876
13.8996
13.5467
13.4893
13.621
13.6225
13.5886
13.9079
14.0001
13.7989
13.9173
14.0911
14.0291
13.9973
14.1953
14.5432
13.4001
13.2223
13.3469
13.5332
13.5546
13.4763
13.5405
13.5936
14.1785
14.62
13.6313
13.7539
14.249
14.177
14.3082
12.9361
13.5113
13.9197
13.4733
14.156
13.4517
13.7634
13.7616
13.7781
13.7647
13.7717
13.7934
13.7778
13.7873
13.7484
13.7375
13.7757
13.7719
13.766
13.7243
13.753
13.8506
13.8227
13.7349
13.793
13.7202
13.7569
13.7425
13.7842
13.7198
13.7029
13.698
13.6978
13.7348
13.738
13.7357
13.7367
13.6935
13.7337
13.8735
13.8952
13.8361
13.8529
13.8711
13.8406
13.6793
13.6811
13.7299
13.7248
13.7262
13.8597
13.9526
13.9174
13.906
13.9738
13.686
13.6683
13.7378
13.7336
13.7293
14.0694
14.0926
14.0865
14.2924
14.6721
14.1285
14.0769
14.2722
14.5424
13.6796
13.6969
13.6958
13.7813
13.7547
13.8395
13.8016
13.76
14.7495
14.6463
14.5235
14.61
14.726
14.5989
14.6328
13.9563
14.5769
14.4587
14.187
14.5801
13.9815
13.7639
13.7723
13.8029
13.7908
13.7963
13.81
13.8025
13.8023
13.7888
13.7866
13.8041
13.8017
13.8028
13.7748
13.7922
13.79
13.7676
13.7481
13.7593
13.719
13.7504
13.7583
13.7351
13.7279
13.7648
13.7606
13.7663
13.7729
13.7852
13.7798
13.7888
13.7647
13.7882
13.8156
13.8326
13.817
13.7817
13.7955
13.7818
13.7595
13.7623
13.7903
13.7865
13.7905
13.9002
13.9494
13.8538
13.8622
13.9048
13.7687
13.7726
13.7972
13.7945
13.8042
14.0539
13.9994
14.0539
14.205
14.3736
14.0285
14.0039
14.1281
14.2246
13.8022
13.8958
13.8452
13.8606
13.8305
13.9176
13.8698
13.8267
14.5163
14.3553
14.5091
14.5227
14.4625
14.3629
14.3775
14.2256
14.4575
14.2757
14.1569
14.3165
14.0256
13.7841
13.8044
13.8173
13.8118
13.8075
13.8267
13.8185
13.814
13.8124
13.8163
13.8267
13.8218
13.8282
13.8071
13.8206
13.7646
13.7738
13.7779
13.725
13.7512
13.7854
13.7973
13.7461
13.7727
13.8015
13.793
13.8051
13.7943
13.8144
13.8031
13.8174
13.806
13.8191
13.7648
13.7774
13.7631
13.7677
13.7784
13.7605
13.8065
13.811
13.8236
13.8201
13.8242
13.8158
13.8542
13.7974
13.7907
13.8263
13.813
13.8231
13.8251
13.8249
13.8353
13.9388
13.8921
13.9451
14.0545
14.1127
13.8904
13.8862
13.9874
14.0289
13.8462
13.9165
13.8781
13.8679
13.8537
13.91
13.8788
13.8489
14.2026
14.0896
14.235
14.2388
14.1674
14.1273
14.1318
14.0932
14.1952
14.0818
14.0309
14.101
13.9686
13.8256
13.8495
13.8412
13.8254
13.8239
13.8612
13.8394
13.84
13.8324
13.8391
13.8524
13.8428
13.8494
13.8329
13.8436
13.8003
13.8355
13.8146
13.7808
13.7957
13.8506
13.8334
13.8209
13.8137
13.825
13.8087
13.8262
13.8088
13.8331
13.8124
13.8327
13.828
13.8331
13.7933
13.8004
13.7792
13.8316
13.8392
13.8181
13.8295
13.8328
13.8337
13.8337
13.8363
13.799
13.8335
13.8358
13.8318
13.8583
13.8319
13.8424
13.836
13.8357
13.8467
13.8679
13.8678
13.8314
13.9418
13.9729
13.832
13.7937
13.9157
13.9374
13.8571
13.8993
13.8757
13.8626
13.8572
13.8887
13.8717
13.8543
14.016
13.9762
14.0549
14.0545
14.0095
14.0006
14.0056
13.9871
14.0326
13.9739
13.9526
13.987
13.921
13.875
13.8969
13.882
13.8567
13.8581
13.8973
13.8708
13.8722
13.8495
13.8572
13.8666
13.8524
13.8617
13.8512
13.8545
13.8714
13.9024
13.8545
13.8623
13.83
13.9178
13.8764
13.899
13.8582
13.8386
13.8134
13.8369
13.8147
13.8419
13.8149
13.8401
13.8359
13.837
13.8695
13.8811
13.8664
13.8968
13.9106
13.899
13.8336
13.8365
13.8333
13.8313
13.8356
13.8675
13.8839
13.896
13.8939
13.8991
13.8409
13.8482
13.8435
13.8433
13.8489
13.8786
13.8945
13.7961
13.9023
13.9147
13.8619
13.8298
13.8966
13.9039
13.8561
13.8765
13.8657
13.8552
13.8539
13.8646
13.8591
13.8529
13.9483
13.9245
13.9649
13.9688
13.931
13.9354
13.9424
13.9282
13.9493
13.9143
13.9087
13.9211
13.8891
13.9106
13.9143
13.9013
13.8785
13.8779
13.8975
13.8804
13.8768
13.853
13.8632
13.8664
13.8523
13.8615
13.8542
13.8515
13.9241
13.9335
13.8939
13.9266
13.885
13.932
13.8991
13.9424
13.8989
13.8429
13.8158
13.8409
13.8161
13.8418
13.8193
13.8403
13.8368
13.8363
13.9177
13.9202
13.9168
13.9245
13.9192
13.9171
13.8293
13.8326
13.8331
13.8313
13.8292
13.909
13.9076
13.9135
13.9078
13.9155
13.8445
13.8506
13.8421
13.8416
13.8499
13.8998
13.89
13.8535
13.8892
13.8908
13.8623
13.8558
13.8672
13.8719
13.8511
13.8544
13.8526
13.8411
13.8447
13.8445
13.8477
13.847
13.9047
13.8826
13.9145
13.9232
13.8881
13.8931
13.9038
13.8907
13.8987
13.8732
13.8707
13.8781
13.8604
13.9076
13.8955
13.8911
13.8796
13.8732
13.8834
13.8765
13.8678
13.8493
13.8574
13.858
13.844
13.8472
13.8471
13.841
13.9275
13.9228
13.8972
13.9392
13.9034
13.9227
13.8921
13.9255
13.8996
13.8388
13.8198
13.8377
13.8149
13.8352
13.817
13.8339
13.8348
13.831
13.9221
13.9209
13.9176
13.9255
13.9159
13.9125
13.8294
13.8256
13.8291
13.8298
13.8252
13.9115
13.9088
13.9126
13.9143
13.8947
13.8379
13.8445
13.8302
13.831
13.8348
13.8714
13.8456
13.8479
13.8398
13.8507
13.8128
13.831
13.8188
13.8321
13.8376
13.8341
13.8375
13.8175
13.8281
13.822
13.8289
13.8322
13.8605
13.8394
13.8676
13.8761
13.8408
13.8371
13.8466
13.8521
13.8582
13.8382
13.8334
13.8399
13.8312
13.8827
13.8685
13.8735
13.8689
13.8592
13.8617
13.8564
13.848
13.8372
13.8377
13.8419
13.8296
13.8291
13.8349
13.8285
13.9091
13.8902
13.8811
13.9067
13.8912
13.8969
13.8664
13.8847
13.8757
13.8308
13.8143
13.8296
13.8108
13.8257
13.8107
13.824
13.8262
13.8208
13.9133
13.8997
13.8942
13.8916
13.8792
13.8735
13.8308
13.8231
13.8202
13.826
13.8214
13.9044
13.8749
13.8805
13.8846
13.8517
13.8228
13.8225
13.8097
13.8125
13.8101
13.8188
13.7937
13.8111
13.8007
13.8176
13.7641
13.7904
13.788
13.7988
13.8187
13.8093
13.8176
13.7994
13.8116
13.7974
13.8073
13.813
13.8206
13.8017
13.8112
13.8183
13.7969
13.7903
13.7956
13.8132
13.8224
13.8041
13.7914
13.8078
13.8032
13.8513
13.829
13.8484
13.8396
13.8355
13.8339
13.8214
13.8224
13.8215
13.8213
13.8221
13.8136
13.8142
13.8214
13.8141
13.8681
13.8428
13.8451
13.8603
13.8518
13.8423
13.8178
13.8361
13.8208
13.8196
13.8064
13.8178
13.8021
13.8129
13.8007
13.8107
13.8158
13.8111
13.8665
13.8555
13.8501
13.8383
13.8281
13.8245
13.8181
13.8174
13.8118
13.8132
13.811
13.8609
13.8272
13.8327
13.8325
13.8059
13.8052
13.7977
13.7902
13.7962
13.7892
13.7812
13.7729
13.7723
13.7741
13.7795
13.75
13.7556
13.7613
13.758
13.8034
13.7908
13.7995
13.791
13.7982
13.7866
13.7949
13.7992
13.7822
13.7648
13.7712
13.7763
13.7621
13.7566
13.7617
13.7743
13.7912
13.7698
13.762
13.7778
13.781
13.8049
13.782
13.8191
13.8033
13.8089
13.805
13.7864
13.7963
13.806
13.8071
13.803
13.7989
13.8001
13.8064
13.7988
13.8143
13.7841
13.7914
13.8084
13.7888
13.7844
13.7675
13.7791
13.7551
13.8061
13.7953
13.8039
13.791
13.8005
13.7898
13.7991
13.8059
13.801
13.8079
13.8001
13.7983
13.7784
13.7742
13.7732
13.8083
13.8068
13.8084
13.8045
13.8034
13.8039
13.7869
13.7762
13.7749
13.7678
13.7908
13.7855
13.7831
13.7879
13.7845
13.7657
13.7584
13.7463
13.7501
13.7386
13.7531
13.74
13.7379
13.7197
13.7995
13.7827
13.7943
13.7975
13.7983
13.7841
13.7946
13.7914
13.7501
13.7398
13.7446
13.7515
13.7424
13.7389
13.7465
13.7523
13.7665
13.7432
13.7448
13.7592
13.7755
13.7593
13.7379
13.7923
13.7726
13.7851
13.781
13.7627
13.7753
13.7924
13.7934
13.7889
13.7869
13.7879
13.792
13.7861
13.756
13.7332
13.742
13.7531
13.7218
13.7322
13.7179
13.7283
13.6916
13.7956
13.7853
13.7958
13.7802
13.7916
13.7824
13.7927
13.7992
13.7975
13.7522
13.7496
13.7493
13.7323
13.7306
13.7321
13.799
13.7994
13.806
13.7937
13.7951
13.7476
13.7501
13.7275
13.7272
13.733
13.7872
13.7871
13.7837
13.7866
13.7873
13.7501
13.7405
13.738
13.7212
13.7037
13.7387
13.7369
13.721
13.6956
13.7946
13.7866
13.7906
13.8116
13.8015
13.7916
13.7917
13.803
13.7335
13.733
13.7352
13.7451
13.7384
13.7353
13.7464
13.7389
13.7584
13.7347
13.734
13.7605
13.7823
13.7208
13.7212
13.7713
13.7572
13.7666
13.7618
13.7515
13.7585
13.7825
13.7824
13.7789
13.7779
13.7773
13.7808
13.7762
13.7188
13.7124
13.7027
13.7104
13.6767
13.7058
13.7008
13.7041
13.6804
13.7877
13.7804
13.79
13.7717
13.7837
13.7796
13.7875
13.795
13.7918
13.722
13.7211
13.7242
13.7187
13.7189
13.7201
13.789
13.7909
13.7957
13.7851
13.7877
13.713
13.7214
13.7074
13.7072
13.7178
13.7857
13.7875
13.7838
13.7856
13.7884
13.7371
13.741
13.7326
13.7436
13.6975
13.7543
13.7317
13.7717
13.7152
13.8014
13.7948
13.7917
13.7883
13.7993
13.7877
13.7902
13.7987
13.739
13.752
13.7378
13.7498
13.7577
13.7477
13.7593
13.7275
13.7651
13.7523
13.7288
13.773
13.7765
13.7242
13.7287
13.7563
13.7475
13.754
13.7518
13.7464
13.7508
13.7729
13.7729
13.7692
13.7679
13.7689
13.7724
13.7695
13.7124
13.7191
13.7054
13.7069
13.6939
13.7137
13.7131
13.7128
13.7111
13.7799
13.7764
13.7847
13.7665
13.7772
13.7717
13.7818
13.7877
13.7837
13.7215
13.7203
13.7205
13.7277
13.726
13.7235
13.7826
13.786
13.7849
13.7808
13.784
13.708
13.717
13.7135
13.7109
13.7178
13.7866
13.7885
13.7892
13.7872
13.789
13.7507
13.7624
13.7384
13.7939
13.7411
13.7886
13.755
13.8077
13.7779
13.7957
13.769
13.7883
13.7757
13.795
13.748
13.7846
13.7962
13.7612
13.7901
13.7615
13.7736
13.8059
13.781
13.7911
13.7346
13.7848
13.7889
13.7572
13.7995
13.76
13.7335
13.7385
13.7486
13.7469
13.7486
13.7473
13.7483
13.7481
13.764
13.7653
13.7639
13.7615
13.7623
13.7674
13.7669
13.7265
13.7315
13.7206
13.7191
13.726
13.7257
13.728
13.725
13.7394
13.7772
13.7681
13.7804
13.7662
13.7783
13.7648
13.7823
13.7823
13.786
13.7345
13.736
13.7293
13.7428
13.7504
13.7377
13.7806
13.7851
13.7887
13.7839
13.7886
13.7149
13.7215
13.725
13.7199
13.7268
13.7868
13.7901
13.7919
13.7883
13.7924
13.7691
13.775
13.7717
13.8186
13.821
13.7988
13.783
13.8264
13.8468
13.7946
13.7444
13.78
13.7735
13.7937
13.7508
13.7762
13.7932
13.8462
13.8803
13.8296
13.8433
13.8675
13.8706
13.8774
13.7816
13.8183
13.8427
13.8063
13.844
13.7813
13.7436
13.7485
13.7481
13.75
13.7493
13.7508
13.7521
13.7518
13.7601
13.7611
13.7646
13.7605
13.7626
13.769
13.7741
13.7403
13.7461
13.7356
13.7315
13.7479
13.7412
13.7425
13.7379
13.7517
13.7846
13.7682
13.7885
13.7819
13.7983
13.7758
13.7946
13.7931
13.7979
13.7526
13.7677
13.7485
13.7622
13.7861
13.7588
13.7874
13.7926
13.7991
13.7924
13.7972
13.7267
13.7332
13.7428
13.7343
13.7416
13.7921
13.7944
13.7984
13.7963
13.7972
13.7791
13.7838
13.7874
13.8261
13.8489
13.7956
13.7872
13.8197
13.8426
13.7941
13.7616
13.7755
13.7717
13.7922
13.7649
13.7743
13.7947
13.873
13.8573
13.876
13.8709
13.8579
13.8647
13.8593
13.8247
13.8458
13.8684
13.8325
13.861
13.8067
13.7535
13.7598
13.7558
13.7553
13.7561
13.7621
13.7604
13.7617
13.764
13.7668
13.7739
13.7691
13.7736
13.7809
13.7855
13.7496
13.7578
13.7489
13.7414
13.7498
13.7567
13.7558
13.7472
13.7491
13.8038
13.7784
13.7923
13.7963
13.7947
13.788
13.8002
13.8069
13.8149
13.77
13.8007
13.7691
13.7766
13.8083
13.7777
13.7984
13.803
13.8087
13.8035
13.8077
13.7423
13.753
13.7635
13.7503
13.7671
13.8021
13.8008
13.8074
13.8082
13.8053
13.7902
13.799
13.7866
13.8186
13.8356
13.8003
13.7879
13.8201
13.8325
13.7895
13.7729
13.7717
13.7858
13.7833
13.7871
13.773
13.8013
13.8453
13.8389
13.8545
13.8534
13.8407
13.8481
13.8478
13.8385
13.871
13.853
13.8366
13.8576
13.8131
13.768
13.7791
13.7686
13.7677
13.768
13.7825
13.7794
13.7805
13.7771
13.7804
13.7872
13.7857
13.79
13.7887
13.7892
13.7694
13.7804
13.7629
13.7583
13.7492
13.7801
13.7735
13.7712
13.7545
13.8002
13.8043
13.8136
13.7755
13.8049
13.8134
13.8212
13.8167
13.8153
13.7803
13.8075
13.7828
13.7838
13.8031
13.7849
13.8086
13.8125
13.8123
13.8155
13.8187
13.7605
13.7834
13.7852
13.7743
13.7999
13.815
13.8111
13.8213
13.8228
13.8186
13.8103
13.8238
13.796
13.8254
13.8325
13.8203
13.8084
13.8331
13.8372
13.7801
13.8209
13.7875
13.8186
13.7944
13.8506
13.8134
13.8178
13.8375
13.8417
13.8482
13.847
13.838
13.8514
13.8508
13.8471
13.8463
13.8376
13.8647
13.8456
13.8428
13.7938
13.8192
13.7981
13.7917
13.7963
13.8143
13.8149
13.8163
13.8022
13.8106
13.8285
13.827
13.8411
13.795
13.8223
13.795
13.8176
13.7942
13.7876
13.7609
13.835
13.8163
13.817
13.7683
13.7966
13.8015
13.8239
13.7891
13.7979
13.8066
13.8376
13.8213
13.8387
13.7894
13.7999
13.789
13.8084
13.8059
13.8043
13.8224
13.827
13.8255
13.8332
13.8369
13.7925
13.8167
13.8244
13.8151
13.8393
13.8338
13.8275
13.846
13.8454
13.8365
13.8394
13.8576
13.8236
13.8444
13.8454
13.8522
13.842
13.8573
13.8558
13.8128
13.8725
13.84
13.8299
13.8319
13.8857
13.8549
13.8507
13.8483
13.8568
13.8576
13.8558
13.8494
13.8623
13.8616
13.8733
13.8508
13.8572
13.8741
13.858
13.8769
13.8467
13.8936
13.8303
13.8407
13.8334
13.8402
13.8598
13.8403
13.8487
13.8676
13.8586
13.859
13.8826
13.8526
13.8758
13.8575
13.9145
13.847
13.8585
13.8004
13.9476
13.9077
13.9248
13.857
13.8251
13.8298
13.8474
13.8591
13.8477
13.8487
13.8573
13.85
13.8584
13.8447
13.8405
13.8383
13.89
13.8889
13.8771
13.8481
13.8485
13.852
13.8566
13.8574
13.844
13.8658
13.888
13.8751
13.8872
13.8542
13.8458
13.8601
13.8611
13.8523
13.8765
13.8929
13.8602
13.87
13.8656
13.8835
13.8764
13.8799
13.8734
13.8479
13.8896
13.8632
13.8344
13.8567
13.8836
13.8686
13.8626
13.8663
13.8744
13.8684
13.8682
13.8665
13.8736
13.8736
13.8795
13.8651
13.8693
13.8832
13.8705
13.8885
13.9361
13.9459
13.8529
13.8929
13.8557
13.8854
13.8991
13.893
13.8605
13.8887
13.8642
13.8696
13.8923
13.8837
13.8845
13.9509
13.9659
13.9485
13.9668
13.9025
13.9709
13.9494
13.9659
13.9083
13.8607
13.8588
13.8616
13.8696
13.862
13.862
13.8599
13.8632
13.8642
13.9298
13.9281
13.9166
13.9582
13.9452
13.9412
13.865
13.8639
13.8568
13.8673
13.8666
13.8991
13.9017
13.9248
13.9115
13.9095
13.8664
13.8558
13.8649
13.8676
13.8546
13.9027
13.9073
13.8867
13.8864
13.8782
13.8973
13.8906
13.8904
13.8801
13.8594
13.8774
13.87
13.8406
13.856
13.8709
13.8664
13.8624
13.8801
13.8834
13.8781
13.8778
13.8789
13.8812
13.8812
13.8854
13.8742
13.8757
13.8871
13.8775
13.8845
13.9381
13.9299
13.9218
13.9193
13.9287
13.9353
13.9465
13.9367
13.8911
13.8972
13.9106
13.9078
13.9061
13.8848
13.8878
13.9626
13.9433
13.9349
13.9507
13.8894
13.9396
13.9203
13.9296
13.8656
13.8584
13.8624
13.8568
13.8704
13.8678
13.8603
13.854
13.86
13.8565
13.959
13.9389
13.9404
13.9391
13.922
13.9253
13.8668
13.8663
13.8619
13.8645
13.8649
13.9124
13.9098
13.9158
13.9066
13.9063
13.8665
13.8508
13.8611
13.8644
13.8479
13.9076
13.9056
13.8897
13.8916
13.8801
13.8981
13.8866
13.8907
13.8785
13.849
13.8663
13.8596
13.8435
13.8402
13.8625
13.8528
13.853
13.8846
13.8853
13.8832
13.8836
13.8854
13.8857
13.8861
13.8884
13.8804
13.8802
13.8912
13.8836
13.8778
13.92
13.9126
13.9316
13.9371
13.9309
13.9217
13.924
13.921
13.9124
13.9114
13.912
13.9104
13.9083
13.8923
13.8969
13.9243
13.9125
13.9098
13.9075
13.8606
13.9135
13.9049
13.8958
13.8708
13.8832
13.8678
13.8604
13.8943
13.8997
13.8864
13.882
13.8626
13.8828
13.9191
13.9067
13.9102
13.9047
13.9015
13.9004
13.865
13.8655
13.8818
13.8712
13.8697
13.8985
13.9023
13.9022
13.8919
13.899
13.8636
13.8476
13.8603
13.864
13.8496
13.9035
13.902
13.8846
13.8894
13.8768
13.8962
13.8841
13.8882
13.8758
13.8343
13.8616
13.8484
13.8507
13.8379
13.8629
13.8476
13.8471
13.8858
13.8875
13.8877
13.8885
13.8907
13.8896
13.891
13.8944
13.8873
13.8856
13.8962
13.8916
13.8771
13.9126
13.9088
13.9132
13.9157
13.9116
13.9071
13.908
13.9047
13.9064
13.9052
13.9049
13.9012
13.9
13.8962
13.8921
13.9079
13.9058
13.9032
13.8938
13.8831
13.9053
13.9024
13.8934
13.8891
13.9103
13.8959
13.9162
13.8957
13.9105
13.9036
13.9416
13.8999
13.9221
13.8973
13.9005
13.8953
13.893
13.8976
13.892
13.8733
13.8736
13.8804
13.8812
13.8776
13.8883
13.8966
13.8937
13.8859
13.8955
13.8646
13.8511
13.861
13.8636
13.8537
13.9009
13.9001
13.8858
13.8876
13.8761
13.8943
13.8868
13.8871
13.8763
13.8434
13.8658
13.8508
13.8614
13.8473
13.87
13.856
13.8504
13.8893
13.8913
13.8921
13.8937
13.8946
13.8934
13.8957
13.8993
13.8961
13.8924
13.9008
13.8994
13.8815
13.9023
13.8994
13.8997
13.9023
13.898
13.8919
13.8947
13.8886
13.8931
13.8918
13.8864
13.8851
13.8899
13.8903
13.8912
13.9031
13.8969
13.8997
13.8905
13.8897
13.8952
13.8962
13.887
13.886
13.9046
13.9065
13.9292
13.8856
13.8865
13.8903
13.8943
13.9333
13.9044
13.889
13.8933
13.8881
13.886
13.8901
13.885
13.8932
13.883
13.8737
13.8916
13.881
13.8839
13.8942
13.8873
13.881
13.8917
13.8619
13.8484
13.8575
13.8587
13.8444
13.8991
13.8971
13.8865
13.8867
13.877
13.8919
13.8854
13.8858
13.8769
13.853
13.8732
13.8612
13.867
13.8541
13.8756
13.8651
13.8486
13.8923
13.8925
13.8941
13.8961
13.8939
13.8925
13.8948
13.9017
13.9004
13.893
13.8992
13.8992
13.8837
13.8949
13.8889
13.8816
13.8876
13.88
13.871
13.8811
13.8716
13.8743
13.8848
13.8686
13.8646
13.8716
13.8832
13.8661
13.8898
13.8864
13.8936
13.884
13.8803
13.8909
13.8908
13.8824
13.8748
13.8594
13.8603
13.843
13.855
13.828
13.8288
13.7918
13.8525
13.8206
13.8815
13.8864
13.8815
13.8802
13.8847
13.8783
13.8757
13.8717
13.8443
13.8633
13.859
13.8767
13.888
13.8776
13.8713
13.8833
13.858
13.8492
13.8557
13.8587
13.8547
13.8941
13.8906
13.8833
13.8844
13.8763
13.8862
13.8783
13.8821
13.874
13.8567
13.8755
13.8675
13.8651
13.8583
13.875
13.8686
13.8565
13.891
13.8883
13.89
13.8923
13.8887
13.8865
13.8889
13.8958
13.8964
13.888
13.8927
13.8936
13.8823
13.8843
13.8813
13.8635
13.8739
13.8629
13.8567
13.8672
13.8559
13.8556
13.8591
13.8475
13.847
13.8486
13.8516
13.8411
13.8861
13.8888
13.8883
13.8826
13.8699
13.8897
13.8849
13.8847
13.8682
13.8163
13.806
13.7728
13.8346
13.8135
13.7957
13.784
13.809
13.8099
13.8812
13.8847
13.8759
13.886
13.8861
13.874
13.8543
13.8518
13.8394
13.8446
13.8466
13.8654
13.8785
13.8666
13.8587
13.8733
13.8582
13.8598
13.8543
13.8583
13.8643
13.8866
13.8821
13.8725
13.8791
13.8712
13.8784
13.866
13.8755
13.8673
13.859
13.8737
13.8694
13.8629
13.8602
13.8726
13.8699
13.864
13.8844
13.8802
13.8821
13.8846
13.8821
13.8786
13.8809
13.8893
13.8905
13.8821
13.8873
13.8878
13.8783
13.8769
13.871
13.8481
13.859
13.847
13.8369
13.8489
13.8362
13.8382
13.8388
13.8273
13.8272
13.8284
13.8343
13.8292
13.8925
13.895
13.8809
13.8874
13.8679
13.8881
13.8745
13.8883
13.8644
13.82
13.8053
13.8051
13.831
13.8293
13.8172
13.8189
13.8189
13.8236
13.8901
13.8857
13.8716
13.8903
13.8828
13.8667
13.8368
13.8403
13.83
13.8236
13.8287
13.851
13.8676
13.8516
13.8425
13.8616
13.8578
13.8654
13.8532
13.8553
13.8631
13.8774
13.8722
13.8592
13.8715
13.8633
13.8696
13.854
13.8674
13.8587
13.86
13.8705
13.8695
13.8644
13.8635
13.8689
13.8688
13.8654
13.8757
13.8717
13.8747
13.8769
13.8763
13.8719
13.8738
13.8836
13.8838
13.8743
13.8792
13.8795
13.8729
13.8623
13.8501
13.8251
13.8367
13.8235
13.8133
13.8225
13.8105
13.8147
13.8169
13.8049
13.8032
13.806
13.8245
13.8218
13.8937
13.8877
13.8643
13.8858
13.8582
13.8746
13.8507
13.8791
13.8474
13.8389
13.8288
13.829
13.83
13.8453
13.8319
13.8396
13.8275
13.8329
13.8856
13.8762
13.8584
13.8765
13.8652
13.8471
13.8177
13.8238
13.826
13.821
13.827
13.8333
13.8557
13.8335
13.8246
13.8501
13.8534
13.8602
13.8539
13.8532
13.857
13.8673
13.8627
13.8495
13.8634
13.8543
13.8608
13.8455
13.86
13.851
13.8664
13.8675
13.8674
13.8645
13.8685
13.8663
13.8664
13.8653
13.8679
13.8645
13.8689
13.8707
13.8705
13.8659
13.8677
13.8743
13.8745
13.8658
13.8697
13.8704
13.8682
13.8366
13.8248
13.8034
13.8074
13.7998
13.797
13.7947
13.795
13.7939
13.7994
13.7973
13.7908
13.7986
13.8187
13.8187
13.8774
13.8635
13.8351
13.8684
13.8329
13.8514
13.8191
13.8561
13.817
13.848
13.8348
13.849
13.8293
13.8478
13.8372
13.8529
13.8387
13.8457
13.8637
13.8514
13.8338
13.8491
13.8366
13.8206
13.8306
13.8362
13.8392
13.8394
13.8431
13.8176
13.8451
13.8189
13.8131
13.8404
13.8532
13.8564
13.8513
13.8538
13.8545
13.8578
13.8526
13.8427
13.8565
13.8485
13.8525
13.8401
13.8532
13.8468
13.8679
13.8645
13.8654
13.8611
13.8652
13.8625
13.8644
13.8619
13.8616
13.8587
13.8627
13.8645
13.8634
13.859
13.8609
13.8654
13.8665
13.8576
13.8592
13.8627
13.8624
13.8154
13.8085
13.7946
13.7872
13.7947
13.7974
13.7849
13.7977
13.793
13.8022
13.8051
13.7996
13.809
13.821
13.8251
13.848
13.8327
13.8069
13.8425
13.8023
13.8317
13.7992
13.8294
13.7919
13.846
13.8368
13.8532
13.8306
13.845
13.8369
13.8537
13.8516
13.856
13.8347
13.8232
13.8094
13.8223
13.8136
13.8012
13.843
13.8458
13.8514
13.8443
13.8465
13.8109
13.8362
13.8131
13.8108
13.8327
13.8537
13.8519
13.8476
13.8521
13.8494
13.8476
13.8435
13.8377
13.8496
13.8445
13.8451
13.8339
13.8462
13.8414
13.8625
13.8601
13.863
13.855
13.8585
13.857
13.8605
13.8549
13.8558
13.8521
13.8554
13.8574
13.8555
13.8519
13.8539
13.8549
13.86
13.8538
13.8518
13.8583
13.8571
13.8084
13.8138
13.8017
13.7906
13.8041
13.8078
13.7997
13.813
13.8117
13.8168
13.8186
13.8239
13.8246
13.8298
13.8339
13.821
13.8143
13.7965
13.8186
13.7856
13.8235
13.8003
13.8123
13.7846
13.8448
13.8354
13.8543
13.8341
13.8452
13.8348
13.8564
13.8585
13.8586
13.8132
13.8079
13.7967
13.8076
13.8057
13.7965
13.8437
13.8452
13.8512
13.8443
13.8445
13.8115
13.8297
13.8148
13.8138
13.8271
13.8484
13.8449
13.8384
13.8432
13.8407
13.8401
13.8375
13.8306
13.8427
13.8383
13.84
13.8274
13.8395
13.8352
13.8536
13.8527
13.8567
13.8462
13.8488
13.8478
13.852
13.8452
13.8482
13.844
13.8479
13.85
13.8472
13.8441
13.8462
13.8478
13.8567
13.8512
13.8464
13.8554
13.8504
13.8199
13.8294
13.8251
13.8094
13.8205
13.8378
13.8205
13.8298
13.8317
13.8308
13.8372
13.8364
13.8355
13.8362
13.8379
13.8117
13.8126
13.8082
13.8114
13.7894
13.8216
13.8186
13.8154
13.7982
13.8458
13.8342
13.8566
13.8372
13.8462
13.834
13.8557
13.8574
13.855
13.8075
13.8065
13.8006
13.8117
13.8111
13.8082
13.8446
13.8435
13.8455
13.8436
13.8414
13.8173
13.8255
13.8216
13.8217
13.8256
13.8372
13.8346
13.8285
13.8317
13.8301
13.8353
13.8336
13.8246
13.8366
13.8318
13.8352
13.822
13.834
13.8289
13.8428
13.842
13.8461
13.8346
13.8364
13.8355
13.8399
13.8338
13.84
13.8356
13.8394
13.8416
13.8371
13.8338
13.8365
13.8437
13.8532
13.846
13.8405
13.85
13.8405
13.8419
13.8494
13.8441
13.8345
13.8446
13.8526
13.8493
13.8559
13.8375
13.8391
13.8447
13.8382
13.8421
13.8397
13.8414
13.8221
13.8375
13.831
13.8233
13.8093
13.8442
13.8438
13.8361
13.8218
13.8469
13.8336
13.8539
13.8387
13.8477
13.8339
13.8527
13.8508
13.8473
13.8186
13.8192
13.818
13.831
13.8289
13.8286
13.8404
13.8375
13.8336
13.8341
13.8304
13.8264
13.8273
13.8317
13.8319
13.8308
13.8257
13.8245
13.8153
13.8172
13.8168
13.8337
13.8356
13.8188
13.8319
13.8258
13.8311
13.8178
13.8305
13.8233
13.8304
13.8285
13.8329
13.8183
13.82
13.8212
13.8242
13.8175
13.8318
13.8281
13.828
13.8306
13.8262
13.8218
13.8251
13.8356
13.8443
13.8327
13.8298
13.8384
13.8272
13.862
13.8796
13.8576
13.8631
13.8611
13.8623
13.8734
13.8649
13.8415
13.8454
13.8519
13.8466
13.8491
13.8435
13.8457
13.8522
13.8633
13.8576
13.8508
13.8362
13.8747
13.871
13.8591
13.8495
13.8475
13.833
13.8486
13.8393
13.8454
13.8316
13.8422
13.8421
13.8335
13.8448
13.839
13.8399
13.8571
13.8485
13.8486
13.8238
13.8191
13.8117
13.8076
13.8029
13.8381
13.8346
13.8443
13.8436
13.8393
13.8057
13.8054
13.789
13.7873
13.7915
13.8391
13.8425
13.8203
13.8303
13.8217
13.8331
13.8223
13.831
13.8204
13.8082
13.8126
13.8139
13.7982
13.7935
13.8018
13.8013
13.7915
13.8259
13.8241
13.8171
13.8205
13.8193
13.8129
13.8164
13.8245
13.8328
13.8218
13.8209
13.8273
13.8113
13.8907
13.9015
13.8685
13.8817
13.8702
13.8787
13.8906
13.8789
13.8537
13.8535
13.8688
13.8629
13.8593
13.8483
13.8512
13.872
13.8814
13.8842
13.8658
13.862
13.8933
13.8984
13.8829
13.8757
13.8404
13.829
13.8301
13.8378
13.8332
13.8268
13.817
13.817
13.7972
13.8678
13.8553
13.8549
13.8771
13.8628
13.8621
13.7875
13.7827
13.7716
13.7594
13.7541
13.8494
13.8452
13.8583
13.8577
13.8528
13.7624
13.772
13.7356
13.7343
13.7436
13.8462
13.8531
13.8242
13.8329
13.8196
13.8411
13.8269
13.8366
13.8213
13.7774
13.7892
13.7864
13.7725
13.759
13.7769
13.7704
13.7532
13.8238
13.8249
13.8095
13.8128
13.8163
13.8083
13.8107
13.8192
13.8224
13.8124
13.8183
13.8179
13.7951
13.9147
13.9303
13.8921
13.9023
13.8918
13.9072
13.9181
13.9075
13.8738
13.8662
13.8915
13.886
13.8748
13.8544
13.858
13.8979
13.92
13.9155
13.9074
13.8952
13.9295
13.9342
13.9306
13.9219
13.8221
13.8214
13.8002
13.836
13.8104
13.8135
13.7801
13.7728
13.7398
13.889
13.8755
13.8757
13.9055
13.8926
13.894
13.72
13.7084
13.6859
13.6522
13.6425
13.8694
13.8631
13.8829
13.883
13.8765
13.6893
13.7045
13.6244
13.6227
13.647
13.8618
13.8713
13.8331
13.8439
13.8269
13.8595
13.8406
13.8548
13.8374
13.7371
13.7712
13.7545
13.7454
13.7099
13.7684
13.7351
13.6835
13.8294
13.8377
13.8072
13.8101
13.8256
13.8097
13.8123
13.8157
13.8138
13.8022
13.8119
13.8102
13.785
13.9465
13.9636
13.9235
13.9353
13.9246
13.9415
13.9545
13.9427
13.9
13.8854
13.9235
13.9152
13.8986
13.8637
13.8727
13.9414
13.9587
13.9506
13.9528
13.9465
13.9625
13.9652
13.9701
13.962
13.8015
13.8043
13.7585
13.8415
13.7984
13.7952
13.7394
13.6983
13.6509
13.9229
13.911
13.9131
13.9407
13.9304
13.9324
13.5579
13.5378
13.5135
13.4056
13.3849
13.9001
13.8939
13.9209
13.9206
13.9144
13.5236
13.5769
13.3751
13.363
13.4595
13.8856
13.9047
13.8515
13.8702
13.8517
13.8935
13.8675
13.8896
13.8701
13.6751
13.7639
13.7105
13.7131
13.6304
13.7583
13.6875
13.5671
13.8503
13.8675
13.8173
13.8203
13.8508
13.8337
13.8344
13.8112
13.8085
13.7995
13.81
13.8078
13.7767
13.9836
14.0059
13.9629
13.9763
13.9619
13.985
14.0027
13.9841
13.9325
13.9147
13.964
13.9511
13.9333
13.8862
13.9039
13.9722
13.9842
13.9815
13.983
13.9741
13.9963
14.0017
13.9941
13.9856
13.8036
13.7841
13.7265
13.8609
13.8188
13.7675
13.719
13.5776
13.4823
13.9578
13.9494
13.9494
13.9754
13.9674
13.9671
13.1811
13.0937
13.1156
12.7975
12.5632
13.9414
13.9359
13.9635
13.963
13.9595
13.0812
13.3039
12.7245
12.5367
13.0337
13.9263
13.9517
13.8883
13.914
13.8918
13.9481
13.9169
13.9458
13.9253
13.5782
13.749
13.6603
13.6615
13.5171
13.7446
13.634
13.3478
13.891
13.9274
13.8585
13.8589
13.9082
13.8982
13.8948
13.8135
13.8127
13.8264
13.8373
13.8338
13.7772
14.0287
14.0515
14.0071
14.0304
14.0079
14.0281
14.0551
14.0296
13.9693
13.9558
14.0048
13.9832
13.973
13.9268
13.9567
13.9978
14.0102
14.0189
14.0054
13.9971
14.0287
14.0364
14.0175
14.0086
13.8417
13.7308
13.7145
13.9027
13.9005
13.6932
13.7236
13.3311
13.1338
13.992
13.9891
13.9864
14.0041
14.0087
14.004
12.2797
10.8033
11.9884
11.5227
7.34648
13.9888
13.9869
14.0124
14.0128
14.0165
10.8063
12.6443
11.3846
7.31864
11.863
13.9821
14.0159
13.952
13.9844
13.9708
14.0221
13.9927
14.0254
14.0156
13.438
13.7494
13.609
13.61
13.3321
13.7535
13.589
12.8764
13.9747
14.026
13.9464
13.9457
14.0135
14.0063
14.0057
13.873
13.8727
13.9205
13.9191
13.9312
13.8237
14.0741
14.0883
14.0451
14.078
14.0471
14.0514
14.0931
14.0639
13.9939
13.9762
14.0413
14.0045
13.9739
13.9697
13.9403
14.0237
14.0367
14.0591
14.029
14.0208
14.0669
14.0698
14.0379
14.033
13.9061
13.6294
13.6346
13.8404
13.8154
13.5143
13.4353
12.7202
12.0192
14.0161
14.0235
14.0195
14.0307
14.0415
14.0402
10.833
4.77933
8.98376
-0.877355
10.1129
5.02989
-9.02728
-2.56599
-2.75406
-0.0224265
-1.78
0.278981
14.0336
14.0459
14.0562
14.0564
14.076
4.44146
10.6589
10.1989
4.59972
8.38074
-1.91474
-2.88419
-2.08436
0.13603
-3.47783
-0.0837298
14.0534
14.0896
14.033
14.0653
14.0637
14.099
14.079
14.1115
14.1274
13.1905
13.7552
13.5605
13.5978
13.058
13.7744
13.5266
11.5599
14.0847
14.1541
14.0788
14.08
14.1501
14.1588
14.1609
13.9767
14.0142
14.0696
14.0504
14.0996
13.9163
14.0645
14.0529
14.049
14.0728
14.0586
14.0344
14.0502
14.0277
13.9901
13.9468
14.0125
13.9534
13.8907
13.8752
13.7913
14.042
14.0363
14.0452
14.0321
14.0236
14.0381
14.0239
13.9971
13.9851
13.6801
13.3585
13.108
13.6033
13.3699
13.2318
12.4899
11.6445
11.2844
3.47961
2.50528
3.93778
14.0471
14.0617
14.0617
14.0561
14.0826
14.0785
3.09766
10.5686
6.53056
9.56643
5.23877
10.6233
7.06605
0.653916
1.14118
-0.331168
1.75352
0.864087
1.97303
0.326376
14.0804
14.1064
14.1052
14.107
14.136
6.40935
9.29353
2.06732
10.7303
7.2667
9.90091
4.88106
-0.441561
0.31108
0.789567
2.12795
0.4916
1.3837
0.849214
14.1265
14.1631
14.1254
14.1675
14.1884
14.1846
14.1763
14.2132
14.2423
12.9668
13.821
13.5134
13.7393
12.8222
13.8892
13.565
10.87
2.20967
1.99063
3.05059
14.2219
14.2802
14.2481
14.252
14.2981
14.3221
14.336
14.1309
14.1875
14.2382
14.2028
14.2752
14.0769
14.0522
14.0439
14.0077
14.0379
13.9989
13.9937
14.0279
13.9846
13.9172
13.8408
13.953
13.9066
13.8391
13.7228
13.7156
14.0452
14.0829
14.0155
13.9961
13.9755
14.0255
14.0135
14.0425
13.9887
13.2027
13.2637
12.3153
13.4763
13.2972
13.2209
12.4341
11.3293
4.64968
11.6407
4.96063
2.56983
1.8989
2.82563
4.18148
14.0634
14.1032
14.0964
14.0737
14.1234
14.1159
5.81989
10.3762
7.30588
10.1399
6.33427
10.6328
7.70035
0.50024
2.56931
0.518586
2.46935
1.2296
2.69378
0.640408
14.1348
14.1626
14.1509
14.1578
14.1819
7.76221
10.6522
6.79758
11.1471
8.17147
10.6468
6.21226
0.895837
3.15718
1.59868
3.10711
0.753619
2.40377
1.47985
14.1951
14.2158
14.2231
14.2536
14.2887
14.2371
14.2473
14.2738
14.3133
12.9154
13.9786
13.6818
13.9257
13.1972
14.1203
13.8514
5.54645
11.7139
4.08386
4.59698
2.67424
3.36006
14.3315
14.3577
14.3921
14.4131
14.3908
14.4329
14.4472
14.2774
14.3593
14.3892
14.3484
14.4215
14.2391
14.0374
14.0526
14.0063
14.0228
13.9906
14.0454
14.0351
14.021
13.9399
13.9094
14.037
14.0072
14.017
13.8436
13.9949
14.1093
14.112
14.0184
14.0731
13.9813
14.0719
14.0314
14.0614
13.958
13.7068
13.4409
12.9976
13.9313
13.9448
13.7885
13.6584
12.2229
5.02741
13.056
2.56656
4.63031
14.0863
14.148
14.1337
14.1341
14.179
14.1609
6.19624
11.2416
7.75223
11.088
3.55559
11.329
6.64101
2.10919
2.48201
0.280921
0.282385
2.18757
0.587928
0.534874
14.1764
14.194
14.1833
14.1912
14.2058
8.18572
10.9146
5.07818
11.5772
7.22429
10.9641
2.59627
0.201845
1.99269
1.24536
0.250173
0.778393
-0.449923
1.41034
14.2234
14.2255
14.2551
14.2642
14.2996
14.2314
14.2576
14.2482
14.2806
13.6803
14.2036
14.0437
14.1238
13.8758
14.2577
14.1851
12.9634
14.3447
14.322
14.4286
14.4382
14.3702
14.3828
14.3937
14.3983
14.419
14.4185
14.4072
14.4235
14.3474
14.0914
14.1483
14.1236
14.0826
14.0861
14.2033
14.149
14.1609
14.1097
14.1378
14.2083
14.1934
14.2246
14.1169
14.1948
14.1386
14.1734
14.063
14.0835
13.9658
14.1473
14.1102
14.1254
13.9949
14.0796
13.8807
13.8181
14.1358
14.1453
13.9627
13.9662
13.5715
13.8379
14.1862
14.2062
14.1865
14.216
14.2169
14.2068
12.0057
7.01704
13.1869
12.7966
10.1371
-5.74863
-1.94822
14.1953
14.2084
14.1845
14.1965
14.2086
7.37247
12.5353
13.0349
10.1081
13.3556
-1.45501
14.2208
14.2138
14.2588
14.2387
14.2732
14.2084
14.2317
14.2099
14.232
14.0799
14.2915
14.2435
14.2245
14.1405
14.3065
14.2408
13.9515
14.3065
14.2796
14.3354
14.3517
14.3043
14.2811
14.2981
14.3888
14.405
14.3398
14.3568
14.3537
14.3702
14.2126
14.2718
14.2705
14.2176
14.223
14.3263
14.2736
14.2742
14.2456
14.2658
14.3003
14.2786
14.289
14.23
14.2669
14.2113
14.2617
14.1777
14.1785
14.0673
14.267
14.2551
14.2431
14.1863
14.2035
14.037
14.062
14.2284
14.2634
14.1108
14.1557
13.9935
14.1393
14.2288
14.2078
14.2105
14.2631
14.211
14.2193
13.4222
12.7755
13.9905
13.8314
13.7889
14.2018
14.209
14.2202
14.2214
14.2099
12.6774
13.7734
13.844
13.7218
14.0253
14.1997
14.1801
14.1913
14.1339
14.1363
14.1264
14.0966
13.9984
13.9613
14.1771
14.282
14.2331
14.2249
14.2078
14.2621
14.2388
14.1552
14.21
14.1034
14.2185
14.2287
14.1815
14.1636
14.1859
14.3136
14.2999
14.2531
14.2877
14.2652
14.2946
14.3128
14.337
14.3472
14.2916
14.3001
14.3158
14.2818
14.2879
14.3056
14.3163
14.3186
14.3094
14.326
14.3035
14.3256
14.3284
14.3953
14.322
14.3216
14.3145
14.3737
14.3691
14.3916
14.4167
14.3225
14.1884
14.2414
14.3147
14.3645
14.2639
14.3157
14.2522
14.3405
14.3219
14.2644
14.2726
14.3912
14.3459
14.3508
14.0595
14.1012
14.2981
14.2162
14.2455
14.2566
14.225
14.3229
14.3155
14.2689
14.0551
14.1494
14.1933
14.1982
14.2448
14.1584
14.1531
13.9345
13.8834
13.7442
14.0558
13.8412
13.8583
13.647
14.2367
14.259
14.2505
14.2607
14.2679
14.2675
14.271
14.266
13.9238
13.8326
14.1364
14.1733
14.1337
14.1489
14.2175
14.2849
14.253
14.2472
14.2977
14.2635
14.3049
14.3583
14.3727
14.2903
14.2897
14.2744
14.2987
14.3053
14.2814
14.3001
14.3259
14.2974
14.2924
14.3237
14.3401
14.3397
14.4451
14.4806
14.3979
14.4386
14.4682
14.4298
14.4125
14.4673
14.4786
14.3916
14.3175
14.3761
14.346
14.3836
14.3391
14.3887
14.4021
14.4123
14.4522
14.4322
14.4405
14.5027
14.514
14.5162
14.3037
14.3658
14.4319
14.3521
14.3949
14.3956
14.3494
14.4927
14.4799
14.4376
14.3047
14.3114
14.3345
14.3516
14.3598
14.206
14.3024
13.8372
13.9426
13.7184
14.1967
13.9426
14.054
13.8726
14.3057
14.2923
14.3015
14.3257
14.3339
14.3087
14.3218
14.3467
13.864
13.999
14.2031
14.2735
14.2043
14.2778
14.3314
14.3279
14.2963
14.302
14.3554
14.3247
14.3541
14.3822
14.3934
14.3263
14.313
14.3191
14.3226
14.345
14.3322
14.2827
14.3269
14.2775
14.2739
14.3324
14.3446
14.3474
14.4995
14.5053
14.4126
14.4776
14.4624
14.449
14.4141
14.4777
14.4498
14.3874
14.3532
14.4008
14.3573
14.3847
14.3564
14.3966
14.4238
14.4181
14.534
14.5864
14.5734
14.5427
14.607
14.5968
14.3825
14.4292
14.4384
14.4059
14.4262
14.5739
14.5399
14.64
14.637
14.6273
14.3824
14.3885
14.3914
14.4064
14.408
14.4324
14.5613
14.1621
14.1834
14.0635
14.4575
14.3635
14.3529
14.2625
14.3599
14.3308
14.3467
14.3813
14.3773
14.3472
14.364
14.3966
14.179
14.328
14.3579
14.438
14.3625
14.3896
14.4522
14.3874
14.382
14.3646
14.4139
14.4024
14.4074
14.4036
14.4199
14.3136
14.3674
14.328
14.3253
14.3861
14.3225
14.2837
14.3363
14.3011
14.2964
14.3398
14.3528
14.3617
14.5049
14.502
14.419
14.4759
14.4477
14.4613
14.426
14.4743
14.4443
14.3884
14.3575
14.3948
14.3742
14.3965
14.3726
14.4078
14.4154
14.4252
14.5378
14.5867
14.5801
14.5228
14.5619
14.549
14.4128
14.4188
14.4312
14.434
14.4296
14.6273
14.6458
14.5901
14.5868
14.6103
14.4225
14.4179
14.4311
14.43
14.4256
14.6183
14.6169
14.4668
14.5232
14.4372
14.5702
14.4739
14.559
14.482
14.3964
14.3569
14.3793
14.4095
14.412
14.3705
14.3956
14.4221
14.4358
14.475
14.4029
14.4621
14.4411
14.4336
14.4727
14.4246
14.4046
14.3891
14.4386
14.4213
14.4375
14.4421
14.4621
14.3542
14.4101
14.3433
14.3911
14.4373
14.384
14.3228
14.3434
14.3714
14.3581
14.3707
14.3765
14.399
14.5019
14.4987
14.44
14.4755
14.4445
14.4836
14.4557
14.4751
14.4448
14.4097
14.3913
14.4249
14.4098
14.4275
14.4098
14.4461
14.4359
14.4485
14.5105
14.5417
14.5266
14.4994
14.5252
14.5103
14.4371
14.4344
14.4415
14.4425
14.4432
14.5505
14.5734
14.5303
14.523
14.5443
14.4359
14.4301
14.4447
14.4433
14.4371
14.5891
14.5582
14.4745
14.5379
14.495
14.524
14.4622
14.5244
14.494
14.4243
14.3826
14.4113
14.4281
14.4367
14.3982
14.429
14.4409
14.4976
14.5017
14.4306
14.4794
14.4634
14.4478
14.4866
14.4437
14.4348
14.4116
14.4569
14.45
14.4586
14.4842
14.5197
14.43
14.4643
14.4239
14.4716
14.4988
14.4636
14.3976
14.402
14.4633
14.4387
14.4315
14.4161
14.4475
14.4924
14.5024
14.4726
14.4732
14.4484
14.5203
14.4964
14.4825
14.4543
14.4406
14.4288
14.4549
14.4406
14.4553
14.4406
14.4573
14.4537
14.4612
14.4815
14.5019
14.4831
14.4743
14.4996
14.4747
14.4436
14.4465
14.4525
14.4497
14.4544
14.4982
14.5237
14.5039
14.4908
14.5174
14.4458
14.4432
14.4515
14.453
14.4513
14.5355
14.5325
14.4553
14.518
14.4903
14.5014
14.4561
14.5285
14.4975
14.4393
14.4206
14.4386
14.4325
14.4531
14.4436
14.4547
14.4573
14.5071
14.5236
14.4524
14.4869
14.4962
14.4724
14.4934
14.4586
14.4631
14.4506
14.47
14.4808
14.4813
14.51
14.4826
14.4926
14.465
14.4451
14.4395
14.4463
14.4802
14.4864
14.4634
14.4531
14.4447
14.4353
14.4227
14.4236
14.4183
14.4259
14.4514
14.4398
14.4504
14.4588
14.4567
14.4845
14.4508
14.4273
14.4196
14.4125
14.4146
14.4042
14.4103
14.4191
14.4143
14.4203
14.4346
14.4301
14.4355
14.4474
14.4566
14.4732
14.5064
14.4188
14.4742
14.443
14.4072
14.4046
14.402
14.4197
14.4065
14.4156
14.4321
14.4299
14.4344
14.4538
14.4508
14.5206
14.4454
14.5194
14.496
14.4043
14.425
14.4065
14.4133
14.4065
14.4129
14.453
14.4374
14.4506
14.5233
14.4701
14.4995
14.4627
14.494
197.892
173.458
167.103
181.959
184.5
159.606
146.419
257.513
175.261
220.095
179.96
190.862
142.729
163.253
150.488
140.323
133.08
144.918
139.066
131.646
123.537
135.29
132.331
134.678
129.487
130.545
127.818
131.117
152.059
138.902
138.724
130.539
135.532
134.746
135.09
239.518
159.312
208.286
157.479
190.685
141.561
172.035
126.184
129.876
130.693
118.112
108.114
72.0527
100.535
132.964
136.441
134.863
122.475
124.746
126.452
126.235
142.189
140.862
142.801
136.868
142.038
139.387
143.903
167.972
143.457
149.229
144.653
155.867
145.413
148.784
136.961
133.434
137.928
118.98
127.032
73.4273
125.03
141.87
141.386
142.384
141.39
143.769
140.185
142.657
118.823
118.866
115.656
70.9748
57.9118
71.3922
73.0553
119.473
114.476
120.951
48.6794
55.0282
67.1744
69.9647
104.117
71.843
88.4319
25.0716
58.9526
22.749
45.2302
73.7818
20.114
42.6139
18.3744
33.468
16.6091
19.7027
30.4318
28.6232
27.1412
21.1051
22.8256
19.1897
19.8759
26.6214
29.8985
36.6988
21.8103
20.2079
22.8629
23.6626
20.7966
15.4492
19.0907
16.2653
16.072
16.8073
15.4595
15.9406
18.0108
15.8428
16.4574
16.1613
17.962
17.1733
18.8746
17.5557
17.6923
18.481
16.8716
17.2807
16.8541
18.2891
20.4743
18.4985
18.7179
17.4677
18.1449
17.0684
15.9228
16.513
15.5802
14.5849
14.8643
15.0741
14.6456
17.4047
17.3834
17.7971
16.1409
17.3532
16.331
17.1472
16.6007
15.5003
16.853
12.8916
15.1173
12.7674
15.6114
17.1309
16.7009
16.351
18.2154
17.3373
16.8312
16.0591
13.1662
13.5191
13.3225
12.9691
12.8264
12.9955
12.6647
15.1477
14.3942
14.6578
12.734
12.3893
13.2581
12.73
12.6661
12.6981
12.5557
12.8716
12.8985
12.7798
12.6385
17.4113
15.0472
16.1976
12.4626
14.2151
12.3372
13.8296
12.8763
13.0231
12.709
13.0264
12.9092
13.0307
12.807
12.5928
13.2431
12.8463
13.2013
13.0282
13.29
13.1031
12.8814
12.8103
12.7891
12.8448
12.8201
12.8321
12.8047
12.3661
12.7018
12.3541
12.8039
12.7347
12.7864
12.7697
12.9272
13.0277
12.8604
12.9745
12.9336
13.0049
12.8746
13.1941
13.2469
13.1656
13.1479
13.1624
13.1522
13.1015
12.7679
12.8434
12.8142
12.8181
12.7497
12.8571
12.8106
12.8097
12.7796
12.8084
12.7219
12.8162
12.7646
12.7804
12.9366
12.9747
12.8857
12.9524
12.9544
12.9508
12.8997
13.1025
13.0672
13.0271
13.0204
13.0624
13.0036
12.9779
12.7434
12.863
12.7996
12.8041
12.7436
12.8519
12.7851
12.8186
12.7551
12.7779
12.7261
12.8082
12.7509
12.7872
12.9756
12.9395
12.9291
12.9381
12.9761
12.9298
12.9442
13.0274
12.9548
12.949
12.9478
12.9892
12.91
12.9274
12.751
12.8358
12.7821
12.7812
12.7547
12.8149
12.7852
12.7788
12.7555
12.7934
12.7238
12.7433
12.7623
12.7885
12.9618
12.9191
12.9445
12.8852
12.9344
12.9058
12.93
12.9524
12.8645
12.8983
12.8823
12.9176
12.8365
12.8723
12.7549
12.7862
12.783
12.7121
12.7601
12.7432
12.773
12.7268
12.7668
12.7732
12.8216
12.7629
12.7951
12.7944
12.8966
12.873
12.905
12.8246
12.8328
12.8171
12.8514
12.888
12.817
12.8608
12.8249
12.8493
12.7903
12.8287
12.7414
12.6681
12.7352
12.5559
12.6923
12.5664
12.6741
12.8327
12.7964
12.8133
12.8302
12.8563
12.7666
12.803
12.7653
12.754
12.7856
12.7031
12.6813
12.6906
12.6976
12.8084
12.7599
12.7947
12.7447
12.7457
12.7181
12.734
12.6243
12.4516
12.6043
12.3913
12.5537
12.3448
12.523
12.8085
12.7158
12.7697
12.6667
12.7514
12.6554
12.7316
12.5945
12.6218
12.6065
12.5715
12.5062
12.5559
12.511
12.6846
12.6559
12.676
12.6291
12.6114
12.5779
12.608
12.4814
12.2616
12.4377
12.3119
12.4207
12.2265
12.3684
12.6973
12.5902
12.6906
12.5727
12.6559
12.5363
12.6576
12.4244
12.4931
12.4328
12.4713
12.3546
12.4384
12.3527
12.5238
12.4885
12.5376
12.4831
12.4266
12.4024
12.4549
12.378
12.2169
12.3186
12.2883
12.3499
12.2125
12.2941
12.6297
12.4884
12.6346
12.5228
12.6157
12.4597
12.6162
12.3044
12.3929
12.2826
12.3986
12.2717
12.3661
12.2241
12.3477
12.3408
12.3935
12.3606
12.2833
12.3016
12.3472
12.3432
12.213
12.292
12.3003
12.3472
12.2194
12.3026
12.6131
12.4384
12.606
12.5158
12.6225
12.4394
12.6105
12.2401
12.3508
12.173
12.3726
12.2309
12.3402
12.1409
12.2298
12.2717
12.3078
12.3192
12.1846
12.2557
12.2527
12.367
12.2384
12.3286
12.3678
12.4031
12.2642
12.3619
12.6433
12.4506
12.6238
12.5619
12.6762
12.4787
12.6532
12.2371
12.3195
12.1385
12.3285
12.2574
12.275
12.1594
12.1697
12.2461
12.219
12.2808
12.1744
12.2263
12.2113
12.4611
12.3023
12.4074
12.5008
12.5376
12.3592
12.4661
12.7208
12.5191
12.6914
12.6685
12.7783
12.5751
12.746
12.2934
12.245
12.1852
12.3361
12.3758
12.2693
12.2412
12.1926
12.1931
12.2193
12.2596
12.227
12.2058
12.2535
12.6382
12.4323
12.5417
12.7034
12.7512
12.5305
12.6417
12.8499
12.6494
12.8103
12.843
12.9308
12.742
12.8884
12.4689
12.3712
12.3317
12.5603
12.5816
12.512
12.4566
12.2913
12.2795
12.3168
12.465
12.3983
12.4039
12.4065
12.8841
12.6573
12.7639
12.9796
13.0208
12.8043
12.9011
13.0352
12.8628
12.9806
13.075
13.1284
12.9808
13.0775
12.7083
12.6641
12.5992
12.8825
12.8591
12.8347
12.7806
12.5254
12.569
12.5213
12.7964
12.7238
12.7925
12.7091
13.1677
12.966
13.0541
13.2941
13.3118
13.1336
13.2106
13.247
13.1407
13.2008
13.3451
13.3546
13.2762
13.307
13.0296
13.0129
12.9831
13.1788
13.1726
13.1807
13.1641
12.9655
13.0304
12.991
13.21
13.1969
13.2725
13.2752
13.4515
13.304
13.368
13.5648
13.5702
13.4522
13.4983
13.4625
13.4198
13.4217
13.5764
13.553
13.533
13.5175
13.3344
13.3558
13.3717
13.5435
13.511
13.541
13.5503
13.4043
13.4751
13.4626
13.5949
13.6011
13.6453
13.6208
13.6639
13.5712
13.6152
13.7096
13.7286
13.6515
13.697
13.6283
13.6308
13.6046
13.7154
13.6854
13.7002
13.6675
13.6197
13.6677
13.6328
13.7584
13.691
13.7205
13.673
13.6992
13.7717
13.7517
13.7613
13.7151
13.8444
13.8322
13.7664
13.712
13.7541
13.7563
13.7871
13.7502
13.786
13.726
13.7459
13.7118
13.7755
13.7539
13.7753
13.744
13.7304
13.7791
13.7423
13.7804
13.7375
13.793
13.7648
13.7549
13.9122
13.8657
13.8412
13.7815
13.9459
13.8848
13.7952
13.7705
13.7956
13.7827
13.7994
13.787
13.7984
13.7716
13.7899
13.7653
13.7978
13.7829
13.8015
13.7858
13.74
13.7836
13.773
13.7285
13.7392
13.7631
13.7741
13.7967
13.9233
13.8774
13.7914
13.797
13.8703
13.8317
13.8008
13.7925
13.7933
13.805
13.8038
13.8029
13.7951
13.7901
13.8022
13.7975
13.8108
13.7942
13.7999
13.8054
13.7544
13.7501
13.7743
13.7413
13.7692
13.7526
13.7743
13.8012
13.8121
13.789
13.7581
13.797
13.7808
13.7479
13.8114
13.8132
13.7965
13.8291
13.8193
13.8214
13.794
13.7972
13.8057
13.8077
13.8207
13.8023
13.8131
13.8115
13.7903
13.7727
13.7848
13.8163
13.815
13.8143
13.8101
13.8017
13.7804
13.7393
13.7982
13.8117
13.8073
13.7645
13.8291
13.834
13.8115
13.8535
13.8409
13.8478
13.84
13.8054
13.8053
13.8107
13.8224
13.8072
13.8094
13.8111
13.8377
13.8656
13.8452
13.8984
13.8603
13.8933
13.8709
13.8176
13.8479
13.8218
13.8908
13.853
13.8788
13.8738
13.8494
13.8479
13.8532
13.8607
13.8519
13.8469
13.85
13.807
13.8201
13.8123
13.8263
13.8024
13.8286
13.8143
13.8729
13.92
13.8903
13.9425
13.8921
13.9429
13.9138
13.8946
13.8945
13.8877
13.9348
13.9167
13.8956
13.8858
13.8519
13.8561
13.8503
13.8632
13.8498
13.8572
13.8491
13.796
13.8341
13.8139
13.8274
13.7965
13.8342
13.8093
13.9153
13.9501
13.9219
13.9487
13.9244
13.9368
13.9147
13.9148
13.8854
13.8731
13.9086
13.9029
13.8692
13.8569
13.8463
13.8429
13.844
13.8422
13.8409
13.8211
13.8363
13.7966
13.8317
13.8068
13.8219
13.7966
13.8254
13.803
13.9107
13.9089
13.8939
13.9012
13.8838
13.8777
13.8684
13.8808
13.8474
13.8365
13.8614
13.8557
13.8211
13.8123
13.8322
13.7991
13.8258
13.8093
13.8208
13.7791
13.8144
13.7956
13.8158
13.7977
13.8087
13.7935
13.805
13.7924
13.8508
13.8484
13.8389
13.8406
13.8207
13.8215
13.8086
13.8306
13.797
13.7905
13.8157
13.8052
13.7758
13.7693
13.808
13.7602
13.8015
13.778
13.7948
13.7442
13.7902
13.7895
13.7944
13.7864
13.7942
13.7844
13.7853
13.7824
13.7899
13.7958
13.7788
13.7791
13.7561
13.773
13.7517
13.7818
13.7605
13.753
13.7773
13.76
13.7516
13.7394
13.7813
13.7331
13.779
13.7526
13.7682
13.7285
13.7679
13.7784
13.7765
13.7783
13.7785
13.7717
13.7714
13.7759
13.7278
13.7485
13.7305
13.724
13.7038
13.7279
13.71
13.7434
13.7448
13.7317
13.7374
13.7298
13.7373
13.7281
13.7567
13.7287
13.7578
13.7403
13.7471
13.7285
13.7473
13.7657
13.7682
13.7732
13.7641
13.761
13.7647
13.7699
13.6907
13.7131
13.6967
13.703
13.6847
13.7051
13.6866
13.7204
13.7337
13.7272
13.71
13.7152
13.7302
13.7271
13.7411
13.7298
13.7416
13.7327
13.7372
13.7305
13.7373
13.7574
13.7607
13.7664
13.7529
13.7552
13.7567
13.7616
13.6904
13.7044
13.6853
13.7115
13.7013
13.7062
13.687
13.7101
13.723
13.7304
13.7011
13.7035
13.7157
13.7341
13.7344
13.7295
13.7344
13.7318
13.7342
13.7308
13.7314
13.7536
13.7517
13.759
13.7502
13.7528
13.7442
13.7551
13.714
13.7106
13.69
13.7276
13.7265
13.7154
13.6936
13.6974
13.7098
13.7391
13.6992
13.691
13.7052
13.7413
13.7379
13.7311
13.7296
13.735
13.745
13.727
13.725
13.7542
13.7429
13.7543
13.757
13.7582
13.7475
13.7571
13.7363
13.7219
13.6971
13.7464
13.741
13.7291
13.7019
13.6858
13.7042
13.7423
13.7048
13.6785
13.7082
13.7418
13.7522
13.7289
13.7282
13.7469
13.7591
13.7293
13.7365
13.7623
13.75
13.758
13.7691
13.7663
13.7507
13.763
13.743
13.7381
13.7116
13.7553
13.742
13.7474
13.7185
13.6739
13.7166
13.7464
13.72
13.6744
13.7293
13.7511
13.7648
13.731
13.7414
13.7622
13.7694
13.7374
13.7427
13.771
13.7562
13.7725
13.7751
13.7701
13.7602
13.7672
13.7377
13.7561
13.7248
13.7554
13.726
13.7573
13.7274
13.6818
13.7445
13.7607
13.7377
13.6938
13.7618
13.7713
13.7802
13.7508
13.7479
13.8015
13.7969
13.7752
13.7659
13.7845
13.776
13.7724
13.8078
13.8143
13.7959
13.8006
13.7222
13.7523
13.7315
13.7623
13.7341
13.756
13.7431
13.7125
13.7832
13.7862
13.781
13.7401
13.8097
13.8068
13.8124
13.7973
13.784
13.8471
13.8157
13.8304
13.81
13.8462
13.8146
13.8295
13.8425
13.868
13.8271
13.8489
13.7599
13.7918
13.7637
13.8563
13.8105
13.845
13.8103
13.7836
13.8406
13.8292
13.8582
13.8269
13.8645
13.8546
13.8482
13.8601
13.8407
13.8928
13.8884
13.8657
13.8621
13.877
13.8437
13.8582
13.8688
13.8815
13.8613
13.8656
13.8521
13.8893
13.8467
13.9171
13.8741
13.9042
13.87
13.8531
13.8813
13.8731
13.8945
13.8696
13.8924
13.8874
13.9148
13.8655
13.8809
13.9208
13.9146
13.863
13.8831
13.8862
13.878
13.8718
13.8974
13.8953
13.8854
13.8757
13.8725
13.9015
13.8706
13.8988
13.8647
13.8908
13.8608
13.8749
13.8931
13.8922
13.8879
13.8712
13.8899
13.8884
13.9117
13.8681
13.8863
13.9071
13.9077
13.8756
13.8889
13.8994
13.8878
13.878
13.9019
13.9013
13.8928
13.8886
13.8594
13.8784
13.8567
13.8699
13.8586
13.8683
13.8538
13.8653
13.8857
13.8804
13.872
13.8594
13.883
13.8735
13.9058
13.8855
13.8932
13.8973
13.9013
13.8907
13.8966
13.8995
13.9004
13.8921
13.9017
13.904
13.9069
13.8965
13.866
13.8593
13.8578
13.872
13.8736
13.8619
13.8657
13.8567
13.8819
13.8733
13.8709
13.861
13.8831
13.8771
13.8933
13.8869
13.8919
13.8896
13.8877
13.8816
13.8835
13.9038
13.9072
13.9024
13.8894
13.8931
13.897
13.8963
13.8739
13.8673
13.8682
13.8728
13.8651
13.8682
13.8653
13.8638
13.8842
13.8802
13.8703
13.8629
13.8828
13.8813
13.8839
13.8714
13.8694
13.8835
13.8786
13.8618
13.8581
13.8818
13.8787
13.8739
13.874
13.87
13.8622
13.8512
13.8531
13.8636
13.8568
13.8676
13.8463
13.8581
13.8504
13.8566
13.8785
13.8796
13.8586
13.8445
13.8723
13.8741
13.871
13.8567
13.8506
13.8726
13.8594
13.8511
13.8421
13.8591
13.8461
13.8312
13.8536
13.8502
13.8342
13.8181
13.8487
13.8549
13.8459
13.8685
13.8515
13.8502
13.8388
13.8363
13.865
13.8695
13.8434
13.8272
13.8574
13.8641
13.8452
13.8486
13.8365
13.8527
13.8291
13.8421
13.8264
13.8402
13.8332
13.8196
13.8217
13.8302
13.8278
13.821
13.8555
13.8448
13.8319
13.8704
13.8554
13.8363
13.8212
13.8188
13.8496
13.8589
13.8234
13.8108
13.8433
13.8544
13.8112
13.8341
13.8157
13.8215
13.7929
13.821
13.8046
13.8199
13.818
13.8226
13.7877
13.8103
13.8026
13.8208
13.8506
13.8258
13.8095
13.8558
13.8387
13.813
13.7986
13.807
13.8376
13.8498
13.8069
13.8064
13.8323
13.8476
13.7778
13.8048
13.7922
13.7835
13.7675
13.7869
13.7802
13.8016
13.7872
13.818
13.7742
13.7985
13.7781
13.8139
13.8259
13.8001
13.791
13.8321
13.8121
13.7897
13.7851
13.8086
13.8283
13.8462
13.801
13.812
13.8249
13.8445
13.7666
13.7717
13.7712
13.7692
13.7674
13.7613
13.7685
13.798
13.772
13.8101
13.7835
13.8003
13.7727
13.8088
13.8015
13.7826
13.7814
13.8093
13.792
13.7796
13.7773
13.8168
13.8224
13.8432
13.8033
13.8195
13.8206
13.8401
13.7688
13.7567
13.7698
13.7791
13.775
13.7581
13.7747
13.804
13.7793
13.8096
13.7951
13.809
13.7889
13.8121
13.7846
13.7807
13.7726
13.8
13.7805
13.7846
13.7669
13.819
13.8188
13.8358
13.8104
13.8145
13.8172
13.8275
13.7889
13.7603
13.7821
13.798
13.8034
13.7663
13.7902
13.8151
13.795
13.8141
13.8122
13.8211
13.8003
13.816
13.7821
13.7892
13.7665
13.8108
13.7897
13.7961
13.772
13.8118
13.8166
13.8213
13.8178
13.8114
13.817
13.8153
13.8113
13.7747
13.7978
13.8206
13.8164
13.7855
13.8037
13.8252
13.8041
13.8177
13.8222
13.8289
13.809
13.8206
13.8012
13.8054
13.7792
13.8299
13.8164
13.8145
13.7857
13.8084
13.8177
13.8063
13.826
13.805
13.8192
13.7987
13.8235
13.7987
13.8089
13.8528
13.8323
13.8137
13.8136
13.8334
13.8139
13.823
13.8346
13.8383
13.8197
13.8256
13.8256
13.8227
13.794
13.8497
13.8361
13.8302
13.8034
13.8039
13.8211
13.7962
13.8323
13.8026
13.8244
13.795
13.8429
13.8301
13.8237
13.8862
13.8568
13.8496
13.8418
13.8427
13.8284
13.8285
13.858
13.8464
13.8399
13.8317
13.8468
13.8388
13.8121
13.8683
13.8605
13.8498
13.8241
13.8057
13.8291
13.7949
13.846
13.815
13.8366
13.8017
13.8747
13.8757
13.8611
13.9158
13.892
13.905
13.8828
13.8508
13.8525
13.834
13.877
13.856
13.8634
13.8355
13.8758
13.8661
13.8391
13.9084
13.8959
13.8869
13.8593
13.826
13.8478
13.8128
13.873
13.8404
13.8622
13.827
13.9083
13.9254
13.9019
13.9447
13.9229
13.939
13.9153
13.8635
13.8673
13.8346
13.8957
13.8715
13.8678
13.8342
13.9172
13.9101
13.8799
13.9473
13.9376
13.9346
13.9025
13.8557
13.8795
13.8427
13.9091
13.8743
13.8994
13.8615
13.9382
13.9506
13.9212
13.9838
13.9539
13.9623
13.9273
13.8791
13.8663
13.8337
13.9121
13.8878
13.8674
13.8361
13.9527
13.9545
13.9227
13.9876
13.9663
13.9715
13.9403
13.8955
13.9216
13.8839
13.9506
13.9208
13.9467
13.9113
13.9708
13.9738
13.9346
14.0272
13.9893
13.9783
13.9353
13.8976
13.8662
13.8293
13.9285
13.9079
13.8596
13.8191
13.9787
13.9897
13.953
14.0123
13.9899
14.0067
13.9656
13.9472
13.9764
13.9419
13.9956
13.9713
14.0075
13.9757
14.0065
13.9813
13.9282
14.0539
14.0173
13.9878
13.9193
13.8935
13.8373
13.7712
13.9352
13.8647
13.8156
13.712
13.9951
14.0232
13.9865
14.0286
13.9986
14.0369
14.0081
13.9944
14.0385
14.0076
14.0374
14.0188
14.0709
14.0442
13.995
13.9723
13.9056
13.9598
13.9347
13.924
13.8669
13.8187
13.781
13.6443
13.8504
13.7443
13.728
13.5518
13.9991
14.0483
14.0215
14.0356
13.9951
14.057
14.0289
14.0436
14.1052
14.0838
14.0892
14.0737
14.1376
14.1242
13.8834
13.899
13.833
13.9204
13.8573
13.8901
13.81
13.6704
13.6838
13.5047
13.7569
13.6287
13.6561
13.4457
13.9906
14.0722
14.0409
14.0245
13.9915
14.0929
14.0556
14.1082
14.1651
14.1568
14.1343
14.136
14.1822
14.1755
13.8573
13.8698
13.8024
13.9181
13.8783
13.821
13.8149
13.7191
13.7244
13.5185
13.8613
13.8744
13.8372
13.7575
13.9922
14.11
14.0665
14.0653
13.9943
14.1159
14.077
14.1606
14.1946
14.1955
14.1752
14.1707
14.1986
14.2
13.9629
13.8729
13.9132
14.0631
14.0777
13.9926
14.0257
14.0194
13.9695
13.9154
14.123
14.1413
14.0541
14.0167
14.0102
14.1177
14.0893
14.1177
13.9917
14.123
14.0987
14.1741
14.1952
14.1991
14.1707
14.1613
14.1876
14.1805
14.1598
14.1214
14.0983
14.2553
14.2244
14.2602
14.1711
14.2078
14.0997
14.0909
14.2264
14.2372
14.1358
14.1391
14.0101
14.1237
14.1108
14.2014
14.118
14.1632
14.1523
14.1444
14.1727
14.1565
14.1883
14.1456
14.1598
14.1029
14.2679
14.3906
14.259
14.3249
14.2805
14.4953
14.3474
14.2724
14.1729
14.1846
14.2735
14.2973
14.2289
14.2563
14.2645
14.2538
14.2216
14.4061
14.4312
14.3676
14.3101
14.1755
14.1692
14.0561
14.3068
14.2252
14.2101
14.0209
14.2692
14.4676
14.3445
14.3317
14.2683
14.4285
14.3254
14.3105
14.2442
14.2799
14.2635
14.3118
14.2534
14.2934
14.534
14.5012
14.4111
14.5124
14.5564
14.595
14.5276
14.2764
14.2908
14.0538
14.4703
14.3756
14.3707
14.1807
14.2879
14.4035
14.3182
14.349
14.2928
14.3956
14.3219
14.3273
14.2737
14.3144
14.2694
14.334
14.268
14.3164
14.5128
14.6163
14.5708
14.5205
14.4607
14.5794
14.5369
14.473
14.4702
14.3365
14.6198
14.5383
14.5754
14.4796
14.311
14.3946
14.324
14.3804
14.3184
14.3971
14.3324
14.3425
14.2824
14.3216
14.3069
14.3482
14.2988
14.3338
14.4658
14.5453
14.533
14.4891
14.4468
14.5133
14.5008
14.5447
14.6023
14.5294
14.5504
14.5056
14.5706
14.5059
14.3271
14.4025
14.3448
14.4184
14.3601
14.4082
14.3632
14.3584
14.312
14.3499
14.3447
14.3746
14.3457
14.3767
14.4503
14.4931
14.4818
14.4694
14.4401
14.4693
14.4471
14.4849
14.5345
14.4925
14.4896
14.4547
14.5069
14.4658
14.4016
14.4196
14.3916
14.4637
14.434
14.4313
14.4138
14.3966
14.3845
14.4051
14.4164
14.4212
14.4094
14.4252
14.4328
14.4407
14.4246
14.4443
14.4291
14.4262
14.4142
14.4018
14.396
14.4002
14.4124
14.4105
14.3986
14.4065
14.4076
14.4027
14.4108
14.4105
14.4192
14.4096
14.4184
14.4242
14.4211
14.4241
14.4276
14.4338
14.4276
14.432
14.4342
14.4884
14.4488
14.4525
14.4208
14.4846
14.4445
14.4055
14.402
14.3968
14.4032
14.4057
14.4017
14.4005
14.419
14.397
14.4099
14.4094
14.4191
14.4038
14.4132
14.4255
14.4219
14.4248
14.4287
14.4309
14.429
14.4331
14.3984
14.4154
14.3859
14.4093
14.3963
14.4288
14.4022
14.3996
14.3801
14.3924
14.397
14.4049
14.4007
14.4125
)
;

boundaryField
{
    fbOut
    {
        type            fixedValue;
        value           uniform 0;
    }
    CAD_patch1
    {
        type            zeroGradient;
    }
    fbGasin
    {
        type            zeroGradient;
    }
    CAD_patch3
    {
        type            zeroGradient;
    }
    fbBioin
    {
        type            zeroGradient;
    }
}


// ************************************************************************* //
