/*--------------------------------*- C++ -*----------------------------------*\
| =========                 |                                                 |
| \\      /  F ield         | OpenFOAM: The Open Source CFD Toolbox           |
|  \\    /   O peration     | Version:  5.x                                   |
|   \\  /    A nd           | Web:      www.OpenFOAM.org                      |
|    \\/     M anipulation  |                                                 |
\*---------------------------------------------------------------------------*/
FoamFile
{
    version     2.0;
    format      ascii;
    class       volScalarField;
    location    "5.4";
    object      p;
}
// * * * * * * * * * * * * * * * * * * * * * * * * * * * * * * * * * * * * * //

dimensions      [0 2 -2 0 0 0 0];

internalField   nonuniform List<scalar> 
10571
(
205.995
276.031
240.971
243.101
178.223
311.305
277.123
267.26
185.863
96.1179
351.224
352.634
335.667
290.553
230.42
190.574
348.157
333.909
290.926
262.809
220.164
306.442
283.201
273.501
19.3333
51.1122
30.8221
19.5332
17.4395
85.2542
76.3571
29.1238
15.281
15.9843
188.923
174.99
106.052
52.6898
26.0693
19.9564
239.567
102.549
33.5067
49.2327
25.2702
215.927
180.851
73.2834
18.0991
19.8329
18.848
18.0222
17.3363
20.3528
19.9107
14.4812
19.0779
18.8782
55.6649
29.0244
27.0647
20.1616
22.6963
22.6133
101.153
27.8397
16.4235
24.518
23.391
75.5145
21.3771
25.8894
15.5505
17.2076
17.0301
15.598
16.2766
18.6856
14.796
15.7179
15.0655
16.3192
23.5064
19.1604
14.6477
15.2587
14.0661
15.0843
39.1973
19.5665
19.6335
20.2048
19.4541
25.5573
22.1321
22.4924
15.1509
14.5518
14.8467
15.2589
15.498
16.2734
14.8824
15.2468
14.7986
14.459
16.931
16.9657
14.608
14.7976
14.4001
14.6818
20.7058
15.8887
15.602
13.9335
14.0262
15.8654
15.2534
14.0639
14.9704
14.2088
14.3878
14.9576
15.1028
13.9564
14.6186
14.8245
14.7657
14.6305
14.4478
14.6639
13.9883
14.4031
14.6315
14.5688
14.5493
14.5029
14.4183
14.114
13.6127
14.3308
14.4292
14.4093
14.3951
14.2557
14.8137
14.3369
14.5409
14.7385
14.824
14.3581
14.4674
14.6895
14.6245
14.5258
14.4518
14.2434
14.3014
14.3929
14.607
14.4009
14.5318
14.4959
14.3379
14.3153
14.1054
14.3761
14.4316
14.49
14.3401
14.298
14.2941
14.6844
14.5
14.5232
14.622
14.6487
14.4267
14.4503
14.6279
14.5
14.3742
14.3666
14.3969
14.3716
14.4121
14.5997
14.4288
14.4947
14.4858
14.3893
14.2688
14.3584
14.3972
14.5062
14.4937
14.3623
14.2859
14.3793
14.6071
14.569
14.5337
14.5648
14.5545
14.5503
14.4753
14.5805
14.4583
14.4048
14.4725
14.4802
14.4965
14.4887
14.6085
14.5356
14.5117
14.5041
14.4499
14.3727
14.4714
14.468
14.5396
14.4448
14.4165
14.4776
14.5629
14.4508
14.5181
14.5288
14.4979
14.6094
14.5061
14.5788
14.4487
14.3365
14.5341
14.5598
14.5289
14.6194
14.5863
14.5237
14.5115
14.4928
14.5406
14.5226
14.5359
14.5392
14.5154
14.5406
14.5352
14.3823
14.4663
14.5019
14.484
14.4806
14.5042
14.5941
14.4479
14.3964
14.5277
14.5234
14.5299
14.58
14.5836
14.4996
14.5381
14.5499
14.5571
14.5406
14.5375
14.5929
14.5829
14.565
14.5161
14.4249
14.4269
14.4709
14.4883
14.4588
14.4974
14.555
14.4719
14.3886
14.5277
14.4837
14.5243
14.5231
14.5797
14.4572
14.5457
14.5715
14.553
14.5517
14.536
14.6197
14.6076
14.5739
14.5308
14.4468
14.4357
14.4748
14.5251
14.4486
14.4857
14.5402
14.5185
14.4182
14.5362
14.5461
14.5357
14.4982
14.5782
14.4405
14.5644
14.5941
14.5599
14.5673
14.5465
14.6275
14.6172
14.5779
14.5799
14.4862
14.4775
14.5595
14.5916
14.46
14.468
14.5692
14.6334
14.5116
14.5568
14.5528
14.5671
14.554
14.6012
14.4963
14.6006
14.6226
14.5928
14.5982
14.5781
14.6413
14.6334
14.5922
14.6395
14.5784
14.542
14.6112
14.6468
14.5313
14.5143
14.5688
14.7426
14.5715
14.6183
14.5891
14.6051
14.6165
14.6413
14.559
14.6593
14.6656
14.6234
14.6414
14.6206
14.6716
14.6566
14.6336
14.7092
14.6784
14.6116
14.6518
14.7077
14.6355
14.5901
14.6368
14.7917
14.6431
14.6964
14.6581
14.6582
14.6659
14.6735
14.6184
14.7269
14.7169
14.6435
14.6808
14.6648
14.716
14.6859
14.6741
14.7668
14.7895
14.7367
14.6579
14.7609
14.7381
14.6817
14.7161
14.8089
14.7466
14.7822
14.7375
14.7232
14.704
14.694
14.6556
14.7921
14.7654
14.6724
14.7176
14.7063
14.7653
14.7178
14.7097
14.9074
14.8651
14.8791
14.774
14.8487
14.8035
14.7687
14.8015
14.8045
14.8394
14.8552
14.7951
14.7633
14.735
14.7116
14.7047
14.8424
14.8028
14.7204
14.7556
14.7496
14.8053
14.756
14.7485
15.0584
14.9632
15.0432
14.9311
14.9184
14.8597
14.8532
14.8716
14.7635
14.8972
14.8942
14.8119
14.777
14.7626
14.7349
14.749
14.8656
14.8256
14.7751
14.7949
14.7837
14.8274
14.7927
14.7962
15.0931
15.0027
15.1038
14.9897
14.934
14.8778
14.8507
14.872
14.6614
14.8793
14.8896
14.7864
14.7719
14.7901
14.738
14.7704
14.863
14.8406
14.8051
14.8294
14.7973
14.8403
14.8204
14.8405
14.9716
14.9948
15.0254
14.9893
14.9247
14.8525
14.7936
14.8238
14.5706
14.8307
14.8659
14.7373
14.7962
14.8071
14.7114
14.7536
14.8496
14.8504
14.8226
14.8353
14.8235
14.8547
14.8463
14.8611
14.9693
15.0014
14.9788
14.9019
14.8554
14.8308
14.7541
14.7071
14.5245
14.7812
14.8405
14.6833
14.8338
14.8339
14.7211
14.7691
14.8324
14.8637
14.8285
14.8285
14.9374
14.8645
14.8662
14.8774
14.8904
15.024
14.9526
14.8237
14.7687
14.8347
14.734
14.6368
14.5261
14.7472
14.8157
14.6476
14.8586
14.8612
14.7895
14.8518
14.8132
14.8716
14.8447
14.9031
15.0714
14.882
14.8818
14.9303
14.9187
15.045
14.943
14.8013
14.7879
14.8471
14.74
14.615
14.5186
14.7079
14.7998
14.6383
14.8572
14.8574
14.8735
14.9634
14.7933
14.8581
14.8592
14.954
15.1049
14.8946
14.896
14.9313
14.8572
15.0482
14.9324
14.7728
14.6523
14.8496
14.7508
14.6038
14.5516
14.665
14.7918
14.654
14.8342
14.8414
14.9273
15.0163
14.7794
14.8627
14.8792
14.9745
15.0477
14.8918
14.9029
14.9363
14.8034
15.0275
14.9222
14.7416
14.4402
14.8388
14.7505
14.6698
14.5824
14.6323
14.7867
14.6713
14.8068
14.8272
14.9023
15.001
14.7686
14.8896
14.8998
14.9693
15.0085
14.8892
14.9146
14.9543
14.7768
14.9864
14.9091
14.7104
14.2292
14.8218
14.7472
14.767
14.6015
14.6494
14.7889
14.6865
14.802
14.8256
14.8354
14.9979
14.7765
14.915
14.9179
14.9365
14.9712
14.9096
14.9424
14.9789
14.7959
14.9471
14.9094
14.7274
14.2235
14.8107
14.7562
14.8532
14.6107
14.7555
14.7978
14.7143
14.7973
14.8499
14.8169
14.9506
14.8035
14.9339
14.9422
14.933
14.9504
14.9479
14.9744
14.9954
14.8678
14.9251
14.9239
14.8005
14.455
14.7991
14.7658
14.9034
14.7124
14.9317
14.817
14.7445
14.7849
14.8848
14.8438
14.9255
14.8573
14.9692
14.9884
14.9323
14.9561
15.0118
15.0258
14.9867
14.9386
14.9023
14.9265
14.8694
14.799
14.7854
14.7965
14.8938
14.8321
15.0796
14.85
14.7874
14.8574
14.9014
14.8625
14.9858
14.943
15.0445
14.9867
14.9297
14.9607
15.0778
15.061
15.0021
14.9571
14.887
14.9123
14.8621
14.7985
14.8129
14.835
14.8194
14.8136
14.9876
14.9113
14.8658
14.9232
14.8799
14.852
14.9521
15.0234
15.0589
14.9306
14.9112
14.9449
15.0966
15.0419
14.9881
14.9246
14.8937
14.8863
14.7951
14.7405
14.8581
14.8385
14.7358
14.7715
14.8822
14.9452
14.9373
14.9352
14.8412
14.8335
14.9066
15.0389
15.0277
14.8818
14.8892
14.9234
15.0625
15.0128
14.9672
14.8669
14.9008
14.8565
14.7119
14.7155
14.8891
14.8062
14.6773
14.7642
14.8629
14.9682
14.9744
14.8981
14.8026
14.8253
14.8838
15.011
14.9796
14.8534
14.8723
14.9103
15.012
14.9816
14.9481
14.8118
14.9206
14.8042
14.6486
14.7516
14.8764
14.7227
14.6401
14.7786
14.8769
14.9738
14.9494
14.8369
14.7691
14.8308
14.8786
14.9746
14.9121
14.83
14.8613
14.9069
14.9903
14.9596
14.9341
14.7973
14.8877
14.7426
14.6622
14.8233
14.8079
14.6155
14.6258
14.8136
14.8917
14.9268
14.8699
14.7677
14.7497
14.845
14.8854
14.9249
14.8567
14.8081
14.8564
14.9108
14.9544
14.9349
14.9243
14.8461
14.8368
14.7451
14.7469
14.8987
14.706
14.5853
14.646
14.8578
14.9091
14.842
14.7576
14.7127
14.7531
14.8634
14.8987
14.8587
14.818
14.7969
14.8577
14.9202
14.9051
14.9092
14.9192
14.9093
14.8226
14.7877
14.828
14.9652
14.7058
14.662
14.6991
14.9019
14.9355
14.7408
14.6865
14.7168
14.7816
14.8879
14.9165
14.8033
14.8004
14.8015
14.8672
14.9355
14.8756
14.8956
14.9215
14.9739
14.7984
14.8187
14.8971
14.9946
14.7507
14.735
14.7759
14.9279
14.9625
14.7896
14.7448
14.7788
14.8244
14.9193
14.9386
14.7981
14.8065
14.8226
14.8849
14.9546
14.8698
14.8975
14.9314
15.0396
14.6689
14.8408
14.9861
15.0075
14.6972
14.7791
14.8672
14.9499
14.9827
14.8443
14.7903
14.8491
14.8666
14.948
14.9584
14.8249
14.8252
14.8526
14.9082
14.9736
14.8809
14.9099
14.946
15.0703
14.7653
14.9107
15.0027
15.007
14.7513
14.8804
14.9267
14.9784
14.9963
14.8523
14.8333
14.8916
14.9051
14.9685
14.975
14.8565
14.8418
14.8829
14.9325
14.9893
14.9003
14.9262
14.9605
15.0301
14.9566
14.9734
14.971
14.9998
14.8635
14.9656
14.9477
15.004
15.0037
14.8902
14.8896
14.9146
14.9365
14.9815
14.9869
14.8902
14.8523
14.9086
14.9537
15.0005
14.9213
14.9379
14.9693
14.9908
14.9676
14.9541
14.9573
14.9955
14.9111
14.9904
14.9563
15.0179
15.0108
14.9326
14.9183
14.913
14.9574
14.9878
14.994
14.9152
14.8567
14.9316
14.965
15.007
14.9201
14.9406
14.9715
14.9776
14.95
14.9426
14.9587
14.9932
14.9397
14.9701
14.9697
15.0134
15.0162
14.9584
14.9396
14.9277
14.9639
14.9927
14.9995
14.9293
14.8651
14.9478
14.9756
15.0082
14.9296
14.9444
14.9717
14.9863
14.9595
14.9529
14.9728
14.9975
14.9626
14.9648
14.9732
15.0106
15.0213
14.9685
14.949
14.9404
14.9642
14.9997
15.0061
14.9428
14.8816
14.9606
14.9827
15.0104
14.9616
14.9534
14.9764
15.006
14.9761
14.9735
14.9903
15.0115
14.9717
14.9807
14.981
15.0169
15.0293
14.9648
14.9512
14.9478
14.9648
15.0059
15.0185
14.9496
14.9096
14.9721
14.9871
15.0115
14.9788
14.9638
14.9855
15.0275
14.9813
15.0065
15.0294
15.0286
14.962
14.9765
14.9936
15.0277
15.0399
14.9556
14.9417
14.9543
14.9715
15.0141
15.0306
14.9548
14.932
14.984
14.9941
15.0159
14.9835
14.9735
14.9964
15.0413
14.9842
15.0208
15.0629
15.0419
14.9396
14.9659
15.0128
15.0327
15.0479
14.9461
14.9293
14.9645
14.9866
15.0237
15.0407
14.9588
14.9503
14.9913
15.0057
15.0252
14.9656
14.9806
15.0064
15.0387
14.9802
14.9867
15.04
15.0358
14.9526
14.9778
15.0229
15.0335
15.0489
14.9532
14.9476
14.9881
15.002
15.032
15.0479
14.976
14.9822
14.9978
15.0183
15.0357
14.9777
14.9943
15.017
15.0135
14.9795
14.9551
15.0062
15.0322
14.9794
14.9777
15.0188
15.0337
15.0487
14.9782
14.9837
15.0332
15.0168
15.037
15.0499
14.984
15.0145
15.0086
15.0288
15.0452
15.012
15.0084
15.0247
14.9981
14.9824
14.9403
14.985
15.0409
14.9924
14.9956
15.0141
15.0337
15.0504
15.0017
15.0038
15.0323
15.0257
15.038
15.0497
14.9797
15.0191
15.0202
15.0364
15.0517
15.0214
15.0116
15.0301
14.9996
14.987
14.9406
14.9757
15.0497
15.0021
15.0234
15.0131
15.0394
15.0569
15.0197
15.0147
15.0167
15.0298
15.0356
15.049
15.004
14.9985
15.0284
15.0428
15.0569
15.0099
15.0143
15.0358
15.0158
15.0008
14.9462
14.9823
15.0584
15.0139
15.0296
15.0125
15.0497
15.0668
15.0369
15.0178
15.02
15.0358
15.034
15.0466
15.0281
14.9959
15.0404
15.0501
15.0604
15.0077
15.0267
15.0455
15.0437
15.0274
14.9747
15.0028
15.0675
15.0095
15.0096
15.0217
15.0492
15.0788
15.0712
15.022
15.0255
15.043
15.0382
15.0449
15.1028
15.0203
15.0566
15.0555
15.0612
15.0261
15.0499
15.057
15.0761
15.0731
15.0184
15.0301
15.0717
15.0142
14.9931
15.0382
15.0462
15.0824
15.061
15.0186
15.0411
15.0539
15.0404
15.0459
15.1051
15.0285
15.0679
15.0546
15.0563
15.05
15.0685
15.0679
15.1026
15.1152
15.0623
15.0545
15.0715
15.0717
15.0372
15.0539
15.0414
15.0687
15.059
15.0454
15.0663
15.0626
15.041
15.0438
15.0957
15.0502
15.0744
15.0555
15.0482
15.0762
15.0834
15.076
15.1161
15.1564
15.0959
15.0679
15.0664
15.1548
15.0683
15.0569
15.0278
15.0425
15.1266
15.1093
15.0859
15.0641
15.0335
15.033
15.0863
15.0938
15.0794
15.0565
15.0384
15.1423
15.0961
15.0801
15.1151
15.1789
15.1108
15.0671
15.0517
15.1792
15.0721
15.0483
15.0016
15.0101
15.1467
15.1414
15.1006
15.0615
15.0158
15.0065
15.0885
15.12
15.0885
15.0544
15.0219
15.1662
15.1038
15.0812
15.1032
15.1754
15.1127
15.0531
15.0232
15.1742
15.0805
15.0276
14.951
14.9457
15.1715
15.1614
15.1188
15.0634
14.9802
14.9514
15.1544
15.1473
15.1061
15.048
14.9951
15.1665
15.13
15.0875
15.0864
15.1728
15.1104
15.0346
14.9797
15.1729
15.098
15.0007
14.8654
14.8529
15.1961
15.1848
15.1417
15.0704
14.9177
14.8505
15.2021
15.1722
15.121
15.043
14.9468
15.1867
15.1468
15.1021
15.0694
15.1772
15.1116
15.0186
14.9218
15.1878
15.1127
14.9747
14.7452
14.6571
15.231
15.2217
15.185
15.066
14.8161
14.6274
15.245
15.2211
15.1202
15.0016
14.848
15.2139
15.1614
15.102
15.0534
15.1797
15.1155
15.0051
14.8479
15.2004
15.1269
14.9386
14.5383
14.2822
15.2693
15.2624
15.2376
15.0532
14.6452
14.1183
15.3028
15.2899
15.1257
14.9368
14.6521
15.2637
15.1611
15.0678
15.0371
15.1776
15.1119
14.9855
14.7564
15.2048
15.1271
14.8908
14.259
13.3657
15.3095
15.2926
15.2667
15.024
14.3871
12.9375
15.3691
15.346
15.1173
14.8321
14.2684
15.3185
15.1623
15.0273
15.0179
15.1641
15.0914
14.9578
14.6613
15.1911
15.1269
14.8137
13.9464
11.0064
15.3403
15.3133
15.3104
14.9582
14.1273
11.3996
-7.33179
15.4397
15.36
15.1049
14.6732
13.3249
15.3657
15.1466
14.9757
14.9974
15.1277
15.0484
14.9276
14.6203
15.1349
14.9984
14.7905
13.8656
9.88163
-0.171219
15.3172
15.2887
15.2154
14.8545
14.0021
11.3419
0.830621
15.4875
15.2652
14.9851
14.5002
11.9193
15.3457
15.088
14.8806
14.9708
15.065
14.9738
14.8871
14.6896
15.0213
14.7684
14.6535
14.16
11.7831
3.4637
15.0252
15.0417
14.9676
14.6767
14.0748
11.5279
3.78637
15.3608
15.0677
14.7218
14.3892
12.3265
3.96398
15.144
14.9644
14.7665
14.9352
15.0035
14.903
14.8354
14.7992
14.9456
14.6542
14.511
14.3387
12.6822
4.70432
14.7544
14.7259
14.8044
14.547
14.1801
11.9858
3.23922
15.1236
14.8748
14.6394
14.3269
13.1705
14.9795
14.8651
14.6903
14.9019
15.0033
14.8709
14.7971
14.8311
15.0244
14.6611
14.4942
14.448
13.9802
15.0158
14.8313
14.7319
14.504
14.2996
12.7657
-2.38444
14.9799
14.7268
14.5162
14.3757
14.3124
14.8166
14.6047
14.5853
14.8742
15.0048
14.8569
14.7795
14.8123
15.0176
14.7628
14.5533
14.5331
14.7846
15.0328
14.9146
14.696
14.4815
14.3616
14.0451
14.9001
14.6622
14.4737
14.4424
14.6509
14.7335
14.5415
14.5468
14.8357
14.8564
14.7899
14.7426
14.7924
14.885
14.6355
14.4254
14.5165
14.8158
14.9243
14.8673
14.6302
14.4337
14.3341
14.3637
14.8455
14.6481
14.5028
14.4837
14.6623
14.7223
14.5765
14.5528
14.7794
14.7302
14.6416
14.675
14.7814
14.7542
14.4763
14.2968
14.4804
14.7837
14.8334
14.7853
14.5715
14.428
14.363
14.4864
14.8156
14.6704
14.5692
14.5405
14.7197
14.7604
14.664
14.6609
14.7502
14.5379
14.467
14.6339
14.8256
14.6067
14.3136
14.3062
14.5872
14.8562
14.7781
14.7271
14.5572
14.4828
14.5021
14.6571
14.8281
14.7379
14.6802
14.6573
14.8259
14.8319
14.7858
14.8024
14.8258
14.4117
14.3863
14.7
14.971
14.5216
14.3175
14.4799
14.8069
15.0067
14.7965
14.7413
14.6404
14.6258
14.7369
14.8594
14.9106
14.8589
14.8349
14.8225
14.9767
14.9559
14.93
14.9602
15.0493
14.3429
14.4987
14.9221
15.1963
14.5445
14.4956
14.7625
15.0326
15.2045
14.9064
14.832
14.7772
14.8044
14.9291
15.0671
15.0594
15.006
15.005
14.9994
15.1303
15.1196
15.1012
15.1099
15.3199
14.5939
14.855
15.188
15.365
14.7027
14.6645
14.8808
15.1457
15.3498
15.0942
14.9716
14.8415
14.855
15.0262
15.2171
15.2533
15.09
15.0485
15.113
15.2258
15.3055
15.2359
15.2267
15.4206
14.8239
15.049
15.2757
15.3824
14.8456
14.8544
15.0136
15.1996
15.3622
15.2693
15.0805
14.9263
14.9625
15.1037
15.2637
15.3503
15.1756
15.1118
15.1523
15.2627
15.4099
15.3213
15.2668
302.578
251.049
282.837
270.102
244.582
257.695
251.35
234.296
330.8
325.096
321.815
331.594
317.809
288.79
276.6
293.507
297.881
271.148
270.855
287.739
280.952
247.25
224.743
253.734
244.563
214.548
352.706
371.674
375.793
336.935
326.625
362.086
358.591
325.24
325.858
363.745
351.455
309.694
287.557
332.004
297.921
255.365
245.436
266.343
261.642
221.419
249.782
237.699
379.392
384.84
375.939
374.175
368.791
369.661
362.367
376.835
370.617
362.338
363.87
343.683
303.806
338.532
301.333
271.711
266.732
276.223
268.187
264.826
249.286
260.362
363.808
363.672
356.081
350.482
344.664
345.566
336.68
330.887
316.164
320.457
296.5
303.884
287.742
280.121
270.876
281.721
273.906
258.952
328.543
315.265
306.013
301.766
292.868
282.457
291.858
280.942
237.942
119.645
204.529
220.03
218.37
61.495
76.7741
54.7849
215.72
187.764
63.9004
52.7605
38.1839
172.625
32.8584
301.578
233.472
258.494
294.787
277.931
170.688
150.798
206.978
201.908
158.848
191.516
154.621
47.8613
60.7215
52.8959
41.615
118.802
31.192
315.217
342.132
338.535
249.08
273.649
269.937
142.027
132.168
23.4042
29.7636
33.9188
355.91
355.417
288.733
292.194
310.055
158.045
209.153
39.4404
35.8804
63.8821
350.162
316.008
342.591
336.918
328.494
310.192
305.655
304.233
291.49
245.312
267.275
252.305
205.171
142.112
218.536
174.204
87.1283
315.752
287.223
297.735
294.514
280.105
273.939
275.008
278.003
282.512
266.615
264.306
267.276
241.538
33.3174
19.953
21.0563
22.3907
19.4339
19.5048
19.5629
19.5373
17.2604
16.1345
18.4754
18.2855
17.9891
16.0938
17.9705
109.902
36.3611
38.1739
62.8318
55.3927
22.7521
18.9795
24.1168
19.4765
19.0696
20.3382
17.5661
17.4255
16.9042
18.6772
17.0734
16.5119
17.6067
136.925
172.64
166.461
51.562
92.3368
80.9966
16.7147
17.5047
18.8222
19.9357
20.0193
192.717
223.756
102.764
102.767
142.683
19.5872
22.2992
22.4672
22.1907
21.2293
242.697
160.805
222.189
239.884
223.578
161.945
140.044
166.233
151.586
34.1201
50.9449
46.1945
24.1671
22.2024
24.4909
24.1609
21.6645
225.773
153.349
203.742
213.489
138.512
108.727
115.884
128.21
206.428
45.9607
33.8633
79.6258
29.5032
19.6759
18.1758
19.3026
20.6295
19.6435
17.6987
19.2001
17.9886
18.0185
17.799
16.4224
16.4658
16.8442
17.614
16.8592
20.406
18.7697
18.8302
20.0486
18.4497
18.9328
18.0711
19.4692
18.3954
17.1426
17.2531
17.1478
16.8407
16.7057
16.2089
16.5044
17.7609
17.4393
24.002
44.1986
31.656
20.0286
24.9125
20.6642
19.7821
20.0238
18.3053
18.532
18.9677
52.7947
81.803
33.8664
31.1173
47.018
22.1423
22.4686
19.447
19.8391
21.9604
99.6238
60.7839
79.6151
105.751
89.2634
61.605
43.7067
64.4492
50.2781
24.1323
25.9001
25.1142
24.1075
22.2126
26.2682
23.7864
22.266
92.7572
53.0985
43.2739
46.7978
39.1485
24.6606
26.2185
24.6298
25.7952
21.8288
24.9981
21.1103
25.3547
16.8976
15.9296
15.9298
17.1604
16.3062
15.0517
15.4478
15.1684
15.6741
16.2428
15.2917
15.3862
15.8925
16.2878
15.874
17.5919
16.4758
16.9339
18.2383
17.562
15.7123
16.2119
16.8434
16.7497
16.096
15.7384
15.5759
15.834
15.6809
15.5692
15.1954
16.007
14.9083
18.5074
19.5966
18.2953
17.2467
17.6753
17.2203
16.1002
16.5671
14.2703
14.4445
14.4028
21.9478
30.0987
19.0986
18.423
22.4181
15.8191
18.4946
14.3197
14.1901
14.2351
38.4878
27.3779
27.5715
40.7966
31.8733
27.3925
19.3069
27.8987
21.5653
18.0859
22.7777
18.2276
14.5129
14.0708
15.2045
14.2231
15.0535
33.3093
23.086
21.7789
22.1096
18.6419
18.2061
18.3935
22.6693
21.255
20.0012
17.9233
19.427
15.5706
14.9513
14.5072
14.7968
14.5081
14.7101
14.794
14.3787
14.7211
15.1719
15.5824
15.0647
15.034
15.3203
15.5456
15.3224
15.1415
14.2132
15.2082
14.9744
15.437
14.2328
14.132
14.0118
14.0517
15.4228
15.4036
15.205
15.2713
15.2402
15.2178
15.1664
14.96
14.9627
15.5634
16.5271
16.274
14.2002
15.1353
14.6028
14.5951
14.7097
14.6558
14.579
14.5618
16.6492
18.4122
15.4419
15.4706
16.3013
14.7114
14.2092
14.6465
14.4996
14.5559
20.8723
17.1428
17.1711
21.0637
18.9045
16.2315
14.3692
16.505
14.9401
14.4018
14.0575
14.3532
14.2686
14.4041
14.2728
14.3878
14.4598
17.9952
14.8272
15.0739
14.8251
14.408
14.4304
14.4401
13.8779
14.7155
14.2728
14.3667
14.3441
14.3164
14.5328
14.6083
14.7804
14.5501
14.7853
14.7712
14.6443
14.7797
14.939
15.1507
14.8868
14.8647
15.0353
15.1698
15.0389
14.1266
14.1687
14.0399
14.104
13.9028
14.2575
14.2269
14.2307
14.2499
15.0872
15.0314
15.0609
14.9571
14.9582
14.8518
14.9236
14.7632
14.5916
14.0641
14.4941
14.0798
14.0636
14.3502
14.1216
14.5395
14.4878
14.5586
14.5084
14.4018
14.476
14.491
14.4754
14.4723
14.4954
14.4813
14.485
14.4936
14.5129
14.4529
14.9124
14.1774
14.2264
14.4086
14.593
14.5872
14.4573
14.5005
14.3965
14.456
14.502
14.4908
14.4844
14.4931
14.5028
14.4917
14.504
14.4973
15.4016
14.3451
14.2354
14.5261
14.2521
14.2742
14.2813
14.2818
14.3464
14.3853
14.3241
14.3692
14.3665
14.3459
14.3304
14.3505
14.3298
14.3357
14.3181
14.4039
14.4276
14.3144
14.3144
14.3442
14.3067
14.4289
14.2906
14.2657
14.2783
14.2859
14.6393
14.64
14.7404
14.6587
14.7349
14.6937
14.6454
14.6896
14.7959
14.9339
14.746
14.7292
14.8477
14.9116
14.8089
14.2618
14.3462
14.3719
14.3115
14.3682
14.4225
14.4607
14.3746
14.3785
14.851
14.71
14.8267
14.7185
14.7708
14.6105
14.7549
14.6217
14.4639
14.7451
14.6652
14.4745
14.4781
14.476
14.4846
14.2088
14.2888
14.1861
14.3432
14.2991
14.2766
14.4147
14.4709
14.5135
14.4926
14.4745
14.465
14.5222
14.4783
14.4832
14.4986
14.4681
14.4902
14.4827
14.5037
14.2927
14.3793
14.3594
14.3381
14.3902
14.4806
14.5134
14.4963
14.5186
14.4606
14.5543
14.4637
14.496
14.4943
14.495
14.4938
14.4975
14.4993
14.4954
14.3492
14.368
14.3092
14.3415
14.3401
14.3487
14.3337
14.3504
14.3583
14.3544
14.3143
14.3466
14.373
14.3859
14.3341
14.3838
14.4803
14.4914
14.4802
14.4946
14.491
14.4945
14.3446
14.3605
14.3237
14.3253
14.3448
14.3221
14.3221
14.2466
14.2897
14.2252
14.1857
14.2381
14.3106
14.6279
14.6185
14.6495
14.633
14.6506
14.6175
14.6245
14.623
14.6712
14.7856
14.639
14.6295
14.7402
14.7425
14.698
14.4187
14.4782
14.4997
14.4412
14.4078
14.556
14.5208
14.5034
14.4495
14.7152
14.5554
14.7016
14.5994
14.6648
14.5273
14.656
14.8166
14.7565
14.7526
14.769
14.4597
14.4628
14.4911
14.4995
14.4009
14.369
14.3532
14.4341
14.4099
14.4122
14.4
14.4517
14.5245
14.2754
14.3731
14.4322
14.4966
14.4508
14.4627
14.5028
14.4152
14.5041
14.4674
14.5057
14.3823
14.4239
14.4242
14.4228
14.4485
14.47
14.5764
14.4814
14.4885
14.4703
14.5392
14.4873
14.4953
14.497
14.4998
14.4974
14.5048
14.5035
14.5084
14.4028
14.4244
14.3619
14.3878
14.3827
14.4057
14.3911
14.4102
14.4127
14.4198
14.3943
14.4432
14.4341
14.4562
14.4445
14.4758
14.4839
14.5132
14.4899
14.4988
14.5012
14.5036
14.3831
14.4113
14.3603
14.3632
14.3927
14.3875
14.3963
14.2688
14.3216
14.3532
14.3203
14.3851
14.4261
14.6137
14.5987
14.5975
14.6127
14.6041
14.5824
14.5972
14.5895
14.5988
14.7004
14.5823
14.5755
14.6647
14.6572
14.6217
14.5195
14.5221
14.5263
14.5395
14.4687
14.5188
14.5144
14.5169
14.4719
14.6165
14.5046
14.6071
14.5178
14.5735
14.4836
14.5635
14.6318
14.352
14.4974
14.4556
14.4537
14.5566
14.4852
14.477
14.586
14.4241
14.4491
14.3546
14.5506
14.4254
14.4437
14.4983
14.4748
14.517
14.4985
14.512
14.5086
14.5275
14.4559
14.4719
14.5184
14.4842
14.4903
14.4689
14.5273
14.5037
14.5261
14.4861
14.5282
14.5095
14.5108
14.5052
14.5095
14.5232
14.5154
14.5108
14.5121
14.4568
14.4837
14.4317
14.4563
14.4534
14.4785
14.4701
14.4891
14.494
14.4907
14.488
14.5039
14.5031
14.5184
14.5204
14.5295
14.5286
14.4583
14.4942
14.4327
14.4461
14.4814
14.4745
14.4915
14.3925
14.4564
14.4687
14.4439
14.5094
14.514
14.5654
14.521
14.5664
14.58
14.5747
14.5471
14.5578
14.5561
14.5604
14.6359
14.5477
14.549
14.6132
14.5966
14.5791
14.4886
14.4528
14.4792
14.4523
14.458
14.3969
14.446
14.3848
14.4265
14.5414
14.4646
14.5354
14.4882
14.5294
14.4564
14.5339
14.3223
14.4409
14.5499
14.4989
14.4858
14.5243
14.5031
14.489
14.4311
14.526
14.3716
14.42
14.3606
14.5121
14.5127
14.5306
14.5325
14.5271
14.5279
14.5405
14.509
14.4609
14.5428
14.5144
14.5333
14.5086
14.5196
14.5261
14.5297
14.5301
14.5406
14.5494
14.5368
14.5405
14.5506
14.5332
14.539
14.5538
14.5584
14.5372
14.5416
14.5624
14.5196
14.5381
14.5684
14.5509
14.5677
14.4896
14.5554
14.5554
14.5252
14.5874
14.5547
14.4994
14.4862
14.5276
14.533
14.5391
14.5127
14.4983
14.5268
14.538
14.5962
14.5233
14.5263
14.5822
14.5679
14.5601
14.4378
14.4285
14.4328
14.3523
14.4069
14.3991
14.4429
14.3597
14.3972
14.5324
14.4527
14.5493
14.4829
14.5389
14.4486
14.5641
14.5112
14.5188
14.4995
14.5051
14.4914
14.4811
14.5048
14.4966
14.4359
14.4479
14.3959
14.4297
14.4392
14.5352
14.5344
14.5268
14.5311
14.5371
14.5111
14.5384
14.4832
14.4983
14.5326
14.5443
14.5511
14.539
14.553
14.5638
14.5422
14.5438
14.5618
14.5726
14.5421
14.5627
14.5621
14.5465
14.5451
14.5657
14.5636
14.5364
14.5805
14.5907
14.5753
14.5922
14.6108
14.5929
14.6075
14.5447
14.608
14.5984
14.5546
14.6171
14.5696
14.4627
14.4591
14.5062
14.4839
14.5198
14.5073
14.4904
14.5171
14.5188
14.5711
14.5197
14.5212
14.5713
14.5553
14.5612
14.4264
14.4244
14.4423
14.3786
14.3784
14.4401
14.4414
14.3907
14.3572
14.5487
14.4497
14.5723
14.5017
14.5644
14.4534
14.5767
14.4967
14.486
14.4693
14.505
14.5006
14.4608
14.5084
14.5061
14.3985
14.4082
14.3863
14.3863
14.3989
14.5274
14.5389
14.532
14.5265
14.5416
14.4777
14.5242
14.4379
14.4618
14.5216
14.5568
14.5638
14.5482
14.5698
14.5748
14.5524
14.559
14.5817
14.5822
14.5501
14.5683
14.5658
14.5578
14.5558
14.573
14.5688
14.5381
14.5978
14.6061
14.6084
14.6194
14.624
14.6225
14.6268
14.5574
14.6218
14.6144
14.5591
14.6226
14.5752
14.4686
14.491
14.5142
14.4986
14.5215
14.5287
14.5124
14.5356
14.5325
14.5832
14.5501
14.5516
14.6038
14.5786
14.6035
14.4312
14.4528
14.451
14.4043
14.3488
14.4565
14.4747
14.4268
14.3758
14.5892
14.4812
14.5914
14.5561
14.6246
14.5159
14.619
14.5079
14.5434
14.4581
14.5144
14.5127
14.4639
14.5243
14.522
14.4179
14.4182
14.4657
14.4649
14.4598
14.5299
14.5484
14.5416
14.5399
14.5606
14.4592
14.5273
14.4633
14.4751
14.5402
14.5741
14.5883
14.5708
14.5973
14.594
14.5799
14.5867
14.6143
14.613
14.5651
14.58
14.5757
14.5809
14.5765
14.5878
14.5839
14.5598
14.6183
14.6319
14.6306
14.6314
14.6319
14.6316
14.6318
14.5644
14.6235
14.6223
14.5778
14.6273
14.5805
14.5148
14.5463
14.5503
14.5316
14.5566
14.5749
14.5578
14.5822
14.5791
14.6366
14.61
14.6074
14.6707
14.6397
14.6745
14.4901
14.538
14.5097
14.4657
14.4388
14.5304
14.5471
14.5175
14.5106
14.6597
14.5666
14.6471
14.6215
14.6913
14.6043
14.6724
14.58
14.615
14.4852
14.5433
14.5356
14.5201
14.5705
14.5593
14.5137
14.5165
14.543
14.5494
14.5622
14.5562
14.5807
14.5853
14.5826
14.6056
14.5137
14.559
14.5265
14.5451
14.5767
14.6064
14.6291
14.6037
14.6352
14.633
14.6272
14.6255
14.6572
14.6564
14.5915
14.6009
14.5993
14.6201
14.6071
14.6166
14.614
14.5969
14.6453
14.662
14.6341
14.6382
14.6546
14.6445
14.6507
14.5956
14.6384
14.6442
14.6182
14.6488
14.6108
14.5872
14.6327
14.6039
14.5916
14.613
14.6418
14.6338
14.646
14.6326
14.6952
14.6752
14.6594
14.7154
14.6984
14.7256
14.5886
14.6373
14.5872
14.5727
14.5688
14.6263
14.6264
14.6268
14.6109
14.7176
14.6236
14.697
14.6771
14.7443
14.6302
14.7213
14.6484
14.6807
14.5623
14.6032
14.5901
14.6082
14.64
14.6254
14.5738
14.5998
14.6044
14.5982
14.6422
14.6135
14.6364
14.6551
14.6469
14.6738
14.5823
14.6029
14.5905
14.6189
14.6254
14.6599
14.6939
14.6497
14.6823
14.6801
14.6925
14.68
14.7085
14.7051
14.6256
14.636
14.6341
14.6639
14.6435
14.6549
14.6514
14.6415
14.6825
14.705
14.6616
14.672
14.6922
14.6808
14.6939
14.6399
14.6591
14.6709
14.6609
14.6703
14.6551
14.6778
14.7375
14.6846
14.6812
14.6856
14.7357
14.727
14.7301
14.6837
14.7307
14.7283
14.7117
14.7402
14.7513
14.7722
14.6849
14.7307
14.6778
14.6819
14.649
14.7368
14.737
14.7299
14.7012
14.7746
14.6364
14.7394
14.731
14.7977
14.6803
14.7542
14.7077
14.7344
14.6571
14.6827
14.6662
14.7043
14.7282
14.7091
14.6263
14.6839
14.6927
14.6556
14.7308
14.6847
14.713
14.7399
14.724
14.7524
14.6512
14.6505
14.638
14.6806
14.672
14.73
14.7671
14.7098
14.7363
14.7295
14.7603
14.7406
14.763
14.754
14.6612
14.6717
14.67
14.6994
14.6779
14.6897
14.6868
14.6842
14.7294
14.7536
14.7041
14.72
14.7392
14.7276
14.7449
14.6785
14.6858
14.7007
14.6921
14.7019
14.6916
14.8003
14.8584
14.8093
14.7973
14.7886
14.9041
14.8707
14.876
14.7524
14.7622
14.8359
14.8116
14.8112
14.8055
14.8519
14.7739
14.8194
14.7939
14.767
14.7544
14.8285
14.8465
14.8017
14.8007
14.8216
14.7724
14.7813
14.8032
14.8549
14.883
14.8075
14.7751
14.8258
14.7475
14.7742
14.7522
14.7886
14.8199
14.7921
14.6892
14.7907
14.8009
14.7324
14.8548
14.7611
14.7906
14.8217
14.7944
14.8259
14.7085
14.6963
14.679
14.7417
14.7246
14.8043
14.8384
14.7706
14.7899
14.7779
14.8197
14.798
14.8134
14.8006
14.6925
14.7045
14.7026
14.7369
14.7078
14.7183
14.7163
14.7276
14.7783
14.8005
14.7525
14.7691
14.7863
14.7726
14.7894
14.7115
14.7196
14.7365
14.7303
14.7383
14.7281
14.9147
14.9714
14.9631
14.9196
14.9481
15.0029
14.9734
14.9897
14.8961
14.885
14.9933
14.9765
14.9533
14.9007
14.9414
14.8626
14.8998
14.8916
14.843
14.8632
14.9132
14.9399
14.8874
14.915
14.8871
14.9438
14.8406
14.8886
14.9198
14.9425
14.9132
14.8813
14.9371
14.8292
14.8645
14.8288
14.8676
14.904
14.8594
14.7706
14.8949
14.8742
14.8008
14.9201
14.823
14.8559
14.8802
14.8434
14.8782
14.7783
14.7524
14.7289
14.8114
14.772
14.8666
14.8871
14.82
14.835
14.8205
14.8578
14.8312
14.8511
14.834
14.7223
14.7381
14.7328
14.7756
14.7353
14.7635
14.7535
14.7665
14.8198
14.8329
14.7898
14.8056
14.8186
14.8033
14.8174
14.7503
14.7572
14.7749
14.7715
14.7745
14.7717
15.0237
15.0664
15.077
15.0595
15.0589
15.1372
15.1175
15.1199
15.0326
14.9895
15.099
15.0609
15.0166
14.9717
14.9955
14.9289
14.9499
14.9899
14.9223
14.9384
14.9942
15.0212
14.9416
14.9414
14.9525
14.9316
14.9884
14.9387
14.973
14.9184
15.0275
14.9775
14.9885
14.8955
14.9307
14.8807
14.9097
14.9426
14.8902
14.8191
14.92
14.8941
14.8268
14.9038
14.8529
14.892
14.8957
14.8523
14.8973
14.8365
14.7886
14.7654
14.8488
14.7985
14.9008
14.9068
14.8365
14.8621
14.8451
14.8665
14.8339
14.8681
14.8543
14.7444
14.7973
14.7782
14.8164
14.7513
14.8312
14.8036
14.7933
14.8422
14.8482
14.814
14.826
14.8344
14.8235
14.8328
14.7925
14.7924
14.8072
14.8104
14.8076
14.8195
15.069
15.0501
15.1514
15.1409
15.1459
15.1114
15.1132
15.1146
15.0598
15.0513
15.0169
15.0288
15.0523
15.0075
14.9914
14.9612
14.9648
15.0251
14.9483
14.9359
15.0017
15.0141
14.9454
14.927
14.972
14.8988
15.009
14.9278
14.959
14.8741
14.9577
14.9819
14.9679
14.9111
14.9419
14.8901
14.9069
14.9358
14.8824
14.8222
14.8845
14.8549
14.805
14.8615
14.8447
14.8972
14.8795
14.832
14.893
14.8503
14.7925
14.7636
14.8406
14.78
14.9067
14.902
14.8273
14.8716
14.8614
14.8574
14.8196
14.8722
14.8663
14.7496
14.8586
14.8237
14.8388
14.7479
14.8687
14.8291
14.8028
14.8534
14.8579
14.8324
14.8391
14.8474
14.8426
14.8462
14.8254
14.8218
14.834
14.8385
14.8345
14.8547
15.0289
15.0119
15.0566
15.0673
15.0604
15.0236
15.0306
15.0205
15.0044
15.0263
14.9643
14.99
14.9988
14.969
14.9476
14.9642
14.9642
15.0015
14.9407
14.9198
14.9961
14.9913
14.9371
14.9144
14.936
14.8394
14.8973
14.9038
14.9106
14.7821
14.8343
14.9375
14.8963
14.8991
14.9247
14.8676
14.8903
14.9115
14.85
14.7904
14.8367
14.8033
14.7803
14.8242
14.8171
14.887
14.852
14.8047
14.8789
14.8298
14.7803
14.7538
14.8309
14.8108
14.8948
14.8864
14.811
14.8721
14.8699
14.841
14.8062
14.872
14.8728
14.7572
14.8639
14.8276
14.8279
14.7869
14.8518
14.8273
14.8676
14.8624
14.8661
14.8529
14.8546
14.8616
14.8625
14.8626
14.8519
14.8452
14.8573
14.8657
14.8545
14.8672
14.9989
14.9932
14.9894
15.0015
14.9799
14.9494
14.9802
14.941
14.9384
14.9735
14.9314
14.8827
14.9472
14.9238
14.8958
14.9649
14.9706
14.9874
14.9374
14.9135
15.0139
14.9888
14.942
14.9139
14.8753
14.7326
14.7894
14.797
14.8351
14.71
14.7646
14.8646
14.8469
14.8825
14.8975
14.8334
14.8788
14.8835
14.8192
14.7776
14.8217
14.7651
14.785
14.8279
14.7922
14.8684
14.828
14.7794
14.8561
14.8455
14.8677
14.8048
14.8743
14.9476
14.877
14.8665
14.8028
14.871
14.8754
14.8235
14.7967
14.868
14.877
14.8414
14.8647
14.8411
14.8589
14.9263
14.8945
14.8821
15.0135
14.8694
14.8742
14.8698
14.8712
14.8727
14.8806
14.8816
14.8815
14.8656
14.8741
14.8986
14.8754
14.9062
14.9919
14.9956
14.9211
14.9677
14.9217
14.911
14.9623
14.9136
14.8742
14.9467
14.902
14.8937
14.9452
14.8658
14.8719
14.9758
14.9833
14.9951
14.9487
14.9187
15.0377
15.002
14.9564
14.9217
14.8109
14.6952
14.7511
14.7869
14.8003
14.6194
14.7356
14.8347
14.8147
14.8782
14.8676
14.8073
14.8797
14.8524
14.7977
14.8
14.8412
14.7258
14.8147
14.8563
14.7679
14.8426
14.8052
14.7593
14.8291
14.9186
15.0385
14.9028
14.9651
15.1175
14.8538
14.8408
14.7914
14.8632
14.8814
14.8021
14.783
14.8574
14.8835
14.9927
14.9216
14.9365
14.9407
15.0286
14.9354
14.9666
15.1089
14.8804
14.8809
14.8923
14.8931
14.8903
14.9007
14.9014
14.9063
14.8878
14.8907
14.9084
14.8957
14.9333
14.9972
15.0004
14.9189
14.9583
14.9066
14.9184
14.9539
14.8966
14.891
14.8962
14.8932
14.8611
14.8544
14.8697
14.8695
14.9887
14.9915
15.0076
14.9632
14.9246
15.0505
15.0096
14.9662
14.9238
14.7701
14.5308
14.7017
14.7321
14.71
14.4619
14.6618
14.7839
14.7487
14.8806
14.8418
14.7905
14.8807
14.8368
14.7845
14.8444
14.8767
14.6905
14.8542
14.8866
14.7541
14.8168
14.7961
14.7499
14.8054
15.0164
15.1449
15.0102
15.0666
15.1097
14.8303
14.8218
14.7769
14.8535
14.8833
14.7869
14.7721
14.8504
14.8799
15.0378
14.939
14.9763
14.9607
15.0361
14.9386
14.975
15.0756
14.8955
14.9002
14.9016
14.9023
14.8979
14.8999
14.9004
14.9086
14.898
14.8987
14.9088
14.8991
14.9329
14.9993
14.9994
14.9083
14.9515
14.8881
14.8997
14.9514
14.8805
14.8323
14.828
14.8275
14.803
14.7785
14.8408
14.7351
14.9878
14.9791
15.0095
14.9637
14.9191
15.0417
15.0053
14.956
14.9095
14.6513
14.4415
14.6443
14.5577
14.6043
14.3977
14.6282
14.718
14.6882
14.8779
14.8319
14.7794
14.8725
14.827
14.7753
14.8558
14.8914
14.647
14.8464
14.8695
14.7457
14.7964
14.7882
14.7435
14.7912
15.0919
15.0677
15.0051
15.0855
15.0377
14.814
14.8077
14.7697
14.8481
14.875
14.7713
14.7669
14.8478
14.8693
15.0343
14.9373
14.984
14.9833
15.0213
14.9483
14.9959
15.0275
14.8881
14.8754
14.8941
14.8981
14.8874
14.8932
14.9
14.9117
14.9023
14.9078
14.9168
14.9082
14.9468
14.995
14.991
14.894
14.9519
14.8739
14.8922
14.9542
14.87
14.7756
14.7156
14.7854
14.755
14.6616
14.6116
14.5154
14.9637
14.9443
14.9977
14.9425
14.897
15.0093
14.9865
14.9254
14.8798
14.5432
14.3486
14.6008
14.3181
14.4644
14.3108
14.5494
14.6435
14.5921
14.864
14.8229
14.7733
14.854
14.8194
14.7726
14.8272
14.8501
14.6327
14.8223
14.7825
14.7433
14.7869
14.7869
14.7449
14.7823
15.0502
15.0081
15.002
14.9952
14.966
14.8033
14.801
14.7645
14.8485
14.8636
14.7714
14.7649
14.8491
14.8609
15.0008
14.9585
14.9891
14.9467
14.9786
14.9682
14.9941
14.9902
14.8672
14.8641
14.8979
14.9055
14.8961
14.9056
14.9141
14.9255
14.9153
14.9261
14.9373
14.9256
14.9597
14.9851
14.9813
14.8948
14.9587
14.8708
14.9049
14.9653
14.8788
14.745
14.6257
14.7791
14.7457
14.606
14.4407
14.3971
14.9224
14.9027
14.974
14.9068
14.8633
14.9639
14.9611
14.8906
14.8502
14.3804
14.286
14.4979
14.1957
14.3075
14.2517
14.443
14.5547
14.5392
14.8429
14.816
14.7733
14.8337
14.8147
14.7766
14.7967
14.7992
14.701
14.8051
14.8487
14.7491
14.7801
14.7923
14.7564
14.7839
14.9484
14.9356
14.9786
14.9167
14.927
14.8024
14.8101
14.7695
14.8543
14.8654
14.7864
14.7839
14.866
14.8766
14.9603
14.9817
14.99
14.9349
14.9451
14.9846
14.9741
14.9572
14.868
14.8795
14.9202
14.9288
14.9274
14.9363
14.9453
14.9537
14.9412
14.9591
14.9774
14.9571
14.9888
14.9792
14.9805
14.9234
14.974
14.8941
14.951
14.9851
14.9167
14.7639
14.6125
14.8274
14.7986
14.6545
14.3942
14.4703
14.8879
14.8779
14.9507
14.8764
14.8421
14.9352
14.9437
14.866
14.8385
14.2986
14.2588
14.4379
14.3067
14.3431
14.3406
14.5075
14.5593
14.6384
14.8267
14.8151
14.7823
14.8203
14.8209
14.7885
14.7864
14.8714
14.8152
14.8199
14.8756
14.7663
14.7922
14.8059
14.7774
14.8025
14.9145
14.929
14.9246
14.9212
14.9359
14.8228
14.8411
14.8057
14.8877
14.8975
14.8267
14.8346
14.9111
14.9476
14.938
14.9741
14.9658
14.9313
14.9352
14.9691
14.9614
14.9505
14.9045
14.9505
14.9593
14.9653
14.9755
14.9883
14.9898
14.9907
14.9735
14.998
14.9958
14.9966
14.9964
14.9828
14.9843
14.9836
14.9967
14.9453
15.0174
15.0089
14.9726
14.8442
14.7238
14.9076
14.8904
14.7994
14.587
14.7275
14.8698
14.864
14.9376
14.8574
14.836
14.9143
14.9307
14.8491
14.8348
14.5167
14.5291
14.638
14.6651
14.7339
14.7425
14.7823
14.7675
14.8967
14.8153
14.8245
14.7988
14.8157
14.8302
14.8116
15.0178
14.9767
15.0224
15.1367
15.0661
14.794
14.817
14.8324
14.8169
14.8377
14.9533
14.9507
14.9652
14.9932
14.9634
14.8578
14.8841
14.8955
14.9411
15.0221
14.8926
14.9638
14.9788
15.0816
14.938
14.9658
14.9615
14.9316
14.9393
14.9678
14.9618
14.9604
15.0121
15.0638
15.0145
15.0142
15.0486
15.0378
15.0401
15.0107
15.019
15.0538
15.0275
15.0493
14.9965
14.9805
14.9734
15.0454
15.0152
14.9946
15.0631
15.0156
15.0078
14.9255
14.8629
14.9553
14.9443
14.9003
14.842
14.886
14.8621
14.8659
14.9219
14.8409
14.8365
14.8922
14.9123
14.8367
14.8442
14.8603
14.8493
14.8834
14.8246
14.8985
14.8588
14.915
14.9496
14.9448
14.8233
14.8401
14.8272
14.8378
14.8552
14.8456
15.1016
15.0628
15.0572
15.0333
15.0213
14.8392
14.8599
14.8755
14.8661
14.8775
15.0037
14.9679
14.9757
14.9884
14.9616
14.9128
14.9546
15.0156
15.0185
15.1067
15.0021
15.0383
15.0726
15.1156
14.9387
14.9683
14.9619
14.9225
14.9343
14.9633
14.9577
14.9551
15.0953
15.1111
15.0668
15.0664
15.0962
15.0898
15.0807
15.0293
15.0578
15.0514
15.0243
15.0573
14.9975
14.9669
14.9571
15.0668
15.009
15.0086
15.0531
14.9962
14.9972
14.9455
14.9085
14.9453
14.9333
14.8967
14.8817
14.8653
14.8738
14.8833
14.9092
14.8391
14.8606
14.8897
14.9094
14.8478
14.8825
14.8955
14.8269
14.8989
14.769
14.8691
14.7786
14.8646
14.9078
14.8639
14.853
14.8757
14.8635
14.8649
14.8916
14.8783
14.974
14.9706
14.918
14.9243
14.9278
14.9093
14.918
14.9324
14.9405
14.9605
14.9614
14.9488
14.9269
14.9344
14.934
14.9908
15.0087
15.0472
15.0964
15.1049
15.0344
15.0406
15.0709
15.0742
14.9257
14.954
14.9499
14.9005
14.9164
14.9459
14.9417
14.9337
15.1089
15.0911
15.088
15.0784
15.0832
15.0645
15.0673
15.0129
15.0436
15.0293
14.9969
15.0253
14.9784
14.9541
14.9551
15.026
14.9781
14.9729
14.9892
14.9569
14.9408
14.9111
14.8744
14.8976
14.8816
14.8473
14.844
14.8231
14.8877
14.892
14.9118
14.8596
14.8951
14.9024
14.9192
14.8747
14.8989
14.8459
14.7311
14.8318
14.7199
14.8308
14.6963
14.8013
14.8326
14.8161
14.8742
14.8993
14.8896
14.8801
14.9006
14.8937
14.8934
14.899
14.8661
14.8773
14.8836
14.9527
14.9824
14.9586
14.9653
15.0018
14.9133
14.921
14.8924
14.8988
14.9112
15.0158
15.0111
15.0285
15.0485
15.0453
15.0261
15.0176
15.0306
15.0215
14.9067
14.9352
14.9332
14.8802
14.8986
14.9267
14.9255
14.9154
15.0665
15.0429
15.0324
15.0443
15.0343
15.0038
15.0213
14.9804
15.0033
14.9964
14.965
14.9862
14.9573
14.955
14.951
14.9473
14.9344
14.905
14.9047
14.9085
14.8696
14.8466
14.8179
14.8365
14.8092
14.7933
14.8045
14.7934
14.901
14.9004
14.9181
14.8855
14.8918
14.9115
14.9095
14.8818
14.8698
14.8251
14.6743
14.7872
14.727
14.8286
14.6701
14.7864
14.8187
14.8328
14.882
14.9114
14.9005
14.8888
14.9228
14.9007
14.8708
14.8791
14.8681
14.8715
14.8798
14.9699
15.0032
14.9755
14.9751
14.9892
14.8911
14.9052
14.8795
14.8879
14.9026
15.0085
15.0062
15.003
15.0149
15.0036
14.9941
14.9851
14.9992
14.9855
14.8926
14.9182
14.9194
14.8662
14.8883
14.9121
14.9146
14.9072
15.0221
15.0002
14.9825
14.9997
14.9993
14.9697
14.9854
14.9521
14.9677
14.9698
14.9412
14.9553
14.9406
14.932
14.9039
14.8666
14.877
14.8367
14.8378
14.8438
14.8098
14.7772
14.7726
14.7988
14.7601
14.7701
14.7943
14.8109
14.9048
14.9027
14.8929
14.877
14.8305
14.9115
14.8652
14.8583
14.7826
14.8398
14.6877
14.8023
14.7832
14.8626
14.7197
14.8347
14.8545
14.8772
14.8926
14.9232
14.8878
14.886
14.9031
14.865
14.8749
14.8842
14.8849
14.8798
14.8899
14.9725
14.9746
14.9589
14.9492
14.9466
14.8896
14.903
14.8805
14.8924
14.9055
14.9974
14.9759
14.9604
14.9817
14.9706
14.9522
14.9307
14.961
14.9568
14.8862
14.9063
14.9115
14.8583
14.8855
14.9028
14.9098
14.9077
14.9836
14.9713
14.9575
14.9738
14.9785
14.945
14.9619
14.9318
14.9436
14.9476
14.9224
14.934
14.9289
14.8739
14.8494
14.8193
14.8182
14.7945
14.814
14.8091
14.7947
14.7633
14.7852
14.8139
14.7825
14.8192
14.8477
14.887
14.8843
14.8564
14.8345
14.8274
14.7314
14.8596
14.8097
14.7982
14.6897
14.8939
14.757
14.8687
14.8621
14.9299
14.7998
14.896
14.8929
14.906
14.8654
14.8702
14.8387
14.8374
14.834
14.8076
14.886
14.8985
14.8988
14.8911
14.9066
14.9096
14.9075
14.882
14.8634
14.8687
14.8985
14.9102
14.8916
14.9047
14.9167
14.9439
14.9072
14.8988
14.9336
14.9317
14.8923
14.8661
14.9038
14.9017
14.8869
14.8999
14.91
14.8563
14.8892
14.8992
14.9114
14.9146
14.95
14.9227
14.926
14.9448
14.9289
14.9061
14.9265
14.9141
14.9244
14.9211
14.9066
14.9145
14.9209
14.8368
14.8375
14.8271
14.8157
14.8091
14.8509
14.8324
14.8344
14.8181
14.8642
14.8801
14.8585
14.9054
14.9199
14.9524
14.8297
14.8162
14.7961
14.7777
14.6733
14.8257
14.7936
14.7718
14.6784
14.959
14.8401
14.9147
14.935
14.9734
14.8761
14.9314
14.9208
14.9374
14.8151
14.796
14.7672
14.8051
14.7589
14.7285
14.9005
14.9183
14.9206
14.9139
14.9312
14.8241
14.8294
14.7936
14.7827
14.8031
14.9134
14.9246
14.9065
14.9223
14.9332
14.8711
14.8382
14.8387
14.8762
14.8766
14.8267
14.8148
14.85
14.8546
14.8934
14.8999
14.9144
14.8615
14.8979
14.9023
14.9186
14.9262
14.8972
14.8754
14.8864
14.9085
14.887
14.8702
14.8932
14.9008
14.9071
14.9003
14.8969
14.9002
14.9193
14.8446
14.8515
14.8807
14.8519
14.865
14.9123
14.8717
14.8987
14.892
14.9403
14.9386
14.9243
14.9734
14.9805
14.9989
14.8138
14.8184
14.7997
14.7676
14.6994
14.8192
14.8057
14.7666
14.7201
14.9817
14.9041
14.9471
14.984
14.9899
14.926
14.959
14.9526
14.9648
14.8016
14.7546
14.7301
14.8464
14.8067
14.7974
14.9289
14.9463
14.9494
14.9414
14.9582
14.7332
14.7744
14.7389
14.732
14.764
14.9335
14.9427
14.9273
14.9437
14.952
14.8075
14.7916
14.7988
14.8306
14.84
14.7939
14.796
14.821
14.8324
14.9038
14.9072
14.9244
14.8751
14.9102
14.9131
14.9311
14.9435
14.8603
14.8532
14.8596
14.8831
14.8696
14.8549
14.8772
14.8973
14.8986
14.8948
14.8999
14.8976
14.9254
14.8583
14.8628
14.9434
14.8901
14.9316
14.9785
14.9018
14.9637
14.9588
15.0035
15.0101
15.0007
15.0247
15.0089
15.0166
14.8398
14.8208
14.8034
14.7761
14.7309
14.7288
14.7982
14.724
14.7196
14.9975
14.9459
14.9712
15.0026
15.0036
14.9637
14.9814
14.9772
14.9879
14.8688
14.879
14.8607
14.8401
14.8877
14.8567
14.954
14.9708
14.973
14.9649
14.9809
14.7792
14.788
14.8372
14.8158
14.8097
14.9548
14.9626
14.9486
14.965
14.9715
14.7999
14.8144
14.8028
14.8222
14.8328
14.8104
14.8132
14.83
14.8385
14.9173
14.9213
14.9391
14.8961
14.9254
14.9294
14.9473
14.9635
14.853
14.858
14.8572
14.8778
14.8734
14.8617
14.881
14.9051
14.9025
14.9022
14.9118
14.907
14.9381
14.8643
14.8731
14.9928
14.9279
14.9931
15.0219
14.9842
15.0213
15.0334
15.0346
15.0605
15.053
15.0371
15.0207
15.0214
14.7365
14.6928
14.791
14.628
14.6949
14.6874
14.7848
14.6049
14.7202
15.0079
14.9733
14.9894
15.0086
15.0092
14.9778
14.9947
14.9944
14.9986
14.7997
14.8496
14.8278
14.7889
14.8248
14.8105
14.9751
14.9913
14.9901
14.9838
14.9997
14.8282
14.8253
14.8398
14.8278
14.84
14.9748
14.9816
14.9667
14.9829
14.9896
14.8289
14.8426
14.8256
14.842
14.8479
14.8397
14.8408
14.8555
14.8589
14.9335
14.939
14.9556
14.9205
14.9417
14.9472
14.9633
14.9817
14.8665
14.8769
14.8706
14.8893
14.8892
14.8798
14.8972
14.9203
14.9165
14.9175
14.9291
14.9236
14.9535
14.9208
14.9652
15.0679
15.0314
15.0516
15.0803
15.0479
15.0639
15.0559
15.0341
15.0567
15.0409
15.0259
15.019
15.0136
14.7368
14.8064
14.834
14.6853
14.7608
14.868
14.9061
14.7993
14.8314
15.0091
14.9809
14.9989
15.0033
15.0079
14.981
15.0005
15.0014
15.0032
14.8048
14.8312
14.8186
14.834
14.8514
14.8451
14.9916
15.0082
15
14.9979
15.0151
14.8374
14.8592
14.8677
14.8611
14.8808
14.9904
14.9975
14.9815
14.9963
15.0036
14.8589
14.8769
14.8566
14.8713
14.87
14.8742
14.8675
14.8853
14.8811
14.9491
14.9555
14.9702
14.9442
14.9555
14.9619
14.9759
14.9954
14.8913
14.9048
14.8909
14.9078
14.9126
14.9004
14.9157
14.9379
14.9356
14.9327
14.9453
14.9435
14.9657
15.0148
15.0348
15.0491
15.0308
15.0374
15.018
15.0124
15.0111
15.0198
15.0149
15.0067
15.0016
15.0034
15.0071
15.0018
14.8633
14.9037
14.9731
14.8763
14.8914
14.9753
14.9997
14.9111
14.913
15.0058
14.9821
15.0005
14.9973
15.0027
14.9878
14.9992
15.0047
15.0063
14.8698
14.8795
14.8754
14.9019
14.9078
14.9051
15.0038
15.0213
15.0072
15.0081
15.0256
14.8874
14.9003
14.9116
14.9104
14.9175
15.0012
15.0088
14.9908
15.0049
15.0126
14.8941
14.9104
14.8772
14.8969
14.8921
14.9041
14.8855
14.9057
14.901
14.9605
14.9666
14.9803
14.9608
14.9657
14.9693
14.9836
15.0046
14.9158
14.9212
14.9062
14.9217
14.9221
14.909
14.9231
14.9517
14.9508
14.9399
14.9546
14.9527
14.9705
15.0091
14.9847
14.9953
14.9915
14.9911
14.9821
14.9768
14.9788
14.9879
14.9937
14.9812
14.9787
14.9876
14.9979
14.9951
14.926
14.9398
14.991
14.9293
14.9197
14.9537
14.9736
14.9324
14.9273
15.0006
14.9953
14.999
14.9937
15.0006
14.9957
15.0008
15.0084
15.0106
14.9282
14.9318
14.9306
14.9506
14.9483
14.9492
15.0118
15.0284
15.0136
15.0144
15.0301
14.9303
14.932
14.9473
14.9463
14.9435
15.0075
15.0154
14.9971
15.0099
15.0178
14.9239
14.9349
14.8942
14.914
14.9103
14.9231
14.9024
14.9217
14.9169
14.9706
14.9705
14.9847
14.9702
14.9771
14.9701
14.9824
15.0074
14.9248
14.9303
14.9111
14.9248
14.9218
14.9153
14.9268
14.9556
14.9536
14.942
14.957
14.9544
14.9711
14.9696
14.9647
14.9762
14.9688
14.9725
14.9753
14.9656
14.9698
14.9748
14.9858
14.9796
14.9773
14.9885
14.995
14.9979
14.9505
14.9586
14.9591
14.9417
14.935
14.9527
14.9543
14.9529
14.944
15.0023
14.9931
15.0035
14.9943
15.0072
14.9912
15.0072
15.0131
15.0164
14.962
14.9598
14.9613
14.97
14.9687
14.9693
15.0168
15.0311
15.0186
15.0195
15.0324
14.9576
14.9524
14.9654
14.9628
14.9589
15.012
15.0187
15.0021
15.0146
15.0208
14.9436
14.9511
14.9112
14.9302
14.924
14.9364
14.9204
14.9389
14.9328
14.9846
14.9705
14.9802
14.9799
14.9907
14.9707
14.9804
15.0103
14.9382
14.9472
14.9204
14.9313
14.9456
14.9263
14.9359
14.959
14.9582
14.9488
14.9619
14.9621
14.9733
14.9676
14.9754
14.9785
14.9695
14.9721
14.9871
14.979
14.9824
14.985
14.9947
14.9954
14.9954
15.004
15.0028
15.011
14.9622
14.96
14.9579
14.955
14.9556
14.9678
14.9673
14.9573
14.9644
15.0139
14.9939
15.0114
15.0026
15.0203
14.9977
15.0163
15.0204
15.0261
14.9755
14.9749
14.9731
14.9703
14.9761
14.9692
15.0227
15.0346
15.0246
15.0268
15.0376
14.964
14.9634
14.9677
14.9617
14.965
15.0176
15.0234
15.012
15.0211
15.026
14.9566
14.9591
14.9274
14.948
14.9432
14.9462
14.9329
14.956
14.9575
14.9944
14.9728
14.9838
14.9847
14.9974
14.9764
14.9873
15.0104
14.9564
14.9677
14.9292
14.9399
14.9722
14.9325
14.9434
14.9657
14.9676
14.9587
14.9709
14.9725
14.9803
14.9867
14.9975
15.0009
14.9925
14.9972
15.0156
15.0052
15.0098
15.0069
15.0152
15.0167
15.0167
15.0259
15.0232
15.0317
14.9603
14.9661
14.9765
14.9681
14.9707
14.9795
14.9834
14.9739
14.9801
15.0284
15.0027
15.0227
15.0206
15.0373
15.0103
15.0301
15.0326
15.0394
14.9626
14.9728
14.961
14.9589
14.9671
14.9538
15.0323
15.0413
15.0342
15.0378
15.045
14.9581
14.9644
14.9606
14.953
14.9618
15.0252
15.028
15.0251
15.0298
15.0312
14.9604
14.9614
14.9392
14.9643
14.9741
14.9526
14.9457
14.9723
14.9866
14.9994
14.9819
14.9916
14.9899
15.0013
14.9877
14.9957
15.0129
14.9743
15.0009
14.9359
14.9474
14.9884
14.9411
14.9512
14.977
14.9777
14.9692
14.9828
14.9821
14.9908
14.9992
14.9971
15.0275
15.016
15.0231
15.0338
15.0212
15.0335
15.0273
15.0362
15.0357
15.0354
15.0427
15.0384
15.0448
14.9692
14.9682
14.9831
14.9735
14.9841
14.9832
14.9766
14.9677
14.9729
15.044
15.0205
15.0368
15.0364
15.0474
15.0331
15.0418
15.0457
15.0499
14.9561
14.9615
14.9485
14.955
14.9551
14.9407
15.0437
15.0483
15.0445
15.0484
15.0512
14.9472
14.9577
14.9497
14.9428
14.9532
15.034
15.0337
15.0355
15.0379
15.037
14.9611
14.9604
14.9539
14.978
14.9934
14.9556
14.958
14.9777
14.985
15.0044
14.9946
15.0012
14.9995
15.0088
15.001
15.0069
15.0199
15.0187
15.0072
14.9471
14.9552
14.9737
14.9507
14.9576
14.989
14.9863
14.9765
14.9943
14.9903
15.001
14.9922
14.9828
15.0302
15.0155
15.0335
15.0252
15.0019
15.0237
15.0413
15.0463
15.0435
15.0432
15.0445
15.0468
15.0422
14.9637
14.9645
14.9723
14.9611
14.9597
14.9837
14.9716
14.9624
14.9615
15.0472
15.0396
15.0441
15.0394
15.0437
15.0398
15.0435
15.051
15.0492
14.9525
14.9505
14.9338
14.9541
14.9512
14.9359
15.0517
15.0515
15.049
15.0537
15.0526
14.9415
14.9488
14.9467
14.9438
14.9475
15.0423
15.0395
15.0444
15.0466
15.0417
14.9614
14.9653
14.964
14.9766
14.979
14.9665
14.971
14.9794
14.9839
15.0148
15.0064
15.0131
15.012
15.021
15.012
15.0191
15.0304
14.9899
14.9835
14.9526
14.9609
14.9672
14.9591
14.9678
15.0002
14.9945
14.9862
15.0054
14.9977
15.012
14.9757
14.9716
15.0114
14.9897
15.007
14.9942
14.9784
14.9889
15.0354
15.0391
15.0264
15.024
15.0322
15.0397
15.0394
14.9719
14.9816
14.9685
14.9632
14.9715
14.9794
14.9676
14.9652
14.9822
15.0401
15.0372
15.0418
15.0338
15.0378
15.0319
15.0404
15.0471
15.0455
14.9619
14.9579
14.9443
14.9741
14.9646
14.9558
15.0527
15.0528
15.0488
15.0517
15.0529
14.9525
14.9544
14.9664
14.9706
14.9676
15.0498
15.0449
15.0491
15.0519
15.0481
14.9643
14.9747
14.9783
14.9877
14.9937
14.9831
14.9828
14.9973
14.9984
15.0272
15.0173
15.0253
15.0235
15.0328
15.0212
15.0305
15.0406
14.987
14.9935
14.9693
14.9811
14.9928
14.9831
14.9993
15.0111
15.0016
15.0022
15.0153
15.0065
15.0213
14.9693
14.968
14.9784
14.9691
14.9736
14.9692
14.9642
14.963
15.0122
15.0263
15.0036
15.0028
15.0226
15.0359
15.0333
14.9922
15.0005
14.9669
14.9755
14.989
14.9804
14.9656
14.984
14.9901
15.0371
15.0293
15.0408
15.0343
15.0372
15.0301
15.0418
15.0451
15.0463
14.9894
14.9725
14.9725
15.0012
14.9874
14.986
15.0501
15.0525
15.049
15.0488
15.0521
14.9874
14.9814
14.996
14.999
14.9894
15.0534
15.0513
15.0496
15.0551
15.0525
14.9864
14.9846
14.9861
15.0012
14.9924
14.9777
14.9878
14.9958
14.9766
15.0382
15.0243
15.0354
15.0326
15.0426
15.0267
15.0393
15.0488
14.9979
15.0018
15.0009
15.0204
15.019
15.0106
15.035
15.0191
15.0118
15.0105
15.0214
15.0144
15.0275
14.9673
14.9669
14.9662
14.963
14.9576
14.9677
14.9639
14.9569
14.9964
15.0221
14.9968
14.9932
15.0247
15.0355
15.0403
15.0078
15.0079
14.9639
14.987
14.9865
14.9845
14.9624
14.9896
14.9822
15.0393
15.0355
15.0461
15.0466
15.0498
15.0431
15.053
15.0499
15.0552
15.0077
15.0013
14.9992
15.0117
15.0104
15.0146
15.0483
15.0515
15.0528
15.0488
15.0518
15.0068
14.9978
15.0045
15.0076
15.0068
15.0563
15.0534
15.049
15.0572
15.0527
14.9826
14.9899
15.0084
14.9922
14.9716
14.9917
15.0281
14.9963
14.986
15.046
15.0286
15.0429
15.0402
15.0493
15.0306
15.046
15.0544
15.0054
15.0118
15.018
15.0366
15.0166
15.0171
15.0299
15.0233
15.016
15.0129
15.0259
15.0186
15.0327
14.9676
14.9718
14.9737
14.9652
14.96
14.9833
14.9681
14.966
14.9934
15.03
15.006
14.997
15.0367
15.0466
15.0537
15.01
15.014
14.9611
14.9918
14.9786
14.9918
14.9622
14.9967
14.9758
15.0609
15.0523
15.0614
15.0532
15.067
15.0594
15.0695
15.0614
15.07
15.0164
15.0191
15.0197
15.0247
15.0403
15.0255
15.0506
15.053
15.0614
15.0529
15.0551
15.0119
15.011
15.0295
15.0157
15.0219
15.0571
15.0516
15.048
15.0564
15.0487
15.0016
15.0191
15.024
15.0065
15.0041
15.0184
15.0387
15.0173
15.0163
15.0515
15.0321
15.0492
15.0466
15.0541
15.0353
15.0513
15.0589
15.0154
15.0185
15.0144
15.0228
15.006
15.0134
15.0194
15.0292
15.0209
15.019
15.0345
15.0254
15.0402
14.982
14.9975
14.9965
14.9755
14.9754
15.0132
14.9885
14.9886
15.0034
15.0442
15.0285
15.0127
15.0525
15.0611
15.0689
15.0231
15.0346
14.9701
15.0019
14.9723
15.0136
14.9852
15.0076
14.9737
15.0727
15.0629
15.0773
15.0633
15.0777
15.0645
15.0818
15.0775
15.0841
15.0342
15.0541
15.0326
15.0436
15.0566
15.0293
15.0561
15.0574
15.0744
15.0604
15.0604
15.02
15.0344
15.0577
15.0296
15.0487
15.0546
15.0459
15.0452
15.0529
15.0435
15.032
15.0561
15.0755
15.0206
15.0204
15.0623
15.0951
15.0531
15.0451
15.0556
15.0392
15.0536
15.0534
15.0572
15.0436
15.0559
15.0614
15.0235
15.0394
15.0172
15.0194
15.0138
15.0275
15.0249
15.0397
15.0324
15.0379
15.047
15.0393
15.0512
15.016
15.0347
15.033
15.0062
15.0054
15.0544
15.0269
15.0248
15.0245
15.0616
15.0601
15.0377
15.0708
15.0763
15.0824
15.0449
15.0556
15.0046
15.0151
14.9802
15.0449
15.0228
15.027
14.9922
15.0811
15.0642
15.0828
15.0702
15.0825
15.064
15.0813
15.0879
15.0895
15.0508
15.0555
15.0154
15.0552
15.0523
15.0048
15.0645
15.0628
15.0818
15.0689
15.0652
15.0394
15.0686
15.0698
15.0397
15.0779
15.0513
15.0417
15.0456
15.05
15.0399
15.0899
15.1042
15.095
15.0891
15.0707
15.109
15.0825
15.0965
15.0801
15.0582
15.048
15.0582
15.0561
15.058
15.0521
15.0602
15.0596
15.061
15.0728
15.0415
15.04
15.0389
15.0565
15.0553
15.0561
15.0488
15.0612
15.0671
15.0625
15.0629
15.0568
15.0844
15.076
15.0495
15.0455
15.0956
15.0733
15.066
15.0512
15.0796
15.0906
15.064
15.0871
15.0874
15.091
15.0687
15.0905
15.0497
15.049
15.0106
15.0964
15.0829
15.0714
15.0384
15.0826
15.0623
15.0782
15.0721
15.0813
15.0595
15.0736
15.0892
15.0825
15.0619
15.0458
15.0107
15.067
15.0295
15.0159
15.0708
15.0655
15.0765
15.0685
15.0626
15.0346
15.0659
15.0524
15.049
15.0756
15.0486
15.0374
15.0453
15.0469
15.0363
15.1016
15.0901
15.064
15.095
15.0813
15.0988
15.049
15.0969
15.0819
15.0571
15.0558
15.0625
15.0539
15.0545
15.0595
15.0642
15.0526
15.0785
15.0821
15.0726
15.0694
15.0607
15.0883
15.0817
15.0732
15.0734
15.0767
15.0802
15.0823
15.0721
15.1131
15.1386
15.1116
15.0962
15.0844
15.1236
15.1157
15.0992
15.0749
15.093
15.1112
15.083
15.0961
15.0927
15.0925
15.1091
15.1444
15.1095
15.0915
15.0776
15.1332
15.1312
15.1265
15.1165
15.0783
15.0555
15.0673
15.0698
15.0732
15.051
15.0612
15.0725
15.0649
15.0842
15.0652
15.0506
15.1183
15.1179
15.1017
15.0634
15.058
15.0592
15.0565
15.0508
15.0516
15.1076
15.1001
15.0867
15.1159
15.0443
15.0355
15.0409
15.0412
15.0349
15.1005
15.1036
15.0429
15.1012
15.0847
15.0925
15.0445
15.1051
15.0922
15.0514
15.0628
15.0647
15.0561
15.0473
15.0649
15.0635
15.0439
15.0921
15.1049
15.101
15.0935
15.1134
15.1168
15.1061
15.0887
15.087
15.0888
15.0933
15.0923
15.0787
15.1572
15.1673
15.1312
15.13
15.1097
15.1344
15.1382
15.1149
15.0879
15.0963
15.1172
15.0894
15.0935
15.0898
15.0847
15.1797
15.194
15.149
15.1635
15.1425
15.1723
15.1591
15.1767
15.1528
15.0666
15.0449
15.0538
15.0607
15.0583
15.0369
15.0443
15.0572
15.0442
15.1645
15.1503
15.145
15.1964
15.1684
15.1691
15.0464
15.041
15.0252
15.0368
15.0301
15.1167
15.1101
15.1373
15.1303
15.1086
15.0332
15.0303
15.0221
15.0219
15.0216
15.0985
15.0944
15.0484
15.1085
15.1065
15.0814
15.0679
15.1133
15.1296
15.0431
15.0662
15.0609
15.0556
15.039
15.0665
15.0584
15.0313
15.1298
15.1657
15.127
15.1182
15.1652
15.1347
15.1294
15.0961
15.0955
15.0984
15.0966
15.0936
15.0801
15.1698
15.1677
15.1344
15.1414
15.1155
15.1321
15.1411
15.1127
15.0876
15.088
15.1102
15.083
15.08
15.0763
15.0653
15.1984
15.1963
15.1616
15.1804
15.1541
15.1785
15.159
15.1799
15.1496
15.0462
15.0256
15.0302
15.0394
15.0311
15.0118
15.0133
15.0283
15.0092
15.2015
15.1784
15.1787
15.1978
15.1823
15.1807
15.0205
15.0121
14.9818
14.9901
14.985
15.1491
15.1117
15.1593
15.159
15.1322
15.0052
15.0068
14.9835
14.9822
14.9871
15.0955
15.1254
15.1096
15.1311
15.1605
15.1172
15.1407
15.1455
15.1718
15.034
15.0669
15.0552
15.051
15.0261
15.0677
15.0511
15.0101
15.1811
15.1765
15.1355
15.1314
15.1639
15.1401
15.1391
15.102
15.1052
15.1153
15.1082
15.1186
15.0832
15.1638
15.1606
15.1282
15.138
15.108
15.1237
15.1337
15.1026
15.076
15.0704
15.095
15.0677
15.0588
15.0514
15.035
15.1911
15.1873
15.155
15.177
15.1452
15.1729
15.1517
15.1735
15.1441
15.011
14.9938
14.9905
15.0031
14.9864
14.9714
14.9612
14.9821
14.9487
15.1931
15.1854
15.1821
15.1909
15.1899
15.185
14.9522
14.9454
14.9048
14.9063
14.899
15.1712
15.1552
15.1837
15.1827
15.176
14.9472
14.9597
14.9092
14.9022
14.927
15.1558
15.1818
15.1603
15.1763
15.1812
15.1833
15.1727
15.1987
15.1914
15.0188
15.0669
15.0452
15.0475
15.0108
15.0705
15.0397
14.9773
15.1777
15.1849
15.1493
15.1496
15.1732
15.16
15.1608
15.1158
15.1319
15.1406
15.1277
15.1404
15.0929
15.1592
15.1586
15.1195
15.1299
15.0977
15.1164
15.1275
15.0937
15.0589
15.0463
15.0777
15.0491
15.033
15.0164
14.9958
15.1872
15.1914
15.1498
15.1723
15.1454
15.1745
15.1498
15.1743
15.1474
14.9562
14.9444
14.9242
14.9527
14.9208
14.9143
14.8816
14.9043
14.85
15.1928
15.1959
15.19
15.1983
15.2044
15.1977
14.8422
14.8275
14.771
14.7399
14.7345
15.1953
15.1948
15.2116
15.2098
15.2138
14.837
14.8806
14.7591
14.7467
14.8107
15.2016
15.2205
15.1884
15.2113
15.203
15.2199
15.2063
15.224
15.2166
14.9928
15.0728
15.0294
15.0272
14.9648
15.0695
15.014
14.9079
15.1961
15.2118
15.1738
15.1766
15.2005
15.1857
15.1882
15.139
15.1549
15.1583
15.1479
15.1693
15.1085
15.1573
15.1562
15.1144
15.1258
15.0908
15.1134
15.1251
15.0882
15.0398
15.019
15.0617
15.031
15.0041
14.9733
14.9496
15.1959
15.2009
15.1514
15.1779
15.1504
15.1792
15.1532
15.1808
15.154
14.8786
14.8836
14.8293
14.8871
14.8274
14.8403
14.756
14.7737
14.6795
15.2059
15.2167
15.2102
15.2142
15.2304
15.2235
14.5997
14.5791
14.5015
14.3846
14.3787
15.2277
15.2347
15.2519
15.2479
15.2594
14.5983
14.7139
14.4189
14.392
14.5737
15.2435
15.2705
15.2324
15.2451
15.2386
15.2724
15.2624
15.2707
15.2654
14.9261
15.0523
14.9934
14.9748
14.8774
15.0229
14.9581
14.774
15.2325
15.2592
15.1989
15.2044
15.2345
15.2128
15.2163
15.1467
15.1769
15.1622
15.1421
15.1817
15.0869
15.1549
15.1531
15.1124
15.1252
15.0854
15.1109
15.1244
15.0816
15.021
14.9889
15.0452
15.0111
14.9731
14.924
14.8977
15.2066
15.2097
15.1532
15.1829
15.1561
15.1793
15.1526
15.1847
15.1565
14.7656
14.7903
14.6617
14.8044
14.6931
14.7357
14.5449
14.5402
14.3618
15.2214
15.243
15.2344
15.2274
15.2572
15.2462
14.0714
13.9664
13.918
13.5608
13.3226
15.2678
15.2844
15.289
15.2889
15.3162
14.0032
14.3746
13.6097
13.3161
14.0479
15.298
15.3343
15.2911
15.3006
15.2938
15.3351
15.3201
15.3312
15.3271
14.7988
14.9843
14.9133
14.8838
14.6951
14.9433
14.8554
14.5063
15.2856
15.3195
15.2308
15.2368
15.2911
15.2467
15.2535
15.1362
15.1851
15.1612
15.1334
15.1865
15.0477
15.1504
15.1461
15.1086
15.121
15.0762
15.1037
15.1145
15.0688
15.0008
14.9574
15.0278
14.9895
14.9432
14.8715
14.8467
15.2105
15.2087
15.1506
15.1852
15.1547
15.1733
15.1455
15.1818
15.1498
14.6063
14.6817
14.4003
14.708
14.5173
14.6119
14.2075
14.0895
13.7225
15.2311
15.2716
15.2564
15.23
15.2786
15.2584
12.8713
11.2167
12.4186
12.0099
7.39724
15.3112
15.3541
15.3255
15.3323
15.3968
11.2788
13.5312
12.091
7.43925
12.6099
15.3747
15.4194
15.3483
15.3671
15.3627
15.4049
15.3784
15.4008
15.3939
14.55
14.9071
14.7838
14.7675
14.375
14.8628
14.7024
13.9256
15.3565
15.3895
15.2609
15.2753
15.3416
15.2693
15.2882
15.1321
15.187
15.1558
15.1235
15.1848
15.006
15.139
15.1268
15.0963
15.1044
15.0594
15.0866
15.0897
15.0476
14.9776
14.932
15.0079
14.9656
14.9234
14.8253
14.8148
15.2007
15.1853
15.1358
15.172
15.1382
15.1502
15.12
15.1546
15.1177
14.4234
14.5394
13.9977
14.6292
14.3581
14.4737
13.8327
13.0806
12.0987
15.2229
15.2767
15.252
15.2065
15.262
15.2321
11.3717
4.91461
8.58807
-3.0566
10.864
4.90567
-7.69663
-2.95998
-4.22748
-1.11485
-2.63791
-1.42518
15.3512
15.4419
15.3388
15.3543
15.4878
5.06793
11.1946
10.8392
5.05477
8.51848
-3.32322
-2.9938
-2.78827
-1.62265
-4.48129
-1.28811
15.4672
15.4982
15.4089
15.4276
15.4241
15.4686
15.4394
15.4473
15.4426
14.1645
14.8122
14.6258
14.5675
13.9406
14.7418
14.534
12.304
15.4249
15.4412
15.2749
15.2976
15.3958
15.2747
15.2899
15.1081
15.1775
15.1244
15.0805
15.1624
14.9406
15.109
15.0859
15.0729
15.0698
15.0323
15.0547
15.045
15.0128
14.9525
14.9189
14.986
14.9382
14.916
14.8132
14.8297
15.1605
15.1273
15.098
15.1276
15.0888
15.099
15.0693
15.0922
15.0495
14.3253
14.4617
13.746
14.6397
14.3772
14.5282
13.6066
11.8755
11.6354
2.64193
2.07173
2.91628
15.1784
15.2269
15.1948
15.1352
15.1569
15.1158
1.90053
11.1949
6.68909
10.8142
5.60248
11.3318
7.73057
0.394527
0.827642
-0.291385
1.75372
0.669767
2.27973
0.345484
15.3385
15.4813
15.2137
15.1959
15.3567
6.85763
9.57056
1.6977
11.6174
8.03864
10.3987
5.01862
-0.206153
-0.451105
0.205184
2.70969
0.478125
1.35188
0.615307
15.4884
15.406
15.4387
15.4613
15.4473
15.4628
15.3744
15.4699
15.4172
13.7522
14.6709
14.4186
14.4738
13.446
14.5842
14.3483
11.3635
2.20001
2.08663
2.98814
15.4175
15.3591
15.248
15.2551
15.237
15.1662
15.2073
15.0319
15.1267
15.0345
14.981
15.0837
14.8298
15.0548
15.0242
15.0298
15.0144
14.9879
15.0023
14.9833
14.9604
14.9226
14.9104
14.9538
14.9057
14.9005
14.8525
14.8722
15.0853
15.0404
15.0328
15.0474
14.997
15.0287
14.9989
15.0058
14.9411
14.5108
14.604
13.8125
14.7518
14.6738
14.6548
14.1332
12.7934
6.04067
13.6236
7.21871
3.60289
2.37108
4.70179
5.14969
15.0758
15.051
15.0042
15.0258
14.9485
14.9055
7.8488
11.2325
8.25303
12.3261
8.67287
11.3295
8.42085
1.10949
3.31583
0.801406
4.48077
2.3179
3.70257
1.09681
14.9842
15.1813
14.8368
14.7858
14.9935
8.65228
11.2832
7.33796
11.6958
8.91718
11.1799
6.80009
1.01318
3.56054
1.60637
3.91274
1.05374
3.09587
1.96476
15.2837
15.1561
15.2515
15.4139
15.3393
15.241
15.1346
15.2922
15.2226
13.4425
14.4904
14.2925
14.3697
13.638
14.4942
14.3382
5.80115
12.4591
4.75773
4.93287
3.17698
3.93598
15.2663
15.1671
15.065
15.1192
15.0716
14.9977
15.0531
14.9129
15.0139
14.9212
14.868
14.963
14.7354
14.9968
14.9767
14.9746
14.956
14.9341
14.9503
14.9357
14.912
14.8886
14.8872
14.9182
14.872
14.8731
14.8826
14.8829
15.0146
15.0199
14.9717
14.9808
14.9023
14.9928
14.9562
14.9807
14.8955
14.792
14.6846
14.4111
14.8274
14.8833
14.6825
14.7413
14.0279
7.89131
14.5253
4.3277
4.87357
15.0074
14.9136
14.8674
15.0411
14.9799
14.9514
8.57315
11.8238
8.67038
12.5739
7.25021
11.6806
8.3167
2.5449
3.37188
0.84357
3.79711
4.07573
3.1677
0.969731
14.6818
14.8779
14.9523
14.8436
14.9273
8.78186
11.6003
5.79196
12.0101
8.16513
11.7511
4.03803
0.587012
2.68608
1.98826
1.44064
1.14138
0.919266
2.52675
15.0595
15.0081
15.0441
15.1587
15.1164
15.0412
14.9714
15.0614
15.0199
14.0343
14.5161
14.4385
14.367
14.305
14.5309
14.5554
13.743
15.0773
14.9938
14.9343
14.9724
14.8931
14.8782
14.9023
14.8014
14.9358
14.7313
14.7121
14.8133
14.6516
14.97
14.9663
14.9309
14.9237
14.8957
14.9165
14.9164
14.8823
14.856
14.8588
14.8872
14.8419
14.8462
14.8746
14.8629
15.0633
15.0845
14.9568
15.003
14.9197
15.0179
14.9596
15.0321
14.9497
14.9006
14.6675
14.8075
14.8226
14.8905
14.7018
14.8516
14.9007
15.0502
15.1253
15.1031
15.1222
15.1551
15.214
15.1757
12.6612
9.2479
14.5945
13.8659
13.2768
-1.54743
-0.0186697
14.9478
14.9677
15.0239
14.9937
14.9731
9.03686
13.279
13.5916
12.045
14.108
0.12611
14.9818
14.9507
14.9127
14.9795
14.9412
14.9353
14.8678
14.92
14.8771
14.518
14.5314
14.62
14.3994
14.6189
14.5401
14.6373
14.6112
14.9195
14.8604
14.8039
14.8065
14.7674
14.7464
14.7454
14.6298
14.6665
14.5593
14.5728
14.5925
14.5433
14.9589
14.9361
14.9033
14.906
14.8712
14.8841
14.8855
14.8531
14.8308
14.839
14.858
14.8173
14.8323
14.8548
14.8467
15.0488
15.0095
14.9469
15.023
14.9521
14.9443
14.9113
14.9851
14.9312
14.8685
14.7249
14.8566
14.8028
14.847
14.7355
14.8388
15.0123
14.941
15.1006
15.1725
15.1219
15.0215
15.0766
15.0423
14.3674
14.7567
14.8372
14.6729
15.1325
14.9901
14.9592
14.9798
14.9567
14.9259
14.0017
14.3826
14.2739
14.4937
14.5558
14.9233
14.8938
14.8414
14.8726
14.8361
14.8696
14.8168
14.8405
14.8059
14.6318
14.5439
14.6121
14.4799
14.6115
14.5371
14.6012
14.6794
14.8153
14.7876
14.6933
14.6882
14.7211
14.6659
14.6654
14.5444
14.554
14.5485
14.5303
14.5538
14.5481
14.8963
14.8375
14.857
14.8519
14.8224
14.8218
14.8015
14.784
14.7989
14.8222
14.8081
14.7762
14.8096
14.8369
14.827
14.9662
14.8951
14.8594
14.9202
14.8893
14.8017
14.7965
14.8277
14.8028
14.8303
14.7332
14.8179
14.7839
14.8185
14.7206
14.8012
14.8891
14.8574
14.9565
14.9785
14.9617
14.8889
14.894
14.884
14.6936
15.0183
14.7983
14.7157
14.9715
14.9139
14.8882
14.8777
14.868
14.8515
14.5866
14.6307
14.4694
14.6577
14.6723
14.8669
14.844
14.7979
14.8176
14.7877
14.8267
14.781
14.8034
14.7786
14.5625
14.55
14.61
14.505
14.5121
14.5834
14.6256
14.6725
14.7745
14.775
14.6585
14.6593
14.7389
14.6729
14.6764
14.5579
14.5776
14.6136
14.5964
14.6178
14.6035
14.7593
14.6753
14.7761
14.729
14.7354
14.7274
14.6533
14.685
14.7529
14.7991
14.7572
14.7356
14.7966
14.8207
14.8284
14.8017
14.7077
14.723
14.7393
14.697
14.6384
14.6359
14.6428
14.6061
14.8148
14.7099
14.7933
14.793
14.8289
14.7127
14.802
14.8396
14.8455
14.8143
14.8233
14.81
14.7393
14.7646
14.7455
14.7075
14.9213
14.8079
14.7454
14.897
14.8273
14.8215
14.7981
14.793
14.8002
14.6678
14.702
14.5646
14.7061
14.7629
14.8269
14.8206
14.7744
14.8002
14.7822
14.8145
14.7756
14.8088
14.7971
14.5417
14.6313
14.6528
14.5889
14.5984
14.6875
14.7147
14.7544
14.7853
14.8068
14.701
14.7088
14.7904
14.7388
14.7532
14.6465
14.6751
14.721
14.7063
14.7382
14.7293
14.5861
14.4967
14.6865
14.5862
14.6458
14.662
14.5373
14.6319
14.7325
14.8112
14.772
14.7575
14.85
14.8539
14.9019
14.6168
14.5397
14.5273
14.5393
14.5074
14.4603
14.4399
14.4511
14.4192
14.8638
14.7385
14.8339
14.884
14.9272
14.7855
14.8889
14.8799
14.9354
14.6708
14.7164
14.6928
14.6192
14.6817
14.6559
14.8045
14.9383
14.9262
14.8843
14.969
14.777
14.7934
14.7758
14.7797
14.8063
14.7913
14.8311
14.7569
14.8732
14.904
14.8285
14.8553
14.7908
14.8327
14.8265
14.8593
14.8201
14.8744
14.8721
14.6938
14.7593
14.7972
14.7311
14.7774
14.8345
14.8671
14.8935
14.8412
14.8915
14.7873
14.8071
14.886
14.845
14.8712
14.7699
14.8062
14.8543
14.8391
14.8792
14.878
14.4426
14.4334
14.6841
14.5284
14.6539
14.7564
14.5725
14.7208
14.8149
14.9146
14.9193
14.9048
15.0085
14.9754
15.0711
14.4826
14.454
14.3812
14.39
14.341
14.374
14.3166
14.356
14.3022
15.012
14.8597
14.968
15.0772
15.1121
14.96
15.0642
15.0163
15.1152
14.5939
14.6684
14.6414
14.6018
14.6895
14.6595
14.9757
15.0413
15.107
15.0754
15.1026
14.8032
14.842
14.8458
14.85
14.8988
14.9698
14.9787
14.9678
15.0599
15.0569
14.9025
14.9677
14.8663
14.9339
14.9331
14.9775
14.9268
15.008
15.0066
14.8796
14.9221
14.9615
14.9156
14.976
14.9975
15.0328
15.0569
14.9571
15.0332
14.9163
14.9451
15.0339
14.997
15.0262
14.9165
14.9588
15.0107
14.9941
15.043
15.037
14.4767
14.6207
14.8839
14.675
14.8368
15.0594
14.838
14.9997
15.0327
15.1311
15.1958
15.1828
15.2612
15.1839
15.2982
14.4725
14.5937
14.2838
14.353
14.295
14.3887
14.3965
14.4615
14.4208
15.2197
15.0769
15.1705
15.2972
15.3114
15.1805
15.264
15.2239
15.3182
14.6433
14.7518
14.7226
14.7197
14.8566
14.8188
15.167
15.1963
15.2931
15.2427
15.2514
14.9148
14.9732
14.9816
14.9836
15.0672
15.1556
15.1277
15.1517
15.2273
15.1795
15.0496
15.1417
14.9973
15.0955
15.089
15.1458
15.0764
15.1904
15.1793
15.0631
15.0723
15.1097
15.0655
15.1306
15.1288
15.1659
15.1837
15.1173
15.2059
15.0861
15.1164
15.1955
15.1632
15.1877
15.0779
15.1399
15.1759
15.1503
15.2068
15.1716
14.8567
15.0447
15.2238
15.0188
15.1607
15.3204
15.1539
15.2718
15.31
15.3625
15.4006
15.3906
15.4263
15.3819
15.4305
14.7655
14.9228
14.6526
14.6463
14.6278
14.7791
14.8655
14.8014
14.7931
15.3677
15.2512
15.3304
15.3954
15.3966
15.3109
15.3743
15.3786
15.3997
14.8311
15.0017
14.9358
14.9517
15.169
15.0576
15.2928
15.2877
15.3771
15.3266
15.3141
15.0831
15.1856
15.249
15.2048
15.322
15.2851
15.2201
15.2709
15.3229
15.2595
15.2621
15.4063
15.1664
15.3281
15.2843
15.3666
15.2594
15.4772
15.4107
15.1627
15.1727
15.2011
15.1479
15.2157
15.2228
15.2439
15.2684
15.3334
15.4844
15.2529
15.2779
15.4259
15.3545
15.3805
15.2146
15.2889
15.3092
15.2763
15.3666
15.2845
15.0727
15.3432
15.2114
15.3117
15.4081
15.4408
15.4362
14.933
14.9005
14.8364
14.856
15.176
14.9405
15.0493
15.3513
15.1568
15.2578
15.387
15.3257
15.3686
15.3932
14.9924
15.1858
15.0841
14.828
14.9403
14.8836
14.9152
14.8542
14.8903
15.113
14.9641
15.0462
15.2522
15.1513
15.2083
15.3188
15.3351
15.1887
15.2998
14.985
15.2152
15.1125
14.929
15.0375
15.0062
15.0219
15.0117
15.0461
15.1565
15.1066
15.1521
15.3239
15.2478
15.3794
15.2642
15.437
15.3951
15.1261
15.3164
15.2568
15.1196
15.2111
15.1939
15.1936
15.2189
15.2205
15.4607
15.354
15.3992
15.2835
15.3694
238.966
251.545
258.856
131.619
91.4301
190.593
173.767
208.644
254.544
224.411
69.4092
45.6753
123.571
85.4491
297.72
332.865
319.773
259.08
248.673
271.863
261.809
281.551
308.563
306.524
222.708
198.251
239.066
213.048
234.697
278.932
241.001
162.577
120.785
177.771
136.782
139.653
188.564
167.744
64.528
34.5198
85.4863
50.2863
347.053
354.841
353.334
289.406
279.559
310.776
314.606
318.423
342.642
321.099
258.246
232.518
282.34
243.611
258.941
291.332
268.387
182.052
154.185
198.66
185.73
221.875
248.892
246.382
118.514
75.6395
150.306
102.544
314.511
317.531
303.869
288.42
256.671
273.864
265.403
275.505
287.093
278.147
225.607
219.71
249.316
256.3
22.5528
90.7409
54.2256
17.13
17.3424
30.1748
20.1472
16.5845
25.8371
22.8197
18.4683
17.6278
16.8399
16.6907
86.2553
141.621
121.814
28.142
24.4251
37.728
26.6685
165.837
218.75
207.19
63.3696
70.9642
130.733
126.403
18.5894
16.6571
16.8567
18.3242
17.5336
15.79
16.3514
17.635
17.6191
16.8221
16.3724
16.7416
16.6027
16.4085
19.7231
20.0863
18.0667
19.6791
20.0233
19.1869
19.9572
33.5918
63.3958
70.7513
21.1208
23.5742
30.9263
38.4155
15.9246
15.9779
15.6219
15.9938
15.0645
15.7448
15.1671
16.1555
15.948
16.0292
15.416
15.7903
15.6518
15.7147
18.982
18.3583
19.1524
18.083
17.7244
17.8112
17.2325
18.2998
20.708
24.1215
18.3183
16.7212
18.0725
17.481
14.7732
14.7953
14.9537
14.2732
14.7316
14.2306
14.8404
15.4817
15.4102
15.4344
15.0999
15.2427
15.1387
15.1786
15.1848
16.7029
14.6503
13.8616
13.5097
14.1862
13.6482
14.5357
16.8879
14.8267
14.6813
14.1253
14.8525
14.2201
14.7201
14.3333
14.7203
14.5013
14.6832
14.4366
14.6216
15.0659
14.9175
14.9704
14.8349
14.9189
14.7716
14.8222
14.0815
13.7458
14.1685
14.2283
14.3774
14.1945
14.2809
14.2837
14.3288
14.3064
14.2375
14.2274
14.3633
14.2997
14.6213
14.4482
14.5392
14.5313
14.5589
14.4488
14.4901
14.7889
14.6802
14.7168
14.6683
14.6872
14.6152
14.637
14.3855
14.3136
14.3198
14.4001
14.3698
14.3149
14.3616
14.3183
14.3735
14.3545
14.3197
14.3428
14.3856
14.371
14.5142
14.4524
14.4649
14.5276
14.4811
14.4679
14.4647
14.6191
14.5625
14.5769
14.591
14.5739
14.5264
14.5283
14.4102
14.3506
14.4062
14.4665
14.4721
14.3969
14.4352
14.3828
14.4196
14.4072
14.4303
14.4321
14.4413
14.4393
14.4628
14.4886
14.4773
14.5302
14.4557
14.5094
14.486
14.5333
14.5076
14.4934
14.5429
14.4934
14.5028
14.4691
14.5132
14.4279
14.4401
14.6337
14.5219
14.4515
14.449
14.4738
14.4759
14.4732
14.5457
14.5026
14.5092
14.5027
14.4491
14.5124
14.4925
14.4942
14.4436
14.4915
14.487
14.4652
14.5016
14.4558
14.5163
14.4479
14.5059
14.4518
14.5006
14.4693
14.4499
14.5284
14.48
14.4668
14.4551
14.5116
14.5404
14.5291
14.5483
14.5029
14.5544
14.5478
14.4387
14.4704
14.4816
14.4422
14.436
14.452
14.4718
14.439
14.5092
14.4576
14.4856
14.4339
14.4958
14.4416
14.4601
14.4664
14.46
14.4655
14.4471
14.4745
14.4698
14.4885
14.5461
14.5478
14.5023
14.4745
14.5313
14.5372
14.4377
14.4308
14.4635
14.423
14.4453
14.4114
14.4545
14.4305
14.4744
14.4301
14.4655
14.4377
14.4483
14.4211
14.4335
14.4866
14.4786
14.4538
14.4143
14.4966
14.4835
14.4713
14.5182
14.5214
14.5048
14.4899
14.5142
14.5161
14.4578
14.4161
14.46
14.4555
14.48
14.4403
14.4918
14.4618
14.4361
14.4454
14.5091
14.5118
14.4722
14.5342
14.3978
14.498
14.4868
14.4468
14.3938
14.4988
14.4782
14.504
14.5229
14.5192
14.5553
14.5031
14.5365
14.5353
14.5091
14.4786
14.5402
14.509
14.5366
14.5225
14.5704
14.5839
14.5358
14.6521
14.5936
14.6369
14.596
14.7383
14.4001
14.5095
14.4844
14.4873
14.4289
14.5257
14.5049
14.511
14.5594
14.5562
14.5649
14.5355
14.5878
14.5844
14.5654
14.5571
14.5685
14.5734
14.6061
14.585
14.5489
14.6604
14.6182
14.7485
14.634
14.6792
14.6189
14.7242
14.4724
14.5507
14.5335
14.5805
14.5187
14.5853
14.5631
14.5656
14.6216
14.6128
14.6199
14.5974
14.6582
14.644
14.6578
14.6066
14.5306
14.6669
14.6951
14.6285
14.5271
14.7
14.61
14.6938
14.6495
14.7066
14.579
14.6632
14.5651
14.6313
14.6017
14.6896
14.6319
14.6776
14.6519
14.6323
14.6966
14.6765
14.6988
14.6746
14.7337
14.7127
14.7327
14.6695
14.5521
14.8137
14.8031
14.7496
14.6373
14.7067
14.5488
14.658
14.6976
14.7234
14.5694
14.6955
14.7023
14.7202
14.6984
14.773
14.7645
14.7567
14.7375
14.7127
14.7674
14.7466
14.7699
14.7461
14.7959
14.7784
14.8914
14.8297
14.7624
14.935
14.9498
14.9333
14.8956
14.7678
14.6873
14.7653
14.8598
14.8197
14.8227
14.8427
14.8031
14.7858
14.7649
14.8333
14.8306
14.8093
14.7813
14.7649
14.8159
14.8015
14.8099
14.7712
14.8246
14.8118
15.0552
14.995
14.9905
15.1261
15.139
14.9859
15.0245
14.881
14.9157
14.9085
14.9832
14.9353
14.9494
14.9497
14.8522
14.8246
14.7785
14.8749
14.8506
14.8302
14.7589
14.7631
14.8237
14.8142
14.8034
14.7434
14.8169
14.8099
15.1055
14.9783
15.0012
15.0593
15.0408
14.9621
14.9647
14.9759
14.9624
14.9756
14.9864
14.9961
14.9686
14.9671
14.8426
14.8223
14.7481
14.8679
14.8261
14.8013
14.7363
14.72
14.8068
14.8015
14.7639
14.703
14.7953
14.7955
14.9856
14.9516
14.9334
14.9996
14.9453
14.9342
14.8937
14.9859
14.9512
14.9359
14.9683
14.9461
14.918
14.8778
14.8163
14.7716
14.7244
14.8385
14.8129
14.7393
14.7098
14.692
14.7845
14.7902
14.7085
14.6909
14.7729
14.7863
14.9169
14.9182
14.8669
14.9622
14.8941
14.9037
14.8512
14.8731
14.8722
14.8045
14.8448
14.8374
14.8217
14.7709
14.8117
14.7079
14.6971
14.8298
14.8112
14.6805
14.6906
14.6974
14.76
14.7811
14.6629
14.7048
14.7474
14.7777
14.8817
14.898
14.8422
14.9466
14.875
14.8933
14.8337
14.8235
14.7734
14.7758
14.8148
14.8136
14.7348
14.7506
14.8133
14.66
14.6887
14.8412
14.8146
14.6456
14.6892
14.7113
14.7338
14.7793
14.6392
14.7136
14.7213
14.7723
14.8674
14.8882
14.8247
14.9375
14.8589
14.8792
14.817
14.7652
14.688
14.6338
14.7866
14.7493
14.6907
14.5728
14.816
14.6417
14.6926
14.85
14.814
14.6433
14.6953
14.715
14.711
14.7653
14.6456
14.713
14.7039
14.7572
14.8484
14.8705
14.8128
14.9272
14.8363
14.8604
14.8044
14.717
14.7011
14.538
14.7589
14.6764
14.7061
14.5095
14.8074
14.6492
14.6977
14.8448
14.7959
14.6567
14.6954
14.7094
14.6983
14.7488
14.6628
14.7034
14.6944
14.7384
14.8247
14.8511
14.794
14.9151
14.8153
14.8407
14.785
14.6258
14.7052
14.4852
14.723
14.5735
14.6996
14.4627
14.7838
14.6642
14.6942
14.8306
14.7696
14.6726
14.6946
14.701
14.6923
14.7307
14.679
14.7046
14.6922
14.7281
14.8099
14.8325
14.7779
14.9057
14.8127
14.8268
14.7733
14.5289
14.6972
14.4378
14.7124
14.4972
14.6943
14.4279
14.7605
14.6858
14.697
14.8148
14.7572
14.7009
14.7004
14.704
14.6949
14.7263
14.6993
14.7059
14.704
14.7368
14.8252
14.8305
14.7814
14.9158
14.8469
14.8371
14.7966
14.489
14.7005
14.4418
14.7582
14.5428
14.7247
14.5041
14.7592
14.7124
14.7073
14.8071
14.7653
14.719
14.7149
14.7141
14.7181
14.756
14.727
14.7216
14.7437
14.7711
14.8773
14.8424
14.821
14.9254
14.9058
14.8441
14.8498
14.6299
14.7699
14.6296
14.8413
14.7246
14.8144
14.7592
14.766
14.724
14.7194
14.7903
14.7633
14.7362
14.7251
14.7318
14.7709
14.8032
14.7682
14.761
14.7903
14.8488
14.9257
14.849
14.8714
14.9217
14.9327
14.851
14.8761
14.8034
14.8387
14.8368
14.8756
14.8325
14.8353
14.853
14.7683
14.7551
14.7505
14.7955
14.7878
14.7829
14.7954
14.8099
14.8299
14.8903
14.8157
14.85
14.8883
14.9219
14.9226
14.8497
14.872
14.8993
14.8995
14.8488
14.8535
14.8163
14.812
14.8232
14.8336
14.7821
14.7735
14.7734
14.8147
14.8156
14.8304
14.834
14.8443
14.8573
14.8591
14.8812
14.9424
14.9498
14.9089
14.915
14.9612
14.9713
14.8667
14.8529
14.8252
14.8746
14.8318
14.8502
14.785
14.74
14.7266
14.7191
14.7533
14.6929
14.6796
14.6661
14.8618
14.8834
14.8808
14.8724
14.8702
14.8981
14.8897
14.941
14.9799
14.9858
14.9565
14.9556
14.9959
14.9854
14.7956
14.8291
14.7412
14.8337
14.7576
14.7867
14.69
14.6485
14.6337
14.6206
14.6747
14.616
14.5879
14.5921
14.8688
14.9109
14.8906
14.8915
14.8525
14.9287
14.8818
14.9568
14.9875
14.9808
14.9743
14.9395
14.9769
14.9643
14.7195
14.7339
14.6343
14.7705
14.6962
14.6731
14.5792
14.621
14.5451
14.5861
14.6433
14.6497
14.5244
14.605
14.8205
14.9212
14.8501
14.849
14.7631
14.8776
14.7936
14.9103
14.956
14.9357
14.9156
14.8676
14.9269
14.898
14.689
14.6154
14.5506
14.7342
14.6998
14.5913
14.562
14.6981
14.5287
14.6429
14.7016
14.7518
14.5592
14.6908
14.6932
14.8101
14.7331
14.7539
14.6325
14.7405
14.6678
14.8151
14.8866
14.8575
14.8183
14.7564
14.8433
14.8139
14.7244
14.5999
14.5969
14.7662
14.7586
14.6384
14.6442
14.7986
14.615
14.7404
14.7894
14.8396
14.6757
14.7974
14.6003
14.6725
14.608
14.6838
14.6102
14.6352
14.5904
14.7055
14.7989
14.7739
14.7026
14.6702
14.7556
14.7428
14.7966
14.6799
14.6913
14.8045
14.8295
14.7144
14.7365
14.8836
14.727
14.8469
14.8624
14.9283
14.7746
14.886
14.6496
14.6477
14.6245
14.746
14.7024
14.6903
14.6805
14.6735
14.7345
14.7273
14.7059
14.7043
14.737
14.7295
14.859
14.7348
14.7687
14.8299
14.88
14.7439
14.7887
14.9674
14.8224
14.9108
14.9389
14.9942
14.8781
14.9233
14.7327
14.733
14.723
14.7201
14.7199
14.7432
14.7321
14.739
14.7613
14.7539
14.7735
14.7689
14.7878
14.7869
14.9065
14.7474
14.8177
14.8598
14.9367
14.7635
14.8635
15.0013
14.9164
14.9341
15.006
15.0015
14.9323
14.9448
14.7104
14.748
14.7372
14.7105
14.7302
14.7626
14.7441
14.7919
14.81
14.8127
14.8089
14.8176
14.8311
14.8355
14.9641
14.83
14.9116
14.9547
14.9824
14.8929
14.9428
14.9977
14.9388
14.9553
14.9881
14.9918
14.9367
14.9646
14.7695
14.7929
14.7867
14.8097
14.8195
14.8334
14.836
14.8457
14.8554
14.8582
14.8633
14.8755
14.877
14.8784
14.9808
14.9197
14.9463
14.9719
14.9673
14.9223
14.9425
14.9861
14.9423
14.971
14.9611
14.9806
14.9514
14.9708
14.8688
14.8712
14.8794
14.9015
14.9133
14.9021
14.9106
14.9004
14.8938
14.8911
14.9067
14.9189
14.9068
14.8996
14.958
14.9281
14.9479
14.9448
14.9558
14.9386
14.9526
14.9758
14.9584
14.97
14.9572
14.9729
14.9627
14.9698
14.9362
14.9224
14.9302
14.9261
14.9403
14.9368
14.94
14.9288
14.9177
14.9029
14.9311
14.9376
14.9281
14.9033
14.9582
14.9472
14.9563
14.9467
14.9627
14.9564
14.9625
14.9729
14.9663
14.9718
14.9617
14.9766
14.9735
14.9773
14.9427
14.9457
14.94
14.9515
14.9506
14.9519
14.945
14.9437
14.9377
14.9065
14.946
14.945
14.9445
14.9189
14.9692
14.9667
14.9722
14.9611
14.9789
14.9781
14.9808
14.9827
14.9817
14.9841
14.9813
14.9883
14.9898
14.9887
14.9586
14.9545
14.9514
14.9644
14.9634
14.9542
14.9537
14.9486
14.9484
14.9284
14.9505
14.9496
14.9493
14.9252
14.9898
14.9901
14.9915
14.9896
15.0053
15.0002
15.0057
14.9944
14.9948
14.9959
15.0063
15.0045
15.0005
15.0052
14.9677
14.9511
14.9527
14.9737
14.9665
14.9495
14.956
14.9469
14.9494
14.922
14.9494
14.9444
14.9473
14.9199
15.0244
15.0051
15.0178
15.0198
15.0423
15.0066
15.0195
15.0205
15.0043
15.0192
15.0535
15.0323
15.0236
15.0352
14.9646
14.9417
14.957
14.9486
14.9546
14.9313
14.9563
14.939
14.9397
14.9175
14.934
14.9387
14.9317
14.921
15.0519
15.0073
15.0349
15.0065
15.0387
15.0084
15.0533
15.0398
15.0536
15.043
15.0566
15.0405
15.0644
15.0445
14.9483
14.928
14.958
14.9418
14.9589
14.935
14.9605
14.9433
14.9286
14.9305
14.9312
14.9485
14.9319
14.9443
15.0151
15.0049
15.0403
14.9693
14.9906
14.9971
15.0188
15.0354
15.0538
15.0383
15.0217
15.0279
15.0379
15.0287
14.9699
14.9485
14.9686
14.9662
14.9797
14.9628
14.9805
14.9606
14.942
14.9598
14.9662
14.9813
14.9599
14.9794
14.9723
14.9879
14.9958
14.9436
14.9573
14.9828
14.9806
15.0206
15.0236
15.0215
14.9944
15.0149
15.0127
15.0184
14.9877
14.9745
14.9915
14.9882
14.994
14.9845
15.0026
15.0012
14.9652
14.999
14.9951
15.0276
14.9634
15.0375
14.9475
14.9803
14.9761
14.941
14.9409
14.971
14.9737
15.0126
15.0038
15.0201
14.9789
15.0136
14.9961
15.0245
14.9949
14.9932
15.0091
14.9945
14.9928
14.9976
15.0088
15.0412
14.9857
15.0791
15.0107
15.0385
14.9946
15.0762
14.9392
14.9565
14.9727
14.9413
14.9423
14.9362
14.9731
15.0167
14.9887
15.0311
14.9768
15.0208
14.9849
15.0368
14.9952
15.0094
15.0038
15.0083
14.9981
15.0161
14.9924
15.0353
14.9927
15.0509
15.013
15.0296
14.9976
15.0268
14.9486
14.9266
14.9718
14.9574
14.9585
14.9295
14.9713
15.0258
14.9842
15.0397
14.9912
15.0319
14.9876
15.0416
14.9928
15.0209
14.9763
15.0139
14.9831
15.0135
14.9513
15.0247
15.0178
15.0395
15.0248
15.0164
15.0429
15.0535
14.9725
14.943
14.9736
14.9957
14.9898
14.9646
14.9805
15.0389
14.9937
15.0422
15.0162
15.0464
15.0016
15.0435
14.9834
14.9949
14.9427
15.0111
14.9891
14.9787
14.9524
15.003
15.0666
15.0557
15.0202
15.001
15.0782
15.0506
15.0093
14.9877
14.9915
15.0415
15.0284
15.0142
15.0083
15.0539
15.0107
15.0451
15.0433
15.0606
15.0213
15.0479
15.011
14.9602
14.9711
15.036
15.0444
14.9717
15.002
15.0152
15.0809
15.0472
15.0212
15.0385
15.0766
15.049
15.046
15.0383
15.0265
15.0809
15.0605
15.0584
15.0431
15.0657
15.0311
15.0499
15.0628
15.0685
15.0389
15.0497
15.077
15.0308
15.041
15.1143
15.1066
15.0983
15.0875
15.0578
15.0888
15.0525
15.0813
15.0796
15.0944
15.0573
15.0711
15.0766
15.0556
15.1059
15.0779
15.0898
15.0641
15.0687
15.0436
15.0477
15.0695
15.0661
15.0462
15.0439
15.1308
15.1436
15.1217
15.1747
15.1465
15.1589
15.1351
15.1033
15.0954
15.0605
15.1248
15.1201
15.1022
15.077
15.08
15.0985
15.0672
15.1128
15.0786
15.1055
15.0679
15.0603
15.045
15.038
15.0618
15.052
15.041
15.0287
15.1527
15.1642
15.1362
15.1778
15.1535
15.1643
15.1377
15.1308
15.1038
15.0989
15.1514
15.1396
15.1215
15.1232
15.074
15.1087
15.0643
15.1114
15.0687
15.1101
15.0597
15.0411
15.0346
15.0175
15.0433
15.0281
15.028
15.0058
15.1519
15.1662
15.1417
15.1714
15.1479
15.1707
15.1467
15.1489
15.1466
15.1441
15.1723
15.1591
15.1679
15.1618
15.0645
15.1107
15.059
15.1105
15.0617
15.1108
15.0606
15.0141
15.0223
14.9945
15.0262
14.998
15.0142
14.9779
15.1494
15.1758
15.1542
15.1797
15.155
15.186
15.16
15.1693
15.1871
15.1795
15.1998
15.1812
15.2073
15.1963
15.0621
15.1147
15.0646
15.1134
15.0628
15.1188
15.0662
14.9805
15.0058
14.9576
15.0124
14.9622
14.9978
14.9353
15.1621
15.2026
15.1737
15.1947
15.1699
15.2179
15.1967
15.1989
15.2311
15.2163
15.245
15.2274
15.2565
15.2484
15.0622
15.1241
15.0672
15.1158
15.0596
15.1264
15.0639
14.9428
14.9902
14.9116
14.9964
14.9217
14.9791
14.8848
15.1738
15.2288
15.2103
15.2038
15.1765
15.2357
15.2156
15.2506
15.2815
15.2779
15.2776
15.2658
15.3065
15.299
15.0541
15.1244
15.0586
15.1038
15.0468
15.1173
15.0532
14.8978
14.9663
14.8561
14.9725
14.8732
14.953
14.8255
15.1767
15.241
15.2162
15.2013
15.1731
15.2405
15.2145
15.277
15.333
15.32
15.3043
15.2921
15.3625
15.3468
15.0374
15.1075
15.0478
15.0738
15.025
15.0859
15.0356
14.8465
14.9385
14.7958
14.9423
14.8246
14.9233
14.7738
15.1599
15.2347
15.2057
15.1701
15.1345
15.2113
15.1795
15.2975
15.3932
15.3706
15.3069
15.2954
15.4187
15.3954
15.0057
15.0535
15.0135
15.0144
14.975
14.9929
14.9615
14.8087
14.9074
14.7612
14.9108
14.8016
14.8672
14.7348
15.0876
15.1642
15.1198
15.0863
15.0192
15.0717
14.9997
15.2694
15.4256
15.3835
15.2075
15.1631
15.3746
15.315
14.9365
14.9195
14.8961
14.9348
14.8978
14.867
14.8383
14.8034
14.8187
14.7021
14.8601
14.8094
14.7709
14.6659
14.9264
14.929
14.8313
14.9642
14.8299
14.7883
14.6965
14.9541
15.2508
15.1809
14.8415
14.7957
15.0925
15.0574
14.8641
14.826
14.7903
14.8819
14.8386
14.8099
14.7646
14.8114
14.7316
14.6498
14.8141
14.8074
14.7075
14.6459
14.7715
14.6928
14.6135
14.9659
14.7781
14.7669
14.7005
14.7462
14.9891
14.9704
14.7767
14.7757
14.959
14.9285
14.8221
14.8114
14.7534
14.8661
14.8149
14.8396
14.771
14.7984
14.6956
14.6495
14.7872
14.79
14.7149
14.6837
14.8266
14.9453
14.8118
15.0509
14.8858
15.0422
14.8985
14.8046
14.9541
14.9086
14.8872
14.8474
14.9434
14.8829
14.8087
14.8654
14.8
14.8331
14.7939
14.87
14.8016
14.7821
14.7372
14.7122
14.7657
14.771
14.7382
14.7259
14.9237
15.0268
14.9286
14.9386
14.9204
14.9828
14.8998
14.8697
14.9233
14.8578
14.9004
14.8534
14.8919
14.824
14.7669
14.8447
14.7748
14.7234
14.726
14.7397
14.699
14.7542
14.7157
14.7207
14.7107
14.7339
14.6662
14.6956
14.9016
14.9164
14.8517
14.8341
14.8063
14.8433
14.7742
14.8263
14.8537
14.7922
14.8275
14.7823
14.8186
14.7586
14.6693
14.6183
14.6037
14.5595
14.6142
14.4999
14.498
14.7196
14.6035
14.6704
14.6472
14.7162
14.534
14.6459
14.7239
14.7718
14.7083
14.6789
14.637
14.7057
14.6406
14.7419
14.7875
14.7341
14.7503
14.7086
14.7667
14.7174
14.5564
14.3801
14.4084
14.4067
14.5249
14.287
14.3521
14.7341
14.4842
14.6405
14.6482
14.7785
14.4749
14.6699
14.5584
14.6509
14.5885
14.5534
14.4882
14.6134
14.5533
14.6842
14.7593
14.7118
14.7251
14.6747
14.7695
14.7224
14.5359
14.2279
14.349
14.3976
14.5915
14.2396
14.4141
14.8498
14.517
14.7286
14.7894
14.9487
14.6042
14.8182
14.4492
14.5947
14.5513
14.5144
14.4377
14.6037
14.5758
14.6935
14.7986
14.757
14.775
14.7254
14.849
14.8083
14.7132
14.344
14.5321
14.6658
14.8635
14.53
14.6968
15.074
14.7383
14.94
15.0632
15.197
14.8954
15.0729
14.4623
14.6542
14.6362
14.604
14.531
14.7166
14.7096
14.7751
14.9283
14.8775
14.8901
14.83
15.013
14.9519
15.0185
14.7119
14.8415
14.9939
15.141
14.8717
14.9856
15.2943
15.0162
15.1583
15.2644
15.3512
15.1149
15.2299
14.6597
14.8148
14.7652
14.8129
14.7853
14.9187
14.8453
14.7039
14.7469
14.7599
14.7994
14.8705
14.8082
14.858
15.0135
14.8598
14.957
14.983
15.095
14.9357
15.0205
15.2246
15.085
15.1566
15.1956
15.2702
15.1305
15.1956
14.8873
15.1111
15.015
15.0655
14.9658
15.2094
15.0989
14.8222
14.9516
14.9244
14.9027
14.9091
15.0047
14.9788
14.9202
14.9424
14.9867
14.9392
14.9955
14.9833
15.0208
15.0791
15.0647
15.1059
15.0842
15.1459
15.0916
15.1539
15.0406
15.2067
15.1563
15.1624
15.1101
15.3056
15.233
15.0592
15.1408
15.1295
15.0959
15.1095
15.1946
15.1877
)
;

boundaryField
{
    fbOut
    {
        type            fixedValue;
        value           uniform 0;
    }
    CAD_patch1
    {
        type            zeroGradient;
    }
    fbGasin
    {
        type            zeroGradient;
    }
    CAD_patch3
    {
        type            zeroGradient;
    }
    fbBioin
    {
        type            zeroGradient;
    }
}


// ************************************************************************* //
