/*--------------------------------*- C++ -*----------------------------------*\
| =========                 |                                                 |
| \\      /  F ield         | OpenFOAM: The Open Source CFD Toolbox           |
|  \\    /   O peration     | Version:  5.x                                   |
|   \\  /    A nd           | Web:      www.OpenFOAM.org                      |
|    \\/     M anipulation  |                                                 |
\*---------------------------------------------------------------------------*/
FoamFile
{
    version     2.0;
    format      ascii;
    class       volScalarField;
    location    "3.05";
    object      p;
}
// * * * * * * * * * * * * * * * * * * * * * * * * * * * * * * * * * * * * * //

dimensions      [0 2 -2 0 0 0 0];

internalField   nonuniform List<scalar> 
10571
(
188.017
199.191
197.261
184.219
172.298
197.662
186.11
177.338
173.12
158.136
201.94
200.168
190.163
188.451
188.254
178.823
202.787
193.991
192.655
191.481
188.466
195.414
194.282
193.373
168.824
195.388
189.968
163.813
157.646
193.254
177.168
163.594
146.551
149.937
187.782
185.136
183.119
174.622
155.489
148.491
177.582
179.921
177.143
180.109
162.535
191.249
190.229
185.374
132.465
152.034
139.89
124.216
140.773
164.777
160.17
142.115
141.551
149.241
106.364
125.534
128.069
113.794
119.836
146.197
83.8251
48.7309
47.6739
115.148
123.118
115.256
121.531
120.606
87.0061
111.874
108.802
111.149
67.823
129.878
110.281
93.3084
60.9923
76.2995
58.0523
49.8884
44.2316
31.2432
28.3462
45.8431
30.7237
24.5378
23.0843
25.2912
32.7593
28.2963
25.6913
25.8674
29.2203
28.1259
42.9554
64.2746
25.1419
57.6489
46.4115
29.0762
21.116
29.6448
36.0763
31.6345
27.7328
23.368
23.9312
25.8504
32.0959
26.1109
25.8421
25.321
25.3673
26.7835
25.8773
25.6295
24.9998
24.1442
23.2375
23.3453
25.4432
24.4691
24.2531
22.2056
25.3186
25.9388
25.1897
24.3158
24.2277
23.4628
24.7677
25.2467
25.0058
25.0999
23.9587
25.0792
25.3568
25.1776
25.2283
25.8566
25.5782
25.4236
24.9874
24.3716
24.1756
24.5251
24.9084
24.4708
24.4461
24.6748
25.4334
25.1579
25.1416
24.3766
24.2088
24.0839
24.824
24.8784
24.9887
25.0838
24.1919
24.7788
24.9482
25.1165
25.2103
25.0618
25.2447
25.1724
25.0985
24.9289
24.207
24.5367
24.778
25.0915
24.4481
24.7339
24.8539
25.071
25.1846
25.1399
24.5815
24.4252
24.439
24.8446
24.729
25.1996
25.1028
24.6252
24.8222
24.8252
25.0053
25.165
25.0922
24.9585
24.9244
24.9241
24.8385
24.1769
24.6005
24.8584
25.0223
24.3897
24.7511
24.7837
24.94
25.0142
25.1619
24.668
24.5618
24.5565
24.8132
24.7729
25.0996
25.1115
24.701
24.806
24.7874
24.9059
25.0336
24.823
24.7916
24.832
24.7693
24.473
24.7029
24.7678
24.8199
24.4296
24.7492
24.7619
24.7338
24.5738
24.6931
24.6251
24.5915
24.7572
24.6956
24.9194
24.6994
24.7518
24.7408
24.7832
24.8344
24.7575
24.7279
24.7881
24.7392
24.627
24.7151
24.7035
24.6666
24.5395
24.7566
24.7679
24.4275
24.6418
24.7263
24.6808
24.5923
24.7444
24.5542
24.7351
24.7185
24.719
24.7026
24.6848
24.732
24.7535
24.7348
24.7605
24.7299
24.703
24.7271
24.7053
24.6265
24.6128
24.7516
24.7719
24.3605
24.5912
24.7208
24.7242
24.624
24.8054
24.6334
24.6423
24.739
24.7526
24.7616
24.6673
24.6886
24.7798
24.7711
24.777
24.7454
24.7475
24.7339
24.7384
24.6496
24.6532
24.7747
24.8744
24.7227
24.611
24.7304
24.7437
24.6985
24.8675
24.8866
24.6921
24.7575
24.7956
24.8611
24.7909
24.7769
24.802
24.8328
24.8446
24.757
24.7478
24.7316
24.7556
24.7272
24.6753
24.8141
24.919
25.0636
24.7891
24.7478
24.7587
24.7674
24.8435
24.9918
24.8139
24.751
24.8123
24.926
24.9049
24.8904
24.8008
24.8726
24.9091
24.7634
24.7396
24.7003
24.7473
24.8022
24.6901
24.8291
24.8653
25.0819
24.9126
24.764
24.7621
24.8105
24.848
24.9447
24.8909
24.705
24.7935
24.9217
24.9597
24.9517
24.7912
24.8753
24.9265
24.7589
24.7267
24.6973
24.7328
24.8452
24.691
24.8257
24.8384
24.9983
24.9212
24.7689
24.7424
24.8323
24.9285
24.9234
24.9213
24.7012
24.7626
24.9063
24.9492
24.953
24.7819
24.866
24.9176
24.7472
24.7038
24.6878
24.7317
24.8483
24.6948
24.8046
24.8367
24.9162
24.8865
24.7939
24.7489
24.8493
24.9682
24.9177
24.9236
24.7409
24.7446
24.8856
24.9175
24.9329
24.7765
24.8582
24.9049
24.746
24.6966
24.6493
24.7487
24.8395
24.7075
24.7752
24.8351
24.8647
24.8586
24.8194
24.7667
24.8417
24.9085
24.8892
24.9032
24.7753
24.7302
24.8733
24.8919
24.8943
24.7688
24.8543
24.8917
24.7621
24.7407
24.6858
24.7747
24.834
24.7386
24.7723
24.834
24.8334
24.845
24.8447
24.7945
24.8095
24.851
24.856
24.8715
24.8002
24.7256
24.8638
24.87
24.8688
24.7721
24.8627
24.8825
24.7993
24.855
24.7573
24.805
24.8411
24.8324
24.7987
24.822
24.8221
24.8454
24.8712
24.8303
24.7889
24.8361
24.8434
24.8597
24.8142
24.7279
24.864
24.8613
24.8626
24.8006
24.8787
24.8814
24.8381
24.8653
24.8056
24.8303
24.8585
24.8861
24.8223
24.8148
24.8316
24.8565
24.8825
24.8544
24.7753
24.8394
24.8506
24.8654
24.8318
24.761
24.8733
24.865
24.8697
24.8487
24.9012
24.8882
24.8756
24.9011
24.8662
24.8638
24.882
24.892
24.8402
24.8248
24.8519
24.8752
24.9014
24.8638
24.7929
24.8582
24.8696
24.8843
24.8799
24.8555
24.8908
24.8773
24.8881
24.9553
24.9283
24.902
24.9153
24.9363
24.9154
24.9004
24.9083
24.9029
24.8656
24.856
24.8797
24.8984
24.9271
24.8801
24.8354
24.884
24.8991
24.912
24.9306
24.9099
24.9098
24.8973
24.9144
25.0021
24.9411
24.9173
24.9478
24.9568
24.9532
24.9344
24.9349
24.9371
24.9106
24.8982
24.9081
24.9216
24.949
24.9108
24.869
24.9109
24.9349
24.9415
24.9418
24.9208
24.9278
24.9192
24.9432
24.9663
24.9435
24.9333
24.969
24.9799
24.992
24.9551
24.9569
24.9877
24.9773
24.9311
24.9317
24.9443
24.9785
24.9397
24.8862
24.9339
24.9652
24.9682
24.9464
24.9298
24.9471
24.9393
24.9698
24.9505
24.9483
24.9499
24.9885
24.9871
24.9706
24.9619
24.9753
24.9978
25.0199
24.9669
24.958
24.9667
25.0205
24.9715
24.9188
24.9508
24.9811
24.9888
24.9746
24.9552
24.9658
24.9534
24.9897
24.9563
24.9573
24.9635
25.0038
24.9975
24.9897
24.9764
24.9872
24.9848
25.0001
24.9832
24.9723
24.9876
25.0888
25.0305
24.9743
24.9628
24.9801
24.9982
25.0209
24.9852
24.977
24.9582
24.9989
24.9754
24.9669
24.9703
24.9953
25.0047
24.9953
24.9868
24.9932
25.0202
24.9919
24.9789
24.9723
24.999
25.0707
25.0497
24.9859
24.9626
24.9666
24.9943
25.0492
24.9968
24.9794
24.9569
24.9961
24.9896
24.9717
24.9705
24.9799
24.9903
24.9752
24.9773
24.9853
25.0387
24.9843
24.9634
24.9627
24.9925
25.0067
25.0171
24.9711
24.9534
24.9517
24.9805
25.0424
24.9849
24.9742
24.9544
24.9842
24.993
24.9714
24.9671
24.9597
24.9621
24.9369
24.9672
24.9753
24.9936
24.9614
24.939
24.9446
24.9762
25.0112
25.0049
24.9643
24.9388
24.9383
24.9594
25.0156
24.9702
24.9648
24.95
24.9656
24.9877
24.9658
24.9612
24.9322
24.9087
24.8949
24.9236
24.9514
24.945
24.9125
24.9244
24.9206
24.9563
25.0001
24.9678
24.9556
24.9246
24.9181
24.9375
25.015
24.9625
24.9528
24.9353
24.9419
24.9816
24.9577
24.9482
24.8996
24.8811
24.8529
24.8779
24.9228
24.9264
24.8582
24.911
24.899
24.9372
24.9679
24.921
24.9495
24.9139
24.8851
24.9162
25.0174
24.9565
24.9417
24.907
24.9175
24.9784
24.9478
24.9291
24.8781
24.8981
24.8194
24.8673
24.9051
24.8974
24.8518
24.8863
24.883
24.9195
24.9502
24.8941
24.9459
24.9098
24.8598
24.9044
25.0065
24.9575
24.9325
24.8857
24.9064
24.9809
24.9479
24.9178
24.8573
24.9366
24.8718
24.8611
24.8959
24.9225
24.8696
24.8699
24.8735
24.9105
24.9432
24.894
24.9457
24.9104
24.8536
24.913
24.9906
24.9596
24.9294
24.8858
24.9116
24.9887
24.959
24.932
24.8576
24.9986
24.9326
24.8343
24.8744
24.9662
24.8746
24.8735
24.8637
24.9136
24.9368
24.9045
24.9364
24.9143
24.8889
24.9559
24.9742
24.9395
24.9358
24.9261
24.999
24.991
24.9659
24.9608
24.8843
24.9924
24.9421
24.8752
24.8632
24.9607
24.8739
24.8976
24.8623
24.9073
24.925
24.909
24.8998
24.9126
24.9075
24.9743
24.9561
24.9011
24.9052
24.9386
24.9941
24.9735
24.9477
24.9536
24.9163
24.9602
24.9227
24.9138
24.8731
24.9354
24.8701
24.9006
24.8325
24.8684
24.9045
24.8911
24.8523
24.8826
24.8645
24.901
24.936
24.8729
24.8619
24.9064
24.9198
24.9374
24.9011
24.9111
24.9156
24.9372
24.9261
24.9075
24.898
24.9036
24.8632
24.8494
24.817
24.8215
24.8793
24.8591
24.8189
24.8517
24.8288
24.8086
24.9204
24.8563
24.8369
24.8551
24.8509
24.898
24.8468
24.8265
24.901
24.9262
24.9332
24.8796
24.8703
24.8693
24.837
24.7639
24.7972
24.7818
24.8637
24.8359
24.799
24.8289
24.7981
24.7391
24.9174
24.8523
24.8138
24.8283
24.8097
24.8804
24.8296
24.7984
24.8678
24.9161
24.9169
24.825
24.7802
24.8376
24.8002
24.682
24.7476
24.7568
24.8636
24.8289
24.794
24.8053
24.7623
24.7209
24.9316
24.8645
24.8128
24.8169
24.7935
24.8883
24.8423
24.8482
24.8236
24.8992
24.8737
24.7668
24.7126
24.818
24.768
24.6238
24.7097
24.7261
24.8758
24.8429
24.8111
24.7876
24.7365
24.7256
24.9442
24.8835
24.8418
24.8128
24.7919
24.9147
24.9151
24.8804
24.7828
24.8781
24.8238
24.7205
24.675
24.8151
24.7454
24.6053
24.7116
24.7086
24.895
24.8706
24.825
24.7732
24.7337
24.7192
24.9557
24.8983
24.8346
24.8104
24.8019
24.9595
24.935
24.8921
24.7533
24.8563
24.7819
24.6825
24.6816
24.8183
24.6964
24.6052
24.6946
24.7124
24.9182
24.8972
24.8079
24.7702
24.7409
24.7081
24.9664
24.8687
24.8168
24.8049
24.818
24.979
24.9206
24.8783
24.7332
24.8394
24.7522
24.6569
24.6948
24.8291
24.6222
24.583
24.66
24.7673
24.9346
24.9115
24.7814
24.7646
24.7415
24.7498
24.9641
24.8354
24.8014
24.7938
24.8251
24.9581
24.8888
24.8539
24.7335
24.8208
24.7281
24.6478
24.7176
24.8345
24.547
24.5635
24.653
24.7469
24.9352
24.901
24.742
24.7511
24.7316
24.7562
24.9556
24.8037
24.7828
24.7764
24.8152
24.9198
24.8497
24.8261
24.7326
24.7992
24.6979
24.6531
24.7213
24.8122
24.4617
24.5499
24.6677
24.778
24.9305
24.8706
24.6775
24.7217
24.7117
24.7403
24.9248
24.7575
24.7578
24.7563
24.7901
24.8773
24.8083
24.7876
24.6962
24.7679
24.6553
24.6183
24.6672
24.7683
24.3728
24.5177
24.6314
24.7275
24.905
24.8008
24.5983
24.6723
24.6832
24.7137
24.8621
24.7055
24.7244
24.7315
24.7625
24.8015
24.7693
24.7527
24.6664
24.7326
24.6104
24.5864
24.5961
24.6991
24.2864
24.4769
24.5896
24.6757
24.8596
24.7096
24.5188
24.6119
24.6549
24.6878
24.7854
24.6417
24.6912
24.6993
24.7286
24.7285
24.7218
24.7143
24.635
24.6854
24.5654
24.554
24.5811
24.6071
24.2042
24.4379
24.559
24.6454
24.7689
24.6038
24.4141
24.5486
24.631
24.6712
24.6918
24.5547
24.6549
24.6665
24.6958
24.647
24.6773
24.6807
24.6396
24.6331
24.5293
24.5489
24.5973
24.4912
24.1491
24.4237
24.541
24.6404
24.6208
24.4613
24.3306
24.5153
24.6207
24.6675
24.5342
24.5003
24.6244
24.6451
24.6774
24.5847
24.6483
24.6632
24.674
24.5934
24.525
24.5677
24.6291
24.391
24.1602
24.4686
24.5383
24.6534
24.53
24.3759
24.3329
24.5377
24.6391
24.6799
24.4421
24.5092
24.626
24.6464
24.6825
24.5779
24.6431
24.6679
24.7045
24.5811
24.5536
24.6133
24.6724
24.296
24.267
24.5353
24.5605
24.6852
24.4695
24.3755
24.4406
24.5862
24.6719
24.7061
24.4536
24.5356
24.6393
24.6666
24.7043
24.6039
24.6545
24.6891
24.719
24.588
24.608
24.6467
24.7045
24.2928
24.3894
24.6309
24.5946
24.7408
24.3848
24.3533
24.5677
24.6449
24.6987
24.7359
24.4614
24.5783
24.649
24.686
24.7266
24.641
24.6709
24.7051
24.7032
24.682
24.6803
24.6484
24.7223
24.3932
24.5436
24.7155
24.6485
24.8041
24.1793
24.2926
24.6292
24.6817
24.6994
24.7492
24.492
24.6101
24.6495
24.6848
24.7311
24.6635
24.6769
24.7032
24.7237
24.8721
24.7776
24.6705
24.7601
24.7041
24.7406
24.7539
24.6786
24.8194
24.4714
24.4662
24.6764
24.6886
24.6766
24.7353
24.559
24.6306
24.6426
24.6684
24.7115
24.6629
24.6683
24.6838
24.8305
25.094
24.9019
24.7356
24.8146
25.0658
24.8215
24.6968
24.6131
24.7471
24.789
24.7226
24.6985
24.6589
24.6337
24.6907
24.6148
24.6464
24.6257
24.6409
24.6693
24.6584
24.6494
24.6517
24.9137
25.1211
24.8956
24.7347
24.7833
25.0601
24.7109
24.5619
24.5105
24.6263
24.8233
24.7768
24.6725
24.6188
24.5778
24.6184
24.6428
24.6448
24.6021
24.6069
24.6078
24.6466
24.6243
24.6138
24.8082
24.9331
24.7147
24.5857
24.6161
24.9077
24.599
24.4392
24.3815
24.4739
24.7893
24.7504
24.6267
24.5724
24.5048
24.5056
24.6568
24.6359
24.5806
24.5632
24.5232
24.6361
24.5993
24.5757
24.6257
24.7044
24.5244
24.4088
24.4293
24.7815
24.5388
24.4206
24.2351
24.2568
24.7662
24.7222
24.5977
24.5132
24.3842
24.3112
24.6764
24.6294
24.5585
24.4932
24.3968
24.6366
24.5789
24.5367
24.511
24.6585
24.4762
24.3693
24.2786
24.726
24.5266
24.4186
23.9989
23.8988
24.7602
24.7117
24.5898
24.4403
24.205
23.9232
24.7132
24.6443
24.541
24.3937
24.1906
24.6553
24.5661
24.4851
24.5026
24.67
24.543
24.4232
24.14
24.7232
24.5509
24.3965
23.6397
23.1725
24.7775
24.7237
24.6214
24.3522
23.9005
23.0553
24.7699
24.6742
24.5262
24.2474
23.8286
24.6937
24.5607
24.4142
24.5517
24.7116
24.6529
24.4774
24.007
24.7237
24.6207
24.3242
23.192
21.5042
24.8076
24.7431
24.6415
24.2412
23.4532
21.0582
24.8425
24.6812
24.4615
24.026
23.1275
24.774
24.5657
24.3234
24.5904
24.719
24.7374
24.5034
23.9069
24.6754
24.6571
24.1742
22.7699
17.4835
24.7888
24.7257
24.628
24.0721
22.9613
18.6592
-13.0588
24.9122
24.7139
24.3476
23.8225
21.6407
24.9371
24.5723
24.2671
24.6413
24.6469
24.6769
24.4913
23.9026
24.508
24.5606
24.1268
22.6824
15.405
-0.948501
24.6516
24.5662
24.5838
24.0702
22.7956
18.1262
1.90314
24.879
24.8253
24.3432
23.7892
19.668
25.0724
24.7663
24.4062
24.6251
24.5282
24.6095
24.4762
24.0749
24.3057
24.3246
24.1689
23.2854
18.9537
5.65697
24.3776
24.3694
24.4279
24.1088
23.1862
18.8515
6.17489
24.6854
24.6254
24.472
24.0418
20.7824
7.03583
24.9447
25.0008
24.7631
24.5334
24.428
24.5161
24.4186
24.3454
24.169
24.0873
24.0936
23.7621
20.6734
8.1549
24.1646
24.1551
24.2859
24.0971
23.7231
20.1714
5.34306
24.5055
24.4879
24.5364
24.3179
22.013
24.7728
24.9167
24.9184
24.4984
24.3865
24.4706
24.3621
24.5661
24.0902
23.9845
24.06
24.0539
23.1199
24.174
24.0907
24.2261
24.0915
23.888
21.7846
-2.91439
24.4444
24.4459
24.4992
24.4495
23.5688
24.6434
24.7886
24.8139
24.706
24.4646
24.5328
24.5562
24.8459
24.1878
24.142
24.2629
24.4458
24.6587
24.3405
24.1905
24.2768
24.1902
24.2955
24.0311
24.5044
24.4781
24.5346
24.5079
24.4455
24.5994
24.6964
24.7204
24.793
24.6533
24.6535
24.7249
25.0577
24.4435
24.3845
24.4949
24.7146
24.9949
24.5566
24.431
24.4104
24.4524
24.5637
24.6294
24.6303
24.5802
24.6299
24.6513
24.6737
24.6795
24.7201
24.7594
24.8658
24.7669
24.7588
24.8078
24.9887
24.6191
24.5765
24.6069
24.7202
24.8594
24.7168
24.6119
24.5511
24.6257
24.678
24.7138
24.7535
24.6454
24.7173
24.7158
24.7227
24.7764
24.7767
24.799
24.8757
24.8011
24.7923
24.7985
24.8893
24.6916
24.6582
24.6513
24.7212
24.7802
24.8138
24.7005
24.64
24.7
24.6776
24.6943
24.8136
24.6634
24.7298
24.7181
24.732
24.7988
24.7928
24.8086
24.8472
24.8145
24.7741
24.769
24.8219
24.7237
24.6607
24.6643
24.6956
24.7394
24.846
24.7236
24.7006
24.6963
24.6701
24.6891
24.8051
24.6372
24.7325
24.7135
24.7462
24.7684
24.7995
24.8292
24.8418
24.8034
24.7602
24.7568
24.8046
24.7104
24.68
24.6723
24.6913
24.7437
24.8108
24.6717
24.6549
24.6898
24.6807
24.6935
24.7492
24.628
24.7107
24.717
24.7671
24.7683
24.7895
24.8406
24.8727
24.7995
24.7681
24.7725
24.8302
24.6965
24.694
24.6839
24.7135
24.7831
24.7543
24.6268
24.655
24.6654
24.6846
24.7315
24.721
24.6475
24.6821
24.7446
24.8277
24.7621
24.782
24.8692
24.9038
24.7864
24.7856
24.8027
24.8682
24.6892
24.7052
24.7049
24.7395
24.8355
24.7302
24.6347
24.6613
24.6854
24.7122
24.7914
24.7625
24.6686
24.7347
24.8017
24.9026
24.7265
24.8497
24.9682
208.1
201.332
208.155
204.83
193.763
193.216
189.107
183.907
201.506
204.75
207.089
204.062
211.376
204.296
196.585
230.827
215.427
188.91
185.281
197.422
196.195
183.287
178.194
195.565
188.032
184.175
200.388
202.029
203.246
200.291
201.868
203.172
202.436
199.777
192.647
192.891
189.241
192.898
195.636
188.066
187.968
203.237
215.569
188.175
186.136
233.05
215.303
219.081
205.503
208.162
212.905
207.156
201.733
212.889
200.94
192.787
191.347
193.468
192.774
190.535
190.878
192.347
191.68
191.547
189.72
191.876
190.335
202.855
211.041
203.281
212.463
213.59
201.425
207.536
202.861
195.952
194.925
197.801
196.668
194.734
193.246
197.289
194.723
193.436
193.285
195.26
193.912
196.236
198.847
196.854
196.716
195.708
196.364
194.534
195.314
193.957
200.601
202.963
195.527
201.467
196.026
189.497
200.711
190.771
186.717
184.532
181.897
181.535
177.613
177.696
169.809
199.638
199.292
199.767
199.187
199.028
200.886
201.489
198.892
197.398
165.557
179.676
165.686
164.632
160.502
166.327
155.057
158.601
152.405
199.126
199.465
199.864
197.981
199.021
198.649
166.873
158.278
148.95
150.342
149.85
203.002
205.744
199.486
199.995
199.433
168.266
183.314
154.29
151.376
163.954
205.683
197.876
197.009
200.473
197.429
195.389
193.404
194.881
194.662
189.893
192.549
190.299
188.421
185.837
189.854
188.174
180.141
196.497
194.742
194.903
194.523
194.521
194.205
194.004
193.666
194.04
193.333
192.626
193.413
191.45
188.766
166.811
172.563
182.789
174.153
153.692
162.05
155.432
168.794
164.796
150.304
150.31
147.461
159.54
148.414
195.772
181.601
194.979
195.657
192.621
175.984
174.174
183.39
179.807
155.094
149.341
148.723
150.455
150.537
141.131
145.544
150.309
149.158
194.866
194.36
192.956
182.714
175.107
174.959
148.887
149.328
149.865
148.091
147.982
185.169
178.597
157.732
153.72
141.857
149.729
152.418
148.763
149.368
149.33
176.044
137.12
183.573
179.129
184.708
140.178
154.688
143.234
154.446
175.138
182.434
179.988
157.727
155.741
162.848
162.301
147.7
187.507
161.654
191.383
192.055
173.114
176.253
179.159
189.213
191.488
174.823
172.6
177.593
166.825
140.69
116.638
133.961
139.267
135.663
113.08
113.736
116.486
131.297
133.455
114.971
115.925
117.662
134.463
103.912
153.963
141.536
150.278
162.237
160.59
136.584
128.043
144.317
141.074
145.492
136.782
144.431
118.739
121.689
134.367
135.051
149.102
144.91
153.083
122.168
133.793
134.416
107.229
110.646
145.595
146.426
142.053
139.384
140.223
99.6801
89.587
80.2744
67.1434
42.225
146.41
139.393
129.177
132.678
106.22
86.4309
37.6432
82.8638
91.3659
96.2369
34.6751
32.585
40.9517
38.0055
120.326
119.031
121.148
53.3687
75.2995
60.9169
72.9348
82.6718
105.315
49.7719
121.045
125.167
51.1981
49.0535
53.5844
120.885
125.618
49.017
52.085
53.5155
59.3932
88.2189
52.9597
88.2428
85.1158
101.162
55.3943
51.6871
72.8532
97.0141
77.324
48.1935
63.9635
34.8437
58.568
31.2946
128.426
79.8831
100.94
121.522
117.554
60.7284
64.358
76.0629
88.1591
57.4274
112.112
62.6662
31.2545
31.8956
34.5342
28.3598
72.389
33.3933
119.283
94.5324
95.4634
85.0397
71.3782
76.0801
79.4972
78.6831
32.9768
29.9164
33.7926
48.8274
34.1135
45.6858
39.2538
33.4956
61.1697
36.4885
24.5162
27.3027
24.3904
32.2832
33.7259
29.1227
30.3151
28.1527
33.0637
32.3125
31.3555
29.5138
27.7245
25.993
27.5192
24.4405
24.3818
24.7309
24.6834
24.4707
28.6099
28.8632
26.3578
26.4107
26.2121
25.7671
25.7378
25.8648
25.9383
25.1812
24.8522
25.3525
24.7928
28.6157
22.9989
31.2986
27.5409
31.6892
24.1108
22.6345
22.8659
29.3913
24.859
24.3056
23.4871
25.0186
25.1639
25.6953
35.0562
24.7055
29.6308
35.5433
51.985
22.9793
22.6641
24.1403
25.5838
26.8496
21.9973
26.5642
25.9398
26.2647
26.33
27.2537
27.5974
26.437
49.3964
45.9158
49.0971
25.9189
25.8981
27.2379
28.3952
28.4124
27.8664
27.7606
26.5044
32.996
33.3989
25.2933
28.2752
32.1665
26.1497
25.2603
25.2975
25.6386
25.1722
33.1992
30.297
31.4321
29.4954
27.0413
27.5309
25.441
26.395
25.2111
25.4101
25.6002
25.4587
25.0945
25.1779
25.1216
25.102
25.2085
27.737
26.6128
26.5009
26.4006
26.3847
26.1752
26.0968
25.8384
25.914
25.4853
25.5684
25.5928
25.2816
24.0434
24.413
24.1953
23.8623
23.8193
24.6015
24.3154
24.3892
24.6806
25.1937
25.1685
24.9288
25.045
25.5271
25.168
24.2468
24.5909
23.4161
23.9109
23.8929
24.496
23.9645
24.3301
24.3097
25.687
26.406
26.1884
24.9649
25.2495
24.8121
25.0608
25.6317
25.2025
24.343
24.3258
24.2994
24.576
24.2317
24.2368
25.2949
26.2625
26.2014
24.9868
24.8104
24.9346
24.9171
25.1165
25.2219
25.1164
25.1041
25.0919
25.0655
25.0928
24.3668
26.0453
24.2163
24.0957
23.8921
25.3477
25.1374
24.89
24.8785
24.7754
25.0501
24.7918
25.0799
25.0741
25.0538
25.0428
25.0777
25.0564
25.0375
24.9702
23.8069
23.572
24.8105
24.9573
23.8629
24.0071
24.5379
24.913
25.2645
25.2172
25.2856
25.202
25.2049
25.1852
25.2051
25.1935
25.7579
25.3239
25.8346
25.8666
25.5355
25.5731
25.6039
25.5656
25.7234
25.413
25.4122
25.4795
25.2977
24.386
24.3912
24.7347
24.4121
24.5599
24.776
24.4795
24.6265
24.8256
24.8938
24.9239
24.8156
24.897
24.9911
24.9983
24.6384
24.6306
24.0774
24.4329
24.3349
24.2713
24.1906
24.3941
24.3345
25.1477
24.4448
25.0588
25.0079
25.114
24.7586
25.2485
25.3232
25.1304
25.3332
25.1506
25.165
25.1294
25.1725
25.1228
24.5831
24.4426
24.3831
24.5951
24.5717
24.4918
25.1178
24.9715
25.1542
25.1998
25.0845
25.0999
25.0427
25.118
25.1188
25.098
25.1151
25.1034
25.0809
25.0849
24.2746
24.3086
24.5011
24.3935
24.4558
24.9715
25.0874
24.8861
25.1367
24.9112
25.1416
24.9444
25.0776
25.0568
25.0425
25.0741
25.0703
25.0469
25.0416
24.1926
24.3721
24.306
24.5347
24.9042
24.4521
24.5237
24.7936
24.9449
25.1309
25.0818
25.1161
25.049
25.0743
24.9918
25.0421
24.9849
25.1822
25.0469
25.0452
25.0617
25.0528
25.1941
25.0321
25.308
25.3328
25.0787
25.1219
25.1307
25.156
25.1767
25.0267
25.0289
25.0342
24.9952
24.4227
24.3585
24.7513
24.5065
24.6362
24.6761
24.4399
24.5687
24.8601
24.9315
24.8987
24.8518
24.9286
25.0281
25.0175
24.5957
24.5216
24.3498
24.2636
24.3723
24.1586
24.4893
24.084
24.445
25.0809
24.9561
25.1915
25.0933
25.048
25.0158
25.058
25.226
25.1428
25.0119
25.1128
25.1628
25.1233
25.1704
25.1297
24.6078
24.6248
24.5373
24.6046
24.6333
24.5503
25.1285
25.1429
25.0468
25.1455
25.1279
25.0867
25.0823
25.1069
25.1048
25.0885
25.1461
25.1142
25.1198
25.1019
24.5013
24.5445
24.6379
24.5784
24.6157
25.0103
25.1663
25.0111
25.1496
25.0614
25.0884
25.0442
25.0777
25.0544
25.0647
25.102
25.0957
25.0902
25.116
24.5099
24.6187
24.5938
24.9674
24.9433
24.6746
24.6395
24.889
24.8651
25.0167
24.9228
24.966
24.9627
24.9726
24.8706
24.9082
25.0952
25.0972
25.1283
25.0764
25.1227
25.1065
24.935
24.8797
24.969
24.9762
24.8884
24.8749
24.8782
24.9352
24.9314
24.8537
24.8596
24.8607
24.8677
24.3713
24.7369
24.6454
24.3723
24.556
24.6746
24.4998
24.6243
24.8153
24.8786
24.7942
24.7892
24.8291
24.9687
24.9072
24.4379
24.3598
24.6683
23.9556
24.5619
24.3277
24.8768
24.0411
24.6828
24.9844
24.9732
24.9414
24.9259
24.9047
24.8751
24.87
24.8969
24.8045
24.5825
24.627
24.5542
24.5342
24.6235
24.563
25.0927
25.0189
25.1101
24.7302
24.9639
24.9095
25.0508
25.124
25.1305
25.1095
25.1378
25.1185
25.1265
25.1099
24.6119
24.6468
24.6786
24.6259
24.6531
25.0763
25.0532
25.0895
24.9995
24.9887
24.9281
25.0464
25.1117
25.1194
25.1156
25.105
25.104
25.1097
25.1154
24.6909
24.713
24.6797
24.8027
24.7903
24.6968
24.6934
24.7569
24.7301
24.9285
24.8421
24.8768
24.8447
24.8658
24.8184
24.8417
24.9087
24.8288
24.7863
24.7999
24.8157
24.7816
24.7537
24.7735
24.7942
24.8046
24.7449
24.7484
24.7678
24.8073
25.0088
24.9078
24.7103
24.6918
24.69
24.7244
24.7669
24.7158
24.769
24.7943
24.7518
24.7497
24.7622
24.8302
24.7537
24.3827
24.4913
24.9239
24.256
24.7491
24.5699
24.8152
24.4774
24.7562
24.8222
24.7853
24.7976
24.7317
24.752
24.7143
24.7136
24.7474
24.7243
24.5051
24.6295
24.5769
24.508
24.6416
24.5954
24.9198
25.0278
24.6256
24.8346
24.6845
24.6382
24.661
24.7196
24.6458
24.6771
24.9599
24.8416
24.7964
24.6659
24.7987
24.7313
24.7436
24.6956
24.7386
24.6992
24.7083
24.694
24.7341
24.6925
24.8028
24.7929
24.8012
24.7294
24.7446
24.7694
24.7656
24.7852
24.7559
24.7431
24.7278
24.749
24.7451
24.7167
24.7393
24.7395
24.7527
24.7264
24.7363
24.7512
24.7717
24.7945
24.7331
24.7257
24.7529
24.7123
24.7202
24.7221
24.7051
24.7315
24.7374
24.7302
24.7159
24.7284
24.7016
24.6719
24.634
24.7088
24.7328
24.62
24.7402
24.6731
24.6868
24.6909
24.7258
24.6827
24.642
24.6341
24.6325
24.6398
24.5925
24.5851
24.6905
24.6517
24.5207
24.6607
24.6244
24.5456
24.6861
24.6669
24.754
24.7216
24.6227
24.6909
24.6786
24.6586
24.6933
24.7228
24.6774
24.703
24.7245
24.7463
24.6819
24.6954
24.69
24.7565
24.7673
24.6918
24.7408
24.7022
24.7276
24.6924
24.7504
24.7099
24.6917
24.7515
24.7414
24.6617
24.6672
24.7443
24.7308
24.695
24.7465
24.753
24.7244
24.7455
24.7616
24.7356
24.7568
24.7464
24.7593
24.7475
24.7597
24.7752
24.7597
24.709
24.7106
24.716
24.7015
24.6992
24.7182
24.6959
24.6965
24.7047
24.7269
24.7367
24.7024
24.7257
24.6595
24.6601
24.7327
24.7432
24.672
24.7329
24.7117
24.7355
24.6804
24.7472
24.7056
24.6196
24.5582
24.5409
24.6329
24.6184
24.55
24.5065
24.6237
24.6099
24.599
24.6994
24.692
24.6346
24.7126
24.7123
24.6271
24.6435
24.5754
24.6005
24.6315
24.698
24.7126
24.7252
24.7122
24.7189
24.6764
24.6572
24.6447
24.6831
24.6639
24.7745
24.7777
24.6992
24.77
24.7269
24.7487
24.7065
24.7861
24.7425
24.6722
24.755
24.7491
24.7193
24.7119
24.7872
24.786
24.7171
24.7655
24.7756
24.7558
24.7768
24.7912
24.7719
24.7962
24.7838
24.8041
24.7999
24.8112
24.8353
24.8074
24.722
24.7325
24.7199
24.7069
24.6993
24.721
24.7185
24.7034
24.7116
24.727
24.7531
24.7277
24.7338
24.6791
24.7061
24.7259
24.6988
24.6942
24.7277
24.6915
24.7483
24.705
24.7056
24.6841
24.6414
24.5527
24.5124
24.6828
24.6812
24.6205
24.5732
24.6289
24.683
24.6573
24.7317
24.7308
24.6907
24.7466
24.7443
24.6176
24.6595
24.6873
24.6712
24.7128
24.7185
24.7228
24.7373
24.7301
24.7249
24.7244
24.7188
24.7519
24.7768
24.7748
24.7765
24.7682
24.7187
24.797
24.7635
24.7592
24.7233
24.7952
24.7733
24.789
24.8339
24.844
24.8486
24.852
24.8804
24.8942
24.8363
24.787
24.7948
24.788
24.8145
24.8027
24.7997
24.8246
24.8381
24.864
24.8587
24.863
24.879
24.8808
24.7419
24.7501
24.722
24.7241
24.7055
24.7226
24.7283
24.7065
24.7433
24.7449
24.7609
24.7523
24.7567
24.7395
24.771
24.7101
24.7275
24.7142
24.6928
24.6898
24.7456
24.7242
24.6917
24.6981
24.7424
24.7145
24.6698
24.767
24.7985
24.7798
24.7523
24.7599
24.8191
24.7283
24.758
24.7574
24.7417
24.7723
24.7664
24.7605
24.7918
24.8653
24.8347
24.8552
24.741
24.7253
24.7579
24.7488
24.7325
24.8301
24.8305
24.8588
24.8712
24.8638
24.7519
24.7275
24.7221
24.7742
24.7704
24.7309
24.7097
24.7488
24.7536
24.9061
24.9152
24.9297
24.9486
24.9424
24.9339
24.9478
24.9283
24.7918
24.78
24.8067
24.8299
24.7961
24.8009
24.8197
24.8831
24.8806
24.877
24.8965
24.8746
24.9235
24.7545
24.7558
24.7229
24.7339
24.7107
24.7221
24.7413
24.7174
24.7594
24.7661
24.7631
24.7629
24.7724
24.7976
24.8161
24.7318
24.7334
24.7322
24.693
24.7036
24.7334
24.7397
24.6945
24.7043
24.8425
24.8346
24.8228
24.8299
24.8699
24.8628
24.8601
24.8594
24.8821
24.7434
24.7855
24.766
24.739
24.7907
24.765
24.8826
24.8964
24.9286
24.9058
24.917
24.7503
24.7357
24.7654
24.7501
24.7366
24.9015
24.8908
24.9087
24.9205
24.9112
24.7148
24.7133
24.7032
24.7283
24.7357
24.6933
24.695
24.7228
24.7309
24.9572
24.934
24.9502
24.9631
24.9588
24.9295
24.9459
24.9568
24.7594
24.7444
24.7904
24.8052
24.7884
24.779
24.7934
24.8977
24.8704
24.8701
24.8938
24.8655
24.9232
24.7533
24.7464
24.7197
24.749
24.7221
24.7174
24.7604
24.7244
24.7613
24.776
24.7527
24.7563
24.7766
24.826
24.8266
24.7306
24.7293
24.7417
24.687
24.6985
24.7169
24.7286
24.6764
24.6886
24.8811
24.8714
24.8759
24.8503
24.8828
24.8649
24.8796
24.8891
24.8862
24.735
24.7904
24.7637
24.7366
24.7925
24.7668
24.9135
24.9227
24.9064
24.9145
24.9208
24.7551
24.7464
24.7795
24.7689
24.7717
24.9323
24.9311
24.9243
24.9373
24.9363
24.7261
24.752
24.6926
24.7304
24.7355
24.7206
24.7017
24.7463
24.7483
24.9484
24.9255
24.9392
24.9303
24.939
24.9213
24.9314
24.9458
24.7367
24.7495
24.7785
24.7888
24.7769
24.7821
24.7909
24.8918
24.8659
24.8624
24.8876
24.8611
24.911
24.7329
24.714
24.7182
24.7577
24.7291
24.7221
24.7515
24.7315
24.7529
24.776
24.7443
24.7523
24.7767
24.8224
24.8182
24.7327
24.7404
24.7
24.6742
24.6804
24.6956
24.6774
24.6825
24.6764
24.8771
24.8537
24.8749
24.8442
24.8691
24.8437
24.8683
24.8788
24.8697
24.7445
24.8024
24.7781
24.7532
24.8115
24.7889
24.9078
24.9128
24.8691
24.9012
24.9013
24.7863
24.8025
24.8081
24.7996
24.8315
24.9371
24.9305
24.9173
24.9271
24.9146
24.7818
24.8071
24.7077
24.7626
24.759
24.7588
24.7141
24.7775
24.7714
24.9262
24.9164
24.9259
24.9052
24.9165
24.9073
24.9171
24.9107
24.7656
24.7805
24.7882
24.7967
24.774
24.7931
24.8025
24.8859
24.8584
24.8552
24.883
24.857
24.8983
24.7041
24.692
24.7259
24.7417
24.7375
24.7336
24.7323
24.7419
24.7546
24.7808
24.7537
24.7594
24.7872
24.8151
24.8157
24.7478
24.7535
24.6741
24.6913
24.6758
24.7073
24.6641
24.7024
24.6761
24.8595
24.8367
24.8611
24.8357
24.8536
24.8315
24.8541
24.8623
24.8566
24.7605
24.8178
24.7954
24.7719
24.8308
24.8061
24.888
24.887
24.8509
24.8769
24.8724
24.8091
24.8473
24.8316
24.818
24.8578
24.9094
24.8964
24.887
24.8898
24.879
24.8268
24.8426
24.7168
24.791
24.7767
24.7891
24.7198
24.803
24.7799
24.9024
24.8971
24.9038
24.8797
24.8858
24.8871
24.8907
24.879
24.792
24.8017
24.7998
24.8102
24.7685
24.8107
24.8189
24.8803
24.8584
24.8578
24.8802
24.8622
24.8858
24.6927
24.7168
24.7396
24.7263
24.7445
24.7642
24.7291
24.7544
24.7676
24.7959
24.7737
24.7814
24.8071
24.8193
24.8264
24.7934
24.8252
24.677
24.7464
24.6859
24.8048
24.7429
24.8045
24.715
24.8508
24.8309
24.8502
24.8359
24.8507
24.8332
24.8507
24.8543
24.8557
24.7951
24.8476
24.826
24.8395
24.8612
24.8463
24.8649
24.861
24.8435
24.8577
24.8537
24.8288
24.8649
24.8566
24.8399
24.8682
24.8751
24.8678
24.8638
24.8669
24.8651
24.8543
24.8618
24.7236
24.8149
24.7853
24.8081
24.7284
24.8256
24.794
24.8706
24.8799
24.8793
24.8639
24.8597
24.8747
24.8707
24.8638
24.811
24.8225
24.8259
24.8296
24.7858
24.8444
24.8421
24.8805
24.8676
24.8704
24.8835
24.8744
24.881
24.7571
24.7894
24.7909
24.7398
24.775
24.8018
24.7658
24.7895
24.7988
24.8198
24.8206
24.8172
24.8336
24.8357
24.8469
24.8571
24.8863
24.7964
24.8406
24.7471
24.8618
24.8164
24.8543
24.7872
24.8536
24.8368
24.8507
24.8489
24.8597
24.844
24.8565
24.8598
24.8666
24.8772
24.8784
24.8593
24.8927
24.8944
24.8729
24.8535
24.854
24.8493
24.8539
24.8562
24.8517
24.8697
24.8785
24.8606
24.871
24.864
24.8656
24.8607
24.8646
24.8693
24.8662
24.8697
24.7404
24.8353
24.8053
24.8212
24.7598
24.8435
24.8207
24.8536
24.8723
24.8672
24.8618
24.8513
24.8723
24.8661
24.8643
24.8389
24.86
24.8631
24.8561
24.8199
24.8861
24.8715
24.8887
24.8825
24.8892
24.8965
24.8906
24.8837
24.8203
24.8645
24.8166
24.7945
24.8052
24.8415
24.8272
24.8329
24.8353
24.8482
24.8564
24.8532
24.8641
24.8594
24.8732
24.8957
24.9046
24.8393
24.8723
24.8256
24.8806
24.8686
24.8908
24.8618
24.8685
24.8527
24.8657
24.8696
24.8786
24.8634
24.8765
24.8754
24.8852
24.8983
24.9047
24.8838
24.901
24.9076
24.8927
24.8581
24.863
24.8647
24.8652
24.8715
24.8661
24.8732
24.8895
24.8753
24.8809
24.8697
24.8752
24.8737
24.8774
24.8841
24.8743
24.8855
24.7847
24.8547
24.8423
24.8512
24.8147
24.8737
24.8664
24.8528
24.8765
24.8708
24.8701
24.8585
24.8818
24.8772
24.8774
24.8811
24.9081
24.9092
24.8908
24.9067
24.9362
24.9125
24.9043
24.9015
24.9155
24.9118
24.9136
24.8943
24.9045
24.939
24.87
24.863
24.8656
24.8982
24.892
24.8966
24.8712
24.8811
24.8959
24.8895
24.8981
24.8878
24.9027
24.9258
24.9525
24.9007
24.9089
24.9332
24.9227
24.9241
24.9316
24.9902
24.8902
24.8772
24.8884
24.8949
24.9019
24.8922
24.9006
24.8971
24.9098
24.9046
24.9127
24.9022
24.9103
24.9203
24.9143
24.8764
24.8833
24.8864
24.8889
24.8963
24.8899
24.894
24.9149
24.9066
24.9111
24.8883
24.895
24.8971
24.9008
24.9076
24.9051
24.9217
24.8453
24.9001
24.8929
24.9084
24.8695
24.9267
24.9289
24.8668
24.8906
24.8869
24.8867
24.8788
24.8989
24.8967
24.9004
24.94
25.0083
24.9536
24.9329
24.9937
24.9625
24.947
24.9185
24.9256
24.9365
24.9228
24.9339
24.9092
24.9601
24.9654
24.9228
24.9183
24.9229
24.9444
24.9417
24.9445
24.9068
24.915
24.9334
24.9213
24.9317
24.9178
24.9326
24.9642
24.9644
24.9353
24.9445
24.9979
24.943
24.9409
24.95
24.9896
24.9138
24.9061
24.9123
24.9218
24.9251
24.9201
24.9243
24.9228
24.9357
24.9185
24.9293
24.9278
24.9317
24.9382
24.9411
24.9043
24.9107
24.9105
24.9195
24.9249
24.9219
24.9232
24.9376
24.9335
24.9333
24.9154
24.9215
24.9263
24.9294
24.9351
24.9306
24.9363
24.9042
24.9517
24.9686
24.9393
24.9217
24.9611
24.9833
24.8925
24.9086
24.9082
24.9076
24.906
24.918
24.9188
24.9284
25.0334
25.0066
24.9626
24.954
24.9837
24.9553
24.9518
24.9276
24.9386
24.9427
24.9308
24.9417
24.9249
24.9657
24.9659
24.9648
24.9607
24.9617
24.9797
24.9777
24.9686
24.9337
24.9464
24.9588
24.9472
24.9582
24.9459
24.9569
24.9731
24.9791
24.9457
24.9595
24.9728
24.9735
24.9486
24.9667
24.955
24.9364
24.9319
24.9355
24.9464
24.9468
24.9433
24.947
24.9479
24.9588
24.9442
24.9472
24.952
24.9565
24.9602
24.9624
24.9332
24.9381
24.9338
24.946
24.9493
24.9412
24.9362
24.9624
24.9502
24.939
24.9439
24.95
24.9552
24.9567
24.9625
24.9382
24.9387
24.9192
24.9569
24.9692
24.9466
24.9058
24.947
24.9384
24.9208
24.9282
24.9302
24.9293
24.9345
24.9377
24.9412
24.957
24.9746
24.9498
24.9494
24.9492
24.9534
24.9456
24.9475
24.9354
24.9449
24.9449
24.94
24.9472
24.9415
24.967
24.9742
24.9892
24.978
24.9758
24.9912
24.9807
24.9911
24.9609
24.9679
24.9784
24.9755
24.9777
24.9663
24.975
24.9753
24.9755
24.9468
24.9731
24.9395
24.9829
24.9492
24.9806
24.9305
24.9571
24.9526
24.9569
24.9665
24.9672
24.9605
24.9656
24.9681
24.9764
24.9651
24.9795
24.971
24.9778
25.0062
24.9877
24.9572
24.9608
24.9559
24.9682
24.9713
24.9672
24.9546
25.001
24.9859
24.9705
24.969
24.9749
24.9794
24.9795
24.9856
24.9506
24.9641
24.8959
24.9389
24.9188
24.9546
24.9028
24.9461
24.922
24.9476
24.9473
24.9523
24.9467
24.9583
24.9549
24.9618
24.9809
24.9375
24.9396
24.9472
24.9495
24.9506
24.9509
24.9536
24.9468
24.9516
24.9518
24.9525
24.956
24.9573
24.9898
25.0072
24.9926
25.0127
25.003
24.9987
25.0324
25.0043
24.9904
24.9871
24.9971
24.9988
24.9926
24.9831
24.9885
24.9848
25
24.9682
24.9901
24.9397
24.9929
24.9961
24.9969
24.9661
24.9767
24.9676
24.9742
24.9799
24.9857
24.9707
24.9795
24.9848
24.992
24.9951
25.0322
25.0093
25.0055
25.0495
25.0366
24.977
24.9806
24.9765
24.983
24.9881
25.0038
24.9884
25.0509
25.0262
25.0055
24.9883
24.9948
24.9948
24.9947
25.001
24.9839
25.0106
24.9214
24.9617
24.9405
24.9976
24.9457
24.9886
24.9666
24.9669
24.9619
24.9695
24.9568
24.9719
24.9658
24.9744
24.996
24.9507
24.9655
24.9593
24.961
24.9642
24.968
24.9692
24.9587
24.9624
24.9622
24.963
24.968
24.9678
25.0184
25.0219
25.0114
25.0246
25.0097
25.0213
25.0196
25.0128
25.0052
24.9987
25.0023
25.0004
25.0007
24.995
24.9983
25.0136
25.027
25.0184
25.0012
24.9899
25.0038
25.0222
25.0028
25.0059
24.9952
24.973
24.9844
24.9921
25.0035
24.9759
24.9879
24.9972
25.0014
25.0258
25.0893
25.0763
25.0493
25.1318
25.1172
24.9892
24.9943
24.9952
24.992
24.9979
25.0534
25.0335
25.0977
25.0652
25.0557
24.9979
25.0048
24.9974
24.9983
25.0045
25.0336
25.0577
24.9758
25.0183
24.993
25.039
25.0045
25.0371
25.0161
24.9738
24.9683
24.9767
24.958
24.9724
24.9685
24.9767
24.9993
24.9859
25.0042
24.978
24.9781
24.9836
24.9851
24.9846
24.9665
24.9733
24.9701
24.9683
24.9768
24.971
25.0153
25.0065
25.0166
25.015
25.0064
25.0032
25.0086
24.9922
24.9912
24.9984
24.9874
24.9835
24.9942
24.9967
24.9925
25.0427
25.0345
25.0083
25.0034
25.0059
24.9986
24.9954
24.9956
24.9881
25.0088
24.9799
24.9915
24.9902
25.0072
24.9815
24.9918
25.0041
25.0037
25.0732
25.1278
25.1294
25.0998
25.0941
25.0963
24.9931
24.9995
24.9971
24.9902
24.9987
25.057
25.0467
25.0317
25.0233
25.0177
24.9956
25.0016
24.9883
24.991
24.9952
25.0632
25.0456
25.0258
25.0489
25.0313
25.0517
25.0398
25.06
25.0374
24.9689
24.9677
24.9746
24.9559
24.9644
24.9661
24.9712
24.9918
25.0173
25.0224
24.989
24.9881
24.9926
24.9902
24.9892
24.9686
24.9783
24.9724
24.9682
24.9784
24.9691
24.9936
24.9714
24.9911
25.0032
24.9751
24.9788
24.9927
24.9579
24.9792
24.9874
24.9711
24.9739
24.98
24.9868
24.9813
25.0239
25.0115
24.9831
24.9908
24.9692
24.9823
24.9566
24.9997
24.9494
25.0001
24.9815
24.9895
24.9812
24.9907
24.983
24.984
25.0002
24.9929
25.093
25.0416
25.0517
25.0528
25.0128
25.02
24.9861
24.9954
24.9852
24.9788
24.9891
25.0036
25.0022
25.0087
25.0047
25.0022
24.9835
24.9871
24.9705
24.9744
24.9767
25.0287
25.0216
25.0362
25.0521
25.0322
25.0304
25.0252
25.0329
25.0222
24.9585
24.9638
24.9666
24.9525
24.9519
24.961
24.9612
24.9758
25.02
25.0135
24.9886
24.9875
24.9914
24.9859
24.9849
24.9666
24.9769
24.9703
24.9659
24.9744
24.9645
24.9475
24.9269
24.9603
24.9745
24.9382
24.9338
24.954
24.9177
24.9643
24.9766
24.9467
24.9521
24.9698
24.9753
24.965
25.0259
25.0031
24.9279
24.994
24.9267
24.9383
24.9097
24.9487
24.9098
24.9799
24.9745
24.9766
24.9664
24.9685
24.9648
24.9688
24.9825
24.9716
25.0182
25.0039
25.0027
24.9906
24.9891
24.9869
24.97
24.981
24.9665
24.9602
24.9716
25.0107
25.0156
25.009
25.0057
25.0346
24.9638
24.9657
24.9488
24.9534
24.9553
25.0184
25.0183
25.0162
25.0164
25.0133
25.0099
25.0054
25.0044
25.0066
24.9442
24.9572
24.9546
24.9446
24.9347
24.9517
24.9461
24.955
25.0063
25.0002
24.9805
24.9799
24.9845
24.9769
24.9766
24.9634
24.9694
24.9622
24.9604
24.9661
24.9557
24.9094
24.9017
24.9107
24.9365
24.903
24.8952
24.921
24.8939
24.9362
24.9519
24.916
24.918
24.9254
24.9489
24.9313
24.944
24.8853
24.8951
24.8802
24.902
24.8882
24.884
24.8414
24.9151
24.9547
24.9522
24.9587
24.9345
24.94
24.9406
24.9473
24.96
24.9476
24.9635
24.9776
24.9689
24.9381
24.9693
24.9553
24.9492
24.9609
24.9459
24.9381
24.9499
24.9948
25.0338
24.983
24.9781
25.0114
24.9425
24.9443
24.9269
24.932
24.9345
25.0257
25.0279
24.9986
25.0042
25.0029
25.0183
24.9953
25.0077
24.9996
24.923
24.9438
24.9349
24.9221
24.9108
24.9318
24.9216
24.929
24.9962
24.9936
24.9736
24.9737
24.9798
24.9706
24.9712
24.9551
24.9624
24.9523
24.9496
24.958
24.9392
24.9031
24.904
24.8869
24.9086
24.8895
24.8813
24.9019
24.8858
24.9009
24.9039
24.8865
24.8882
24.8933
24.9183
24.9076
24.8583
24.8548
24.8765
24.8424
24.941
24.8873
24.8737
24.8746
24.952
24.9267
24.9261
24.9331
24.9117
24.9155
24.9074
24.9167
24.9335
24.9217
24.9177
24.9637
24.9467
24.9021
24.9619
24.9418
24.9282
24.9393
24.9275
24.9197
24.9308
24.9603
24.9895
24.9571
24.947
24.9726
24.9216
24.9244
24.9095
24.9146
24.917
25.0242
25.0162
24.9897
25.0056
24.9951
25.0119
24.9845
25.0045
24.9893
24.8981
24.9154
24.9087
24.8953
24.8874
24.9057
24.8991
24.9109
24.991
24.9896
24.9667
24.9685
24.9792
24.9637
24.9679
24.9452
24.9549
24.9433
24.9443
24.9532
24.9201
24.9041
24.9042
24.8738
24.897
24.8795
24.8664
24.896
24.8708
24.8809
24.8885
24.8668
24.8641
24.8738
24.9004
24.8933
24.888
24.9449
24.8808
24.9236
24.9785
24.9045
24.8821
24.9761
25.0342
24.9057
24.8935
24.9023
24.9027
24.8978
24.8835
24.8919
24.9112
24.9031
24.8996
24.9636
24.9405
24.9191
24.9682
24.9423
24.9139
24.9257
24.913
24.9098
24.9182
24.9371
24.9593
24.9459
24.9307
24.9491
24.9098
24.9139
24.9039
24.909
24.914
25.0062
24.9952
24.9801
25.0016
24.982
24.9981
24.9761
24.9965
24.9744
24.8833
24.9009
24.8922
24.8827
24.8823
24.8999
24.8935
24.9055
24.9887
24.989
24.9639
24.9702
24.9843
24.9657
24.9755
24.9446
24.9601
24.9531
24.9468
24.9697
24.9222
24.917
24.9517
24.8658
24.8973
24.8697
24.8766
24.9044
24.8805
24.8497
24.8526
24.8539
24.8451
24.84
24.8893
24.8823
24.9892
25.0044
24.9151
25.0154
25.0416
24.979
24.9663
25.0277
25.0105
24.8893
24.8853
24.8848
24.887
24.8826
24.8895
24.8826
24.8991
24.8987
24.9471
24.9736
24.9462
24.969
24.9771
24.948
24.9116
24.921
24.9132
24.9234
24.934
24.9266
24.9426
24.9405
24.9238
24.9382
24.9203
24.9182
24.9274
24.9319
24.9489
24.9885
24.9831
24.9746
24.992
24.9694
24.9826
24.9693
24.9871
24.9621
24.8825
24.9078
24.9052
24.9042
24.9146
24.9264
24.9239
24.9527
24.9906
24.9915
24.9676
24.9809
24.9911
24.9685
24.9863
24.9518
24.9818
24.9634
24.9551
24.9951
24.9473
24.9616
24.95
24.8943
24.9126
24.8956
24.9069
24.9128
24.9086
24.8497
24.8418
24.8722
24.86
24.849
24.8781
24.878
24.9994
24.9909
24.9864
25.015
24.9803
24.9992
24.9855
24.9973
24.956
24.8808
24.8993
24.8836
24.8665
24.879
24.8983
24.8821
24.8998
24.9015
24.9807
24.9767
24.9467
24.9804
24.9719
24.9417
24.9317
24.9446
24.9135
24.9368
24.9543
24.9204
24.9342
24.9316
24.9155
24.9291
24.9711
24.9905
24.9831
24.9968
25.019
24.9746
24.9666
24.964
24.9813
24.9561
24.966
24.9523
24.9737
24.9476
24.961
24.9441
24.9491
24.9413
24.9765
24.9502
24.957
25.014
24.9884
24.9812
24.9672
24.9855
24.9845
24.9608
24.9784
24.9536
25.0033
24.9609
24.9444
25.0003
24.9639
24.9404
24.935
24.9119
24.9152
24.9189
24.9125
24.9186
24.9205
24.8772
24.8522
24.9012
24.898
24.8659
24.8767
24.8742
24.9795
24.9676
24.9682
24.9818
24.9446
24.9755
24.9519
24.9678
24.9388
24.8757
24.885
24.8782
24.8682
24.8754
24.8677
24.8699
24.8943
24.8814
24.9723
24.9632
24.9339
24.9607
24.9512
24.9232
24.9267
24.94
24.8917
24.8959
24.902
24.9094
24.9222
24.9159
24.9011
24.9134
24.974
25.0039
24.9443
24.9385
24.9628
24.959
24.9492
24.9382
24.9641
24.938
24.9461
24.9202
24.953
24.9243
24.9636
24.9424
24.9542
24.9269
24.9425
24.926
24.9417
24.9583
24.9696
24.9536
24.9492
24.9651
24.9572
24.933
24.9485
24.9348
24.9843
24.926
24.9152
24.963
24.9353
24.9277
24.9224
24.9247
24.9196
24.925
24.935
24.9263
24.9361
24.9164
24.8891
24.9187
24.9173
24.9058
24.8757
24.8848
24.9551
24.9431
24.9373
24.9549
24.9318
24.9473
24.9236
24.9432
24.9256
24.8747
24.8525
24.8635
24.8844
24.8691
24.8467
24.8631
24.8641
24.8482
24.9459
24.9362
24.9101
24.9299
24.9195
24.8946
24.8492
24.8484
24.8446
24.7981
24.7894
24.8907
24.9036
24.8917
24.8793
24.8946
24.8986
24.9143
24.8532
24.8536
24.8684
24.9397
24.9304
24.9032
24.9408
24.9084
24.9271
24.8867
24.9297
24.8913
24.9163
24.8989
24.9138
24.8798
24.8844
24.8638
24.8818
24.8826
24.9345
24.917
24.914
24.9273
24.9157
24.8926
24.9045
24.8815
24.9357
24.8703
24.8403
24.9017
24.8723
24.9281
24.9334
24.9409
24.9338
24.9455
24.9451
24.9422
24.9536
24.9114
24.9148
24.9109
24.9046
24.9059
24.8982
24.9014
24.9312
24.9201
24.9197
24.9328
24.9212
24.9304
24.9235
24.924
24.917
24.8929
24.8497
24.8602
24.8959
24.8956
24.8466
24.8643
24.8357
24.825
24.9126
24.9029
24.8773
24.8952
24.8872
24.8602
24.7565
24.7453
24.7939
24.7395
24.7254
24.8679
24.8883
24.8696
24.8585
24.8846
24.8041
24.8327
24.7674
24.7642
24.8036
24.9236
24.9184
24.8743
24.921
24.8771
24.9174
24.8715
24.9158
24.8724
24.856
24.8337
24.854
24.8364
24.8342
24.815
24.8371
24.8266
24.9023
24.8935
24.8733
24.8831
24.8858
24.8594
24.8681
24.8048
24.8726
24.8366
24.7964
24.8568
24.7951
24.9367
24.9377
24.9442
24.9439
24.9506
24.9353
24.9404
24.9378
24.8939
24.8865
24.8861
24.8776
24.8637
24.8812
24.8535
24.9091
24.8974
24.927
24.9153
24.9116
24.9222
24.9299
24.9053
24.9021
24.8845
24.8284
24.8513
24.8294
24.8614
24.7942
24.8271
24.8179
24.7997
24.8778
24.8743
24.8448
24.8618
24.8624
24.8343
24.7388
24.7279
24.7692
24.7368
24.7368
24.8535
24.8835
24.8613
24.8534
24.886
24.7387
24.7841
24.7246
24.7302
24.7708
24.9151
24.9173
24.8722
24.9142
24.8728
24.9222
24.8807
24.9159
24.8826
24.8192
24.8142
24.8306
24.8222
24.8074
24.8264
24.8284
24.8
24.89
24.8936
24.8551
24.8619
24.8799
24.8605
24.8656
24.8017
24.8474
24.8322
24.8184
24.8432
24.8254
24.9304
24.924
24.9178
24.9289
24.9162
24.8958
24.908
24.8916
24.8578
24.8411
24.8471
24.836
24.8188
24.8242
24.7972
24.8845
24.8721
24.9286
24.8931
24.8895
24.9081
24.9227
24.8807
24.8742
24.8213
24.7464
24.7939
24.7436
24.7764
24.7022
24.7507
24.7743
24.7479
24.8488
24.8548
24.8298
24.8388
24.8505
24.83
24.7312
24.7405
24.7411
24.7182
24.7285
24.859
24.8903
24.8681
24.8682
24.8959
24.7282
24.763
24.7231
24.7256
24.7595
24.9221
24.9265
24.8936
24.92
24.8967
24.9367
24.9147
24.9261
24.9139
24.7991
24.8417
24.8322
24.8141
24.7946
24.8513
24.8336
24.7913
24.902
24.9162
24.8725
24.8747
24.9023
24.8867
24.8893
24.8455
24.8503
24.8762
24.8722
24.88
24.8678
24.9175
24.9102
24.8716
24.8877
24.8661
24.8481
24.8705
24.842
24.8101
24.791
24.8025
24.7902
24.7662
24.7645
24.7369
24.8612
24.8521
24.9137
24.8683
24.8589
24.8895
24.9013
24.8567
24.8432
24.7261
24.6839
24.7134
24.686
24.6799
24.675
24.6782
24.7245
24.7076
24.8312
24.8507
24.8351
24.8297
24.8553
24.8464
24.6967
24.7151
24.7166
24.6816
24.7148
24.8788
24.9063
24.8862
24.8911
24.9205
24.7189
24.7595
24.7271
24.7125
24.7652
24.9401
24.9524
24.9383
24.9367
24.9284
24.9509
24.9485
24.9464
24.9339
24.791
24.857
24.8364
24.8117
24.7881
24.8593
24.8389
24.7957
24.9308
24.944
24.9139
24.9195
24.9354
24.9476
24.9528
24.8925
24.9098
24.9295
24.9034
24.9314
24.8912
24.9043
24.9024
24.8259
24.8537
24.8194
24.8054
24.8372
24.7993
24.7714
24.7459
24.7652
24.7527
24.7326
24.7161
24.7075
24.8441
24.8387
24.8867
24.8461
24.8315
24.8666
24.8712
24.8384
24.8202
24.6635
24.6781
24.6646
24.672
24.6674
24.684
24.6649
24.702
24.7012
24.833
24.8621
24.8596
24.8397
24.873
24.8721
24.6716
24.7272
24.718
24.7199
24.7466
24.902
24.933
24.9051
24.9133
24.9462
24.7162
24.7736
24.7036
24.7238
24.7834
24.961
24.9697
24.9508
24.9557
24.9428
24.9622
24.9439
24.9648
24.9556
24.787
24.8586
24.8406
24.8079
24.7852
24.8553
24.8398
24.8092
24.9578
24.9669
24.9543
24.9666
24.9793
24.9449
24.9616
24.9113
24.9287
24.9325
24.905
24.9241
24.8873
24.9019
24.8998
24.7876
24.8215
24.7828
24.7763
24.8089
24.7719
24.7406
24.7274
24.742
24.7308
24.7286
24.7055
24.7088
24.8374
24.8378
24.8542
24.8342
24.8046
24.8486
24.838
24.8271
24.7879
24.6826
24.6777
24.6711
24.6958
24.6981
24.6564
24.6836
24.6991
24.7085
24.8505
24.8836
24.885
24.8585
24.8919
24.8922
24.7681
24.7767
24.7232
24.7719
24.7871
24.9275
24.9546
24.9274
24.9376
24.9572
24.7442
24.7921
24.7314
24.7677
24.801
24.9799
24.9874
24.9382
24.9708
24.9678
24.9648
24.939
24.9677
24.9704
24.7846
24.8488
24.8376
24.8
24.7836
24.8406
24.8333
24.8228
24.9662
24.9737
24.9291
24.9473
24.9701
24.9122
24.9316
24.8949
24.9165
24.9048
24.8818
24.9072
24.8677
24.8957
24.8908
24.7678
24.8
24.7641
24.7596
24.795
24.7585
24.7219
24.7343
24.7317
24.7197
24.7439
24.7083
24.7136
24.8377
24.8397
24.824
24.8181
24.7737
24.8298
24.8115
24.812
24.762
24.7028
24.6396
24.6767
24.6919
24.721
24.6499
24.7057
24.6992
24.6992
24.8645
24.8971
24.8958
24.8701
24.9034
24.8972
24.7628
24.7835
24.7669
24.7728
24.7886
24.9438
24.9604
24.9383
24.9451
24.9643
24.7816
24.8071
24.7572
24.7915
24.8094
24.9917
24.9946
24.9368
24.9609
24.9637
24.9643
24.9229
24.9582
24.9489
24.7821
24.8305
24.8266
24.7855
24.7789
24.8195
24.8195
24.8227
24.9786
24.9664
24.8943
24.9147
24.9406
24.8756
24.8959
24.8693
24.897
24.871
24.8562
24.8829
24.8406
24.884
24.8724
24.75
24.7898
24.7538
24.7396
24.7842
24.7474
24.7231
24.7471
24.7371
24.7278
24.7489
24.7324
24.7384
24.8391
24.8337
24.799
24.8059
24.7486
24.8109
24.7862
24.7972
24.7326
24.7692
24.6791
24.8218
24.7493
24.8385
24.6754
24.8713
24.8028
24.8804
24.8713
24.9055
24.8923
24.8654
24.9035
24.8844
24.7787
24.7918
24.7757
24.7775
24.791
24.939
24.9589
24.9336
24.9314
24.9495
24.7956
24.8074
24.7506
24.7895
24.7983
24.9893
24.976
24.8988
24.9551
24.9288
24.9421
24.8741
24.9497
24.9063
24.7746
24.8068
24.8102
24.7661
24.7679
24.7941
24.7987
24.8029
24.9464
24.9251
24.8557
24.875
24.8998
24.8392
24.8564
24.8415
24.8639
24.8274
24.8228
24.8443
24.8069
24.8561
24.8355
24.7266
24.7759
24.7373
24.7091
24.7631
24.7239
24.7231
24.7324
24.7173
24.7065
24.7083
24.7154
24.7029
24.8258
24.8144
24.7712
24.7876
24.7121
24.7842
24.753
24.7743
24.6885
24.8542
24.6747
24.8248
24.681
24.7708
24.6654
24.7605
24.8412
24.7839
24.8548
24.8973
24.8713
24.8407
24.8848
24.85
24.7673
24.7824
24.7551
24.7476
24.766
24.9199
24.9405
24.9175
24.9017
24.9251
24.7766
24.7841
24.7279
24.7605
24.7664
24.9644
24.9474
24.8508
24.9406
24.8878
24.8971
24.8226
24.9115
24.8637
24.7601
24.7807
24.7828
24.7462
24.7531
24.7648
24.7639
24.7764
24.9051
24.8782
24.8231
24.8378
24.846
24.8036
24.8183
24.8025
24.8242
24.7898
24.7823
24.8024
24.7706
24.8115
24.7849
24.691
24.7467
24.7096
24.6793
24.7279
24.6959
24.6807
24.669
24.6777
24.6567
24.6236
24.6794
24.6309
24.7982
24.7806
24.7327
24.756
24.6633
24.7515
24.7114
24.7352
24.6365
24.7011
24.624
24.708
24.6294
24.6601
24.5682
24.6661
24.735
24.6957
24.8224
24.8715
24.8254
24.799
24.8498
24.7925
24.7257
24.7452
24.6993
24.7044
24.725
24.8825
24.901
24.8899
24.8529
24.8675
24.7425
24.7477
24.7004
24.7254
24.7306
24.9201
24.8861
24.7864
24.8598
24.8263
24.8233
24.7421
24.8065
24.7778
24.7425
24.7456
24.7442
24.7165
24.7305
24.7261
24.7262
24.7457
24.8371
24.7927
24.7782
24.7941
24.7616
24.7463
24.7633
24.7614
24.7781
24.7466
24.7399
24.7514
24.7338
24.7562
24.7285
24.6667
24.7074
24.6812
24.6481
24.6882
24.6644
24.6485
24.6034
24.6511
24.6282
24.6007
24.5942
24.5906
24.759
24.7325
24.689
24.7106
24.6052
24.7098
24.6653
24.6812
24.5725
24.6362
24.5394
24.6369
24.5818
24.625
24.5259
24.6188
24.6664
24.6486
24.7684
24.8163
24.7503
24.7312
24.7764
24.7009
24.6857
24.7056
24.6576
24.6717
24.6887
24.811
24.8255
24.8202
24.7624
24.7755
24.7091
24.7168
24.6782
24.6963
24.705
24.839
24.7949
24.7076
24.7705
24.7284
24.747
24.6737
24.7417
24.6923
24.7162
24.7059
24.7089
24.6822
24.7016
24.6882
24.6939
24.7114
24.7482
24.7012
24.7128
24.7286
24.6883
24.6807
24.6913
24.7179
24.7259
24.6984
24.6959
24.7023
24.6965
24.7033
24.6801
24.6309
24.671
24.651
24.6179
24.6558
24.6431
24.6073
24.5897
24.6297
24.6049
24.5923
24.5937
24.6028
24.7034
24.6695
24.6413
24.6491
24.5381
24.6601
24.6176
24.6131
24.5017
24.6232
24.5251
24.6114
24.5871
24.6292
24.533
24.612
24.641
24.6409
24.6929
24.7261
24.6401
24.6516
24.6653
24.5753
24.6625
24.6751
24.6401
24.6586
24.6653
24.701
24.7011
24.6991
24.6211
24.6074
24.686
24.6939
24.6682
24.6796
24.686
24.7345
24.6443
24.6166
24.7002
24.6549
24.6155
24.5546
24.6366
24.6111
24.6875
24.6738
24.6805
24.6538
24.6762
24.6637
24.6718
24.6843
24.6584
24.6155
24.6447
24.6519
24.6134
24.6153
24.6212
24.675
24.6794
24.6603
24.6597
24.661
24.6701
24.6589
24.6428
24.6116
24.6431
24.6375
24.6116
24.6355
24.6376
24.6114
24.6178
24.6552
24.6213
24.6505
24.6178
24.6388
24.6298
24.5917
24.5961
24.574
24.4686
24.6089
24.5793
24.5386
24.4425
24.6398
24.5469
24.6178
24.6106
24.6507
24.5653
24.6279
24.6454
24.6548
24.6007
24.6036
24.5137
24.5501
24.5472
24.4637
24.6575
24.6595
24.6445
24.6606
24.6603
24.5397
24.529
24.564
24.4769
24.4754
24.6761
24.6806
24.6711
24.6775
24.6807
24.5622
24.4946
24.502
24.5717
24.5709
24.4688
24.4638
24.5215
24.5443
24.6692
24.6584
24.6679
24.6413
24.6698
24.6596
24.6691
24.6773
24.5814
24.558
24.5878
24.5982
24.5701
24.5729
24.5836
24.65
24.6483
24.6434
24.649
24.6451
24.6628
24.6335
24.6303
24.6191
24.6347
24.6456
24.6346
24.6426
24.6559
24.6406
24.6801
24.6915
24.6656
24.7005
24.664
24.6859
24.5596
24.5327
24.5702
24.5123
24.4243
24.5838
24.5662
24.4945
24.4098
24.6647
24.5856
24.6402
24.6507
24.6816
24.6083
24.656
24.6672
24.6826
24.5067
24.4943
24.421
24.4668
24.4488
24.386
24.668
24.6661
24.6663
24.6766
24.68
24.4378
24.4474
24.496
24.409
24.4346
24.6841
24.6875
24.6907
24.6957
24.6972
24.4518
24.4382
24.4508
24.4967
24.5314
24.4419
24.4603
24.494
24.5306
24.6745
24.6668
24.675
24.6536
24.6821
24.6756
24.6834
24.692
24.5503
24.5575
24.5763
24.59
24.584
24.5845
24.6035
24.6562
24.6455
24.647
24.6665
24.6503
24.6776
24.6338
24.6418
24.6466
24.6507
24.6674
24.6778
24.6518
24.6792
24.6912
24.711
24.7158
24.7109
24.7168
24.7041
24.7186
24.5124
24.4995
24.5693
24.4833
24.4058
24.5879
24.5836
24.4823
24.4204
24.698
24.6314
24.6741
24.6912
24.7141
24.6516
24.6932
24.7002
24.7207
24.4247
24.4004
24.3532
24.3861
24.345
24.2993
24.6918
24.6973
24.7092
24.709
24.7233
24.3976
24.4091
24.4466
24.3919
24.3736
24.7103
24.713
24.7212
24.7292
24.7294
24.4397
24.4385
24.4774
24.506
24.5375
24.4586
24.4968
24.5163
24.5511
24.6938
24.6872
24.6937
24.6763
24.7035
24.6948
24.7029
24.7169
24.5736
24.5906
24.6063
24.6276
24.6212
24.6254
24.6521
24.6784
24.6593
24.662
24.6873
24.6696
24.6988
24.6544
24.6812
24.7067
24.6747
24.6942
24.703
24.7067
24.6957
24.7193
24.722
24.7124
24.7163
24.7253
24.7296
24.7393
24.5082
24.539
24.6061
24.5023
24.4513
24.6155
24.6422
24.5341
24.4995
24.7282
24.6679
24.7132
24.7127
24.7439
24.681
24.7338
24.7436
24.7712
24.3843
24.2815
24.2308
24.4135
24.2457
24.2048
24.7338
24.7505
24.7712
24.7561
24.7835
24.3567
24.383
24.274
24.2734
24.4268
24.745
24.7448
24.7445
24.7598
24.7536
24.4163
24.4064
24.5117
24.5275
24.5631
24.4674
24.5251
24.5319
24.5733
24.7116
24.7007
24.7091
24.6865
24.7147
24.7009
24.7111
24.7316
24.6036
24.6114
24.6464
24.676
24.6547
24.6589
24.6872
24.6955
24.6789
24.6757
24.6989
24.6827
24.7066
24.7245
24.7811
24.6836
24.7314
24.69
24.6834
24.7676
24.699
24.704
24.7318
24.7021
24.6908
24.748
24.7535
24.7771
24.5799
24.6808
24.6928
24.5883
24.5861
24.7577
24.7565
24.6975
24.6954
24.7639
24.6936
24.7566
24.7375
24.7892
24.7046
24.7806
24.8003
24.8292
24.4582
24.2579
24.2348
24.5489
24.4076
24.3997
24.7791
24.8042
24.8205
24.7881
24.8195
24.1975
24.4615
24.2536
24.2094
24.4943
24.7651
24.7586
24.7456
24.7655
24.7532
24.4418
24.4927
24.5421
24.5421
24.5801
24.5238
24.5638
24.5619
24.5929
24.7124
24.6969
24.7079
24.6789
24.7046
24.6885
24.7003
24.7256
24.6184
24.6257
24.6632
24.6888
24.6639
24.6626
24.6846
24.6975
24.6824
24.6743
24.6911
24.6787
24.6956
24.8424
24.9244
24.731
24.8161
24.7345
24.8118
24.8698
24.7853
24.6912
24.7762
24.7701
24.7139
24.8203
24.8151
24.8633
24.8442
24.9973
24.8564
24.8484
24.8108
25.0035
24.9582
25.0031
24.9208
24.8186
24.7187
24.8042
24.7901
24.847
24.7327
24.8201
24.8473
24.8543
24.7063
24.6499
24.6421
24.927
24.8507
24.8217
24.7873
24.8063
24.7902
24.7636
24.785
24.4027
24.5545
24.6903
24.6078
24.6246
24.7526
24.7404
24.7171
24.7343
24.7194
24.5534
24.6055
24.5863
24.5873
24.6076
24.5938
24.6123
24.61
24.6209
24.6921
24.6749
24.6875
24.6561
24.6755
24.6598
24.6712
24.6946
24.6351
24.6428
24.6597
24.6787
24.662
24.6569
24.6717
24.6807
24.6722
24.6603
24.6676
24.6634
24.669
25.0055
25.0488
24.9006
24.9169
24.841
24.9689
24.9463
24.8804
24.7642
24.8704
24.8888
24.8077
24.9037
24.9062
24.9339
25.1014
25.1819
25.019
25.1435
25.0388
25.1265
25.0614
25.2226
25.1152
24.8639
24.7454
24.8191
24.8167
24.8567
24.7374
24.7943
24.8403
24.805
25.0855
24.9307
24.9281
25.1309
24.9569
24.9699
24.7358
24.7436
24.6942
24.6971
24.7049
24.7336
24.6771
24.8212
24.788
24.7058
24.703
24.6907
24.6586
24.6698
24.6587
24.6372
24.6573
24.6328
24.6271
24.6305
24.632
24.6416
24.638
24.6335
24.6551
24.642
24.6516
24.6253
24.6308
24.6247
24.6304
24.643
24.6475
24.648
24.6526
24.6648
24.6539
24.6456
24.6561
24.6525
24.6523
24.6373
24.636
24.6401
24.6337
25.0482
24.9924
24.9936
24.9403
24.8797
24.9686
24.8808
24.8394
24.8063
24.903
24.8835
24.76
24.8651
24.9292
24.885
25.2035
25.1428
25.0534
25.2013
25.0701
25.0583
24.9859
25.0912
24.9467
24.8158
24.6834
24.7381
24.7127
24.7424
24.6108
24.661
24.7414
24.6631
25.1036
24.9524
24.9615
25.0436
24.9228
24.9256
24.6426
24.6391
24.5594
24.5861
24.5828
24.803
24.7198
24.8075
24.7978
24.7243
24.6231
24.6176
24.5687
24.5724
24.5693
24.6734
24.6821
24.6455
24.6452
24.6315
24.6507
24.6439
24.6463
24.6251
24.6025
24.6049
24.6058
24.5875
24.5707
24.5854
24.5786
24.5712
24.6439
24.6373
24.6369
24.6469
24.6406
24.6296
24.6378
24.6173
24.6271
24.6117
24.5978
24.6148
24.5946
24.8882
24.768
24.8906
24.7853
24.7717
24.7961
24.6765
24.6829
24.6886
24.7944
24.7168
24.6051
24.707
24.803
24.7033
25.022
24.8996
24.8774
24.9447
24.8076
24.7993
24.7524
24.8176
24.6938
24.6456
24.5117
24.5694
24.5192
24.544
24.424
24.4774
24.5711
24.4714
24.9641
24.8783
24.8787
24.8852
24.8361
24.8333
24.5093
24.491
24.3766
24.4154
24.4041
24.7861
24.7243
24.7764
24.7715
24.7228
24.4989
24.5088
24.4213
24.4173
24.4327
24.6883
24.6938
24.6388
24.6458
24.6179
24.6642
24.6337
24.6503
24.6119
24.5325
24.5638
24.5467
24.5306
24.4874
24.5417
24.5119
24.4695
24.6309
24.6297
24.6233
24.6301
24.6355
24.6206
24.6257
24.5801
24.6029
24.5888
24.5653
24.5936
24.5575
24.6714
24.6007
24.6979
24.586
24.5927
24.6122
24.5263
24.5201
24.5273
24.6208
24.5523
24.4742
24.5467
24.6033
24.5078
24.8092
24.7596
24.6599
24.7394
24.6305
24.6632
24.6154
24.7043
24.6177
24.4423
24.3501
24.3793
24.3493
24.3433
24.2835
24.2706
24.3601
24.2285
24.8245
24.8027
24.7972
24.786
24.7811
24.7735
24.2828
24.2553
24.1057
24.0992
24.0882
24.7604
24.7243
24.7604
24.7545
24.7288
24.2873
24.3354
24.1497
24.1319
24.2065
24.7019
24.7135
24.6306
24.6619
24.6116
24.6925
24.632
24.6763
24.6207
24.4322
24.5173
24.4704
24.4472
24.3659
24.4882
24.422
24.3104
24.6305
24.6379
24.6223
24.6267
24.6425
24.6307
24.6338
24.5539
24.5867
24.574
24.5509
24.5846
24.5128
24.5559
24.5589
24.5467
24.4985
24.4741
24.5196
24.5065
24.4635
24.4483
24.4876
24.4976
24.4452
24.4466
24.4244
24.3581
24.7425
24.7415
24.5855
24.7046
24.6392
24.6628
24.5833
24.7148
24.6819
24.2417
24.214
24.14
24.2116
24.1276
24.1236
23.9791
24.0567
23.8406
24.7658
24.7712
24.7612
24.7589
24.7704
24.7574
23.8483
23.791
23.5913
23.448
23.4122
24.7551
24.7386
24.7662
24.761
24.7542
23.8765
24.0358
23.5694
23.531
23.7838
24.7303
24.7529
24.6412
24.6984
24.6357
24.7387
24.6601
24.7286
24.6629
24.2844
24.4508
24.3635
24.3274
24.1804
24.4034
24.2925
24.0396
24.6518
24.6737
24.6443
24.6493
24.6715
24.6605
24.6706
24.5446
24.5826
24.5583
24.5327
24.583
24.4527
24.6004
24.6552
24.5334
24.5464
24.4935
24.5791
24.6062
24.5557
24.4608
24.4184
24.5244
24.4869
24.4041
24.2971
24.2471
24.7456
24.7505
24.6245
24.7203
24.7113
24.6901
24.6696
24.7293
24.7219
23.9948
24.0245
23.7805
24.0745
23.8531
23.9099
23.5259
23.5415
23.1603
24.7594
24.7754
24.7579
24.7616
24.7816
24.7594
22.8605
22.6385
22.514
21.9381
21.4529
24.7709
24.7751
24.7918
24.7823
24.7978
22.8638
23.4473
22.202
21.7752
22.8915
24.7816
24.8127
24.693
24.7667
24.7128
24.8055
24.7404
24.8106
24.7838
24.0512
24.3475
24.2054
24.1423
23.8853
24.2696
24.1015
23.55
24.7088
24.7672
24.6807
24.6936
24.7246
24.6996
24.7146
24.5214
24.5871
24.5661
24.5063
24.5911
24.3707
24.6915
24.7045
24.6322
24.6631
24.6156
24.6712
24.7
24.6555
24.5085
24.403
24.5709
24.5217
24.404
24.2157
24.1959
24.7534
24.7419
24.6872
24.7346
24.7286
24.7206
24.7013
24.725
24.7251
23.7004
23.798
23.2251
23.9474
23.5499
23.6911
22.8732
22.6197
21.8749
24.7607
24.7867
24.759
24.7424
24.7827
24.7496
20.7493
17.8564
19.8686
19.2921
11.6318
24.79
24.8208
24.8069
24.7924
24.8409
18.5594
22.0964
19.6737
12.4098
20.6683
24.8424
24.8719
24.785
24.8548
24.8535
24.8767
24.8228
24.8904
24.9103
23.6703
24.1728
23.9733
23.9054
23.3956
24.0633
23.8338
22.5688
24.8609
24.9396
24.7252
24.7335
24.8457
24.7488
24.7518
24.4985
24.5899
24.5649
24.5034
24.5882
24.2808
24.7241
24.7323
24.7042
24.7167
24.6897
24.7307
24.7332
24.7188
24.5388
24.4145
24.618
24.5561
24.4386
24.1892
24.2147
24.7149
24.6537
24.7163
24.6993
24.7097
24.6954
24.7083
24.6561
24.6834
23.4178
23.5889
22.5184
23.8868
23.3444
23.4903
22.242
20.7038
18.9565
24.7089
24.7725
24.7306
24.6205
24.7084
24.6494
18.2538
8.19092
13.3281
-6.88584
17.4513
7.9726
-10.5173
-4.20277
-7.48732
-2.64431
-4.75123
-2.19385
24.7883
24.8522
24.7381
24.7357
24.8151
8.26484
18.49
17.6952
8.23693
14.2722
-3.8415
-5.25121
-4.23509
-2.6708
-6.71354
-1.68442
24.9111
24.9054
24.8511
24.9188
24.9413
24.9169
24.8544
24.9368
24.9619
23.0796
23.971
23.6822
23.7718
22.7977
23.9115
23.563
20.104
24.9812
25.0223
24.7725
24.787
25.0088
24.9069
24.8897
24.5223
24.6133
24.655
24.594
24.7034
24.3083
24.7111
24.6717
24.7449
24.7446
24.73
24.754
24.7161
24.7155
24.5644
24.4639
24.6462
24.5588
24.4904
24.2513
24.3192
24.565
24.459
24.6697
24.5918
24.6338
24.5907
24.6186
24.5154
24.5611
23.3197
23.4808
22.1251
23.9612
23.4174
23.6467
21.9794
18.5417
18.1706
3.29051
3.18061
4.32308
24.4788
24.5553
24.5009
24.3117
24.3555
24.2867
2.1828
18.2721
11.0092
17.1116
8.80033
18.9143
12.9595
-0.0113529
0.930735
-0.698926
2.71682
0.735837
3.76008
0.545742
24.6497
24.7339
24.5292
24.5267
24.6212
11.0941
16.1498
3.36117
18.5287
12.9331
17.5994
8.77957
-0.25069
-0.218929
0.621705
4.65038
0.766697
2.76641
1.20672
24.8448
24.7519
24.8307
24.9274
24.9526
24.7958
24.76
24.8832
24.9016
22.6504
23.9211
23.5123
23.972
22.4738
24.1234
23.6343
18.8333
3.7535
3.87166
5.05848
25.0344
24.9737
25.0254
25.0324
25.0431
25.0531
25.0682
24.6905
24.8126
24.9304
24.8603
24.9625
24.5635
24.6178
24.5662
24.721
24.6624
24.6596
24.6462
24.6116
24.5818
24.5461
24.5229
24.5848
24.5231
24.5342
24.4036
24.4686
24.3481
24.276
24.562
24.4393
24.4873
24.4722
24.509
24.3813
24.4203
23.6577
23.8645
22.3252
24.2123
23.9941
24.0303
23.0145
20.3438
9.71238
21.9423
12.0642
5.93827
3.64776
7.90234
8.69368
24.1616
24.1311
24.0612
24.0827
23.9428
23.8836
12.7083
19.1497
14.1447
20.0455
14.3416
19.4606
14.6108
1.47408
5.67691
1.37562
7.54438
3.70939
6.39523
1.78917
24.3741
24.4911
24.252
24.2448
24.3905
14.0747
19.2213
12.763
19.5183
14.7594
19.3799
12.2139
1.58938
6.39971
2.73519
6.33079
1.57335
5.84098
3.38232
24.6363
24.5358
24.6701
24.7856
24.811
24.5882
24.5741
24.683
24.7165
22.6848
24.4234
23.8712
24.1983
23.2429
24.6411
24.2102
10.5146
20.9196
8.10587
8.13899
5.75529
6.94142
24.8904
24.8006
25.013
25.006
24.8606
24.9282
24.906
24.9624
25.0573
24.9624
24.9875
25.0057
24.8791
24.5213
24.492
24.573
24.5706
24.5255
24.4984
24.5454
24.4932
24.4802
24.5282
24.4853
24.4496
24.5296
24.5355
24.5882
24.2325
24.2304
24.4672
24.3387
24.3548
24.3975
24.4339
24.3038
24.2976
24.3226
24.1539
23.6378
24.4631
24.6039
24.2411
24.283
22.8651
13.3254
23.9798
7.51327
7.68005
24.0565
23.8753
23.8073
24.06
23.9204
23.863
14.5801
20.0296
14.837
20.9566
12.7139
19.7445
14.3826
4.16759
5.99146
1.44594
7.18868
7.09305
5.97215
1.4384
24.1587
24.3354
24.1408
24.1302
24.3246
14.5822
19.7467
10.45
20.1409
13.6597
19.3053
7.70834
0.928983
4.91986
3.27006
2.62855
1.74982
2.29415
4.6473
24.4674
24.4394
24.4942
24.6034
24.6328
24.4598
24.442
24.5534
24.5764
23.9998
24.7044
24.5262
24.4315
24.2224
24.7494
24.6116
22.6065
24.7154
24.6567
24.8318
24.8422
24.6993
24.7843
24.8098
24.959
24.9342
24.8764
24.8973
24.9042
24.8828
24.4825
24.4982
24.4487
24.545
24.4791
24.4855
24.5663
24.5116
24.4787
24.5434
24.605
24.5664
24.5918
24.6253
24.6921
24.2659
24.3259
24.4228
24.2955
24.2713
24.4079
24.4402
24.3247
24.288
24.7498
24.3177
24.5772
24.7009
24.8379
24.4721
24.7827
24.6205
24.9581
24.1046
24.0127
23.9752
24.1941
24.136
24.0941
21.2033
16.0165
24.2675
23.5482
22.1184
-0.928722
0.75961
24.1581
24.3465
24.244
24.2132
24.3939
15.689
21.8331
23.1473
20.2991
23.3764
1.13985
24.4423
24.4754
24.4186
24.5395
24.5502
24.4619
24.4278
24.5527
24.5517
24.3301
24.7267
24.5813
24.4425
24.3685
24.6933
24.5791
24.1187
24.6221
24.6173
24.732
24.7628
24.6007
24.6799
24.7092
24.8124
24.8465
24.7144
24.7355
24.7624
24.7473
24.538
24.5971
24.5969
24.6046
24.5797
24.6763
24.6471
24.6533
24.6613
24.6953
24.7511
24.7349
24.8058
24.7993
24.9295
24.3922
24.4869
24.4838
24.3849
24.3411
24.5517
24.5471
24.4755
24.4234
24.9736
24.6377
24.9389
24.9718
25.1109
24.7987
25.0514
25.0136
25.1581
24.3058
24.2744
24.2197
24.4342
24.4196
24.3563
24.2905
24.2044
25.1046
24.9179
24.9381
24.2972
24.4626
24.4537
24.4005
24.5403
23.4913
24.1517
24.4376
24.5198
24.4917
24.5355
24.6039
24.4658
24.5908
24.5799
24.564
24.5208
24.6479
24.6283
24.5273
24.6937
24.6327
24.5747
24.6264
24.7127
24.685
24.6132
24.6407
24.6868
24.6586
24.6849
24.6175
24.6559
24.692
24.7088
24.7209
24.692
24.7043
24.714
24.7313
24.6692
24.7375
24.7296
24.6977
24.714
24.7799
24.7474
24.7675
24.7986
24.9004
24.8385
24.8537
24.9487
25.0331
25.0491
24.6029
24.7023
24.6292
24.5881
24.5078
24.7296
24.6981
24.6807
24.5925
25.1608
24.8966
25.1107
25.0436
25.0969
24.8916
25.0305
25.1753
25.0237
24.5878
24.5579
24.5092
24.686
24.6582
24.617
24.8317
24.8327
24.9268
24.8568
24.8625
24.5031
24.6191
24.6439
24.5925
24.6934
24.7018
24.6197
24.7056
24.752
24.6561
24.6827
24.7568
24.595
24.7092
24.692
24.6953
24.6652
24.7679
24.7539
24.6951
24.7456
24.7379
24.6986
24.7382
24.7566
24.7546
24.7224
24.7478
24.8112
24.6854
24.7241
24.7288
24.7099
24.7492
24.7353
24.7423
24.7445
24.7618
24.7663
24.771
24.7826
24.8152
24.8237
24.7877
24.8092
24.8552
24.8226
24.8389
24.878
24.9387
24.8755
24.8744
24.9125
25.001
24.9467
24.7734
24.8033
24.7475
24.734
24.6554
24.7861
24.7756
24.7635
24.7024
25.0094
24.8699
24.9472
24.936
24.9444
24.8348
24.8827
24.9391
24.8729
24.7142
24.7383
24.6833
24.7398
24.7952
24.7323
24.7965
24.8066
24.8144
24.7826
24.7848
24.6657
24.7566
24.7723
24.7205
24.8065
24.7341
24.6846
24.7089
24.7198
24.7005
24.8209
24.8661
24.72
24.8293
24.8092
24.7873
24.7557
24.8579
24.8392
24.7407
24.7605
24.7626
24.7223
24.7442
24.7576
24.7614
24.734
24.8616
24.8952
24.7474
24.8064
24.8086
24.7692
24.8244
24.7915
24.8038
24.7904
24.8106
24.8228
24.8015
24.8381
24.849
24.8806
24.8431
24.8565
24.8804
24.8484
24.8506
24.8697
24.8863
24.8619
24.8537
24.8614
24.9058
24.8727
24.8247
24.8338
24.7945
24.778
24.7332
24.8135
24.8005
24.7866
24.7416
24.8889
24.8111
24.8389
24.8517
24.8485
24.7823
24.7981
24.8292
24.7956
24.7688
24.8351
24.7663
24.789
24.8581
24.7866
24.7563
24.7553
24.7556
24.7356
24.7351
24.7612
24.8435
24.8365
24.7841
24.8605
24.6965
24.698
24.6924
24.688
24.7018
24.8979
24.9044
24.7595
24.881
24.8479
24.826
24.7583
24.8889
24.8442
24.7396
24.7572
24.7643
24.718
24.7454
24.7584
24.7717
24.74
24.9022
24.891
24.764
24.8301
24.8057
24.7859
24.8573
24.8273
24.8299
24.8016
24.8441
24.8456
24.8184
24.8418
24.8349
24.8563
24.8412
24.8336
24.8415
24.8312
24.8196
24.8362
24.8408
24.8394
24.8219
24.8261
24.8473
24.8329
24.8318
24.823
24.7933
24.7866
24.738
24.8086
24.7852
24.7775
24.7236
24.8186
24.7691
24.7745
24.8065
24.8054
24.7501
24.7548
24.773
24.7627
24.7958
24.8649
24.7928
24.7874
24.8561
24.785
24.7168
24.7157
24.7348
24.704
24.706
24.793
24.859
24.8396
24.787
24.8458
24.6803
24.7044
24.6878
24.6775
24.7091
24.8892
24.8665
24.7174
24.86
24.8015
24.7804
24.6976
24.8331
24.7682
24.7461
24.7639
24.775
24.7177
24.7513
24.7673
24.7844
24.7547
24.8539
24.8334
24.7806
24.8553
24.7779
24.794
24.8628
24.8462
24.852
24.8032
24.8544
24.8623
24.8371
24.8336
24.8363
24.8382
24.8279
24.8149
24.8433
24.8311
24.8194
24.816
24.8242
24.853
24.8194
24.8313
24.832
24.8404
24.8123
24.7978
24.7788
24.7657
24.7151
24.7983
24.7747
24.7511
24.7044
24.8072
24.75
24.7599
24.8102
24.8199
24.7471
24.7692
24.7711
24.79
24.7737
24.8351
24.7655
24.7565
24.8131
24.7532
24.7013
24.7059
24.7616
24.7061
24.7145
24.7581
24.8095
24.7882
24.7462
24.7857
24.6872
24.7246
24.7093
24.7071
24.7532
24.8304
24.8049
24.6763
24.8094
24.7436
24.7292
24.6686
24.7854
24.7237
24.7597
24.7703
24.7946
24.7359
24.7794
24.783
24.8154
24.7911
24.8115
24.7945
24.7853
24.8532
24.7639
24.7737
24.8366
24.8483
24.8535
24.7887
24.8485
24.8448
24.8477
24.851
24.8838
24.8598
24.8433
24.8376
24.8916
24.8679
24.8662
24.8374
24.8517
24.9049
24.8698
24.8869
24.8678
24.9184
24.7811
24.7929
24.7791
24.7422
24.7173
24.8246
24.8034
24.7546
24.728
24.8561
24.7576
24.7881
24.8763
24.9356
24.787
24.8548
24.8257
24.9279
24.7319
24.7848
24.7105
24.7262
24.7941
24.7143
24.7115
24.7319
24.8628
24.7652
24.7996
24.7082
24.759
24.7636
24.7124
24.7577
24.7349
24.7849
24.7915
24.799
24.8351
24.7864
24.7887
24.6497
24.7738
24.6946
24.7332
24.619
24.7125
24.6605
24.8056
24.8091
24.8477
24.7847
24.8703
24.8666
24.905
24.8876
24.784
24.7455
24.7334
24.7947
24.7388
24.7079
24.7666
24.8441
24.8324
24.8183
24.877
24.8498
24.9312
24.8594
24.8985
24.8529
24.8558
24.8686
24.8846
24.9047
24.7552
24.7779
24.729
24.7311
24.7988
24.7433
24.7396
24.8297
24.7414
24.7596
24.9004
24.7982
24.8351
24.8992
24.7019
24.7529
24.6655
24.704
24.6176
24.6648
24.7
24.668
24.6669
24.718
24.6837
24.695
24.7709
24.7114
24.7432
24.7607
24.8625
24.6717
24.7317
24.6422
24.6968
24.6638
24.6555
24.6716
24.6571
24.6953
24.7046
24.7165
24.7397
24.7397
24.7749
24.8383
24.8577
24.7814
24.6568
24.7191
24.6559
24.6508
24.6459
24.6455
24.7601
24.7612
24.7964
24.8837
24.8806
24.9265
24.7126
24.7076
24.7839
24.9146
24.894
190.799
197.555
190.377
198.525
188.926
190.707
182.386
179.731
186.207
186.061
180.263
172.007
180
176.908
194.274
198.037
193.676
195.917
191.385
196.628
191.504
180.845
188.91
186.955
182.064
179.469
185.673
184.013
177.449
184.419
185.325
175.486
169.528
180.646
177.763
168.881
181.608
171.16
159.22
152.517
167.098
157.868
194.33
202.136
194.893
197.321
189.768
195.089
190.008
189.676
191.556
191.187
187.855
187.574
189.532
189.3
189.2
190.764
190.582
185.231
184.795
188.144
187.466
183.797
189.397
186.629
177.628
168.653
182.066
176.993
192.991
195.572
194.678
192.044
191.328
193.365
192.829
192.158
194.132
193.284
190.461
190.137
191.678
191.372
175.846
183.748
171.31
165.565
145.329
170.632
155.322
157.816
165.706
157.517
137.045
145.66
146.528
143.555
186.753
191.443
182.938
183.216
175.503
175.936
167.278
179.446
178.898
182.236
164.381
164.557
147.053
163.238
122.626
152.201
135.417
120.35
113.123
128.937
118.304
136.207
129.847
134.511
117.67
128.609
118.884
128.859
162.355
150.298
149.379
147.928
147.909
124.055
127.203
138.065
90.5971
114.933
82.818
96.1138
40.0301
46.3113
110.636
112.109
109.6
90.4506
108.649
98.477
105.933
111.378
111.964
114.857
103.088
60.6987
99.9226
65.3017
127.258
102.509
104.728
94.0732
99.6183
80.0383
83.2993
57.838
32.0428
31.2703
36.0831
41.5012
32.689
31.918
88.2313
67.3813
90.878
23.7766
26.8854
27.3248
30.1425
26.6578
54.8771
26.4094
24.0786
24.1975
23.5348
23.6597
66.274
52.7888
61.0191
30.2832
38.1219
35.1424
39.9876
36.4886
32.9205
33.5769
29.9335
33.0937
31.2402
30.7867
22.3375
23.5988
22.8026
23.8843
24.1029
24.1803
24.0831
24.9985
22.5242
24.6907
24.4602
24.7399
23.8648
24.5237
24.5829
24.7399
25.3347
24.4019
24.2349
24.2722
24.2434
24.9073
25.3031
24.4254
24.1126
24.1204
23.6663
23.9349
24.3352
24.2645
24.2128
24.3689
24.4268
24.3243
24.3127
24.6348
24.2062
24.4729
24.5943
24.7524
24.345
24.6323
24.3927
24.5015
24.5573
24.4617
24.3988
24.4824
24.4853
24.3989
24.1535
24.2718
24.2999
24.4056
24.3627
24.4189
24.5866
24.4186
24.467
24.5823
24.6557
24.4948
24.6016
24.8815
24.5274
24.7941
24.877
24.9512
24.6958
24.8668
24.4671
24.527
24.5747
24.4114
24.5311
24.5509
24.63
24.5166
24.5081
24.5506
24.5169
24.5911
24.5725
24.6342
24.6764
24.551
24.6942
24.6525
24.6973
24.6015
24.7298
24.9343
24.7794
24.8304
24.8117
24.8778
24.7886
24.7615
24.5948
24.5513
24.6618
24.3754
24.6481
24.5572
24.6814
24.6257
24.5931
24.6557
24.5945
24.6431
24.6108
24.6523
24.7087
24.6547
24.7274
24.7177
24.697
24.6938
24.7098
24.8007
24.7684
24.7173
24.73
24.7262
24.74
24.6836
24.6507
24.5868
24.6877
24.4928
24.6266
24.6361
24.6932
24.651
24.6363
24.6473
24.6546
24.6601
24.6634
24.6515
24.6848
24.7171
24.702
24.7209
24.6908
24.7179
24.7129
24.6895
24.7165
24.6909
24.6968
24.7053
24.706
24.7324
24.5988
24.6882
24.6975
24.572
24.58
24.732
24.7091
24.666
24.6793
24.659
24.706
24.671
24.6852
24.6675
24.7079
24.7126
24.7292
24.7325
24.7238
24.7089
24.7321
24.7251
24.7016
24.7406
24.7206
24.7314
24.7037
24.7282
24.5766
24.7613
24.7171
24.6386
24.5893
24.7728
24.727
24.6764
24.6927
24.6716
24.7361
24.6856
24.7013
24.6763
24.7326
24.704
24.7301
24.7334
24.7354
24.6994
24.7275
24.7336
24.7133
24.7159
24.7505
24.7379
24.7349
24.7095
24.6232
24.7729
24.7381
24.6668
24.6576
24.7683
24.7418
24.7012
24.7084
24.684
24.7512
24.7164
24.7112
24.6917
24.7315
24.7028
24.7285
24.7177
24.7161
24.7078
24.7308
24.7486
24.7626
24.7305
24.7538
24.7606
24.7787
24.7522
24.6872
24.7653
24.7446
24.6839
24.7009
24.7629
24.7441
24.7317
24.7121
24.6984
24.7654
24.7426
24.7135
24.6991
24.6976
24.7134
24.7337
24.6946
24.6833
24.7178
24.7361
24.7725
24.7781
24.7687
24.7406
24.7829
24.772
24.7817
24.7061
24.7569
24.7424
24.6922
24.71
24.7481
24.7429
24.7473
24.7161
24.6986
24.7517
24.7548
24.7203
24.7098
24.6786
24.7206
24.74
24.6951
24.6868
24.7169
24.7458
24.7918
24.765
24.7958
24.7289
24.7971
24.7654
24.8044
24.7106
24.7389
24.7416
24.6913
24.7181
24.7316
24.7494
24.7661
24.7277
24.7292
24.743
24.782
24.7403
24.755
24.6966
24.7103
24.7486
24.6639
24.6994
24.701
24.7509
24.7969
24.7705
24.81
24.7384
24.7938
24.7737
24.8093
24.7215
24.7327
24.756
24.6996
24.7198
24.7382
24.7626
24.794
24.7558
24.7766
24.7571
24.7931
24.7682
24.7883
24.694
24.6957
24.751
24.6584
24.695
24.7033
24.7513
24.792
24.7795
24.8103
24.7608
24.7952
24.7844
24.8131
24.7122
24.7418
24.7644
24.7189
24.7035
24.7495
24.7629
24.7869
24.784
24.7926
24.7795
24.7734
24.7975
24.7908
24.7116
24.7172
24.7521
24.7173
24.7357
24.7364
24.7532
24.8031
24.7897
24.8171
24.7903
24.8136
24.7951
24.8194
24.7073
24.769
24.7707
24.7825
24.7371
24.7991
24.7838
24.7584
24.808
24.783
24.813
24.7603
24.8145
24.7761
24.7581
24.7499
24.7525
24.7816
24.7779
24.7619
24.7505
24.8254
24.8021
24.8227
24.8171
24.8365
24.8088
24.8269
24.7813
24.8263
24.8024
24.8678
24.8307
24.8533
24.8305
24.7765
24.8177
24.7768
24.8476
24.8
24.8163
24.7866
24.797
24.7828
24.7531
24.834
24.8185
24.8186
24.7702
24.8474
24.818
24.834
24.8457
24.8597
24.8325
24.8462
24.8678
24.8746
24.8533
24.8907
24.8866
24.8825
24.8657
24.8066
24.8136
24.7962
24.8587
24.8297
24.8204
24.8295
24.8457
24.8681
24.8131
24.8936
24.877
24.9128
24.8666
24.8739
24.8526
24.8626
24.8826
24.8887
24.8774
24.8836
24.8878
24.8836
24.8829
24.8946
24.8833
24.8912
24.8942
24.8575
24.8396
24.8475
24.8697
24.8797
24.8632
24.8653
24.9077
24.9381
24.9001
24.9341
24.9306
24.9513
24.9264
24.905
24.9009
24.9023
24.9194
24.9207
24.9194
24.919
24.8929
24.9035
24.9009
24.92
24.9171
24.9182
24.9175
24.8959
24.8906
24.8871
24.8961
24.9005
24.9111
24.9051
24.9529
24.9558
24.9468
24.9745
24.9759
24.9585
24.9584
24.9339
24.9312
24.9326
24.9472
24.944
24.9433
24.9449
24.935
24.9324
24.9297
24.9601
24.9429
24.9429
24.9307
24.9097
24.9194
24.9097
24.9206
24.9105
24.9218
24.9031
24.978
24.9627
24.9625
24.9834
24.9667
24.965
24.9573
24.9511
24.9528
24.9544
24.9571
24.9573
24.9568
24.9592
24.9443
24.952
24.9369
24.9997
24.946
24.9591
24.9409
24.912
24.9341
24.9014
24.9574
24.9197
24.9473
24.9149
24.9614
24.9624
24.9642
24.975
24.9724
24.983
24.9866
24.9659
24.96
24.9599
24.971
24.9722
24.9718
24.9624
24.9516
24.9647
24.9448
24.9898
24.9659
24.9764
24.9569
24.9322
24.9654
24.9295
24.9943
24.9585
24.9897
24.9525
24.9891
24.9987
24.9975
24.9974
24.9967
24.9966
25.0011
24.9795
24.9791
24.9685
24.9856
24.987
24.9801
24.9786
24.977
25.0238
24.985
24.9975
24.9812
25.0821
25.0208
24.9899
25.0136
24.9775
25.0556
25.0218
25.0287
24.9966
24.9927
24.9828
24.9967
24.9869
24.9815
24.9743
24.9795
24.9899
24.9693
24.9804
24.9817
24.9919
24.9636
24.9842
24.9885
25.0945
25.0281
25.0442
25.0041
25.0652
25.0223
25.0363
25.0238
25.0042
25.028
25.0278
25.0081
25.0132
24.9698
24.9689
24.9607
24.9584
24.956
24.9539
24.946
24.9864
24.9666
24.9834
24.9736
24.9778
24.9723
24.9822
25.0106
25.0333
25.0075
25.0171
24.9973
25.0114
24.9846
25.013
24.9986
25.0157
25.0143
25.0002
24.9928
25.006
24.9387
24.9401
24.9345
24.9164
24.9201
24.9404
24.9198
24.97
24.9693
24.9821
24.9501
24.9595
24.9625
24.9793
24.99
24.989
24.9568
24.9688
24.9846
24.9671
24.9472
24.9829
24.9967
24.9931
24.9898
24.9644
25.0026
24.9847
24.8954
24.9358
24.9026
24.8701
24.8655
24.9198
24.8855
24.9388
24.9526
24.9691
24.8971
24.9119
24.9336
24.9487
24.9799
24.9444
24.9459
24.933
24.9578
24.9308
24.9432
24.9445
24.9924
24.9768
24.9419
24.9259
24.9707
24.965
24.8443
24.8959
24.8754
24.841
24.8425
24.8948
24.8749
24.8903
24.9114
24.9228
24.8704
24.8804
24.8891
24.8947
24.9322
24.927
24.9397
24.9146
24.9009
24.925
24.9348
24.9176
24.9496
24.9598
24.9045
24.9157
24.9288
24.9568
24.843
24.9156
24.879
24.8309
24.8318
24.9377
24.877
24.881
24.8629
24.8662
24.8649
24.8923
24.8466
24.8489
24.8797
24.9244
24.9315
24.8975
24.8912
24.9253
24.9294
24.92
24.912
24.9587
24.891
24.9272
24.9053
24.962
24.8437
24.9268
24.8698
24.9057
24.8621
24.9037
24.8688
24.8756
24.8358
24.8371
24.8441
24.852
24.8323
24.8381
24.9273
24.927
24.9289
24.9494
24.95
24.9255
24.9286
24.9363
24.9041
24.9699
24.9
24.9397
24.9041
24.9724
24.8857
24.8793
24.8822
24.9461
24.8967
24.8939
24.8884
24.8459
24.8377
24.8423
24.846
24.8517
24.8528
24.8508
24.9578
24.9239
24.9285
24.9677
24.9546
24.9191
24.924
24.9433
24.9041
24.9697
24.9093
24.9383
24.9044
24.9548
24.9003
24.905
24.8977
24.9327
24.9029
24.912
24.907
24.8645
24.8726
24.859
24.9008
24.8777
24.8861
24.8682
24.9465
24.9123
24.9169
24.9493
24.9348
24.9028
24.906
24.9287
24.9008
24.937
24.9029
24.9158
24.8939
24.9182
24.9089
24.9133
24.9102
24.9191
24.9249
24.9139
24.9114
24.895
24.888
24.8872
24.9161
24.9147
24.8757
24.8918
24.9216
24.8898
24.8917
24.9198
24.9069
24.874
24.8751
24.8961
24.8823
24.8971
24.8757
24.8712
24.8709
24.8728
24.9394
24.9135
24.9101
24.9309
24.9457
24.9141
24.9032
24.9162
24.8634
24.8791
24.8981
24.9058
24.85
24.8624
24.8932
24.8569
24.8582
24.8861
24.8788
24.8388
24.8375
24.85
24.861
24.8584
24.8447
24.8337
24.8553
24.8544
24.94
24.9095
24.8898
24.9288
24.9205
24.8987
24.8665
24.8811
24.8302
24.841
24.8545
24.8519
24.8012
24.8119
24.8633
24.8241
24.8194
24.853
24.849
24.8124
24.8066
24.8242
24.8539
24.8543
24.8305
24.8223
24.8576
24.8585
24.8982
24.8838
24.8394
24.8968
24.8723
24.8606
24.8045
24.8222
24.7682
24.7752
24.7952
24.7935
24.7336
24.7371
24.8358
24.8054
24.7999
24.825
24.8261
24.8021
24.8012
24.8277
24.8648
24.8666
24.8332
24.8402
24.8724
24.8778
24.844
24.8359
24.7704
24.8481
24.8167
24.8081
24.7379
24.7586
24.7005
24.7082
24.742
24.7255
24.6674
24.6902
24.8168
24.8036
24.8066
24.8166
24.808
24.8116
24.8164
24.8551
24.8826
24.8911
24.8552
24.87
24.897
24.9058
24.7904
24.7794
24.7074
24.8009
24.7651
24.7411
24.6779
24.7027
24.6364
24.6754
24.7004
24.6882
24.6078
24.661
24.8034
24.8242
24.8253
24.8158
24.8055
24.8379
24.8301
24.8805
24.9127
24.9147
24.885
24.8925
24.9236
24.9229
24.742
24.7106
24.6538
24.766
24.7207
24.6846
24.6284
24.6809
24.5773
24.6509
24.6685
24.6794
24.5527
24.6381
24.8079
24.8493
24.8301
24.8234
24.8028
24.8588
24.8315
24.8991
24.9336
24.9289
24.9065
24.8908
24.9385
24.9218
24.7007
24.6636
24.6029
24.7408
24.6823
24.647
24.5871
24.6833
24.5348
24.6268
24.6485
24.6943
24.5351
24.6351
24.7947
24.8658
24.8284
24.8359
24.7839
24.8662
24.8133
24.8791
24.9356
24.9092
24.9101
24.8628
24.9231
24.8919
24.6657
24.6271
24.572
24.7148
24.6505
24.6066
24.559
24.6988
24.5529
24.6697
24.6557
24.71
24.5747
24.6956
24.7681
24.8589
24.7876
24.8259
24.7482
24.8488
24.7516
24.8424
24.9078
24.872
24.8892
24.8133
24.8968
24.8503
24.6328
24.5816
24.5461
24.678
24.6146
24.5569
24.5294
24.7071
24.579
24.6849
24.6372
24.6805
24.5718
24.6441
24.7252
24.8306
24.714
24.793
24.6941
24.8019
24.6771
24.7791
24.8816
24.8246
24.8396
24.7422
24.8543
24.7899
24.5983
24.5307
24.507
24.6331
24.5848
24.5041
24.4834
24.6383
24.5556
24.6024
24.6011
24.6021
24.5357
24.5657
24.6585
24.7732
24.6374
24.738
24.6208
24.7415
24.595
24.704
24.8173
24.7535
24.7595
24.6604
24.7707
24.7114
24.5689
24.4752
24.4596
24.5876
24.5519
24.4465
24.4382
24.5763
24.5104
24.5304
24.5684
24.5608
24.4837
24.5059
24.575
24.6979
24.5419
24.6541
24.5286
24.6474
24.4825
24.6106
24.7112
24.6641
24.6581
24.5535
24.6514
24.6103
24.5369
24.4183
24.4203
24.5452
24.5269
24.3893
24.4045
24.548
24.4656
24.4934
24.5486
24.5448
24.4531
24.4887
24.4793
24.5887
24.4144
24.5521
24.4248
24.5192
24.3486
24.4911
24.5917
24.5456
24.5365
24.4206
24.5186
24.4727
24.5222
24.3651
24.3981
24.5221
24.5227
24.3466
24.3866
24.5563
24.4507
24.495
24.5542
24.5759
24.4599
24.5109
24.3719
24.4458
24.2898
24.4363
24.3389
24.3863
24.254
24.3584
24.442
24.4143
24.3988
24.3281
24.3927
24.3773
24.5284
24.3381
24.3949
24.5359
24.541
24.3521
24.4211
24.5958
24.4818
24.532
24.5891
24.6138
24.514
24.56
24.3072
24.3571
24.2199
24.3418
24.2741
24.3186
24.1873
24.3288
24.3869
24.3733
24.3804
24.3542
24.4016
24.3984
24.5616
24.3746
24.4498
24.5791
24.5909
24.4178
24.4993
24.6324
24.5497
24.5895
24.6352
24.6496
24.5926
24.6186
24.2599
24.2589
24.1776
24.2711
24.2645
24.2024
24.1959
24.3875
24.4116
24.4319
24.3623
24.4086
24.4177
24.4652
24.6223
24.4723
24.5552
24.6453
24.6492
24.5395
24.6049
24.6629
24.6321
24.6388
24.6483
24.6669
24.6621
24.6486
24.2886
24.1668
24.239
24.3382
24.2937
24.1241
24.2452
24.4113
24.4131
24.5004
24.3276
24.4192
24.4282
24.5158
24.6753
24.6051
24.6504
24.711
24.7157
24.6839
24.7194
24.6646
24.6899
24.6544
24.6546
24.6676
24.7054
24.6566
24.3323
24.1274
24.2905
24.511
24.4351
24.2559
24.393
24.408
24.4647
24.5235
24.3214
24.4525
24.5071
24.5492
24.7591
24.7755
24.7906
24.8557
24.7964
24.8724
24.835
24.6841
24.715
24.6719
24.7006
24.7077
24.7339
24.6901
24.6132
24.5127
24.5532
24.9264
24.8228
24.7364
24.7322
24.5466
24.563
24.5827
24.6245
24.6565
24.6152
24.614
24.813
24.9741
24.8774
24.9232
24.8215
25.0108
24.888
24.7349
24.7598
24.7038
24.7591
24.7463
24.7488
24.6999
24.9961
24.8674
24.8343
25.0995
25.0658
24.9192
24.867
24.7251
24.6528
24.6371
24.765
24.7536
24.6736
24.6511
24.7965
24.9313
24.7981
24.8231
24.7336
24.7726
24.6534
24.7239
24.6662
24.6626
24.6696
24.6688
24.5663
24.5869
25.0202
24.9094
24.8401
24.9913
24.9377
24.871
24.7905
24.7561
24.6794
24.6556
24.7665
24.7438
24.6822
24.6519
24.6352
24.6512
24.5472
24.5994
24.5273
24.5741
24.4779
24.578
24.4946
24.5024
24.4929
24.4831
24.4367
24.4251
24.8478
24.8245
24.7466
24.8342
24.7542
24.7827
24.7118
24.725
24.6807
24.643
24.7346
24.7054
24.6788
24.6307
24.4427
24.5423
24.4495
24.484
24.398
24.5441
24.4475
24.4045
24.4065
24.3796
24.3684
24.3569
24.4028
24.3524
24.6902
24.752
24.6922
24.746
24.6598
24.7325
24.685
24.6899
24.6795
24.6236
24.7148
24.6777
24.6851
24.6202
24.3989
24.5641
24.4641
24.5035
24.4304
24.5975
24.5024
24.3349
24.4096
24.3335
24.392
24.3213
24.4223
24.3031
24.6615
24.7229
24.696
24.7201
24.6713
24.7204
24.7114
24.6668
24.6963
24.6237
24.7142
24.6612
24.7139
24.6388
24.4855
24.6305
24.5468
24.5957
24.5473
24.676
24.5984
24.3165
24.4377
24.2723
24.4579
24.3161
24.4548
24.2339
24.6956
24.7227
24.711
24.7263
24.713
24.7242
24.7015
24.6647
24.737
24.6644
24.7352
24.6764
24.7623
24.6984
24.6035
24.7109
24.6442
24.7158
24.6507
24.7172
24.6868
24.3069
24.4628
24.1911
24.491
24.2931
24.4692
24.1448
24.708
24.724
24.6874
24.7087
24.696
24.7142
24.6785
24.6861
24.7876
24.7289
24.745
24.6998
24.8101
24.7572
24.6786
24.6986
24.7235
24.7029
24.6913
24.6793
24.737
24.2789
24.4589
24.1027
24.5052
24.2664
24.4397
24.0877
24.6646
24.6852
24.6524
24.6092
24.6231
24.6117
24.6142
24.6968
24.8204
24.7701
24.6656
24.6645
24.7899
24.7495
24.6855
24.683
24.7098
24.6545
24.6502
24.6212
24.6319
24.2636
24.4198
24.0994
24.484
24.2847
24.4047
24.1326
24.5614
24.4893
24.5419
24.4011
24.4834
24.3678
24.4372
24.6077
24.7056
24.6956
24.4751
24.5163
24.6054
24.6014
24.5965
24.5553
24.5619
24.5598
24.544
24.487
24.4904
24.3197
24.3787
24.1714
24.4572
24.3513
24.3216
24.2064
24.3997
24.2511
24.3026
24.2364
24.3274
24.1304
24.1658
24.4217
24.5001
24.5057
24.2573
24.3192
24.3951
24.4175
24.4974
24.4264
24.4308
24.4824
24.4688
24.368
24.3809
24.3738
24.2812
24.2386
24.3704
24.3791
24.2529
24.2487
24.2461
23.9988
24.0807
24.1215
24.1413
23.9267
23.9939
24.2321
24.314
24.3534
24.0965
24.1609
24.2737
24.3123
24.472
24.3216
24.3509
24.487
24.499
24.3349
24.3842
24.3985
24.268
24.2686
24.4438
24.484
24.3556
24.3491
24.091
23.9163
23.9763
24.1085
24.0957
23.9643
23.9718
24.1306
24.268
24.299
24.1229
24.1338
24.3042
24.3152
24.5539
24.3784
24.4421
24.5883
24.6091
24.4523
24.5067
24.6297
24.4359
24.4628
24.6526
24.7666
24.5282
24.6114
24.146
24.0644
24.0367
24.2942
24.2412
24.1967
24.1473
24.1745
24.3641
24.359
24.3003
24.2431
24.4417
24.4193
24.666
24.5254
24.5667
24.7128
24.7243
24.6021
24.6294
24.8493
24.6084
24.7122
24.7768
24.8783
24.675
24.7633
24.3536
24.369
24.2942
24.5512
24.4824
24.4849
24.4266
24.35
24.5303
24.4951
24.5318
24.4562
24.6056
24.5723
24.7698
24.6632
24.6865
24.784
24.7948
24.7123
24.7262
24.8729
24.721
24.7827
24.8105
24.8476
24.7331
24.7638
24.5724
24.5758
24.5329
24.6575
24.6245
24.6292
24.6091
24.5457
24.6717
24.634
24.6643
24.6184
24.7148
24.6799
24.8019
24.7366
24.7407
24.7848
24.7901
24.7338
24.7302
24.8286
24.7404
24.7511
24.7846
24.8097
24.7245
24.7311
24.6597
24.6706
24.6547
24.7136
24.6768
24.6929
24.6782
24.6621
24.7458
24.7041
24.7223
24.6882
24.7606
24.717
24.7749
24.7288
24.7217
24.7661
24.7644
24.7089
24.6989
24.7888
24.7207
24.7241
24.7579
24.7765
24.7036
24.6991
24.6886
24.7022
24.6818
24.7182
24.6716
24.6971
24.6785
24.6905
24.7504
24.701
24.7111
24.6835
24.7278
24.6841
24.7606
24.7095
24.7031
24.7587
24.7648
24.7033
24.7004
24.7747
24.7058
24.7032
24.7597
24.7814
24.6987
24.7043
24.6765
24.6741
24.671
24.7013
24.673
24.6444
24.6803
24.6527
24.6922
24.6528
24.6435
24.6638
24.6713
24.6632
24.7778
24.7196
24.715
24.7849
24.7948
24.7352
24.7309
24.7995
24.709
24.7193
24.7951
24.8288
24.7284
24.7468
24.6865
24.6263
24.6597
24.6921
24.6985
24.6277
24.6747
24.6893
24.6664
24.6654
24.6988
24.695
24.6655
24.6675
24.692
24.6642
24.6762
24.6969
24.7088
24.6782
24.6909
24.7273
24.6794
24.6924
24.7319
24.752
24.7058
24.7255
24.6398
24.6639
24.6418
24.641
24.6396
24.6958
24.646
24.6496
24.6542
24.6487
24.6448
24.6503
24.6476
24.6521
24.6827
24.6725
24.6931
24.6758
24.6897
24.6881
24.7062
24.7051
24.695
24.7243
24.7023
24.7261
24.7252
24.769
24.6152
24.6391
24.6416
24.6278
24.6338
24.632
24.6235
24.7224
24.7176
24.7256
24.7092
24.7424
24.7291
24.7719
)
;

boundaryField
{
    fbOut
    {
        type            fixedValue;
        value           uniform 0;
    }
    CAD_patch1
    {
        type            zeroGradient;
    }
    fbGasin
    {
        type            zeroGradient;
    }
    CAD_patch3
    {
        type            zeroGradient;
    }
    fbBioin
    {
        type            zeroGradient;
    }
}


// ************************************************************************* //
