/*--------------------------------*- C++ -*----------------------------------*\
| =========                 |                                                 |
| \\      /  F ield         | OpenFOAM: The Open Source CFD Toolbox           |
|  \\    /   O peration     | Version:  5.x                                   |
|   \\  /    A nd           | Web:      www.OpenFOAM.org                      |
|    \\/     M anipulation  |                                                 |
\*---------------------------------------------------------------------------*/
FoamFile
{
    version     2.0;
    format      ascii;
    class       volScalarField;
    location    "6.05";
    object      voidfraction;
}
// * * * * * * * * * * * * * * * * * * * * * * * * * * * * * * * * * * * * * //

dimensions      [0 0 0 0 0 0 0];

internalField   nonuniform List<scalar> 
10571
(
0.52949
0.494455
0.510758
0.4498
0.436856
0.620389
0.772524
0.639965
0.462524
0.527645
0.940369
0.693886
0.93072
0.898639
0.569969
0.448935
0.503516
0.628173
0.80928
0.847461
0.500186
0.486021
0.547614
0.473955
0.421785
0.395991
0.42242
0.529318
0.703955
0.46071
0.58674
0.434068
0.605794
0.901095
0.887446
0.635346
0.663827
0.574517
0.55571
0.424306
0.714824
0.58699
0.761137
0.954488
0.500179
0.771625
0.813772
0.985944
0.422581
0.701479
0.999042
0.992569
0.833816
0.702396
0.936998
0.614964
0.830544
0.541947
0.456262
0.55646
0.540066
0.523657
0.56124
0.439181
0.406527
0.442983
0.559013
0.712262
0.474564
0.614314
0.829715
0.941888
0.574531
0.985062
1
0.994787
0.935192
0.997544
0.681269
0.878565
0.897149
0.495498
0.993626
0.998823
0.924028
0.785428
0.806332
0.566944
0.99793
0.78674
0.554334
0.530192
0.611362
0.470333
0.478718
0.499836
0.739023
0.99468
0.900596
0.973268
0.856516
0.99838
0.942216
0.913013
0.907788
0.969062
0.989115
0.999899
0.998099
0.921711
0.798992
0.824224
0.996393
1
0.919191
0.866951
0.705373
0.999961
0.927569
0.758134
0.742841
0.99804
1
0.988217
0.997131
0.998818
0.999889
1
0.999589
0.999056
0.530279
0.981306
1
0.997816
0.999483
0.982526
0.979921
0.477638
0.996843
0.999785
0.998921
0.927618
0.747567
1
1
1
1
0.996415
1
1
1
0.99902
1
1
0.999921
1
1
0.988563
1
0.999397
0.999777
0.999846
0.996821
0.999232
0.998105
0.999421
0.999882
0.999014
0.990237
1
1
1
1
1
0.996751
1
1
1
0.99902
1
1
1
1
0.999685
0.976907
0.999662
1
0.999996
0.999879
1
0.999249
0.995037
0.998292
1
1
1
1
1
0.999124
1
1
0.993783
1
1
1
0.996925
1
1
1
1
1
0.986364
0.998038
1
1
1
1
1
0.997534
0.998082
1
1
1
1
1
1
1
0.994175
1
1
1
0.998817
1
1
1
1
0.997911
1
1
1
1
1
0.999429
0.999648
1
1
1
0.997754
0.999366
1
1
0.996472
1
1
1
1
1
1
1
1
0.994832
1
1
1
1
1
1
0.999883
1
1
1
0.998877
0.999124
1
1
0.992216
1
1
1
0.997062
1
1
1
1
0.99989
0.999662
1
1
1
1
0.99997
1
1
1
1
1
1
1
1
0.995128
1
1
1
0.999021
1
1
1
1
0.996811
1
1
1
1
1
1
1
1
1
1
1
1
1
1
0.996192
1
1
1
1
1
1
1
1
0.993623
1
1
1
1
1
1
1
1
1
1
1
1
1
1
0.999664
1
1
1
1
1
1
1
1
0.995052
1
1
1
1
1
1
1
1
1
1
1
1
1
1
0.99944
1
1
1
1
1
1
1
1
1
1
1
1
1
1
1
1
1
1
1
1
1
1
1
0.997648
1
1
1
1
1
1
1
1
1
1
1
1
1
1
1
1
1
1
1
1
1
1
1
0.998824
1
1
1
1
1
1
1
1
1
1
1
1
1
1
1
1
1
1
1
1
1
1
1
0.998376
1
1
1
1
1
1
1
1
1
1
1
1
1
1
1
1
1
1
1
1
1
1
1
1
1
1
1
1
1
1
1
1
1
1
1
1
1
1
1
1
1
1
1
1
1
1
1
1
1
1
1
1
1
1
1
1
1
1
1
1
1
1
1
1
1
1
1
1
1
1
1
1
1
1
1
1
1
1
1
1
1
1
1
1
1
1
1
1
1
1
1
1
1
1
1
1
1
1
1
1
1
1
1
1
1
1
1
1
1
1
1
1
1
1
1
1
1
1
1
1
1
1
1
1
1
1
1
1
1
1
1
1
1
1
1
1
1
1
1
1
1
1
1
1
1
1
1
1
1
1
1
1
1
1
1
1
1
1
1
1
1
1
1
1
1
1
1
1
1
1
1
1
1
1
1
1
1
1
1
1
1
1
1
1
1
1
1
1
1
1
1
1
1
1
1
1
1
1
1
1
1
1
1
1
1
1
1
1
1
1
1
1
1
1
1
1
1
1
1
1
1
1
1
1
1
1
1
1
1
1
1
1
1
1
1
1
1
1
1
1
1
1
1
1
1
1
1
1
1
1
1
1
1
1
1
1
1
1
1
1
1
1
1
1
1
1
1
1
1
1
1
1
1
1
1
1
1
1
1
1
1
1
1
1
1
1
1
1
1
1
1
1
1
1
1
1
1
1
1
1
1
1
1
1
1
1
1
1
1
1
1
1
1
1
1
1
1
1
1
1
1
1
1
1
1
1
1
1
1
1
1
1
1
1
1
1
1
1
1
1
1
1
1
1
1
1
1
1
1
1
1
1
1
1
1
1
1
1
1
1
1
1
1
1
1
1
1
1
1
1
1
1
1
1
1
1
1
1
1
1
1
1
1
1
1
1
1
1
1
1
1
1
1
1
1
1
1
1
1
1
1
1
1
1
1
1
1
1
1
1
1
1
1
1
1
1
1
1
1
1
1
1
1
1
1
1
1
1
1
1
1
1
1
1
1
1
1
1
1
1
1
1
1
1
1
1
1
1
1
1
1
1
1
1
1
1
1
1
1
1
1
1
1
1
1
1
1
1
1
1
1
1
1
1
1
1
1
1
1
1
1
1
1
1
1
1
1
1
1
1
1
1
1
1
1
1
1
1
1
1
1
1
1
1
1
1
1
1
1
1
1
1
1
1
1
1
1
1
1
1
1
1
1
1
1
1
1
1
1
1
1
1
1
1
1
1
1
1
1
1
1
1
1
1
1
1
1
1
1
1
1
1
1
1
1
1
1
1
1
1
1
1
1
1
1
1
1
1
1
1
1
1
1
1
1
1
1
1
1
1
1
1
1
1
1
1
1
1
1
1
1
1
1
1
1
1
1
1
1
1
1
1
1
1
1
1
1
1
1
1
1
1
1
1
1
1
1
1
1
1
1
1
1
1
1
1
1
1
1
1
1
1
1
1
1
1
1
1
1
1
1
1
1
1
1
1
1
1
1
1
1
1
1
1
1
1
1
1
1
1
1
1
1
1
1
1
1
1
1
1
1
1
1
1
1
1
1
1
1
1
1
1
1
1
1
1
1
1
1
1
1
1
1
1
1
1
1
1
1
1
1
1
1
1
1
1
1
1
1
1
1
1
1
1
1
1
1
1
1
1
1
1
1
1
1
1
1
1
1
1
1
1
1
1
1
1
1
1
1
1
1
1
1
1
1
1
1
1
1
1
1
1
1
1
1
1
1
1
1
1
1
1
1
1
1
1
1
1
1
1
1
1
1
1
1
1
1
1
1
1
1
1
1
1
1
1
1
1
1
1
1
1
1
1
1
1
1
1
1
1
1
1
1
1
1
1
1
1
1
1
1
1
1
1
1
1
1
1
1
1
1
1
1
1
1
1
1
1
1
1
1
1
1
1
1
1
1
1
1
1
1
1
1
1
1
1
1
1
1
1
1
1
1
1
1
1
1
1
1
1
1
1
1
1
1
1
1
1
1
1
1
1
1
1
1
1
1
1
1
1
1
1
1
1
1
1
1
1
1
1
1
1
1
1
1
1
1
1
1
1
1
1
1
1
1
1
1
1
1
1
1
1
1
1
1
1
1
1
1
1
1
1
1
1
1
1
1
1
1
1
1
1
1
1
1
1
1
1
1
1
1
1
1
1
1
1
1
1
1
1
1
1
1
1
1
1
1
1
1
1
1
1
1
1
1
1
1
1
1
1
1
1
1
1
1
1
1
1
1
1
1
1
1
1
1
1
1
1
1
1
1
1
1
1
1
1
1
1
1
1
1
1
1
1
1
1
1
1
1
1
1
1
1
1
1
1
1
1
1
1
1
1
1
1
1
1
1
1
1
1
1
1
1
1
1
1
1
1
1
1
1
1
1
1
1
1
1
1
1
1
1
1
1
1
1
1
1
1
1
1
1
1
1
1
1
1
1
1
1
1
1
1
1
1
1
1
1
1
1
1
1
1
1
1
1
1
1
1
1
1
1
1
1
1
1
1
1
1
1
1
1
1
1
1
1
1
1
1
1
1
1
1
1
1
1
1
1
1
1
1
1
1
1
1
1
1
1
1
1
1
1
1
1
1
1
1
1
1
1
1
1
1
1
1
1
1
1
1
1
1
1
1
1
1
1
1
1
1
1
1
1
1
1
1
1
1
1
1
1
1
1
1
1
1
1
1
1
1
1
1
1
1
1
1
1
1
1
1
1
1
1
1
1
1
1
1
1
1
1
1
1
1
1
1
1
1
1
1
1
1
1
1
1
1
1
1
1
1
1
1
1
1
1
1
1
1
1
1
1
1
1
1
1
1
1
1
1
1
1
1
1
1
1
1
1
1
1
1
1
1
1
1
1
1
1
1
1
1
1
1
1
1
1
1
1
1
1
1
1
1
1
1
1
1
1
1
1
1
1
1
1
1
1
1
1
1
1
1
1
1
1
1
1
1
1
1
1
1
1
1
1
1
1
1
1
1
1
1
1
1
1
1
1
1
1
1
1
1
1
1
1
1
1
1
1
1
1
1
1
1
1
1
1
1
1
1
1
1
1
1
1
1
1
1
1
1
1
1
1
1
1
1
1
1
1
1
1
1
1
1
1
1
1
1
1
1
1
1
1
1
1
1
1
1
1
0.598345
0.491296
0.562787
0.502765
0.526335
0.485064
0.490944
0.46176
0.569917
0.609736
0.652027
0.642545
0.753223
0.646561
0.610988
0.749622
0.710397
0.526469
0.468236
0.609998
0.526728
0.451696
0.436339
0.465372
0.425726
0.428533
0.602665
0.672957
0.506834
0.656206
0.74837
0.603881
0.758251
0.79079
0.675177
0.713618
0.618777
0.657152
0.601497
0.768911
0.703133
0.534579
0.474297
0.629729
0.551203
0.457661
0.484904
0.488285
0.602749
0.494992
0.611924
0.574215
0.734944
0.581119
0.743995
0.65269
0.608476
0.555295
0.468825
0.662432
0.697899
0.546796
0.596942
0.721309
0.670276
0.763298
0.682727
0.543382
0.503069
0.560916
0.508179
0.483155
0.68482
0.48521
0.517259
0.623661
0.472786
0.549286
0.518583
0.488278
0.513255
0.495919
0.470324
0.583331
0.538764
0.475181
0.462325
0.51544
0.48497
0.516483
0.489064
0.477542
0.461041
0.47348
0.463202
0.436124
0.470269
0.42361
0.454797
0.47321
0.451624
0.423207
0.445047
0.42584
0.455169
0.449999
0.435942
0.424786
0.426582
0.417667
0.420613
0.598626
0.490105
0.51579
0.53498
0.588808
0.410799
0.441293
0.438038
0.457206
0.456598
0.44632
0.456437
0.553958
0.707487
0.554372
0.799236
0.535525
0.92871
0.851868
0.94655
0.842593
0.884988
0.985787
0.93313
0.440637
0.500493
0.863852
0.521766
0.578841
0.794306
0.826224
0.974332
0.93397
0.914873
0.482429
0.475237
0.417699
0.499503
0.460075
0.77071
0.927897
0.60002
0.49124
0.49458
0.703149
0.763683
0.694209
0.780079
0.619593
0.650161
0.611744
0.784626
0.830114
0.84603
0.872127
0.553715
0.436336
0.661416
0.531749
0.61568
0.699924
0.712404
0.892183
0.606209
0.587083
0.770501
0.904949
0.828152
0.845861
0.412771
0.418247
0.417503
0.426344
0.420426
0.417639
0.44204
0.469724
0.426129
0.451783
0.412969
0.555774
0.60942
0.436418
0.525687
0.403614
0.570979
0.420761
0.423201
0.426852
0.612153
0.654328
0.634271
0.776604
0.599665
0.828028
0.835951
0.761966
0.505431
0.924351
0.581549
0.911315
0.745589
0.640744
0.961516
0.809397
0.460644
0.687532
0.494471
0.704152
0.768964
0.72088
0.593293
0.643522
0.721436
0.771475
0.482813
0.488396
0.554759
0.555894
0.489448
0.432122
0.552966
0.483317
0.840893
0.498228
0.728956
0.702025
0.716606
0.472844
0.500349
0.578974
0.629217
0.865825
0.980073
0.971868
0.880756
0.703932
0.966445
0.813285
0.468039
0.775707
0.727062
0.78564
0.912265
0.758382
0.772749
0.923483
0.923721
0.879161
0.894055
0.988312
0.953981
0.998084
0.46465
0.675271
0.446843
0.619425
0.691778
0.533397
0.794379
0.850803
0.748632
0.785984
0.497754
0.867999
0.851789
0.600108
0.694641
0.972881
0.997986
0.841326
0.823872
0.976311
0.870529
0.853881
0.895363
0.884233
0.505055
0.966205
0.590641
0.880016
0.584448
0.974574
0.753041
0.538483
0.479095
0.870642
0.556585
0.690698
0.997494
0.969925
0.993157
0.45625
0.537569
0.509246
0.443024
0.504322
0.498312
0.428686
0.963119
0.97473
0.914246
0.533933
0.481559
0.447831
0.543156
0.480047
0.391704
0.808079
0.419155
0.42406
0.451121
0.75664
0.614839
0.566041
0.446301
0.542811
0.822641
0.627946
0.59769
0.480179
0.560787
0.514831
0.509162
0.490714
0.396077
0.729889
0.867913
0.455972
0.535879
0.798777
0.952464
0.901676
0.619906
0.759679
0.754732
0.71424
0.791378
0.782457
0.597237
0.776399
0.905153
0.619731
0.642356
0.936059
0.914251
0.886179
0.672323
0.941573
0.889968
0.745503
0.761932
0.996242
0.997563
0.962998
0.989417
0.941789
0.992666
0.916729
0.999137
0.915738
0.633841
0.988644
0.816168
0.939979
0.630938
0.925634
0.767934
0.491691
0.639645
1
0.999341
1
1
0.994723
0.998366
0.490754
0.506698
0.575334
0.636374
0.682733
0.998488
0.997138
0.997581
0.999061
0.996671
0.572125
0.545498
0.814927
0.727789
0.852353
0.992961
0.988772
0.992286
0.988985
0.905247
0.996094
0.996839
0.993926
0.992285
0.508584
0.458368
0.4597
0.724053
0.792738
0.457074
0.442204
0.797583
0.647679
0.995943
0.461736
0.541552
0.926795
0.699348
0.56146
0.538635
0.516364
0.453895
0.439078
0.440587
0.42339
0.979719
0.99533
0.673452
0.924352
0.947137
0.603063
0.979217
0.849578
0.955411
0.895362
0.733395
0.920605
0.857454
0.730731
0.709155
1
1
0.993111
0.999136
0.987965
0.989303
0.998262
0.998212
0.998926
0.839527
0.937992
0.983316
0.965406
0.989983
1
1
0.988357
1
0.997755
0.996811
1
1
0.996811
0.996487
0.942958
0.839836
0.99884
0.992234
0.91459
0.998152
0.995431
0.996921
0.997879
0.9909
0.733838
0.844673
0.881975
0.819982
0.697906
0.981446
0.990164
0.999011
0.994094
0.998063
0.996692
0.999076
0.995106
0.998244
0.818632
0.722535
0.566392
0.770839
0.629416
0.923162
0.810422
0.519878
0.995872
0.995942
0.999154
0.998683
1
1
1
0.793005
0.87973
1
1
1
1
0.997281
0.995957
0.799437
0.995278
0.987006
0.95184
0.997755
0.997577
0.920436
0.859662
0.918863
0.98345
0.974189
0.929278
0.999093
0.99387
0.998049
0.998262
0.998272
0.997362
0.996695
0.996734
0.998271
0.997915
1
1
1
1
1
1
0.999121
1
1
0.999961
0.993622
0.999152
1
0.993512
0.999122
0.917701
0.996908
0.812542
1
1
0.998198
0.996052
0.37101
0.477945
0.416058
0.962574
0.653637
0.932893
0.630361
0.993395
0.995159
0.988124
0.997636
0.998877
0.800465
0.892186
0.90311
0.993587
0.985477
0.975478
0.979448
0.38427
0.619099
0.409384
0.934537
0.637962
0.990811
0.788962
0.995256
0.997977
0.999934
0.995106
0.999122
0.996902
0.999934
0.999156
0.997457
0.913273
1
0.978101
1
0.995241
1
0.99729
0.954002
1
1
1
1
1
1
1
1
1
1
0.998874
1
0.995937
0.995957
1
1
1
0.999818
1
1
1
0.997666
0.998722
1
1
1
0.99798
1
0.992616
0.995263
0.997033
0.998271
1
0.994007
0.999191
0.997407
0.997198
1
1
1
1
1
1
1
0.998615
0.997848
1
1
1
1
1
1
0.998877
0.984165
1
0.998877
0.988343
0.997365
1
0.999792
0.999937
1
1
1
1
1
1
1
1
1
1
1
0.996879
0.992835
0.985154
0.996758
0.995469
0.995551
0.993746
0.998476
0.998214
0.999686
1
0.998005
0.999501
0.99857
0.999825
0.999945
1
0.999236
1
0.989047
0.993302
0.997063
0.999662
1
0.996511
0.99627
0.996512
0.998032
0.999109
1
0.996904
1
1
1
1
1
1
1
1
1
1
1
0.998811
1
1
0.999961
1
1
1
1
0.999124
0.998875
1
1
1
0.993587
1
1
1
1
1
1
1
1
1
1
1
1
1
0.997144
0.99798
0.998861
0.997616
0.999967
1
0.998681
0.996423
1
1
1
1
1
1
1
1
1
1
1
1
1
1
1
1
0.997406
0.990433
0.99794
0.9976
0.988343
0.998364
0.999374
1
0.999968
1
1
0.998977
1
1
1
1
1
1
1
1
0.997727
0.997599
0.980316
0.998909
0.991208
0.999429
1
0.998994
1
1
1
1
1
0.999943
1
1
1
1
1
0.994628
0.989884
0.997888
0.990437
0.995731
0.997835
0.998845
0.99865
0.995549
1
1
1
1
1
1
1
1
1
1
1
1
1
0.9993
0.998041
1
1
1
1
1
1
1
1
0.998875
1
1
0.999721
0.997979
1
1
1
1
1
1
1
1
1
1
1
1
1
0.995123
0.999303
0.998412
0.998689
1
0.994063
0.9997
0.998599
1
1
1
1
1
1
1
1
1
1
0.997832
0.992632
0.995244
0.995897
0.987244
0.997365
1
1
1
1
1
1
1
1
1
1
1
1
1
1
0.994697
0.996011
0.988344
0.996788
0.994384
1
1
1
1
1
1
1
1
1
1
1
1
1
1
0.988838
0.99121
1
0.999887
0.994762
0.997384
0.999373
0.998425
1
1
1
1
1
1
1
1
1
0.997831
0.994123
1
1
0.999923
1
1
0.998875
1
1
1
1
1
0.992472
0.995121
1
1
1
1
1
1
1
1
1
1
1
1
1
0.994636
0.99798
0.9997
0.997407
1
0.992943
0.997753
0.996543
1
1
1
1
1
1
1
1
1
1
0.995936
0.996811
0.99897
0.998297
0.996811
0.994881
1
1
1
1
1
0.99794
0.996747
0.995931
0.994849
0.993494
1
1
1
1
1
0.997698
0.996652
1
0.999944
1
0.999699
1
1
1
1
1
1
1
1
1
1
1
1
1
1
1
0.998877
0.999124
1
0.998333
1
0.99852
0.997985
0.99583
1
0.996724
0.99993
1
1
1
1
1
1
1
1
1
1
1
1
1
1
0.997423
0.998981
0.998272
0.998112
0.995072
0.996855
0.99851
1
1
1
1
1
1
1
1
1
1
0.997058
0.992963
0.999122
0.997716
0.986805
0.99791
1
1
1
1
1
0.998788
0.998838
0.989004
0.996304
0.997754
1
1
1
1
1
0.993234
1
1
1
1
1
1
0.996738
1
1
1
1
1
1
1
1
1
0.997971
1
0.999124
1
0.999961
0.995349
0.996049
1
1
1
1
1
1
0.997979
1
1
1
1
1
1
1
1
1
1
1
1
1
1
0.99394
0.994079
0.998952
0.999106
1
0.996416
0.998143
0.998242
1
1
1
1
1
1
1
1
1
1
0.995897
0.996811
0.994185
0.999613
1
0.99676
1
1
1
1
1
0.997364
0.997754
0.996371
0.997516
0.998877
1
1
1
1
1
0.995954
1
1
0.996738
1
0.999158
1
1
1
1
1
1
1
1
1
1
1
1
1
0.997674
0.997585
1
1
0.996817
1
1
1
1
1
1
0.997979
0.997979
1
1
1
1
1
1
1
1
1
1
1
1
1
1
0.997701
1
0.999136
1
0.995576
0.997903
0.999076
1
1
1
1
1
1
1
1
1
1
0.998065
0.992523
0.996184
0.997755
0.996811
0.99894
1
1
1
1
1
0.997395
0.998877
0.988345
0.997092
0.996941
1
1
1
1
1
1
0.997977
1
1
0.999122
1
1
1
1
1
1
1
1
1
1
1
1
1
1
1
1
1
1
1
1
1
1
1
1
1
1
0.997979
1
1
1
1
1
1
1
1
1
1
1
1
1
0.992617
0.994637
0.999042
0.999255
1
0.997872
0.99997
0.998898
1
1
1
1
1
1
1
1
1
1
0.9988
0.991094
0.998274
0.995046
0.996152
0.997335
1
1
1
1
1
0.997061
0.999961
0.987575
0.999334
0.998916
1
1
1
1
1
1
1
1
0.998369
1
1
1
1
0.999697
1
1
1
1
1
1
1
1
0.9993
0.995313
1
1
1
1
1
1
1
1
1
1
1
1
0.998258
1
1
1
1
1
1
1
1
1
1
1
1
1
0.991851
0.996587
1
0.997676
0.999967
0.992216
0.99988
1
1
1
1
1
1
1
1
1
1
1
0.998955
1
0.993883
0.994814
0.996811
0.999122
1
1
1
1
1
0.998728
0.9988
0.996811
1
1
1
1
1
1
1
0.998117
1
1
1
1
1
1
1
1
1
1
1
1
1
1
1
1
1
1
1
1
1
1
1
1
1
1
1
1
1
1
1
1
1
1
1
1
1
1
1
1
1
1
1
1
0.993592
0.997075
0.999131
0.997676
1
0.998376
0.999131
0.999702
1
1
1
1
1
1
1
1
1
1
0.995975
0.995712
0.998758
0.998878
0.997911
1
1
1
1
1
1
0.99997
0.998955
1
1
0.999961
1
1
1
1
1
1
1
1
1
1
1
1
1
1
1
1
1
1
1
1
1
1
1
1
1
1
1
1
1
1
1
1
1
1
1
1
1
1
1
1
1
1
1
1
1
1
1
1
1
1
0.995264
0.99589
1
0.998391
1
0.997368
1
0.999136
1
1
1
1
1
1
1
1
1
1
1
0.9989
1
0.997755
0.997911
1
1
1
1
1
1
1
1
1
1
1
1
1
1
1
1
1
1
1
1
1
1
1
1
1
1
1
1
1
1
1
1
1
1
1
1
1
1
1
1
1
1
1
1
1
1
0.998049
1
1
1
1
1
1
1
1
1
1
1
1
1
1
0.99603
1
0.99997
0.99857
1
0.998376
1
0.999702
1
1
1
1
1
1
1
1
1
1
0.998878
1
0.999122
1
1
0.999122
1
1
1
1
1
1
1
1
1
1
1
1
1
1
1
1
1
1
1
1
1
1
1
1
1
1
1
1
1
1
1
1
1
1
1
1
1
1
1
1
1
1
1
1
1
1
1
1
1
1
1
1
1
1
1
1
1
1
1
1
0.997771
0.99805
1
0.998332
1
1
1
1
1
1
1
1
1
1
1
1
1
1
1
1
1
1
1
1
1
1
1
1
1
1
1
1
1
1
1
1
1
1
1
1
1
1
1
1
1
1
1
1
1
1
1
1
1
1
1
1
1
1
1
1
1
1
1
1
1
1
1
1
1
1
1
1
1
1
1
1
1
1
1
1
1
1
1
1
1
1
1
1
1
1
1
1
1
1
1
1
1
1
1
1
1
1
1
1
1
1
1
1
1
1
1
1
1
1
1
1
1
1
1
1
1
1
1
1
1
1
1
1
1
1
1
1
1
1
1
1
1
1
1
1
1
1
1
1
1
1
1
1
1
1
1
1
1
1
1
1
1
1
1
1
1
1
1
1
1
1
1
1
1
1
1
1
1
1
1
1
1
1
1
1
1
1
1
1
1
1
1
1
1
1
1
1
1
1
1
1
1
1
1
1
1
1
1
1
1
1
1
1
1
1
1
1
1
1
1
1
1
1
1
1
1
1
1
1
1
1
1
1
1
1
1
1
1
1
1
1
1
1
1
1
1
1
1
1
1
1
1
1
1
1
1
1
1
1
1
1
1
1
1
1
1
1
1
1
1
1
1
1
1
1
1
1
1
1
1
1
1
1
1
1
1
1
1
1
1
1
1
1
1
1
1
1
1
1
1
1
1
1
1
1
1
1
1
1
1
1
1
1
1
1
1
1
1
1
1
1
1
1
1
1
1
1
1
1
1
1
1
1
1
1
1
1
1
1
1
1
1
1
1
1
1
1
1
1
1
1
1
1
1
1
1
1
1
1
1
1
1
1
1
1
1
1
1
1
1
1
1
1
1
1
1
1
1
1
1
1
1
1
1
1
1
1
1
1
1
1
1
1
1
1
1
1
1
1
1
1
1
1
1
1
1
1
1
1
1
1
1
1
1
1
1
1
1
1
1
1
1
1
1
1
1
1
1
1
1
1
1
1
1
1
1
1
1
1
1
1
1
1
1
1
1
1
1
1
1
1
1
1
1
1
1
1
1
1
1
1
1
1
1
1
1
1
1
1
1
1
1
1
1
1
1
1
1
1
1
1
1
1
1
1
1
1
1
1
1
1
1
1
1
1
1
1
1
1
1
1
1
1
1
1
1
1
1
1
1
1
1
1
1
1
1
1
1
1
1
1
1
1
1
1
1
1
1
1
1
1
1
1
1
1
1
1
1
1
1
1
1
1
1
1
1
1
1
1
1
1
1
1
1
1
1
1
1
1
1
1
1
1
1
1
1
1
1
1
1
1
1
1
1
1
1
1
1
1
1
1
1
1
1
1
1
1
1
1
1
1
1
1
1
1
1
1
1
1
1
1
1
1
1
1
1
1
1
1
1
1
1
1
1
1
1
1
1
1
1
1
1
1
1
1
1
1
1
1
1
1
1
1
1
1
1
1
1
1
1
1
1
1
1
1
1
1
1
1
1
1
1
1
1
1
1
1
1
1
1
1
1
1
1
1
1
1
1
1
1
1
1
1
1
1
1
1
1
1
1
1
1
1
1
1
1
1
1
1
1
1
1
1
1
1
1
1
1
1
1
1
1
1
1
1
1
1
1
1
1
1
1
1
1
1
1
1
1
1
1
1
1
1
1
1
1
1
1
1
1
1
1
1
1
1
1
1
1
1
1
1
1
1
1
1
1
1
1
1
1
1
1
1
1
1
1
1
1
1
1
1
1
1
1
1
1
1
1
1
1
1
1
1
1
1
1
1
1
1
1
1
1
1
1
1
1
1
1
1
1
1
1
1
1
1
1
1
1
1
1
1
1
1
1
1
1
1
1
1
1
1
1
1
1
1
1
1
1
1
1
1
1
1
1
1
1
1
1
1
1
1
1
1
1
1
1
1
1
1
1
1
1
1
1
1
1
1
1
1
1
1
1
1
1
1
1
1
1
1
1
1
1
1
1
1
1
1
1
1
1
1
1
1
1
1
1
1
1
1
1
1
1
1
1
1
1
1
1
1
1
1
1
1
1
1
1
1
1
1
1
1
1
1
1
1
1
1
1
1
1
1
1
1
1
1
1
1
1
1
1
1
1
1
1
1
1
1
1
1
1
1
1
1
1
1
1
1
1
1
1
1
1
1
1
1
1
1
1
1
1
1
1
1
1
1
1
1
1
1
1
1
1
1
1
1
1
1
1
1
1
1
1
1
1
1
1
1
1
1
1
1
1
1
1
1
1
1
1
1
1
1
1
1
1
1
1
1
1
1
1
1
1
1
1
1
1
1
1
1
1
1
1
1
1
1
1
1
1
1
1
1
1
1
1
1
1
1
1
1
1
1
1
1
1
1
1
1
1
1
1
1
1
1
1
1
1
1
1
1
1
1
1
1
1
1
1
1
1
1
1
1
1
1
1
1
1
1
1
1
1
1
1
1
1
1
1
1
1
1
1
1
1
1
1
1
1
1
1
1
1
1
1
1
1
1
1
1
1
1
1
1
1
1
1
1
1
1
1
1
1
1
1
1
1
1
1
1
1
1
1
1
1
1
1
1
1
1
1
1
1
1
1
1
1
1
1
1
1
1
1
1
1
1
1
1
1
1
1
1
1
1
1
1
1
1
1
1
1
1
1
1
1
1
1
1
1
1
1
1
1
1
1
1
1
1
1
1
1
1
1
1
1
1
1
1
1
1
1
1
1
1
1
1
1
1
1
1
1
1
1
1
1
1
1
1
1
1
1
1
1
1
1
1
1
1
1
1
1
1
1
1
1
1
1
1
1
1
1
1
1
1
1
1
1
1
1
1
1
1
1
1
1
1
1
1
1
1
1
1
1
1
1
1
1
1
1
1
1
1
1
1
1
1
1
1
1
1
1
1
1
1
1
1
1
1
1
1
1
1
1
1
1
1
1
1
1
1
1
1
1
1
1
1
1
1
1
1
1
1
1
1
1
1
1
1
1
1
1
1
1
1
1
1
1
1
1
1
1
1
1
1
1
1
1
1
1
1
1
1
1
1
1
1
1
1
1
1
1
1
1
1
1
1
1
1
1
1
1
1
1
1
1
1
1
1
1
1
1
1
1
1
1
1
1
1
1
1
1
1
1
1
1
1
1
1
1
1
1
1
1
1
1
1
1
1
1
1
1
1
1
1
1
1
1
1
1
1
1
1
1
1
1
1
1
1
1
1
1
1
1
1
1
1
1
1
1
1
1
1
1
1
1
1
1
1
1
1
1
1
1
1
1
1
1
1
1
1
1
1
1
1
1
1
1
1
1
1
1
1
1
1
1
1
1
1
1
1
1
1
1
1
1
1
1
1
1
1
1
1
1
1
1
1
1
1
1
1
1
1
1
1
1
1
1
1
1
1
1
1
1
1
1
1
1
1
1
1
1
1
1
1
1
1
1
1
1
1
1
1
1
1
1
1
1
1
1
1
1
1
1
1
1
1
1
1
1
1
1
1
1
1
1
1
1
1
1
1
1
1
1
1
1
1
1
1
1
1
1
1
1
1
1
1
1
1
1
1
1
1
1
1
1
1
1
1
1
1
1
1
1
1
1
1
1
1
1
1
1
1
1
1
1
1
1
1
1
1
1
1
1
1
1
1
1
1
1
1
1
1
1
1
1
1
1
1
1
1
1
1
1
1
1
1
1
1
1
1
1
1
1
1
1
1
1
1
1
1
1
1
1
1
1
1
1
1
1
1
1
1
1
1
1
1
1
1
1
1
1
1
1
1
1
1
1
1
1
1
1
1
1
1
1
1
1
1
1
1
1
1
1
1
1
1
1
1
1
1
1
1
1
1
1
1
1
1
1
1
1
1
1
1
1
1
1
1
1
1
1
1
1
1
1
1
1
1
1
1
1
1
1
1
1
1
1
1
1
1
1
1
1
1
1
1
1
1
1
1
1
1
1
1
1
1
1
1
1
1
1
1
1
1
1
1
1
1
1
1
1
1
1
1
1
1
1
1
1
1
1
1
1
1
1
1
1
1
1
1
1
1
1
1
1
1
1
1
1
1
1
1
1
1
1
1
1
1
1
1
1
1
1
1
1
1
1
1
1
1
1
1
1
1
1
1
1
1
1
1
1
1
1
1
1
1
1
1
1
1
1
1
1
1
1
1
1
1
1
1
1
1
1
1
1
1
1
1
1
1
1
1
1
1
1
1
1
1
1
1
1
1
1
1
1
1
1
1
1
1
1
1
1
1
1
1
1
1
1
1
1
1
1
1
1
1
1
1
1
1
1
1
1
1
1
1
1
1
1
1
1
1
1
1
1
1
1
1
1
1
1
1
1
1
1
1
1
1
1
1
1
1
1
1
1
1
1
1
1
1
1
1
1
1
1
1
1
1
1
1
1
1
1
1
1
1
1
1
1
1
1
1
1
1
1
1
1
1
1
1
1
1
1
1
1
1
1
1
1
1
1
1
1
1
1
1
1
1
1
1
1
1
1
1
1
1
1
1
1
1
1
1
1
1
1
1
1
1
1
1
1
1
1
1
1
1
1
1
1
1
1
1
1
1
1
1
1
1
1
1
1
1
1
1
1
1
1
1
1
1
1
1
1
1
1
1
1
1
1
1
1
1
1
1
1
1
1
1
1
1
1
1
1
1
1
1
1
1
1
1
1
1
1
1
1
1
1
1
1
1
1
1
1
1
1
1
1
1
1
1
1
1
1
1
1
1
1
1
1
1
1
1
1
1
1
1
1
1
1
1
1
1
1
1
1
1
1
1
1
1
1
1
1
1
1
1
1
1
1
1
1
1
1
1
1
1
1
1
1
1
1
1
1
1
1
1
1
1
1
1
1
1
1
1
1
1
1
1
1
1
1
1
1
1
1
1
1
1
1
1
1
1
1
1
1
1
1
1
1
1
1
1
1
1
1
1
1
1
1
1
1
1
1
1
1
1
1
1
1
1
1
1
1
1
1
1
1
1
1
1
1
1
1
1
1
1
1
1
1
1
1
1
1
1
1
1
1
1
1
1
1
1
1
1
1
1
1
1
1
1
1
1
1
1
1
1
1
1
1
1
1
1
1
1
1
1
1
1
1
1
1
1
1
1
1
1
1
1
1
1
1
1
1
1
1
1
1
1
1
1
1
1
1
1
1
1
1
1
1
1
1
1
1
1
1
1
1
1
1
1
1
1
1
1
1
1
1
1
1
1
1
1
1
1
1
1
1
1
1
1
1
1
1
1
1
1
1
1
1
1
1
1
1
1
1
1
1
1
1
1
1
1
1
1
1
1
1
1
1
1
1
1
1
1
1
1
1
1
1
1
1
1
1
1
1
1
1
1
1
1
1
1
1
1
1
1
1
1
1
1
1
1
1
1
1
1
1
1
1
1
1
1
1
1
1
1
1
1
1
1
1
1
1
1
1
1
1
1
1
1
1
1
1
1
1
1
1
1
1
1
1
1
1
1
1
1
1
1
1
1
1
1
1
1
1
1
1
1
1
1
1
1
1
1
1
1
1
1
1
1
1
1
1
1
1
1
1
1
1
1
1
1
1
1
1
1
1
1
1
1
1
1
1
1
1
1
1
1
1
1
1
1
1
1
1
1
1
1
1
1
1
1
1
1
1
1
1
1
1
1
1
1
1
1
1
1
1
1
1
1
1
1
1
1
1
1
1
1
1
1
1
1
1
1
1
1
1
1
1
1
1
1
1
1
1
1
1
1
1
1
1
1
1
1
1
1
1
1
1
1
1
1
1
1
1
1
1
1
1
1
1
1
1
1
1
1
1
1
1
1
1
1
1
1
1
1
1
1
1
1
1
1
1
1
1
1
1
1
1
1
1
1
1
1
1
1
1
1
1
1
1
1
1
1
1
1
1
1
1
1
1
1
1
1
1
1
1
1
1
1
1
1
1
1
1
1
1
1
1
1
1
1
1
1
1
1
1
1
1
1
1
1
1
1
1
1
1
1
1
1
1
1
1
1
1
1
1
1
1
1
1
1
1
1
1
1
1
1
1
1
1
1
1
1
1
1
1
1
1
1
1
1
1
1
1
1
1
1
1
1
1
1
1
1
1
1
1
1
1
1
1
1
1
1
1
1
1
1
1
1
1
1
1
1
1
1
1
1
1
1
1
1
1
1
1
1
1
1
1
1
1
1
1
1
1
1
1
1
1
1
1
1
1
1
1
1
1
1
1
1
1
1
1
1
1
1
1
1
1
1
1
1
1
1
1
1
1
1
1
1
1
1
1
1
1
1
1
1
1
1
1
1
1
1
1
1
1
1
1
1
1
1
1
1
1
1
1
1
1
1
1
1
1
1
1
1
1
1
1
1
1
1
1
1
1
1
1
1
1
1
1
1
1
1
1
1
1
1
1
1
1
1
1
1
1
1
1
1
1
1
1
1
1
1
1
1
1
1
1
1
1
1
1
1
1
1
1
1
1
1
1
1
1
1
1
1
1
1
1
1
1
1
1
1
1
1
1
1
1
1
1
1
1
1
1
1
1
1
1
1
1
1
1
1
1
1
1
1
1
1
1
1
1
1
1
1
1
1
1
1
1
1
1
1
1
1
1
1
1
1
1
1
1
1
1
1
1
1
1
1
1
1
1
1
1
1
1
1
1
1
1
1
1
1
1
1
1
1
1
1
1
1
1
1
1
1
1
1
1
1
1
1
1
1
1
1
1
1
1
1
1
1
1
1
1
1
1
1
1
1
1
1
1
1
1
1
1
1
1
1
1
1
1
1
1
1
1
1
1
1
1
1
1
1
1
1
1
1
1
1
1
1
1
1
1
1
1
1
1
1
1
1
1
1
1
1
1
1
1
1
1
1
1
1
1
1
1
1
1
1
1
1
1
1
1
1
1
1
1
1
1
1
1
1
1
1
1
1
1
1
1
1
1
1
1
1
1
1
1
1
1
1
1
1
1
1
1
1
1
1
1
1
1
1
1
1
1
1
1
1
1
1
1
1
1
1
1
1
1
1
1
1
1
1
1
1
1
1
1
1
1
1
1
1
1
1
1
1
1
1
1
1
1
1
1
1
1
1
1
1
1
1
1
1
1
1
1
1
1
1
1
1
1
1
1
1
1
1
1
1
1
1
1
1
1
1
1
1
1
1
1
1
1
1
1
1
1
1
1
1
1
1
1
1
1
1
1
1
1
1
1
1
1
1
1
1
1
1
1
1
1
1
1
1
1
1
1
1
1
1
1
1
1
1
1
1
1
1
1
1
1
1
1
1
1
1
1
1
1
1
1
1
1
1
1
1
1
1
1
1
1
1
1
1
1
1
1
1
1
1
1
1
1
1
1
1
1
1
1
1
1
1
1
1
1
1
1
1
1
1
1
1
1
1
1
1
1
1
1
1
1
1
1
1
1
1
1
1
1
1
1
1
1
1
1
1
1
1
1
1
1
1
1
1
1
1
1
1
1
1
1
1
1
1
1
1
1
1
1
1
1
1
1
1
1
1
1
1
1
1
1
1
1
1
1
1
1
1
1
1
1
1
1
1
1
1
1
1
1
1
1
1
1
1
1
1
1
1
1
1
1
1
1
1
1
1
1
1
1
1
1
1
1
1
1
1
1
1
1
1
1
1
1
1
1
1
1
1
1
1
1
1
1
1
1
1
1
1
1
1
1
1
1
1
1
1
1
1
1
1
1
1
1
1
1
1
1
1
1
1
1
1
1
1
1
1
1
1
1
1
1
1
1
1
1
1
1
1
1
1
1
1
1
1
1
1
1
1
1
1
1
1
1
1
1
1
1
1
1
1
1
1
1
1
1
1
1
1
1
1
1
1
1
1
1
1
1
1
1
1
1
1
1
1
1
1
1
1
1
1
1
1
1
1
1
1
1
1
1
1
1
1
1
1
1
1
1
1
1
1
1
1
1
1
1
1
1
1
1
1
1
1
1
1
1
1
1
1
1
1
1
1
1
1
1
1
1
1
1
1
1
1
1
1
1
1
1
1
1
1
1
1
1
1
1
1
1
1
1
1
1
1
1
1
1
1
1
1
1
1
1
1
1
1
1
1
1
1
1
1
1
1
1
1
1
1
1
1
1
1
1
1
1
1
1
1
1
1
1
1
1
1
1
1
1
1
1
1
1
1
1
1
1
1
1
1
1
1
1
1
1
1
1
1
1
1
1
1
1
1
1
1
1
1
1
1
1
1
1
1
1
1
1
1
1
1
1
1
1
1
1
1
1
1
1
1
1
1
1
1
1
1
1
1
1
1
1
1
1
1
1
1
1
1
1
1
1
1
1
1
1
1
1
1
1
1
1
1
1
1
1
1
1
1
1
1
1
1
1
1
1
1
1
1
1
1
1
1
1
1
1
1
1
1
1
1
1
1
1
1
1
1
1
1
1
1
1
1
1
1
1
1
1
1
1
1
1
1
1
1
1
1
1
1
1
1
1
1
1
1
1
1
1
1
1
1
1
1
1
1
1
1
1
1
1
1
1
1
1
1
1
1
1
1
1
1
1
1
1
1
1
1
1
1
1
1
1
1
1
1
1
1
1
1
1
1
1
1
1
1
1
1
1
1
1
1
1
1
1
1
1
1
1
1
1
1
1
1
1
1
1
1
1
1
1
1
1
1
1
1
1
1
1
1
1
1
1
1
1
1
1
1
1
1
1
1
1
1
1
1
1
1
1
1
1
1
1
1
1
1
1
1
1
1
1
1
1
1
1
1
1
1
1
1
1
1
1
1
1
1
1
1
1
1
1
1
1
1
1
1
1
1
1
1
1
1
1
1
1
1
1
1
1
1
1
1
1
1
1
1
1
1
1
1
1
1
1
1
1
1
1
1
1
1
1
1
1
1
1
1
1
1
1
1
1
1
1
1
1
1
1
1
1
1
1
1
1
1
1
1
1
1
1
1
1
1
1
1
1
1
1
1
1
1
1
1
1
1
1
1
1
1
1
1
1
1
1
1
1
1
1
1
1
1
1
1
1
1
1
1
1
1
1
1
1
1
1
1
1
1
1
1
1
1
1
1
1
1
1
1
1
1
1
1
1
1
1
1
1
1
1
1
1
1
1
1
1
1
1
1
1
1
1
1
1
1
1
1
1
1
1
1
1
1
1
1
1
1
1
1
1
1
1
1
1
1
1
1
1
1
1
1
1
1
1
1
1
1
1
1
1
1
1
1
1
1
1
1
1
1
1
1
1
1
1
1
1
1
1
1
1
1
1
1
1
1
1
1
1
1
1
1
1
1
1
1
1
1
1
1
1
1
1
1
1
1
1
1
1
1
1
1
1
1
1
1
1
1
1
1
1
1
1
1
1
1
1
1
1
1
1
1
1
1
1
1
1
1
1
1
1
1
1
1
1
1
1
1
1
1
1
1
1
1
1
1
1
1
1
1
1
1
1
1
1
1
1
1
1
1
1
1
1
1
1
1
1
1
1
1
1
1
1
1
1
1
1
1
1
1
1
1
1
1
1
1
1
1
1
1
1
1
1
1
1
1
1
1
1
1
1
1
1
1
1
1
1
1
1
1
1
1
1
1
1
1
1
1
1
1
1
1
1
1
1
1
1
1
1
1
1
1
1
1
1
1
1
1
1
1
1
1
1
1
1
1
1
1
1
1
1
1
1
1
1
1
1
1
1
1
1
1
1
1
1
1
1
1
1
1
1
1
1
1
1
1
1
1
1
1
1
1
1
1
1
1
1
1
1
1
1
1
1
1
1
1
1
1
1
1
1
1
1
1
1
1
1
1
1
1
1
1
1
1
1
1
1
1
1
1
1
1
1
1
1
1
1
1
1
1
1
1
1
1
1
1
1
1
1
1
1
1
1
1
1
1
1
1
1
1
1
1
1
1
1
1
1
1
1
1
1
1
1
1
1
1
1
1
1
1
1
1
1
1
1
1
1
1
1
1
1
1
1
1
1
1
1
1
1
1
1
1
1
1
1
1
1
1
1
1
1
1
1
1
1
1
1
1
1
1
1
1
1
1
1
1
1
1
1
1
1
1
1
1
1
1
1
1
1
1
1
1
1
1
1
1
1
1
1
1
1
1
1
1
1
1
1
1
1
1
1
1
1
1
1
1
1
1
1
1
1
1
1
1
1
1
1
1
1
1
1
1
1
1
1
1
1
1
1
1
1
1
1
1
1
1
1
1
1
1
1
1
1
1
1
1
1
1
1
1
1
1
1
1
1
1
1
1
1
1
1
1
1
1
1
1
1
1
1
1
1
1
1
1
1
1
1
1
1
1
1
1
1
1
1
1
1
1
1
1
1
1
1
1
1
1
1
1
1
1
1
1
1
1
1
1
1
1
1
1
1
1
1
1
1
1
1
1
1
1
1
1
1
1
1
1
1
1
1
1
1
1
1
1
1
1
1
1
1
1
1
1
1
1
1
1
1
1
1
1
1
1
1
1
1
1
1
1
1
1
1
1
1
1
1
1
1
1
1
1
1
1
1
1
1
1
1
1
1
1
1
1
1
1
1
1
1
1
1
1
1
1
1
1
1
1
1
1
1
1
1
1
1
1
1
1
1
1
1
1
1
1
1
1
1
1
1
1
1
1
1
1
1
1
1
1
1
1
1
1
1
1
1
1
1
1
1
1
1
1
1
1
1
1
1
1
1
1
1
1
1
1
1
1
1
1
1
1
1
1
1
1
1
1
1
1
1
1
1
1
1
1
1
1
1
1
1
1
1
1
1
1
1
1
1
1
1
1
1
1
1
1
1
1
1
1
1
1
1
1
1
1
1
1
1
1
1
1
1
1
1
1
1
1
1
1
1
1
1
1
1
1
1
1
1
1
1
1
1
1
1
1
1
1
1
1
1
1
1
1
1
1
1
1
1
1
1
1
1
1
1
1
1
1
1
1
1
1
1
1
1
1
1
1
1
1
1
1
1
1
1
1
1
1
1
1
1
1
1
1
1
1
1
1
1
1
1
1
1
1
1
1
1
1
1
1
1
1
1
1
1
1
1
1
1
1
1
1
1
1
1
1
1
1
1
1
1
1
1
0.467891
0.61443
0.535886
0.442917
0.437235
0.450078
0.431384
0.441386
0.476301
0.449864
0.430356
0.475812
0.43089
0.446653
0.635097
0.798134
0.814836
0.579374
0.520486
0.840967
0.717188
0.714795
0.887762
0.917732
0.545896
0.485457
0.783365
0.813627
0.542327
0.893167
0.705841
0.460942
0.43754
0.751055
0.484203
0.446788
0.506424
0.458011
0.419785
0.508669
0.427071
0.421588
0.826376
0.627911
0.691637
0.878892
0.80997
0.843645
0.735496
0.961387
0.851679
0.884144
0.744258
0.779326
0.702521
0.728086
0.713119
0.867738
0.813218
0.708641
0.485345
0.669155
0.583358
0.481634
0.744563
0.524184
0.436421
0.421694
0.665088
0.543664
0.719265
0.548073
0.574151
0.7409
0.609744
0.816147
0.793073
0.817683
0.652147
0.704172
0.689135
0.76464
0.883246
0.860606
0.450871
0.445022
0.443803
0.82338
0.891337
0.912723
0.733041
0.767626
0.443992
0.502936
0.9521
0.951953
0.582429
0.774529
0.464081
0.551829
0.592529
0.482699
0.662708
0.446652
0.507981
0.636973
0.691934
0.673895
0.450433
0.460547
0.466301
0.455745
0.990069
0.999075
0.966431
0.996324
0.997429
1
0.998122
0.980503
0.874575
0.955193
0.990973
0.987491
0.971066
0.982724
0.935009
0.638126
0.696644
0.928209
0.877994
0.98664
0.921427
0.487663
0.425749
0.435534
0.992274
0.893467
0.919649
0.809954
0.998052
0.957684
0.984778
0.751859
0.993665
0.62267
0.769347
0.989144
0.980243
0.991979
0.993489
0.982653
0.958801
0.950427
0.905058
0.997077
0.922355
0.995751
0.91472
0.996563
0.967189
0.983895
0.998988
0.999244
0.999055
0.995306
0.998614
0.992903
0.859547
0.722943
0.778811
0.998718
0.966962
0.993708
0.997039
0.961856
0.929217
0.925132
0.970223
0.939636
0.990562
0.991647
0.9947
0.999224
0.998818
0.999223
1
0.999021
0.999046
0.998159
0.996684
0.995538
0.999966
1
0.994278
0.997021
1
1
1
0.99838
1
1
1
0.98981
1
0.999667
1
0.99966
1
1
0.9981
1
1
0.99902
1
1
1
1
0.999661
0.997451
1
1
0.99641
0.996191
1
1
1
0.999224
1
1
1
1
1
1
1
1
1
1
0.999049
0.99902
1
0.99804
1
1
1
1
0.995461
0.999172
1
1
0.998679
1
1
1
1
1
1
1
1
1
1
1
1
1
1
1
1
1
1
0.99902
1
0.997061
1
1
1
1
1
1
1
0.99904
1
1
1
1
1
1
1
1
1
1
1
1
1
1
0.999803
1
1
0.997195
0.999246
1
1
1
1
1
1
1
1
0.999669
1
1
1
0.999022
1
1
1
1
1
1
1
1
1
1
1
1
1
0.997061
1
0.999021
1
1
1
1
1
1
1
1
1
1
1
1
1
1
1
1
1
1
1
1
1
1
1
1
1
0.998041
1
1
1
1
1
1
0.99902
1
1
1
1
1
1
1
1
1
1
1
1
1
1
1
1
1
1
0.999359
1
0.999021
1
1
1
1
1
1
1
1
1
1
1
1
1
1
1
1
1
1
1
1
1
1
1
1
1
0.999021
1
1
1
1
1
1
1
1
1
1
1
1
1
1
1
1
1
1
1
1
1
1
1
1
1
1
1
1
1
1
1
0.999021
1
1
1
1
1
1
1
1
1
1
1
1
1
1
1
1
1
1
1
1
1
1
1
1
1
0.999021
1
1
1
1
1
1
1
1
1
1
1
1
1
1
1
1
1
1
1
1
1
1
1
1
1
1
1
1
1
1
1
1
1
1
1
1
1
1
1
1
1
1
1
1
1
1
1
1
1
1
1
1
1
1
1
1
1
1
1
1
1
1
1
1
1
1
1
1
1
1
1
1
1
1
1
1
1
1
1
1
1
1
1
1
1
1
1
1
1
1
1
1
1
1
1
1
1
1
1
1
1
1
1
1
1
1
1
1
1
1
1
1
1
1
1
1
1
1
1
1
1
1
1
1
1
1
1
1
1
1
1
1
1
1
1
1
1
1
1
1
1
1
1
1
1
1
1
1
1
1
1
1
1
1
1
1
1
1
1
1
1
1
1
1
1
1
1
1
1
1
1
1
1
1
1
1
1
1
1
1
1
1
1
1
1
1
1
1
1
1
1
1
1
1
1
1
1
1
1
1
1
1
1
1
1
1
1
1
1
1
1
1
1
1
1
1
1
1
1
1
1
1
1
1
1
1
1
1
1
1
1
1
1
1
1
1
1
1
1
1
1
1
1
1
1
1
1
1
1
1
1
1
1
1
1
1
1
1
1
1
1
1
1
1
1
1
1
1
1
1
1
1
1
1
1
1
1
1
1
1
1
1
1
1
1
1
1
1
1
1
1
1
1
1
1
1
1
1
1
1
1
1
1
1
1
1
1
1
1
1
1
1
1
1
1
1
1
1
1
1
1
1
1
1
1
1
1
1
1
1
1
1
1
1
1
1
1
1
1
1
1
1
1
1
1
1
1
1
1
1
1
1
1
1
1
1
1
1
1
1
1
1
1
1
1
1
1
1
1
1
1
1
1
1
1
1
1
1
1
1
1
1
1
1
1
1
1
1
1
1
1
1
1
1
1
1
1
1
1
1
1
1
1
1
1
1
1
1
1
1
1
1
1
1
1
1
1
1
1
1
1
1
1
1
1
1
1
1
1
1
1
1
1
1
1
1
1
1
1
1
1
1
1
1
1
1
1
1
1
1
1
1
1
1
1
1
1
1
1
1
1
1
1
1
1
1
1
1
1
1
1
1
1
1
1
1
1
1
1
1
1
1
1
1
1
1
1
1
1
1
1
1
1
1
1
1
1
1
1
1
1
1
1
1
1
1
1
1
1
1
1
1
1
1
1
1
1
1
1
1
1
1
1
1
1
1
1
1
1
1
1
1
1
1
1
1
1
1
1
1
1
1
1
1
1
1
1
1
1
1
1
1
1
1
1
1
1
1
1
1
1
1
1
1
1
1
1
1
1
1
1
1
1
1
1
1
1
1
1
1
1
1
1
1
1
1
1
1
1
1
1
1
1
1
1
1
1
1
1
1
1
1
1
1
1
1
1
1
1
1
1
1
1
1
1
1
1
1
1
1
1
1
1
1
1
1
1
1
1
1
1
1
1
1
1
1
1
1
1
1
1
1
1
1
1
1
1
1
1
1
1
1
1
1
1
1
1
1
1
1
1
1
1
1
1
1
1
1
1
1
1
1
1
1
1
1
1
1
1
1
1
1
1
1
1
1
1
1
1
1
1
1
1
1
1
1
1
1
1
1
1
1
1
1
1
1
1
1
1
1
1
1
1
1
1
1
1
1
1
1
1
1
1
1
1
1
1
1
1
1
1
1
1
1
1
1
1
1
1
1
1
1
1
1
1
1
1
1
1
1
1
1
1
1
1
1
1
1
1
1
1
1
1
1
1
1
1
1
1
1
1
1
1
1
1
1
1
1
1
1
1
1
1
1
1
1
1
1
1
1
1
1
1
1
1
1
1
1
1
1
1
1
1
1
1
1
1
1
1
1
1
1
1
1
1
1
1
1
1
1
1
1
1
1
1
1
1
1
1
1
1
1
1
1
1
1
1
1
1
1
1
1
1
1
1
1
1
1
1
1
1
1
1
1
1
1
1
1
1
1
1
1
1
1
1
1
1
1
1
1
1
1
1
1
1
1
1
1
1
1
1
1
1
1
1
1
1
1
1
1
1
1
1
1
1
1
1
1
1
1
1
1
1
1
1
1
1
1
1
1
1
1
1
1
1
1
1
1
1
1
1
1
1
1
1
1
1
1
1
1
1
1
1
1
1
1
1
1
1
1
1
1
1
1
1
1
1
1
1
1
1
1
1
1
1
1
1
1
1
1
1
1
1
1
1
1
1
1
1
1
1
1
1
1
1
1
1
1
1
1
1
1
1
1
1
1
1
1
1
1
1
1
1
1
1
1
1
1
1
1
1
1
1
1
1
1
1
1
1
1
1
1
1
1
1
1
1
1
1
1
1
1
1
1
1
1
1
1
1
1
1
1
1
1
1
1
1
1
1
1
1
1
1
1
1
1
1
1
1
1
1
1
1
1
1
1
1
1
1
1
1
1
1
1
1
1
1
1
1
1
1
1
1
1
1
1
1
1
1
1
1
1
1
1
1
1
1
1
1
1
1
1
1
1
1
1
1
1
1
1
1
1
1
1
1
1
1
1
1
1
1
1
1
1
1
1
1
1
1
1
1
1
1
1
1
1
1
1
1
1
1
1
1
1
1
1
1
1
1
1
1
1
1
1
1
1
1
1
1
1
1
1
1
1
1
1
1
1
1
1
1
1
1
1
1
1
1
1
1
1
1
1
1
1
1
1
1
1
1
1
1
1
1
1
1
1
1
1
1
1
1
1
1
1
1
1
1
1
1
1
1
1
1
1
1
1
1
1
1
1
1
1
1
1
1
1
1
1
1
1
1
1
1
1
1
1
1
1
1
1
1
1
1
1
1
1
1
1
1
1
1
1
1
1
1
1
1
1
1
1
1
1
1
1
1
1
1
1
1
1
1
1
1
1
1
1
1
1
1
1
1
1
1
1
1
1
1
1
1
1
1
1
1
1
1
1
1
1
1
1
1
1
1
1
1
1
1
1
1
1
1
1
1
1
1
1
1
1
1
1
1
1
1
1
1
1
1
1
1
1
1
1
1
1
1
1
1
1
1
1
1
1
1
1
1
1
1
1
1
1
1
1
1
1
1
1
1
1
1
1
1
1
1
1
1
1
1
1
1
1
1
1
1
1
1
1
1
1
1
1
1
1
1
1
1
1
1
1
1
1
1
1
1
1
1
1
1
1
1
1
1
1
1
1
1
1
1
1
1
1
1
1
1
1
1
1
1
1
1
1
1
1
1
1
1
1
1
1
1
1
1
1
1
1
1
1
1
1
1
1
1
1
1
1
1
1
1
1
1
1
1
1
1
1
1
1
1
1
1
1
1
1
1
1
1
1
1
1
1
1
1
1
1
1
1
1
1
1
1
1
1
1
1
1
1
1
1
1
1
1
1
1
1
1
1
1
1
1
1
1
1
1
1
1
1
1
1
1
1
1
1
1
1
1
1
1
1
1
1
1
1
1
1
1
1
1
1
1
1
1
1
1
1
1
1
1
1
1
1
1
1
1
1
1
1
1
1
1
1
1
1
1
1
1
1
1
1
1
1
1
1
1
1
1
1
1
1
1
1
1
1
1
1
1
1
1
1
1
1
1
1
1
1
1
1
1
1
1
1
1
1
1
1
1
1
1
1
1
1
1
1
1
1
1
1
1
1
1
1
1
1
1
1
1
1
1
1
1
1
1
1
1
1
1
1
1
1
1
1
1
1
1
1
1
1
1
1
1
1
1
1
1
1
1
1
1
1
1
1
1
1
1
1
1
1
1
1
1
1
1
1
1
1
1
1
1
1
1
1
1
1
1
1
1
1
1
1
1
1
1
1
1
1
1
1
1
1
1
1
1
1
1
1
1
1
1
1
1
1
1
1
1
1
1
1
1
1
1
1
1
1
1
1
1
1
1
1
1
1
1
1
1
1
1
1
1
1
1
)
;

boundaryField
{
    fbOut
    {
        type            fixedValue;
        value           uniform 1;
    }
    CAD_patch1
    {
        type            zeroGradient;
    }
    fbGasin
    {
        type            fixedValue;
        value           uniform 1;
    }
    CAD_patch3
    {
        type            zeroGradient;
    }
    fbBioin
    {
        type            zeroGradient;
    }
}


// ************************************************************************* //
