/*--------------------------------*- C++ -*----------------------------------*\
| =========                 |                                                 |
| \\      /  F ield         | OpenFOAM: The Open Source CFD Toolbox           |
|  \\    /   O peration     | Version:  5.x                                   |
|   \\  /    A nd           | Web:      www.OpenFOAM.org                      |
|    \\/     M anipulation  |                                                 |
\*---------------------------------------------------------------------------*/
FoamFile
{
    version     2.0;
    format      ascii;
    class       volScalarField;
    location    "2.45";
    object      p;
}
// * * * * * * * * * * * * * * * * * * * * * * * * * * * * * * * * * * * * * //

dimensions      [0 2 -2 0 0 0 0];

internalField   nonuniform List<scalar> 
10571
(
47.8109
106.318
146.505
52.5422
45.0654
67.5278
85.8861
52.0698
47.1346
47.1509
56.6183
67.0663
80.0898
63.7561
56.156
49.0294
134.224
181.658
128.405
92.3463
61.1995
207.974
204.954
159.355
46.0549
61.3714
57.4148
45.8607
45.8806
60.7563
57.3244
50.2881
45.8747
47.655
59.9344
61.0281
62.339
68.0897
50.4294
47.3541
61.2181
66.1984
83.3951
74.5306
51.2207
117.082
126.519
96.4627
42.0194
9.29805
16.1419
40.4977
42.4775
21.5937
28.2756
36.8912
40.1966
42.8751
44.8651
26.567
12.0144
29.4333
38.3258
40.7848
8.00117
7.71578
18.8629
41.2039
40.5417
12.6093
42.0083
44.3584
24.3274
8.34637
7.33403
34.3885
39.3664
7.95435
7.27129
21.1032
34.9969
40.1327
7.77694
7.74559
6.57133
7.51255
26.0577
36.1783
7.7212
7.08479
7.28198
16.2544
29.2554
7.67864
7.30492
7.94684
8.57596
7.87577
7.04836
10.5711
36.7569
7.776
7.17476
7.27754
19.5572
37.8279
7.75937
7.67443
7.75637
7.09397
7.94495
30.2508
7.39352
7.36461
7.26391
7.24619
7.9756
7.40955
7.35712
7.3369
6.45441
7.76131
7.03082
6.86058
20.1715
7.61127
7.29804
7.03214
6.7864
8.03675
7.25528
7.62068
7.57802
7.41504
7.33788
7.15188
5.12968
6.99012
7.38157
7.29658
7.26129
7.23378
7.13128
7.33532
7.30537
7.31742
7.10105
7.55191
7.15881
7.21929
7.07426
7.53638
7.25069
7.2707
7.10921
7.10085
7.14586
7.53903
7.53393
7.37242
7.23293
7.53102
7.11984
7.07311
7.37299
7.24324
7.21441
7.25954
7.18422
7.10764
7.32351
7.2768
7.29453
7.0834
7.28286
7.25087
7.1236
7.22028
7.35608
7.15554
7.08039
7.29722
6.9685
7.06364
7.3975
7.41981
7.30611
7.09361
7.31301
6.94952
7.08299
7.28145
7.14716
7.13117
7.23229
7.30297
7.13254
7.29093
7.21435
7.253
7.00524
7.11376
7.11444
7.01266
7.13541
7.16338
7.00502
6.90091
7.14432
7.10747
7.0851
7.22436
7.21589
7.18724
6.97039
7.15114
7.05163
7.10961
7.11454
7.06788
7.01616
7.15253
7.13791
7.22091
7.12564
7.17132
6.93731
7.05696
7.02717
6.939
7.07894
7.0672
6.89102
6.81329
7.05733
7.11591
7.11415
7.07757
7.08347
6.94447
7.13948
7.06433
6.99147
6.9778
6.9516
7.05869
6.97132
7.11126
7.06547
7.10169
6.94317
7.03956
6.96725
6.90312
7.06842
7.04967
6.86071
6.85674
7.07288
7.18647
7.09516
7.03386
7.04387
7.0306
7.14185
7.16307
6.98527
6.9696
7.01284
7.05587
7.162
7.03637
7.07386
7.10305
6.88837
7.02719
6.92789
6.89517
7.08966
7.07151
6.88743
6.98073
7.0412
7.16071
7.12887
7.06153
7.05629
7.12417
7.13765
7.24919
7.03729
7.06518
7.10616
7.16106
7.31182
7.08001
7.12148
7.15835
6.96435
7.07478
6.96829
6.98187
7.14664
7.1368
6.95004
7.08487
7.03492
6.97756
7.18267
7.12323
7.08821
7.18185
7.12893
7.16894
7.104
7.14908
7.16626
7.18946
7.27628
7.15988
7.17043
7.19295
7.09623
7.18552
7.08456
7.10296
7.17858
7.22997
7.05381
7.16127
7.13284
6.98876
7.23099
7.18297
7.12537
7.18497
7.12594
7.12134
7.15724
7.18387
7.18753
7.15887
7.15396
7.22054
7.19722
7.20728
7.21676
7.2837
7.20512
7.20881
7.20984
7.30339
7.17393
7.23951
7.23778
7.11882
7.26334
7.22031
7.16058
7.17691
7.14246
7.14603
7.19314
7.1933
7.20818
7.16676
7.16006
7.25099
7.21703
7.21368
7.31756
7.32953
7.2985
7.28204
7.30788
7.3321
7.26976
7.29044
7.27917
7.18603
7.28475
7.24473
7.1855
7.19098
7.17258
7.18444
7.22679
7.19431
7.2193
7.19396
7.18663
7.27102
7.23238
7.22369
7.3088
7.34937
7.33491
7.32619
7.33141
7.34142
7.30909
7.30369
7.2517
7.22506
7.30207
7.26356
7.20405
7.22842
7.19822
7.21291
7.26006
7.19928
7.23354
7.19666
7.20623
7.28911
7.25523
7.23405
7.44994
7.36037
7.35383
7.3515
7.31838
7.34749
7.31841
7.30756
7.22973
7.22839
7.32037
7.28193
7.2271
7.27726
7.24366
7.23593
7.29562
7.2305
7.26674
7.2
7.23346
7.314
7.28647
7.25476
7.46096
7.36493
7.34638
7.35406
7.29761
7.35364
7.32002
7.32815
7.25896
7.22381
7.33898
7.303
7.25128
7.29977
7.30518
7.27654
7.3217
7.28097
7.2974
7.2547
7.28887
7.34072
7.31676
7.29501
7.37445
7.37423
7.33922
7.34621
7.30116
7.36091
7.31933
7.33372
7.31524
7.29721
7.35872
7.32421
7.27356
7.31549
7.34267
7.3392
7.34416
7.32524
7.32217
7.31276
7.34044
7.3674
7.344
7.33935
7.35863
7.3823
7.35149
7.34469
7.34047
7.36896
7.33399
7.35619
7.38566
7.3699
7.37914
7.34483
7.30577
7.33772
7.38927
7.37904
7.36691
7.36205
7.34819
7.35951
7.3738
7.39304
7.37106
7.37414
7.3619
7.38693
7.36611
7.35112
7.37803
7.37695
7.358
7.38161
7.44902
7.40572
7.39809
7.36511
7.34308
7.35814
7.42832
7.3912
7.39032
7.39258
7.3694
7.39904
7.38321
7.41317
7.40012
7.41781
7.36937
7.39195
7.3774
7.36394
7.39495
7.38333
7.38051
7.3861
7.45542
7.41784
7.41267
7.38363
7.37555
7.37093
7.42096
7.39704
7.41175
7.40366
7.38368
7.39994
7.39119
7.41876
7.42676
7.43096
7.37985
7.39576
7.38384
7.37634
7.39915
7.38837
7.38641
7.38404
7.43731
7.41397
7.42321
7.3961
7.37775
7.38621
7.39882
7.39438
7.42396
7.40315
7.39123
7.39348
7.39013
7.41999
7.42433
7.40622
7.38916
7.3978
7.38475
7.38489
7.39853
7.38983
7.38284
7.38768
7.41542
7.40658
7.42616
7.40066
7.37763
7.38506
7.38489
7.3928
7.42225
7.39959
7.39165
7.38311
7.38677
7.41345
7.41293
7.39478
7.39207
7.39702
7.38498
7.39094
7.39579
7.38868
7.38436
7.39025
7.40482
7.40166
7.42027
7.39987
7.37783
7.38454
7.38384
7.39631
7.41285
7.39449
7.39534
7.38742
7.39167
7.40265
7.39946
7.39435
7.39169
7.39469
7.38669
7.39199
7.39109
7.38735
7.38319
7.38923
7.39923
7.4001
7.41106
7.39645
7.37511
7.38727
7.38773
7.40212
7.40283
7.39361
7.39272
7.39063
7.39496
7.39671
7.40589
7.39934
7.39103
7.39427
7.38904
7.39004
7.38444
7.38577
7.38255
7.38452
7.39379
7.39872
7.40286
7.39228
7.37657
7.38585
7.38778
7.40471
7.39446
7.39262
7.3876
7.38213
7.39239
7.39345
7.40648
7.39235
7.38973
7.39401
7.38955
7.38696
7.37935
7.38489
7.38423
7.37942
7.3854
7.3923
7.39498
7.38721
7.37703
7.37888
7.38118
7.39775
7.38771
7.38772
7.37837
7.37455
7.38697
7.38837
7.39489
7.37692
7.38798
7.39428
7.38811
7.38401
7.37729
7.38882
7.38349
7.37707
7.37669
7.38362
7.3869
7.38208
7.36987
7.37151
7.3763
7.39008
7.38333
7.38195
7.37196
7.37368
7.38268
7.38398
7.38659
7.37207
7.38603
7.39403
7.38731
7.38225
7.37681
7.39344
7.38455
7.37643
7.37007
7.37624
7.3809
7.37778
7.3656
7.36604
7.37247
7.38337
7.38168
7.38015
7.36838
7.37159
7.37996
7.38155
7.38148
7.37271
7.38442
7.39193
7.38483
7.38104
7.37684
7.39131
7.38301
7.37635
7.36658
7.37069
7.37901
7.37532
7.38001
7.36646
7.36765
7.37515
7.38068
7.37793
7.36485
7.36928
7.37643
7.37933
7.37399
7.37105
7.38326
7.38635
7.38297
7.38019
7.3768
7.38494
7.37767
7.37489
7.36443
7.36877
7.38331
7.37721
7.38739
7.37092
7.36415
7.36977
7.37898
7.36998
7.36019
7.36893
7.3726
7.37561
7.36347
7.36465
7.38216
7.38466
7.3829
7.37934
7.37624
7.38395
7.37536
7.37295
7.36196
7.36737
7.38735
7.38485
7.37366
7.37089
7.36165
7.36615
7.38073
7.35701
7.3505
7.36636
7.3685
7.36788
7.35006
7.3486
7.38029
7.38476
7.38413
7.37756
7.37482
7.38585
7.37139
7.37093
7.36028
7.36577
7.39813
7.39496
7.36871
7.37064
7.35884
7.36405
7.3849
7.34853
7.33739
7.36354
7.36675
7.35832
7.33993
7.34174
7.37794
7.38356
7.38015
7.37571
7.37295
7.38455
7.3671
7.36747
7.3604
7.3647
7.39206
7.39318
7.36236
7.36846
7.35618
7.36351
7.38558
7.33803
7.32878
7.36316
7.36924
7.3507
7.33373
7.34352
7.37485
7.38062
7.37392
7.37168
7.36996
7.38532
7.36237
7.36331
7.3602
7.36435
7.37806
7.37734
7.35042
7.36709
7.3594
7.36449
7.37122
7.32554
7.33015
7.36885
7.37475
7.34512
7.33603
7.35322
7.37086
7.3773
7.36942
7.3672
7.36668
7.37436
7.3563
7.36068
7.36091
7.36414
7.36608
7.36069
7.33574
7.36718
7.36368
7.36526
7.34842
7.32242
7.33405
7.37578
7.37988
7.34165
7.35192
7.37696
7.36752
7.3767
7.36904
7.36343
7.36395
7.36652
7.35314
7.36169
7.35971
7.36234
7.35861
7.34722
7.33421
7.36615
7.36389
7.36317
7.33044
7.33521
7.3609
7.37975
7.38058
7.34589
7.39141
7.42736
7.36592
7.37861
7.37051
7.36144
7.36181
7.3667
7.35584
7.35861
7.35404
7.35752
7.35631
7.34333
7.34603
7.36571
7.36158
7.35894
7.33121
7.35301
7.3821
7.37446
7.37498
7.36573
7.41989
7.40789
7.36065
7.37703
7.37171
7.35747
7.35675
7.37166
7.35867
7.3512
7.35104
7.35104
7.36437
7.35264
7.35693
7.36047
7.35719
7.35665
7.34182
7.37841
7.37737
7.36952
7.36541
7.37783
7.41255
7.38863
7.34245
7.36934
7.36313
7.33907
7.34995
7.36879
7.35736
7.34476
7.3489
7.3455
7.37462
7.36464
7.35946
7.35296
7.35531
7.35471
7.34927
7.39121
7.36754
7.36295
7.36055
7.37496
7.38262
7.37025
7.31168
7.34652
7.33316
7.29818
7.3334
7.35675
7.33987
7.32945
7.33708
7.34263
7.36412
7.35875
7.34658
7.33579
7.3485
7.3492
7.3408
7.3775
7.35165
7.35107
7.35125
7.36142
7.35892
7.35018
7.28842
7.31816
7.28672
7.25675
7.31634
7.33394
7.30861
7.31246
7.32551
7.33494
7.34552
7.33943
7.31065
7.30847
7.32771
7.33655
7.32101
7.34035
7.31557
7.33135
7.33533
7.35041
7.33112
7.31786
7.31492
7.28861
7.24638
7.28099
7.31572
7.30421
7.2832
7.30102
7.31887
7.32905
7.31631
7.30665
7.26101
7.27907
7.3105
7.32354
7.29312
7.2881
7.26801
7.30019
7.31726
7.31658
7.29199
7.28144
7.32425
7.26827
7.25084
7.30424
7.31884
7.27867
7.27001
7.2926
7.31561
7.32719
7.28383
7.26138
7.2182
7.25936
7.3003
7.31603
7.26196
7.22975
7.21763
7.26462
7.29897
7.27473
7.25249
7.25159
7.32133
7.26616
7.26679
7.30211
7.31792
7.26661
7.26549
7.29044
7.31876
7.33063
7.26576
7.242
7.20455
7.2601
7.30127
7.31892
7.24606
7.19115
7.18443
7.24304
7.29373
7.24631
7.2306
7.2411
7.34159
7.26921
7.34365
7.3286
7.31611
7.26092
7.27356
7.30035
7.32501
7.33772
7.26606
7.25691
7.21158
7.27553
7.31044
7.3289
7.25589
7.18736
7.19686
7.25166
7.30868
7.25093
7.23827
7.25143
7.34881
7.28183
7.36775
7.33359
7.31284
7.27182
7.27269
7.31368
7.33264
7.34669
7.27784
7.26664
7.22909
7.29367
7.32535
7.34074
7.27806
7.27401
7.23851
7.28564
7.33712
7.28555
7.25521
7.2792
7.35404
7.29227
7.3256
7.33011
7.3076
7.29225
7.26767
7.32381
7.34019
7.35425
7.29864
7.27394
7.27658
7.31623
7.33893
7.3498
7.32277
7.36796
7.28409
7.32105
7.36261
7.33355
7.28731
7.32847
7.3641
7.28852
7.27846
7.32825
7.30184
7.30998
7.29323
7.32611
7.34298
7.35839
7.32542
7.30735
7.31863
7.33092
7.34587
7.35102
7.38758
7.42206
7.31895
7.34564
7.36314
7.42629
7.33423
7.36675
7.3742
7.30205
7.29241
7.32411
7.2946
7.32585
7.31964
7.31966
7.34013
7.35824
7.34651
7.32813
7.33115
7.33029
7.34097
7.3464
7.38833
7.39916
7.32975
7.3436
7.3497
7.42701
7.34468
7.35225
7.37743
7.3514
7.32848
7.31385
7.2852
7.35802
7.32633
7.30808
7.33345
7.35464
7.34658
7.3295
7.32965
7.3242
7.33202
7.34021
7.28913
7.36139
7.32406
7.33471
7.33952
7.38179
7.31922
7.33038
7.3702
7.38356
7.33629
7.29475
7.27513
7.35469
7.32691
7.2979
7.32621
7.34935
7.35229
7.33357
7.33944
7.31912
7.32589
7.33444
7.27548
7.34904
7.31992
7.33051
7.33332
7.35893
7.3236
7.32974
7.35587
7.37531
7.33199
7.27042
7.2707
7.32846
7.32472
7.29172
7.32029
7.34214
7.38141
7.3721
7.34939
7.31783
7.32177
7.32835
7.33712
7.3544
7.32406
7.32932
7.32959
7.35883
7.33723
7.33399
7.34096
7.36276
7.32319
7.24974
7.27197
7.32972
7.32359
7.28981
7.31246
7.33151
7.45095
7.40243
7.35051
7.31802
7.31541
7.32069
7.40946
7.36301
7.33162
7.32756
7.32625
7.36787
7.34824
7.33854
7.32492
7.37316
7.31
7.24142
7.27171
7.37392
7.32022
7.29015
7.30033
7.31565
7.41112
7.39887
7.34871
7.32147
7.30647
7.30963
7.41884
7.36957
7.34232
7.3266
7.32191
7.37936
7.36057
7.34514
7.31055
7.36575
7.29371
7.23614
7.2618
7.38101
7.31524
7.29273
7.27671
7.28747
7.39634
7.38584
7.34937
7.32515
7.29395
7.28964
7.40893
7.37806
7.35534
7.32645
7.31454
7.3921
7.38491
7.35363
7.29055
7.34806
7.28097
7.2366
7.25032
7.36487
7.31113
7.2919
7.23276
7.23611
7.37459
7.36944
7.35178
7.32595
7.27326
7.24892
7.40566
7.39188
7.36605
7.32656
7.29531
7.40899
7.40789
7.36841
7.27862
7.32966
7.27582
7.25674
7.24067
7.34362
7.30772
7.26893
7.16414
7.14436
7.35606
7.34694
7.34836
7.31137
7.24619
7.15292
7.40135
7.41136
7.37278
7.32882
7.25444
7.43004
7.42196
7.38699
7.28013
7.32298
7.28929
7.2739
7.21439
7.32076
7.28916
7.22001
7.06836
6.94759
7.33664
7.32191
7.34237
7.2797
7.19751
6.92587
7.40344
7.43461
7.387
7.33056
7.18469
7.45751
7.43923
7.4269
7.28718
7.32122
7.30115
7.27042
7.18317
7.29988
7.26767
7.16833
6.93876
6.49128
7.31875
7.31313
7.31254
7.23644
7.10398
6.44513
7.3956
7.44673
7.39153
7.31729
7.03385
7.48532
7.45057
7.42907
7.30501
7.32896
7.31279
7.27044
7.1631
7.29561
7.22901
7.11829
6.79976
5.38927
7.27734
7.25634
7.24909
7.17296
6.9901
5.67532
-5.16274
7.26402
7.3948
7.35998
7.26731
6.6397
7.49074
7.4497
7.41969
7.35437
7.36033
7.33399
7.30055
7.18705
7.33924
7.20138
7.11131
6.74792
4.85137
-0.0644354
7.28086
7.20228
7.14426
7.13713
6.90902
5.53527
0.483978
7.17363
7.3148
7.3134
7.19945
6.0712
7.46462
7.42743
7.41072
7.44676
7.41403
7.38246
7.37476
7.29408
7.44217
7.23707
7.14967
6.92368
5.66397
1.3735
7.46201
7.32164
7.19533
7.1401
6.90114
5.44834
1.46742
7.29512
7.33556
7.33045
7.20874
6.29507
1.9262
7.46516
7.41056
7.42148
7.58271
7.37744
7.45219
7.48312
7.44846
7.49776
7.29518
7.26394
7.20024
6.10948
1.6279
7.63789
7.51026
7.26695
7.16879
7.01558
5.75729
1.2592
7.449
7.36758
7.36867
7.27197
6.50268
7.49891
7.43612
7.444
7.6217
7.2135
7.51652
7.54643
7.53647
7.29331
7.28571
7.39263
7.3878
6.72292
7.59679
7.46873
7.25563
7.24841
7.18898
6.5282
-2.10438
7.50767
7.40862
7.42466
7.38133
7.33237
7.54752
7.49126
7.51153
7.59598
7.49369
7.61445
7.56506
7.53094
7.32666
7.41102
7.48764
7.46656
7.30865
7.57675
7.46611
7.35375
7.37427
7.31119
7.10716
7.52248
7.41552
7.39827
7.34164
7.36947
7.53601
7.48244
7.49036
7.58365
7.59584
7.61577
7.52929
7.51142
7.43513
7.46486
7.46974
7.45788
7.42993
7.55698
7.44683
7.37077
7.38338
7.32753
7.32504
7.48008
7.359
7.34657
7.30249
7.37116
7.46765
7.42729
7.43279
7.57822
7.57857
7.54779
7.51936
7.513
7.44837
7.4099
7.44784
7.44271
7.46934
7.5126
7.40343
7.36489
7.37668
7.3677
7.40622
7.39929
7.34511
7.34813
7.35186
7.40341
7.42355
7.39959
7.4115
7.56837
7.54479
7.5121
7.5067
7.51742
7.41285
7.38719
7.44121
7.45188
7.49162
7.46211
7.36312
7.35858
7.39231
7.39305
7.43993
7.32674
7.36902
7.38591
7.39156
7.4372
7.43058
7.41736
7.42999
7.56165
7.51171
7.48873
7.5027
7.52453
7.37446
7.39043
7.45818
7.47264
7.51672
7.4222
7.35627
7.37979
7.42722
7.43548
7.47717
7.32192
7.41518
7.43986
7.43545
7.48025
7.46505
7.46064
7.46986
7.55595
7.47169
7.48286
7.50737
7.53531
7.34419
7.42059
7.46625
7.49404
7.53772
7.39974
7.37233
7.42761
7.46534
7.48087
7.51606
7.39534
7.46451
7.48128
7.48982
7.52144
7.50875
7.51039
7.52293
7.55543
7.48131
7.47798
7.51199
7.54054
7.37626
7.43528
7.47855
7.50239
7.54231
7.41394
7.40842
7.43366
7.46134
7.49097
7.53654
7.45329
7.47872
7.49206
7.52235
7.5487
7.55224
7.54855
7.56097
7.56678
7.50997
7.49482
7.51649
7.55071
7.41547
7.45249
7.4867
7.51082
7.54468
7.44068
7.4304
7.45287
7.47378
7.49989
7.53902
7.47645
7.49343
7.4991
7.52729
7.54915
7.59179
7.56822
7.57925
203.249
159.574
219.574
188.923
107.728
106.87
66.6017
58.1205
112.905
169.578
204.308
150.51
179.176
220.555
194.265
198.657
173.843
115.78
61.007
92.0257
56.2003
53.0228
54.4255
53.7499
52.8888
52.8728
87.1174
65.8178
72.7382
126.661
151.099
121.816
142.759
172.417
138.503
155.445
128.302
73.998
61.3817
78.8086
67.1324
55.728
52.5017
68.0382
58.383
54.2311
52.5438
53.0442
74.5384
95.9231
130.833
136.666
155.831
167.526
193.635
172.645
146.312
207.208
195.291
96.7951
78.6921
144.815
108.86
76.1763
58.9461
94.6406
68.7293
53.3394
55.8348
64.8834
160.421
203.691
228.78
218.473
246.577
234.642
223.157
247.844
236.024
199.441
145.591
231.287
214.12
117.011
102.184
183.994
141.761
97.0756
239.511
238.849
229.616
220.878
231.432
227.267
222.378
203.175
146.83
89.7251
73.4379
142.462
96.698
49.4418
81.2244
54.0072
50.3522
44.7401
45.7066
45.9499
47.3402
45.1211
47.4908
64.5364
60.7756
136.213
77.252
94.1564
68.1448
79.5011
61.721
64.5807
45.3333
46.2581
45.9033
47.6974
48.0707
48.124
48.3462
46.1578
48.8763
60.0205
57.2323
59.0723
60.2038
60.8826
60.9138
48.2792
47.3511
49.8016
50.2817
50.4977
60.7087
62.6631
60.1665
60.1951
58.1906
49.4408
51.6978
49.8449
51.4013
50.6163
90.1028
62.2362
167.18
169.214
194.44
74.1974
100.397
112.646
136.979
72.9774
120.016
91.2673
85.7691
69.871
103.429
81.2483
57.4407
202.312
153.207
210.04
206.778
170.784
182.242
186.389
189.82
203.486
172.107
152.12
179.805
125.789
60.7877
38.1938
45.8842
55.3711
46.167
42.396
38.2483
40.8568
46.1031
45.6572
44.6744
44.5451
43.0122
45.8969
44.1004
61.763
53.9749
61.5612
61.8859
61.5247
44.8449
42.1191
51.0263
52.2824
46.0672
45.4588
46.0964
44.1258
44.4007
43.063
43.8123
46.6133
44.3162
60.6374
60.2059
60.5645
56.6007
57.7317
57.0806
47.9153
47.9769
45.1064
45.583
45.2683
60.3653
60.4337
58.5313
57.8836
56.6216
48.37
47.4275
44.0952
44.5659
44.6402
60.1974
50.85
69.2276
74.1565
89.5236
44.078
45.024
41.2645
48.0642
61.5634
83.2735
69.9599
57.2847
50.8991
62.7427
55.693
46.5465
101.818
53.9708
129.332
137.946
63.3741
73.8289
81.0505
112.772
133.977
81.8534
77.5488
84.2367
69.3908
9.26012
7.77361
35.0163
12.6908
31.1386
16.8344
7.73665
14.5213
41.2138
40.7584
35.0452
36.3406
39.0865
42.2872
40.4071
15.3177
6.52393
9.2602
11.8422
15.6022
7.17769
7.46219
6.65748
6.87343
42.8532
41.3076
42.2309
40.8828
41.5534
39.9899
41.2661
42.7003
41.7715
26.8347
40.6324
30.7074
6.76646
7.22062
6.74407
43.5751
43.0049
41.1515
41.0589
40.822
35.2002
25.4887
7.17756
6.28177
5.58901
41.2485
40.598
38.4202
38.7882
37.6043
11.4763
5.96985
7.94942
8.19298
8.49672
6.43302
6.44719
6.66002
6.63762
40.9666
42.0517
40.3915
27.4026
31.2431
24.4467
26.3554
35.0371
9.72622
6.65341
22.5939
28.0428
6.62477
7.16927
7.31108
46.1028
41.0717
10.9341
20.1945
8.67915
22.9519
8.35624
8.32059
8.64827
7.91257
7.8833
6.45223
8.19425
6.03772
31.0193
38.1375
13.0174
23.9926
37.1926
38.6706
37.3261
8.3465
7.85166
8.40724
8.37645
8.06131
7.76954
7.96428
7.83804
7.91741
40.414
38.8892
40.558
38.0242
38.9876
38.0124
39.6695
41.1443
40.4009
7.9863
7.84841
7.82194
7.99541
8.0984
8.06523
38.7669
38.7229
39.502
37.5577
37.0654
7.69439
7.89689
8.02909
8.02263
7.87487
36.7292
34.1467
35.3123
36.4383
31.1348
7.88395
7.19138
7.65113
7.69691
7.75111
6.97675
6.97483
7.10162
7.18654
22.0206
9.85974
13.0119
8.14952
9.80899
7.2914
7.37035
20.5018
7.74976
7.20434
7.35287
7.3257
7.2185
7.35765
7.36997
7.64609
7.2258
7.3515
7.2933
7.39297
7.35199
8.59131
8.35963
6.37598
8.41635
6.05287
6.63838
7.95387
6.39893
16.5557
35.6586
6.64475
7.50194
29.167
36.0375
35.2891
7.76551
7.732
7.81806
7.76096
7.69284
7.86369
7.77112
7.73753
7.69487
36.9395
37.2645
38.3455
37.0539
32.3473
36.5479
35.3556
38.9437
32.7197
7.77632
7.80091
7.77249
7.71845
7.70444
7.71882
35.319
35.4386
29.9428
23.0237
17.344
7.71209
7.64637
7.69152
7.67993
7.61843
32.6794
15.1558
10.1433
10.9737
6.30264
7.41328
7.45171
7.36678
7.44038
7.42709
7.35082
7.27089
7.36125
7.33754
7.10746
7.28639
7.19348
7.20684
7.09592
7.32167
7.28312
6.87018
7.4382
7.36029
7.36584
7.39381
7.32226
7.34021
7.38839
7.37957
7.39797
7.32386
7.34918
7.36008
7.33888
7.95441
7.77756
6.93515
7.4671
6.81231
7.07231
7.29509
7.01841
5.89651
8.32564
6.9244
6.73223
5.09484
17.0583
5.89378
7.65264
7.58422
7.73755
7.64814
7.63442
7.65928
7.71448
7.56472
7.51966
13.27
17.7006
16.6833
5.83241
6.33261
5.41879
6.29363
10.5669
6.57342
7.66303
7.6444
7.66194
7.5904
7.58868
7.5839
7.32262
6.65726
9.7128
6.64546
7.16344
6.37892
6.99299
7.177
7.27674
7.20568
6.97254
7.15873
7.00347
7.18948
7.66489
7.60754
7.59243
7.60513
7.55516
7.87124
6.95458
6.98007
6.67353
7.04411
7.27512
7.01664
7.14432
7.04501
7.14115
7.02605
7.16051
7.1322
7.14284
7.48259
7.4783
7.29868
7.40385
7.34583
7.38764
7.34513
7.41171
7.35974
7.1969
7.2931
7.25912
7.25582
7.21756
7.27349
7.23438
7.1071
7.38648
7.42836
7.34352
7.38492
7.32748
7.34978
7.39521
7.33141
7.33545
7.29351
7.32883
7.32914
7.30624
7.71842
7.57393
7.09861
7.30131
7.06456
7.14143
7.34481
7.1382
7.01109
7.02803
7.11334
7.00741
7.19495
7.13498
7.48757
7.51488
7.4328
7.66677
7.49638
7.41251
7.4114
7.51464
7.39385
7.36238
7.06367
7.06048
6.9781
7.45616
7.22849
7.38474
7.13206
7.14845
7.26453
7.04719
7.23092
7.1267
7.16814
7.09365
7.13719
7.5281
7.53418
7.52436
7.46783
7.48633
7.48819
7.26426
7.14912
7.58508
6.93851
7.16124
7.03126
7.39788
7.18486
7.14267
7.20382
7.07002
7.14693
7.07926
7.17568
7.53325
7.49557
7.47663
7.47179
7.41884
7.28212
7.26437
7.11181
7.01138
7.18525
7.1663
7.11992
7.17067
7.11974
7.15299
7.08298
7.15716
7.11027
7.15321
7.43272
7.37344
7.35044
7.40104
7.35112
7.34648
7.33249
7.3759
7.33103
7.23727
7.26713
7.24447
7.2492
7.24343
7.26004
7.2511
7.08216
7.25711
7.22454
7.13877
7.10166
7.14632
7.41602
7.38598
7.34391
7.38647
7.31439
7.3236
7.37421
7.31903
7.31096
7.25164
7.29919
7.29401
7.28083
7.39458
7.24255
7.13419
7.30609
7.15862
7.0697
7.22078
7.11635
7.01138
7.09374
7.04041
7.02586
7.08799
7.22175
7.10203
7.31158
7.20298
7.35318
7.24822
7.29446
7.18303
7.22289
7.13339
7.18291
7.19345
7.16784
7.123
7.13565
7.20628
7.07066
7.16217
7.10611
7.2304
7.13535
7.23691
7.0848
7.12709
7.08199
7.13619
7.38538
7.41663
7.421
7.29066
7.32964
7.32829
7.18152
6.98005
7.24508
7.01874
7.18453
6.99746
7.20604
7.13476
7.07074
7.16396
7.06377
7.15297
7.06633
7.15714
7.38705
7.32904
7.30533
7.29277
7.23817
7.16482
7.13603
7.14574
6.98794
7.17968
7.09077
7.1975
7.15835
7.11037
7.16967
7.09112
7.16316
7.13281
7.18778
7.29532
7.21175
7.27724
7.30231
7.27779
7.20257
7.20739
7.22344
7.21624
7.22246
7.23064
7.22975
7.20377
7.17288
7.19507
7.1874
7.3381
7.23333
7.39339
7.17115
7.15794
7.18777
7.32644
7.26586
7.28521
7.33024
7.25576
7.23639
7.28655
7.26377
7.25188
7.17391
7.2219
7.20852
7.21493
7.13818
7.07425
7.01346
7.14559
7.07866
6.99449
7.07873
7.06029
7.02261
7.09311
6.96836
6.97948
7.05338
7.10841
7.09422
7.13275
7.09445
7.11481
7.07113
7.0904
7.07274
7.05292
7.05084
7.03176
7.20025
7.06302
7.16837
7.11443
7.15185
7.0551
7.12905
7.13832
7.09011
7.2098
7.25168
7.24883
7.14971
7.18727
7.18283
7.29068
7.07125
7.22545
7.11807
7.29295
7.10925
7.19998
7.16905
7.09626
7.18127
7.10457
7.16673
7.12215
7.17791
7.21316
7.16603
7.15732
7.14646
7.10515
7.21335
7.10739
7.33407
7.06017
7.21462
7.07424
7.29862
7.17924
7.149
7.19916
7.11599
7.16849
7.14779
7.18315
7.13921
7.07425
7.13775
7.14777
7.13985
7.04045
7.04992
7.06994
7.06636
7.09359
7.15256
7.12771
7.10202
7.01852
7.11328
7.06973
6.98631
7.19558
7.11296
7.176
7.22325
7.16824
7.1116
7.16346
7.17333
7.155
7.08867
7.13018
7.10804
7.13025
7.05721
7.04281
6.96301
7.04503
7.04057
7.09137
7.03314
7.01978
6.91114
7.02113
6.92212
6.91301
7.00601
7.06162
7.03067
7.07906
7.07425
7.03851
7.04697
7.00519
7.04911
7.02752
7.04925
6.98536
7.09685
7.03726
7.0927
7.05992
7.07241
7.02967
7.08589
7.07749
7.1015
7.1143
7.14542
7.1419
7.09832
7.12465
7.12268
7.11019
7.19602
7.14407
7.10057
7.0568
7.10578
7.06316
7.09466
7.08845
7.04759
7.18741
7.06981
7.06479
7.06313
7.13179
7.03447
7.02186
7.00986
7.02602
7.02945
6.97628
6.98238
7.00503
7.01022
6.98487
7.08321
7.02473
7.03225
7.00792
7.07779
7.02893
7.05471
7.06594
7.04383
7.0464
7.0924
7.06729
7.00151
7.03267
7.09431
7.07652
7.0587
7.08023
7.06269
7.09074
7.02369
7.00456
7.1159
7.02156
7.01894
7.02156
6.99305
6.97085
6.94417
6.9975
6.92337
6.94498
7.0073
7.04666
7.05795
7.07198
7.07239
7.01553
7.0475
6.97693
7.02881
7.00365
7.03658
6.96786
7.07717
7.02585
7.08822
7.08387
7.08944
7.02681
7.08267
7.13479
7.13828
7.09615
7.12113
7.11929
7.10102
7.12999
7.12684
7.16767
7.14635
7.21025
7.2146
7.186
7.09047
7.05075
7.1079
7.10653
7.07514
7.14949
7.2098
7.26029
7.20872
7.24804
7.03791
7.06371
6.98358
7.01277
7.00608
7.00221
6.99939
7.03247
7.0135
7.06832
7.09744
7.07575
7.11002
7.13626
7.13604
7.12879
7.25675
7.0355
7.04619
6.98789
7.00892
7.05199
7.01706
7.03645
7.08676
7.07782
7.09179
7.10267
7.08607
7.12874
6.99094
6.98871
6.94395
6.96879
6.91876
6.9241
6.96212
6.90142
6.91439
7.01979
6.9062
6.92178
7.02754
7.05992
7.08405
7.08318
7.10461
6.99501
7.0371
6.96543
7.04029
6.99943
7.05116
6.97466
7.09164
7.03298
7.08085
7.11252
7.10108
7.0464
7.07511
7.11681
7.07303
7.11746
7.14779
7.14352
7.14287
7.17238
7.16925
7.1772
7.16861
7.05862
7.11928
7.12569
7.12826
7.10648
7.15477
7.15736
7.14074
7.21565
7.21918
7.19841
7.18479
7.2744
7.10422
7.14201
7.02599
7.06514
7.0412
7.06924
7.05898
7.09732
7.08051
7.19294
7.17473
7.15716
7.19916
7.2244
7.20472
7.1739
7.34414
7.0803
7.12061
7.06747
7.09003
7.12027
7.1205
7.13742
7.12529
7.11426
7.14886
7.15068
7.14323
7.18366
7.01135
7.05346
6.9232
6.97382
6.90658
6.95157
7.00924
6.94401
6.97363
7.055
7.02924
7.03361
7.10108
7.13054
7.16346
7.1381
7.18185
7.02897
7.08434
7.00604
7.12766
7.07587
7.13448
7.06027
7.14305
7.07708
7.08733
7.17448
7.1928
7.11992
7.13308
7.03237
7.03537
7.17434
7.20122
7.19737
7.21074
7.22965
7.22807
7.05278
7.07565
6.95403
7.04312
7.04117
7.18487
7.17661
7.20666
7.21221
7.20322
7.16134
7.27092
7.12756
7.13304
7.19727
7.17659
7.20345
7.09885
7.13251
7.11759
7.13236
7.1264
7.16178
7.14622
7.19288
7.21483
7.18354
7.16829
7.16871
7.2123
7.18588
7.18616
7.16005
7.19194
7.16179
7.17504
7.1938
7.19111
7.19934
7.17597
7.17206
7.18528
7.19364
7.19229
7.20063
7.10872
7.16545
7.01589
7.06523
7.01297
7.08595
7.1291
7.08256
7.09519
7.13104
7.15764
7.15992
7.1948
7.16531
7.18431
7.22726
7.26686
7.13395
7.19405
7.12742
7.23844
7.19224
7.2484
7.19642
7.23875
7.17337
7.23872
7.17601
7.24418
7.19291
7.29289
7.12135
7.2307
7.24547
7.25565
7.25399
7.27528
7.27583
7.27632
7.071
7.08878
7.06435
7.12503
7.13643
7.23595
7.22714
7.24785
7.25441
7.24334
7.12572
7.14655
7.128
7.13335
7.13092
7.22216
7.23656
7.15088
7.18409
7.1678
7.17561
7.16915
7.20103
7.1852
7.1602
7.20912
7.19095
7.15583
7.15571
7.20968
7.19871
7.15256
7.21518
7.23105
7.20995
7.2154
7.23678
7.22255
7.22758
7.2065
7.20643
7.20826
7.21837
7.21858
7.21109
7.22442
7.28108
7.14642
7.19366
7.13537
7.19768
7.25734
7.18926
7.21612
7.26756
7.27253
7.26966
7.32366
7.23081
7.27703
7.29665
7.31617
7.24689
7.29044
7.25901
7.31281
7.29154
7.31498
7.30563
7.2304
7.21715
7.27275
7.25542
7.24284
7.26333
7.26117
7.24555
7.24835
7.29996
7.29398
7.29445
7.31729
7.30534
7.30646
7.16628
7.17948
7.15784
7.19159
7.20786
7.26998
7.25721
7.27519
7.28195
7.26825
7.15407
7.14381
7.1638
7.17418
7.16197
7.24995
7.26232
7.18293
7.21688
7.19935
7.20995
7.19724
7.23189
7.21503
7.15222
7.21389
7.20067
7.1832
7.15424
7.21385
7.19641
7.17154
7.24408
7.25568
7.23598
7.23967
7.26113
7.24578
7.24978
7.22873
7.23075
7.22456
7.23776
7.24094
7.2182
7.3227
7.34845
7.24793
7.31039
7.24535
7.30545
7.35964
7.29959
7.34051
7.38799
7.33604
7.38741
7.42104
7.34965
7.39883
7.32963
7.33883
7.32074
7.32994
7.32915
7.34081
7.33871
7.33927
7.34091
7.27177
7.29698
7.27336
7.33641
7.29853
7.31284
7.29578
7.26602
7.28299
7.32987
7.31449
7.3158
7.33812
7.32135
7.32253
7.21451
7.22778
7.2107
7.22591
7.23769
7.29156
7.27853
7.29395
7.3002
7.2888
7.19475
7.18673
7.20066
7.21005
7.20593
7.27412
7.28595
7.21183
7.24808
7.2281
7.24332
7.2292
7.26475
7.24387
7.15738
7.21534
7.19404
7.1973
7.15733
7.21743
7.196
7.19681
7.26533
7.27517
7.25524
7.25889
7.27836
7.26169
7.26737
7.24573
7.25089
7.24229
7.25701
7.26278
7.22844
7.35994
7.36389
7.32556
7.38145
7.347
7.35559
7.37842
7.37422
7.36336
7.40597
7.30415
7.31181
7.38037
7.3761
7.35223
7.34556
7.35092
7.34926
7.34544
7.34958
7.3559
7.35549
7.34962
7.35469
7.32179
7.29714
7.3049
7.32989
7.32082
7.28027
7.29297
7.29457
7.28948
7.34397
7.32699
7.32802
7.34853
7.33252
7.33301
7.22626
7.23821
7.22698
7.22781
7.24046
7.30728
7.29912
7.31123
7.31372
7.30803
7.22074
7.21958
7.22437
7.22993
7.23215
7.30007
7.31067
7.24787
7.28112
7.25818
7.2766
7.26651
7.29398
7.27252
7.15847
7.22066
7.20077
7.19737
7.16657
7.22365
7.20872
7.21549
7.28498
7.29635
7.26818
7.27712
7.30177
7.27577
7.28717
7.2719
7.27797
7.26951
7.28708
7.29364
7.24154
7.36842
7.37094
7.49336
7.37874
7.41229
7.54275
7.38118
7.44105
7.33997
7.3663
7.52268
7.40118
7.36023
7.33843
7.32762
7.35565
7.36083
7.35959
7.35257
7.35634
7.36272
7.35945
7.35646
7.3572
7.30887
7.26055
7.28825
7.30548
7.30172
7.2451
7.28853
7.27427
7.26006
7.35271
7.3384
7.33831
7.35705
7.34496
7.34411
7.23045
7.24503
7.22203
7.23396
7.25177
7.32024
7.31597
7.32996
7.32734
7.32431
7.24173
7.24719
7.25252
7.25809
7.26617
7.32008
7.3287
7.28089
7.30477
7.28738
7.31006
7.29173
7.31552
7.30299
7.1911
7.2278
7.22608
7.22036
7.22586
7.24115
7.24938
7.25736
7.31026
7.32428
7.28639
7.29973
7.32742
7.29946
7.31512
7.30629
7.31002
7.3015
7.31953
7.32356
7.2732
7.36836
7.36486
7.46604
7.37261
7.41795
7.40675
7.36059
7.39069
7.39823
7.35346
7.40234
7.3801
7.3485
7.31994
7.3171
7.36766
7.37626
7.35755
7.36298
7.36097
7.36869
7.35656
7.37238
7.36897
7.29951
7.2349
7.28346
7.29445
7.29965
7.23425
7.2754
7.25701
7.26905
7.36207
7.3519
7.3505
7.36766
7.3592
7.35727
7.24968
7.26806
7.24675
7.28737
7.30232
7.33549
7.33286
7.34862
7.34425
7.34234
7.2801
7.29285
7.30598
7.30872
7.317
7.3376
7.34701
7.30128
7.32738
7.31625
7.33262
7.31063
7.33768
7.32495
7.26552
7.26719
7.27883
7.28556
7.29479
7.29695
7.30436
7.3171
7.33568
7.34492
7.31144
7.32894
7.35525
7.32543
7.34247
7.33164
7.33448
7.33017
7.34293
7.34616
7.31837
7.36493
7.36791
7.37688
7.35396
7.37147
7.36217
7.35224
7.36074
7.3666
7.34729
7.36244
7.36008
7.35034
7.3216
7.33235
7.38443
7.38987
7.36048
7.38245
7.37698
7.37897
7.36516
7.3896
7.38385
7.30753
7.24753
7.28024
7.31749
7.32083
7.29006
7.30128
7.29212
7.32244
7.37342
7.36678
7.36433
7.37916
7.3746
7.37146
7.34234
7.34233
7.34152
7.37488
7.36591
7.35361
7.35282
7.3691
7.36323
7.36349
7.33785
7.34509
7.36495
7.36665
7.36662
7.35766
7.36949
7.32212
7.3493
7.33619
7.35535
7.33435
7.3603
7.34797
7.31417
7.32206
7.32669
7.33863
7.33086
7.33998
7.34713
7.35904
7.3557
7.36697
7.33806
7.35559
7.38057
7.35097
7.36896
7.35465
7.36023
7.35827
7.36802
7.37441
7.35711
7.37194
7.37567
7.35756
7.35498
7.35686
7.35839
7.36008
7.35662
7.35795
7.35449
7.35928
7.35873
7.35995
7.34729
7.36188
7.39183
7.39205
7.36951
7.39204
7.38825
7.38466
7.37278
7.39097
7.38913
7.33953
7.33517
7.32893
7.36091
7.35871
7.37274
7.35571
7.35177
7.37431
7.38455
7.3822
7.37823
7.389
7.38927
7.38437
7.38563
7.38879
7.39201
7.39446
7.40446
7.3729
7.37415
7.38899
7.3823
7.38527
7.38393
7.37669
7.38751
7.3909
7.38643
7.38177
7.3951
7.34731
7.3725
7.35927
7.37848
7.3595
7.38464
7.36914
7.3465
7.35235
7.36898
7.3823
7.36124
7.36582
7.38635
7.37849
7.37802
7.38679
7.36427
7.38249
7.40379
7.38049
7.39809
7.38035
7.38923
7.38311
7.39117
7.40477
7.3944
7.37871
7.3814
7.36196
7.36601
7.35987
7.36698
7.37202
7.36486
7.36089
7.36571
7.3654
7.36405
7.37161
7.37423
7.3832
7.39247
7.39367
7.37586
7.38915
7.38766
7.38961
7.37942
7.38869
7.38616
7.37641
7.39909
7.3783
7.38898
7.38825
7.41075
7.3917
7.39004
7.39989
7.39281
7.39552
7.38994
7.39624
7.40102
7.3949
7.39798
7.4127
7.41474
7.40329
7.41658
7.39099
7.39627
7.40594
7.39846
7.4061
7.39472
7.39062
7.39447
7.39828
7.39111
7.40832
7.422
7.37101
7.39815
7.37877
7.40166
7.38038
7.41228
7.3876
7.37918
7.38178
7.4033
7.40025
7.38874
7.39709
7.41127
7.38879
7.39424
7.40042
7.39598
7.41181
7.41823
7.40765
7.42065
7.40059
7.41892
7.41938
7.4102
7.4296
7.4316
7.38423
7.38725
7.37296
7.37737
7.37035
7.37854
7.38178
7.37539
7.36805
7.37711
7.37436
7.37283
7.38133
7.38889
7.39229
7.39543
7.39731
7.38324
7.38965
7.38576
7.39398
7.38664
7.39116
7.38644
7.3952
7.41326
7.3982
7.39812
7.39915
7.40974
7.3999
7.40454
7.40612
7.39937
7.40576
7.39925
7.40207
7.40976
7.40301
7.40897
7.41676
7.41647
7.41026
7.41436
7.40523
7.41383
7.41862
7.41082
7.41978
7.40025
7.39129
7.39642
7.39982
7.39101
7.43282
7.44012
7.38917
7.42474
7.39822
7.41984
7.39477
7.43424
7.40751
7.39208
7.40255
7.4063
7.39964
7.39351
7.40106
7.39893
7.39166
7.40608
7.41131
7.41527
7.42471
7.41907
7.41716
7.42352
7.41436
7.43159
7.42574
7.41409
7.42676
7.41958
7.38993
7.39181
7.38281
7.38557
7.37922
7.38571
7.38872
7.38269
7.37843
7.38524
7.3851
7.38385
7.38861
7.39417
7.39547
7.39903
7.40032
7.38907
7.39291
7.38871
7.39707
7.39019
7.39435
7.39138
7.40026
7.40522
7.39924
7.39932
7.40028
7.40131
7.39851
7.40543
7.40381
7.40416
7.41275
7.40606
7.40557
7.41468
7.40838
7.40881
7.41056
7.41027
7.406
7.40734
7.41489
7.4243
7.42591
7.41737
7.4272
7.39745
7.39045
7.39288
7.39552
7.38924
7.44231
7.43933
7.39924
7.43744
7.41442
7.42499
7.40286
7.43628
7.41682
7.39076
7.39547
7.39351
7.38861
7.38946
7.39045
7.39099
7.38764
7.41523
7.41527
7.41693
7.42114
7.41725
7.41481
7.41842
7.41132
7.42385
7.41958
7.40682
7.4217
7.39927
7.39303
7.39356
7.38692
7.39063
7.38631
7.39063
7.39148
7.38887
7.38829
7.39054
7.3917
7.39084
7.39221
7.39592
7.39571
7.40103
7.40097
7.39039
7.39569
7.39355
7.39784
7.39053
7.39622
7.39472
7.39907
7.39795
7.39748
7.39739
7.39797
7.39702
7.39685
7.40199
7.40048
7.40613
7.41537
7.40983
7.40589
7.41493
7.41048
7.40349
7.40481
7.40371
7.4019
7.403
7.41788
7.42751
7.42407
7.41664
7.42471
7.3938
7.38742
7.39389
7.39425
7.3868
7.43327
7.42581
7.40338
7.43045
7.41431
7.41815
7.40327
7.42284
7.41043
7.38879
7.38734
7.38972
7.38362
7.3907
7.38523
7.38944
7.38896
7.41156
7.40735
7.413
7.41471
7.40801
7.41009
7.41044
7.4045
7.4161
7.40566
7.40199
7.41011
7.39388
7.39322
7.39259
7.39309
7.39171
7.39104
7.39087
7.39143
7.39185
7.39138
7.39292
7.39174
7.39163
7.39306
7.39515
7.39421
7.40015
7.39875
7.39029
7.39564
7.39303
7.39577
7.38983
7.39419
7.39047
7.39668
7.3967
7.39623
7.39381
7.3953
7.39645
7.39604
7.39928
7.39841
7.40474
7.41329
7.41012
7.40279
7.41056
7.40849
7.40096
7.40173
7.40067
7.4007
7.40151
7.41409
7.4195
7.41571
7.41077
7.41352
7.39613
7.38881
7.39916
7.39842
7.39103
7.41842
7.41194
7.40129
7.41471
7.40486
7.40769
7.40022
7.40826
7.40085
7.39141
7.3864
7.38938
7.38998
7.39199
7.38814
7.3918
7.39409
7.40296
7.39987
7.40652
7.40491
7.39939
7.40428
7.40212
7.3997
7.40436
7.39966
7.40276
7.40239
7.39651
7.39187
7.39113
7.3902
7.39156
7.39231
7.38986
7.3915
7.39157
7.39153
7.39291
7.39145
7.391
7.39239
7.39271
7.3909
7.39693
7.39505
7.38919
7.39234
7.38833
7.3943
7.38867
7.39091
7.38618
7.39358
7.39527
7.39528
7.38783
7.39148
7.39275
7.39387
7.3972
7.39589
7.40047
7.40709
7.4059
7.39825
7.40306
7.40244
7.40095
7.40149
7.39983
7.40076
7.40114
7.4075
7.40803
7.40687
7.40474
7.40318
7.40025
7.39434
7.40421
7.4012
7.39711
7.40659
7.40207
7.39812
7.40279
7.39721
7.39849
7.39553
7.39852
7.39453
7.39174
7.39206
7.39397
7.38711
7.38968
7.39165
7.39171
7.39365
7.39725
7.39491
7.40247
7.4023
7.39529
7.40102
7.40215
7.40544
7.4075
7.41146
7.40825
7.41091
7.39932
7.39044
7.39014
7.38932
7.39082
7.39054
7.38889
7.39031
7.38983
7.39026
7.39166
7.39042
7.38955
7.39102
7.38899
7.38739
7.39359
7.39253
7.38834
7.39069
7.38433
7.39421
7.38834
7.39181
7.38332
7.38923
7.38882
7.39152
7.38157
7.38638
7.38299
7.38748
7.39487
7.39182
7.39622
7.39864
7.39833
7.39381
7.39409
7.39418
7.40037
7.4003
7.39635
7.39936
7.39867
7.40236
7.39911
7.39894
7.39968
7.3957
7.40128
7.39746
7.40209
7.40034
7.39791
7.39756
7.39319
7.39126
7.3948
7.39198
7.39096
7.38763
7.3916
7.38927
7.38737
7.385
7.38491
7.37576
7.38298
7.37595
7.37825
7.3919
7.39267
7.39019
7.39791
7.39917
7.39088
7.39492
7.39632
7.40479
7.40656
7.40048
7.39712
7.39955
7.38323
7.39022
7.39072
7.38871
7.39033
7.38945
7.38848
7.39005
7.38907
7.38891
7.39066
7.38893
7.3883
7.39039
7.38637
7.38587
7.39163
7.39169
7.38847
7.39357
7.38377
7.39408
7.38876
7.39438
7.38552
7.38346
7.3778
7.38278
7.37805
7.38111
7.37449
7.37858
7.38725
7.38343
7.39086
7.38943
7.39038
7.38813
7.38663
7.38659
7.39609
7.39565
7.38798
7.392
7.39204
7.39633
7.39333
7.39043
7.39224
7.39088
7.39732
7.39399
7.39342
7.3939
7.38972
7.38955
7.38719
7.38457
7.38788
7.38626
7.38496
7.38141
7.38486
7.38496
7.38054
7.37178
7.3756
7.37454
7.37901
7.37085
7.37455
7.38458
7.38778
7.38587
7.39137
7.39274
7.38598
7.38856
7.38948
7.38815
7.39313
7.38999
7.38103
7.39054
7.37366
7.39127
7.39141
7.38828
7.38949
7.38889
7.38813
7.38862
7.38878
7.38757
7.39
7.387
7.38671
7.3894
7.38565
7.38543
7.39226
7.39311
7.38935
7.39451
7.38745
7.3943
7.38981
7.39363
7.38924
7.37942
7.37228
7.37543
7.37696
7.37844
7.37076
7.37349
7.38047
7.3783
7.38734
7.38452
7.38249
7.38941
7.38416
7.37911
7.3879
7.38786
7.37975
7.38447
7.38442
7.38803
7.38876
7.3836
7.38326
7.38654
7.39047
7.38674
7.38744
7.38754
7.38473
7.38508
7.38441
7.37896
7.38385
7.3836
7.38274
7.37759
7.38217
7.38134
7.3776
7.37104
7.37443
7.37253
7.37588
7.3714
7.37438
7.38124
7.38356
7.38177
7.38594
7.38569
7.38254
7.38247
7.38177
7.37719
7.38709
7.38426
7.37455
7.38332
7.37212
7.39141
7.39076
7.38782
7.38761
7.38853
7.38735
7.38589
7.38802
7.38576
7.38856
7.38518
7.38483
7.38756
7.38496
7.38441
7.39384
7.39375
7.38951
7.39242
7.39035
7.3933
7.38789
7.39133
7.39078
7.37791
7.36948
7.3723
7.37682
7.37771
7.36837
7.37158
7.3768
7.37563
7.39329
7.38594
7.37807
7.39567
7.3893
7.38097
7.3813
7.38142
7.37321
7.37843
7.37877
7.37917
7.38433
7.37937
7.37678
7.38249
7.38426
7.38288
7.37892
7.38076
7.38125
7.38409
7.38377
7.37667
7.38054
7.3802
7.38079
7.37666
7.37917
7.37944
7.37455
7.37137
7.37414
7.37029
7.37285
7.37111
7.37369
7.37843
7.38037
7.37926
7.38007
7.37923
7.38038
7.37868
7.37845
7.37303
7.38004
7.37743
7.37196
7.37738
7.37259
7.38925
7.38811
7.38673
7.38424
7.38726
7.38614
7.38366
7.38628
7.38403
7.38653
7.38378
7.38338
7.38552
7.38385
7.38322
7.39273
7.39093
7.38553
7.38968
7.38859
7.38894
7.38355
7.38716
7.38453
7.37753
7.36749
7.37115
7.37686
7.37732
7.36685
7.37082
7.37477
7.37413
7.39569
7.39197
7.38443
7.39379
7.39461
7.38684
7.37512
7.37626
7.36933
7.37236
7.37392
7.37607
7.38142
7.3805
7.37789
7.38206
7.37744
7.3786
7.37227
7.37464
7.37574
7.38384
7.38283
7.37624
7.37827
7.3786
7.3804
7.37486
7.37786
7.37694
7.37134
7.3713
7.37296
7.36914
7.37014
7.37126
7.37152
7.37452
7.37823
7.37708
7.37776
7.37805
7.37785
7.37557
7.37714
7.36981
7.37426
7.36926
7.36471
7.37037
7.36891
7.38674
7.38614
7.38582
7.38455
7.38554
7.38578
7.38603
7.38513
7.38286
7.38452
7.38277
7.38238
7.38352
7.38246
7.38162
7.389
7.38809
7.38284
7.38513
7.38014
7.38499
7.38256
7.38385
7.37717
7.37703
7.36629
7.37058
7.37663
7.37665
7.36611
7.37042
7.37365
7.37318
7.39071
7.39679
7.3893
7.39006
7.39272
7.38895
7.37027
7.37224
7.36802
7.36882
7.37118
7.38023
7.38293
7.38304
7.37967
7.3822
7.37218
7.37316
7.36769
7.37005
7.37107
7.38142
7.38339
7.37378
7.3777
7.376
7.3784
7.37384
7.37897
7.37609
7.36858
7.36813
7.36842
7.36838
7.36622
7.36267
7.36464
7.37058
7.37618
7.37618
7.37253
7.37512
7.37202
7.36827
7.37266
7.35831
7.36586
7.35693
7.34873
7.36065
7.3567
7.38825
7.39012
7.38585
7.38729
7.38454
7.38574
7.3852
7.38362
7.38176
7.38244
7.38132
7.38091
7.38128
7.38065
7.37959
7.3878
7.38778
7.38302
7.38294
7.37741
7.38489
7.38393
7.38258
7.38017
7.37616
7.36609
7.37024
7.37561
7.37567
7.3662
7.37004
7.37274
7.37225
7.39014
7.39179
7.38888
7.39058
7.39142
7.38921
7.368
7.37059
7.36651
7.36733
7.3702
7.38367
7.38465
7.39382
7.3903
7.39045
7.36844
7.36959
7.36498
7.36736
7.36841
7.38503
7.38814
7.37687
7.38078
7.37632
7.38298
7.38219
7.38282
7.37927
7.3635
7.35651
7.36269
7.36408
7.36217
7.3506
7.36119
7.36702
7.37755
7.38136
7.36343
7.36935
7.36275
7.35874
7.36653
7.34295
7.3551
7.34481
7.33775
7.35091
7.34332
7.38573
7.38209
7.3853
7.38351
7.38271
7.3844
7.38221
7.38185
7.37993
7.38008
7.37914
7.37883
7.37886
7.37855
7.37755
7.38743
7.3868
7.38378
7.38229
7.38231
7.38416
7.38296
7.38109
7.38387
7.37512
7.36632
7.36982
7.37399
7.37446
7.3665
7.36964
7.3718
7.37139
7.39109
7.39124
7.3896
7.39048
7.39055
7.38954
7.3669
7.36992
7.36513
7.36654
7.3697
7.39199
7.39484
7.39755
7.38971
7.39476
7.36663
7.36781
7.36365
7.36634
7.36815
7.39128
7.39221
7.38488
7.38471
7.37953
7.3869
7.38259
7.38618
7.37747
7.36223
7.34194
7.35774
7.36287
7.36381
7.33241
7.35455
7.3675
7.38371
7.38232
7.35651
7.36471
7.3541
7.3557
7.36436
7.33592
7.34763
7.33653
7.33842
7.34572
7.34178
7.38105
7.38199
7.38305
7.38115
7.38089
7.38169
7.37985
7.38013
7.37755
7.37758
7.37653
7.37597
7.37632
7.37642
7.3751
7.3865
7.38583
7.38288
7.38004
7.38891
7.3823
7.38359
7.37741
7.3972
7.37374
7.36662
7.36956
7.37158
7.37299
7.3663
7.36942
7.37095
7.37025
7.3894
7.38905
7.38879
7.38801
7.38658
7.38659
7.36622
7.36953
7.36448
7.36592
7.36935
7.38564
7.39133
7.38529
7.37911
7.38541
7.36633
7.36856
7.36388
7.36665
7.36935
7.39026
7.38513
7.37459
7.38584
7.37243
7.37992
7.3637
7.38316
7.36559
7.36685
7.32597
7.35375
7.3651
7.37115
7.32582
7.35506
7.37189
7.3778
7.37128
7.35449
7.36391
7.34771
7.35289
7.36343
7.34297
7.34471
7.33303
7.34987
7.3452
7.34726
7.38245
7.38287
7.38027
7.3782
7.37901
7.37872
7.37634
7.3776
7.37406
7.37486
7.37295
7.37186
7.37308
7.37355
7.37184
7.38438
7.38259
7.38319
7.37563
7.40056
7.37872
7.38185
7.37622
7.39964
7.37177
7.36582
7.3693
7.36804
7.3705
7.36481
7.3688
7.36964
7.36903
7.38522
7.38327
7.383
7.38122
7.3785
7.37713
7.36559
7.3691
7.36434
7.36545
7.36894
7.37262
7.37557
7.37172
7.36804
7.36581
7.36721
7.37055
7.36502
7.36776
7.37184
7.37709
7.36754
7.35085
7.37768
7.35726
7.36052
7.33667
7.36916
7.34848
7.37537
7.33219
7.36041
7.37309
7.37893
7.34379
7.36554
7.3776
7.36364
7.35536
7.35158
7.36216
7.34291
7.35137
7.36205
7.35702
7.3483
7.34291
7.36613
7.35422
7.36162
7.38392
7.38221
7.37716
7.37463
7.37586
7.37546
7.37299
7.37363
7.36943
7.37147
7.36904
7.36734
7.36965
7.37045
7.36909
7.38067
7.37926
7.3808
7.37873
7.39514
7.37693
7.37921
7.38294
7.38804
7.36938
7.36377
7.36825
7.3655
7.36798
7.36249
7.36716
7.36813
7.36703
7.37716
7.3736
7.37244
7.37345
7.37096
7.37018
7.36523
7.36886
7.36353
7.36509
7.36884
7.36396
7.35806
7.36198
7.36076
7.3547
7.3681
7.37357
7.36469
7.36782
7.37462
7.35796
7.35039
7.32453
7.35895
7.34157
7.33747
7.31703
7.34945
7.33855
7.38198
7.35763
7.37124
7.37905
7.38345
7.37888
7.37512
7.38117
7.34823
7.3438
7.35315
7.36402
7.34215
7.35782
7.367
7.37599
7.3634
7.36837
7.39706
7.37668
7.41085
7.37945
7.37778
7.37371
7.37176
7.37125
7.37222
7.37133
7.36955
7.36548
7.36864
7.36648
7.3645
7.36799
7.36791
7.36683
7.37783
7.38045
7.37786
7.38625
7.3823
7.37784
7.37596
7.389
7.37814
7.36655
7.36037
7.36541
7.36243
7.36518
7.36081
7.36402
7.36612
7.36534
7.3701
7.36987
7.37114
7.36837
7.36944
7.37303
7.36453
7.3681
7.36024
7.36246
7.36641
7.35765
7.353
7.35583
7.35528
7.35314
7.36685
7.37467
7.36106
7.36564
7.37333
7.34614
7.34469
7.31459
7.34359
7.33995
7.32814
7.31631
7.34308
7.34471
7.38219
7.39537
7.37872
7.3763
7.37771
7.39427
7.37807
7.37803
7.34331
7.34742
7.36426
7.36987
7.35602
7.3762
7.38383
7.42093
7.40211
7.40867
7.4325
7.42013
7.41826
7.3769
7.37581
7.37106
7.37168
7.3686
7.37005
7.37232
7.36761
7.36422
7.36685
7.36491
7.36419
7.36704
7.36595
7.36416
7.3822
7.38191
7.37441
7.39115
7.37569
7.37872
7.37311
7.39001
7.37341
7.36305
7.3627
7.36286
7.36009
7.36068
7.3623
7.36118
7.36384
7.36144
7.36966
7.36995
7.37436
7.37263
7.36984
7.3753
7.35894
7.36324
7.35442
7.35473
7.35785
7.35545
7.35601
7.36056
7.36086
7.36102
7.36294
7.37034
7.35751
7.35939
7.36752
7.34562
7.34954
7.32117
7.34682
7.35199
7.3363
7.32712
7.35293
7.35878
7.37328
7.38793
7.37379
7.37126
7.37015
7.37935
7.37151
7.36943
7.35251
7.35767
7.38421
7.39256
7.37414
7.38961
7.39082
7.42858
7.41993
7.42251
7.41852
7.41461
7.39811
7.37407
7.3707
7.3676
7.37233
7.36459
7.36202
7.36984
7.35784
7.35957
7.36113
7.35321
7.35107
7.35073
7.36006
7.35469
7.38037
7.37606
7.37228
7.38408
7.37117
7.37361
7.37168
7.37433
7.36798
7.35837
7.35835
7.3584
7.35379
7.35559
7.35458
7.35441
7.35724
7.35182
7.3752
7.36959
7.37436
7.37574
7.37458
7.37271
7.35079
7.35255
7.34792
7.34911
7.34912
7.36859
7.36498
7.37128
7.37463
7.367
7.3575
7.36428
7.35566
7.35649
7.36068
7.35525
7.35952
7.33614
7.35981
7.36454
7.34703
7.34498
7.36658
7.36793
7.36718
7.37309
7.36879
7.36697
7.36392
7.36886
7.36565
7.36345
7.36363
7.36731
7.39279
7.38464
7.37831
7.38926
7.39013
7.40725
7.40187
7.39661
7.39391
7.39274
7.37951
7.36427
7.35365
7.35192
7.36224
7.34611
7.33733
7.34862
7.33
7.34082
7.33991
7.3282
7.32766
7.32716
7.34893
7.34212
7.36846
7.36137
7.36838
7.36384
7.36308
7.35929
7.3587
7.35456
7.35612
7.35106
7.34989
7.35091
7.34328
7.34447
7.34301
7.34554
7.34866
7.34575
7.37264
7.37471
7.3704
7.36688
7.36789
7.36618
7.34661
7.34793
7.34539
7.34553
7.34653
7.37692
7.37018
7.37166
7.37318
7.36825
7.35564
7.35973
7.35306
7.35432
7.35657
7.36012
7.35645
7.35013
7.36794
7.36816
7.34724
7.35075
7.36527
7.36628
7.35974
7.36359
7.36163
7.35784
7.35506
7.35754
7.358
7.35646
7.367
7.36255
7.37955
7.38484
7.36913
7.36615
7.36887
7.38
7.38338
7.36995
7.36772
7.37222
7.36082
7.33943
7.32392
7.32018
7.33141
7.31206
7.30363
7.3141
7.2955
7.30994
7.31547
7.29673
7.29208
7.30239
7.3308
7.3166
7.35244
7.34245
7.34396
7.34617
7.34675
7.33295
7.32599
7.33774
7.33429
7.33689
7.33643
7.3408
7.32297
7.32974
7.32894
7.33571
7.34228
7.3386
7.35851
7.36017
7.35931
7.34756
7.35263
7.35055
7.34224
7.34306
7.33896
7.33889
7.33938
7.36391
7.36132
7.35505
7.35402
7.35217
7.35045
7.35176
7.3435
7.34497
7.34604
7.35034
7.34265
7.3479
7.35917
7.35983
7.33244
7.34023
7.34951
7.34877
7.34924
7.34883
7.35112
7.34222
7.34157
7.33654
7.33999
7.34421
7.35457
7.34587
7.35312
7.35649
7.3575
7.34128
7.34677
7.35556
7.35997
7.34655
7.33928
7.34865
7.33546
7.30802
7.29272
7.29203
7.29809
7.2838
7.28226
7.28581
7.27964
7.28326
7.29504
7.29651
7.29109
7.29645
7.30453
7.30331
7.33056
7.31774
7.30544
7.32706
7.31676
7.3032
7.28349
7.31622
7.29713
7.32532
7.3239
7.33311
7.31451
7.3247
7.32093
7.33218
7.33594
7.33359
7.33447
7.34257
7.3396
7.32005
7.32846
7.32601
7.33412
7.33472
7.33174
7.33017
7.33061
7.3437
7.34117
7.33237
7.33063
7.3282
7.33789
7.33883
7.32993
7.33162
7.33136
7.33352
7.32174
7.32901
7.33564
7.33502
7.30838
7.31321
7.31984
7.31696
7.33203
7.31984
7.32578
7.31774
7.32134
7.3014
7.31033
7.32629
7.33539
7.32086
7.32871
7.32981
7.33417
7.31043
7.3134
7.32105
7.33291
7.31256
7.30096
7.31495
7.2999
7.28032
7.27472
7.28231
7.28024
7.28033
7.28647
7.28284
7.2851
7.30252
7.29777
7.32496
7.31635
7.30173
7.30739
7.31386
7.30533
7.29451
7.26375
7.30477
7.27754
7.27581
7.2521
7.29154
7.26134
7.3257
7.31826
7.33089
7.31747
7.328
7.31676
7.33108
7.3321
7.33146
7.30594
7.31451
7.31196
7.29488
7.30331
7.29967
7.3268
7.32718
7.32735
7.32445
7.32494
7.31374
7.31324
7.29951
7.2952
7.29732
7.32588
7.32482
7.31881
7.32179
7.32006
7.3085
7.2948
7.29618
7.30251
7.29873
7.2776
7.27731
7.28596
7.28016
7.30971
7.2833
7.29546
7.28185
7.29711
7.26749
7.28185
7.30733
7.30452
7.28747
7.29015
7.29474
7.29543
7.27037
7.27542
7.27944
7.29402
7.27098
7.25861
7.27303
7.26459
7.27719
7.28394
7.28637
7.28984
7.29188
7.3099
7.29944
7.31373
7.33179
7.31208
7.31536
7.33329
7.32353
7.32034
7.32606
7.28518
7.27884
7.25214
7.27871
7.25301
7.26619
7.26166
7.26943
7.25064
7.33083
7.31516
7.33188
7.31914
7.33322
7.31436
7.33344
7.33175
7.33307
7.2873
7.29316
7.28924
7.28237
7.28433
7.2803
7.32339
7.32414
7.32861
7.32379
7.32459
7.27824
7.28238
7.27209
7.26676
7.27136
7.32
7.31731
7.31618
7.32057
7.3159
7.28001
7.26707
7.25846
7.2717
7.26364
7.25032
7.24495
7.26238
7.25293
7.28582
7.2552
7.27031
7.25101
7.27771
7.24959
7.26308
7.29399
7.27175
7.25943
7.25384
7.2571
7.25844
7.24208
7.24201
7.24113
7.25485
7.23841
7.2312
7.23989
7.24372
7.2892
7.29494
7.34381
7.30722
7.34314
7.36321
7.31534
7.36961
7.32446
7.33121
7.33147
7.32441
7.33573
7.33058
7.33195
7.27404
7.26916
7.26753
7.26315
7.25328
7.2666
7.27118
7.26167
7.24836
7.33525
7.3134
7.33542
7.31686
7.33694
7.31255
7.33765
7.33462
7.3366
7.27839
7.27656
7.27233
7.27406
7.26984
7.26612
7.32482
7.32584
7.33359
7.32715
7.32843
7.26199
7.2658
7.26396
7.26236
7.26277
7.32304
7.3179
7.32285
7.32725
7.32049
7.26012
7.25922
7.23698
7.25835
7.24859
7.2481
7.23736
7.25986
7.25045
7.27482
7.24687
7.26253
7.24291
7.27741
7.24974
7.26686
7.29853
7.25162
7.25024
7.23104
7.23198
7.24335
7.22706
7.22976
7.22784
7.23331
7.23132
7.23038
7.23361
7.24388
7.30307
7.30787
7.36865
7.34545
7.37413
7.35815
7.37578
7.35557
7.33583
7.3385
7.34664
7.3432
7.33987
7.33219
7.33265
7.26559
7.26594
7.2745
7.26327
7.23717
7.27571
7.27157
7.26546
7.23166
7.33881
7.31235
7.34021
7.31486
7.3408
7.31208
7.34251
7.33901
7.34179
7.26766
7.26596
7.26067
7.26414
7.26334
7.25724
7.33073
7.33233
7.34217
7.33454
7.33642
7.2672
7.26218
7.27212
7.27325
7.26995
7.33316
7.32642
7.33448
7.33908
7.33277
7.26321
7.27121
7.247
7.2684
7.26049
7.2658
7.26073
7.27933
7.27718
7.28676
7.25774
7.27909
7.26606
7.29975
7.26809
7.29453
7.32183
7.25967
7.2761
7.23134
7.23422
7.26343
7.2452
7.24423
7.23768
7.2377
7.24617
7.24917
7.24197
7.26227
7.30603
7.30608
7.34711
7.38171
7.33735
7.34534
7.36509
7.33442
7.34579
7.34092
7.3509
7.34606
7.3425
7.33422
7.33634
7.27088
7.28024
7.27248
7.27158
7.23039
7.28837
7.27735
7.2806
7.23636
7.34359
7.31187
7.34505
7.31025
7.34632
7.31071
7.34701
7.34456
7.34712
7.26906
7.26284
7.25751
7.27835
7.2677
7.26683
7.3385
7.34066
7.35076
7.34209
7.3444
7.28084
7.27421
7.28777
7.28952
7.28177
7.34488
7.34049
7.3459
7.34961
7.34541
7.2817
7.29442
7.27654
7.29336
7.29291
7.29624
7.30108
7.31619
7.31446
7.31556
7.28304
7.31456
7.30431
7.33146
7.29863
7.33307
7.35213
7.28788
7.31216
7.26001
7.25549
7.30455
7.26947
7.27344
7.26499
7.24973
7.26848
7.28667
7.26661
7.30183
7.30336
7.29283
7.34823
7.34047
7.33719
7.35312
7.31957
7.33927
7.34739
7.3446
7.35875
7.34931
7.34716
7.33911
7.34224
7.29225
7.30175
7.27351
7.2916
7.24302
7.291
7.26201
7.29322
7.25398
7.34911
7.30866
7.34907
7.30501
7.35142
7.30571
7.35026
7.34933
7.35063
7.2904
7.2799
7.28088
7.30286
7.29512
7.2941
7.34501
7.34709
7.35681
7.34705
7.34883
7.29935
7.29071
7.31005
7.30853
7.30542
7.35268
7.34953
7.3516
7.35407
7.35163
7.31192
7.32963
7.32515
7.34923
7.3526
7.35358
7.34397
7.38627
7.3951
7.34446
7.31647
7.35125
7.33364
7.35291
7.33207
7.36486
7.36554
7.34977
7.39188
7.29963
7.31117
7.38808
7.36031
7.36885
7.31371
7.29652
7.31473
7.34013
7.33249
7.3518
7.27974
7.28635
7.35989
7.31084
7.34269
7.36853
7.3163
7.34823
7.35166
7.35045
7.36959
7.3538
7.35493
7.34528
7.34767
7.30632
7.32509
7.25204
7.29626
7.28038
7.29167
7.27558
7.30189
7.31777
7.35361
7.30209
7.35046
7.29838
7.35474
7.29797
7.3494
7.35131
7.35092
7.31696
7.3101
7.30676
7.33126
7.32276
7.31755
7.3481
7.3492
7.35869
7.34861
7.34899
7.32387
7.31472
7.33873
7.33429
7.33133
7.35328
7.35137
7.34954
7.35154
7.34977
7.35185
7.37159
7.37674
7.4221
7.43414
7.40134
7.40852
7.4321
7.44886
7.35547
7.34158
7.36778
7.34747
7.35326
7.34322
7.3609
7.35672
7.44104
7.46227
7.39584
7.39561
7.43932
7.39922
7.40215
7.35571
7.35693
7.34761
7.35562
7.36988
7.36447
7.32295
7.35217
7.37766
7.33215
7.35497
7.38554
7.34753
7.36066
7.35497
7.35581
7.37699
7.35459
7.35578
7.3483
7.34739
7.34001
7.3493
7.31472
7.32869
7.35006
7.33133
7.33278
7.35384
7.36527
7.35502
7.29283
7.34727
7.29026
7.35408
7.2871
7.34465
7.35004
7.34834
7.33778
7.33196
7.3291
7.34763
7.34104
7.34087
7.34812
7.3477
7.35671
7.34731
7.34632
7.33464
7.33351
7.35103
7.33623
7.32889
7.34835
7.34663
7.34352
7.34495
7.3436
7.36609
7.34326
7.40631
7.41318
7.43568
7.34236
7.37331
7.37923
7.41005
7.34774
7.34069
7.34989
7.33943
7.34287
7.33763
7.34214
7.34404
7.44867
7.41883
7.38999
7.39431
7.40354
7.37363
7.37822
7.3421
7.36092
7.32713
7.32568
7.34154
7.33981
7.36592
7.37026
7.39165
7.35768
7.36431
7.39605
7.36343
7.36567
7.35207
7.35426
7.37495
7.34747
7.35133
7.34501
7.34167
7.36579
7.37128
7.33887
7.37732
7.3686
7.37165
7.34623
7.37989
7.36511
7.35237
7.28111
7.34177
7.27992
7.34984
7.27513
7.33902
7.34641
7.34417
7.35397
7.34874
7.35096
7.35812
7.35487
7.36262
7.34568
7.34423
7.35218
7.34354
7.34205
7.3369
7.32881
7.3409
7.33666
7.32775
7.341
7.34013
7.33722
7.33774
7.33732
7.31583
7.29404
7.34861
7.34009
7.38798
7.26762
7.34177
7.31617
7.37007
7.33881
7.33377
7.3372
7.33242
7.33552
7.3329
7.33509
7.33606
7.39018
7.37256
7.35737
7.36067
7.36599
7.34606
7.34836
7.31797
7.32718
7.31828
7.31768
7.32165
7.32896
7.37229
7.37465
7.39795
7.36594
7.36429
7.39707
7.36545
7.36046
7.34121
7.34722
7.36348
7.33342
7.34199
7.33776
7.33405
7.36126
7.34504
7.35465
7.37785
7.35978
7.38423
7.36035
7.36445
7.35455
7.34703
7.26953
7.33633
7.27192
7.34441
7.26457
7.33388
7.34173
7.33868
7.34883
7.36022
7.35828
7.33802
7.36209
7.3519
7.34083
7.33927
7.34611
7.33776
7.33641
7.35181
7.33041
7.36467
7.35929
7.35223
7.33432
7.33389
7.33166
7.33205
7.33114
7.29463
7.32047
7.34773
7.31828
7.36381
7.29834
7.35675
7.33424
7.3649
7.33313
7.33235
7.33436
7.33044
7.33154
7.33298
7.3342
7.33128
7.36496
7.36511
7.34252
7.34293
7.35653
7.34392
7.34376
7.32147
7.32389
7.33061
7.32589
7.32991
7.33178
7.37699
7.37923
7.39315
7.36283
7.35413
7.38742
7.35852
7.34553
7.32413
7.3359
7.34826
7.31385
7.32913
7.33009
7.32547
7.32957
7.32798
7.36229
7.34111
7.34921
7.36367
7.36079
7.31546
7.34367
7.3413
7.26096
7.33153
7.27093
7.3372
7.25907
7.32899
7.33478
7.32989
7.32517
7.35976
7.34677
7.32545
7.3829
7.35833
7.33331
7.33226
7.33765
7.3286
7.32832
7.38039
7.38309
7.42815
7.43127
7.41356
7.32872
7.32804
7.32504
7.32542
7.32518
7.35536
7.39201
7.36951
7.35743
7.37282
7.37915
7.38276
7.38134
7.38245
7.3305
7.33325
7.33435
7.32842
7.32971
7.33406
7.33502
7.32809
7.37011
7.37735
7.34858
7.34796
7.36268
7.35496
7.35372
7.33019
7.33698
7.34294
7.33465
7.34319
7.33625
7.37986
7.37826
7.3807
7.35248
7.33482
7.3718
7.34484
7.32402
7.30471
7.32226
7.33238
7.29629
7.31594
7.3204
7.31562
7.34528
7.37146
7.35699
7.32423
7.34085
7.36889
7.35216
7.34877
7.34076
7.33198
7.25905
7.32533
7.2725
7.32586
7.25926
7.32006
7.32427
7.31856
7.35501
7.39822
7.38519
7.38984
7.4015
7.40924
7.32291
7.3225
7.32462
7.31672
7.31645
7.44534
7.4271
7.4332
7.429
7.427
7.32061
7.32156
7.31599
7.3155
7.31758
7.42135
7.43338
7.39379
7.39742
7.38972
7.42084
7.39802
7.40422
7.39361
7.32928
7.335
7.33591
7.32707
7.32847
7.33703
7.33713
7.32433
7.38357
7.38792
7.36184
7.36034
7.37361
7.36906
7.36684
7.33946
7.34846
7.35396
7.34481
7.35656
7.34153
7.37382
7.3668
7.36081
7.33658
7.3147
7.34872
7.32804
7.30737
7.29041
7.31121
7.31822
7.28512
7.30789
7.31144
7.30789
7.39045
7.3947
7.34656
7.36769
7.34113
7.37308
7.34092
7.37679
7.34054
7.31832
7.25648
7.31224
7.26838
7.30979
7.2552
7.30356
7.31139
7.30183
7.40893
7.40616
7.41931
7.41002
7.41003
7.41937
7.30832
7.30718
7.30409
7.2971
7.29662
7.41522
7.41987
7.40088
7.40552
7.41158
7.30835
7.31164
7.30122
7.29915
7.30342
7.42729
7.41844
7.39848
7.40519
7.39623
7.41313
7.39689
7.40511
7.39805
7.32801
7.33806
7.33792
7.3261
7.32754
7.33977
7.33908
7.31896
7.39124
7.39428
7.3757
7.37443
7.38558
7.38133
7.38079
7.35048
7.36541
7.3697
7.35676
7.37319
7.3487
7.35748
7.34671
7.3363
7.31875
7.30119
7.32656
7.30891
7.29356
7.27819
7.30467
7.30134
7.27013
7.29973
7.30331
7.29551
7.39334
7.3864
7.33309
7.37739
7.33404
7.35752
7.32507
7.36961
7.32525
7.30035
7.25659
7.29472
7.25408
7.28615
7.25659
7.28479
7.28848
7.27228
7.40249
7.40554
7.41087
7.39229
7.39397
7.3972
7.2815
7.27956
7.26442
7.26015
7.25894
7.39771
7.40444
7.38664
7.38815
7.39566
7.28644
7.29469
7.27294
7.2692
7.28104
7.41135
7.40545
7.39554
7.40575
7.39983
7.40699
7.39488
7.40684
7.40398
7.325
7.34257
7.33916
7.32651
7.32041
7.34548
7.33848
7.30749
7.39808
7.40404
7.38722
7.38836
7.40007
7.39532
7.39632
7.36482
7.38439
7.39951
7.37581
7.39503
7.36074
7.33478
7.3227
7.31547
7.29941
7.28275
7.29591
7.28908
7.27188
7.2646
7.29038
7.28078
7.26357
7.28168
7.28438
7.27284
7.37709
7.36744
7.3165
7.3589
7.31744
7.33838
7.30874
7.34827
7.3129
7.26841
7.25512
7.26701
7.247
7.247
7.24731
7.24158
7.24885
7.22054
7.38159
7.38113
7.38285
7.37029
7.36858
7.36793
7.23105
7.22687
7.19692
7.18711
7.18491
7.37734
7.38743
7.36581
7.36782
7.37957
7.24213
7.26194
7.20934
7.20277
7.23002
7.40018
7.39498
7.39645
7.40864
7.40956
7.40344
7.39652
7.41044
7.41422
7.31416
7.34892
7.33515
7.32754
7.3057
7.35541
7.3322
7.27958
7.41095
7.41803
7.40575
7.40598
7.41858
7.41674
7.41561
7.38762
7.40374
7.41457
7.40846
7.41184
7.37857
7.30855
7.30364
7.28414
7.28176
7.27562
7.28284
7.28659
7.28321
7.27154
7.27424
7.27714
7.27329
7.26745
7.25883
7.24591
7.3577
7.34745
7.30194
7.33765
7.31031
7.32497
7.29891
7.32909
7.30946
7.22563
7.23638
7.21478
7.22863
7.20462
7.21507
7.18077
7.18771
7.14664
7.35849
7.35511
7.35281
7.34693
7.34134
7.3381
7.12594
7.11465
7.05847
7.02612
7.01635
7.35823
7.37138
7.34567
7.34788
7.36437
7.13907
7.18988
7.05982
7.04444
7.12686
7.39211
7.39302
7.39834
7.41334
7.42045
7.40125
7.40248
7.41696
7.42937
7.29316
7.36355
7.32963
7.32852
7.27556
7.3797
7.32895
7.22555
7.42629
7.43677
7.42853
7.42809
7.44276
7.44151
7.44104
7.42864
7.4218
7.43082
7.44197
7.43256
7.40851
7.30333
7.30471
7.28842
7.29348
7.29057
7.29508
7.29862
7.29476
7.27585
7.26456
7.28408
7.27826
7.2632
7.23682
7.23047
7.33679
7.32845
7.29767
7.32349
7.30864
7.32109
7.29973
7.32048
7.30955
7.1775
7.18695
7.1335
7.20049
7.14844
7.1572
7.07558
7.07606
6.98981
7.33495
7.32991
7.32564
7.32361
7.31963
7.31513
6.88345
6.81772
6.76385
6.65677
6.50224
7.33966
7.36251
7.328
7.32995
7.35887
6.86438
7.03394
6.71403
6.5544
6.88531
7.39505
7.39325
7.4065
7.42348
7.44054
7.4026
7.40969
7.42924
7.45113
7.25701
7.39558
7.32945
7.32833
7.23736
7.39755
7.32635
7.12956
7.44954
7.46341
7.45563
7.45654
7.47256
7.46839
7.47046
7.45204
7.44428
7.44559
7.45749
7.45445
7.43331
7.30952
7.31633
7.3008
7.30549
7.29956
7.31003
7.31197
7.30523
7.28085
7.26423
7.29383
7.28569
7.26987
7.22385
7.2242
7.32529
7.32576
7.30504
7.32014
7.3108
7.32344
7.3119
7.32206
7.31127
7.11531
7.12991
7.0101
7.1689
7.08667
7.10047
6.92674
6.8587
6.68165
7.31497
7.30884
7.30657
7.31101
7.30471
7.3028
6.35806
5.42797
6.04211
5.97572
3.45856
7.32388
7.33554
7.304
7.31393
7.27732
5.51053
6.65105
6.04047
3.48847
6.25016
7.37854
7.32892
7.3994
7.42897
7.45755
7.34951
7.36416
7.40268
7.44291
7.20167
7.38517
7.31774
7.29821
7.14679
7.36796
7.2994
6.90283
7.47551
7.47447
7.47959
7.48456
7.4943
7.48866
7.49538
7.4591
7.46395
7.45262
7.46118
7.47058
7.42534
7.32692
7.33965
7.32242
7.32237
7.31558
7.34131
7.33836
7.33259
7.29518
7.27959
7.32523
7.31298
7.29821
7.22803
7.24394
7.33436
7.35485
7.32123
7.32999
7.31428
7.34125
7.33211
7.34594
7.31906
7.05684
7.07748
6.84186
7.16616
7.04414
7.05801
6.77226
6.37371
5.89819
7.31621
7.30927
7.30645
7.33725
7.32324
7.31845
5.59371
2.17288
4.21983
-1.8141
5.31544
2.26979
-4.64899
-1.28842
-2.27713
-0.381981
-1.56125
-0.434981
7.27991
7.1701
7.25806
7.25596
7.08259
2.19278
5.64325
5.29804
2.48774
4.48103
-1.18641
-1.58147
-1.15202
0.0158937
-1.74358
-0.149007
7.23818
7.14477
7.28463
7.34999
7.4046
7.19028
7.21973
7.31359
7.36977
7.07234
7.35243
7.27879
7.22368
6.98484
7.33389
7.25257
6.19201
7.4567
7.43804
7.49106
7.49821
7.47465
7.48389
7.49986
7.45922
7.47309
7.4421
7.45715
7.47035
7.41356
7.35779
7.38427
7.36678
7.35844
7.35687
7.39987
7.38638
7.39084
7.33933
7.32693
7.39298
7.37634
7.36427
7.27132
7.31644
7.38528
7.44052
7.35061
7.36615
7.33181
7.38592
7.37156
7.40392
7.35376
7.0522
7.06965
6.73055
7.22807
7.09389
7.12828
6.65424
5.82335
5.7115
0.928454
0.696815
1.3383
7.37708
7.3603
7.35378
7.43807
7.42259
7.41779
0.647755
5.51215
3.23791
5.24596
2.43537
5.51044
3.60707
0.222876
0.283132
-0.186782
0.498683
0.300436
0.867376
0.111592
7.24835
7.07543
7.35061
7.29861
7.15959
3.38469
4.96204
1.27469
5.55635
3.72671
5.23459
2.51948
-0.221827
0.197192
0.255941
1.00016
0.173141
0.705698
0.435763
7.12286
7.17923
7.20386
7.32031
7.36044
7.21474
7.24936
7.37284
7.38542
6.91644
7.32184
7.21978
7.20647
6.77264
7.32086
7.18321
5.84494
1.15347
1.18616
1.42622
7.44059
7.46249
7.47642
7.49042
7.45065
7.46043
7.49019
7.45361
7.46395
7.4135
7.44996
7.45555
7.40934
7.41051
7.43619
7.44017
7.42061
7.4336
7.49801
7.4606
7.48274
7.42759
7.41446
7.51447
7.48917
7.47792
7.37668
7.44493
7.50643
7.59003
7.39312
7.44045
7.37729
7.42339
7.41383
7.50315
7.38506
7.16938
7.18863
6.76309
7.37548
7.27896
7.25701
6.95288
6.20512
2.50126
6.59297
3.04358
1.39392
1.0319
1.85008
2.47579
7.52381
7.51235
7.50652
7.61958
7.60944
7.59975
3.48748
5.41628
3.8122
5.94232
3.8432
5.48666
3.96011
0.483594
1.33894
0.324015
1.75915
1.05448
1.47484
0.408753
7.401
7.28879
7.57637
7.52753
7.44301
3.89099
5.65191
3.58398
5.50023
3.92161
5.40781
3.1056
0.359746
1.68205
0.747917
1.34697
0.32713
1.32651
0.880267
7.29125
7.42493
7.29924
7.44293
7.41384
7.38299
7.35032
7.50144
7.44681
6.83462
7.32929
7.20659
7.2393
6.91299
7.34875
7.23025
2.5683
6.02443
1.60981
2.30173
1.48783
2.0967
7.48802
7.508
7.45983
7.50273
7.4829
7.46095
7.50501
7.46111
7.45908
7.41377
7.463
7.4605
7.4266
7.46332
7.48813
7.56651
7.5089
7.53621
7.61926
7.55806
7.58254
7.55773
7.54069
7.63355
7.60669
7.58826
7.51047
7.56659
7.54595
7.36793
7.42569
7.42377
7.34043
7.24604
7.41408
7.2139
7.23139
7.38107
7.32866
7.11106
7.50598
7.47725
7.39924
7.36089
6.65479
2.71205
6.96253
1.34525
2.02518
7.65926
7.67387
7.64626
7.60097
7.64385
7.6006
3.56738
5.86196
4.2055
6.00081
2.18729
6.06186
4.11159
1.13313
1.39535
0.242537
0.704522
1.50227
0.811937
0.598631
7.59233
7.53045
7.63104
7.58674
7.55298
4.01756
5.67577
2.68849
6.06567
3.66671
5.66753
2.02572
0.150546
1.2039
0.939225
0.41635
0.597946
0.285676
1.34749
7.51046
7.552
7.39483
7.5356
7.47615
7.48243
7.41751
7.55443
7.49507
7.13315
7.37908
7.31223
7.3473
7.25118
7.41862
7.38996
6.86751
7.5272
7.54267
7.46846
7.50131
7.50819
7.47989
7.51171
7.47645
7.47409
7.44815
7.48496
7.48028
7.47242
7.53476
7.62039
7.61526
7.60416
7.59912
7.61986
7.65081
7.63751
7.60472
7.60367
7.60088
7.59792
7.58234
7.58596
7.56439
7.31109
7.33104
7.42874
7.06999
7.18325
7.32088
7.50002
7.10712
7.22474
7.51716
7.45286
7.43987
7.54471
7.53584
7.49847
7.48268
7.32054
7.41598
7.53207
7.58991
7.54048
7.50168
7.5766
7.52289
6.56344
4.38741
7.17706
7.1141
6.01619
-2.06143
-0.467915
7.55536
7.56108
7.58071
7.53643
7.56669
4.20925
6.5395
6.86138
5.75768
6.95889
-0.377995
7.57019
7.5775
7.44488
7.5637
7.51597
7.51761
7.45476
7.57164
7.52538
7.37269
7.47652
7.47487
7.36044
7.37833
7.4584
7.47451
7.43179
7.56249
7.56909
7.50153
7.5334
7.55018
7.50305
7.54639
7.51884
7.50986
7.49311
7.5155
7.51316
7.51496
7.6803
7.68503
7.65099
7.69107
7.66499
7.63405
7.68236
7.63042
7.59954
7.57448
7.58803
7.59177
7.56738
7.55727
7.55112
7.42016
7.50593
7.57391
7.31085
7.36956
7.58807
7.62183
7.43663
7.4574
7.52347
7.49731
7.49267
7.5186
7.51346
7.50377
7.47572
7.4496
7.46694
7.50205
7.58302
7.52444
7.5224
7.58606
7.52968
7.28537
7.03244
7.39468
7.35829
7.3392
7.52473
7.56735
7.57004
7.5139
7.55736
6.87758
7.14169
7.24238
7.25444
7.2788
7.5825
7.57382
7.45914
7.56441
7.52168
7.50735
7.44675
7.54737
7.50515
7.34927
7.42975
7.42781
7.31598
7.35768
7.40422
7.40615
7.36834
7.55954
7.53803
7.49462
7.5288
7.51151
7.47701
7.50717
7.5007
7.49899
7.46042
7.47664
7.47796
7.46498
7.66485
7.63759
7.61985
7.65973
7.61385
7.60491
7.62999
7.59227
7.58324
7.56153
7.58131
7.57289
7.55637
7.54591
7.54222
7.55614
7.57483
7.6157
7.50389
7.49726
7.59035
7.58829
7.52993
7.50546
7.50617
7.51814
7.47567
7.51234
7.50427
7.50128
7.46221
7.47602
7.48123
7.53601
7.58236
7.52604
7.53641
7.56771
7.51542
7.39345
7.39115
7.4533
7.41321
7.42073
7.49871
7.53591
7.5368
7.47973
7.50482
7.34834
7.34335
7.37796
7.39876
7.38846
7.55343
7.52075
7.41282
7.51599
7.47201
7.44101
7.37945
7.47892
7.4403
7.35234
7.37937
7.39289
7.33684
7.37206
7.37447
7.3879
7.38482
7.50542
7.47315
7.4487
7.47057
7.44165
7.43381
7.44495
7.44066
7.4469
7.40843
7.42013
7.42711
7.41547
7.61397
7.5924
7.59054
7.60596
7.5717
7.5776
7.58459
7.5544
7.56264
7.55175
7.57319
7.55412
7.54706
7.54127
7.54082
7.57213
7.55476
7.56266
7.52958
7.49755
7.5621
7.54022
7.51683
7.48069
7.50699
7.49756
7.46715
7.5146
7.50996
7.48679
7.46375
7.48816
7.49195
7.52406
7.54625
7.49411
7.50383
7.51761
7.46906
7.425
7.43898
7.48027
7.43686
7.45056
7.45546
7.46448
7.48663
7.42977
7.42423
7.43673
7.41677
7.42516
7.44947
7.42909
7.47808
7.42874
7.34713
7.44288
7.41366
7.35917
7.32235
7.41083
7.39108
7.39194
7.38693
7.40248
7.3728
7.40944
7.40189
7.41589
7.42013
7.44643
7.42817
7.42492
7.43142
7.42326
7.42916
7.4284
7.4095
7.41867
7.40501
7.41508
7.42061
7.4177
7.57425
7.55774
7.56714
7.56883
7.54271
7.5589
7.55508
7.5346
7.54782
7.5442
7.56479
7.5433
7.54228
7.54289
7.54369
7.5314
7.5034
7.51979
7.49509
7.46108
7.52671
7.50149
7.47181
7.44172
7.51873
7.4904
7.47482
7.51991
7.52617
7.49172
7.48598
7.50305
7.51219
7.48065
7.48837
7.4452
7.45426
7.45805
7.42337
7.45021
7.4658
7.50365
7.4651
7.48028
7.40812
7.38947
7.43971
7.39664
7.36955
7.46332
7.43577
7.45922
7.47564
7.45555
7.38081
7.35171
7.31684
7.38755
7.3817
7.31255
7.32958
7.37674
7.38494
7.42601
7.41902
7.43043
7.41355
7.44531
7.43488
7.44581
7.45846
7.42136
7.42664
7.43874
7.43745
7.44551
7.45295
7.44762
7.42577
7.43293
7.43664
7.44346
7.45097
7.44606
7.54434
7.53269
7.55164
7.54308
7.52885
7.54494
7.53376
7.52446
7.54029
7.54187
7.55751
7.53772
7.54195
7.54534
7.54748
7.46962
7.4167
7.48736
7.44959
7.42862
7.49731
7.48203
7.43088
7.42413
7.53417
7.49713
7.49983
7.52892
7.5392
7.50206
7.51573
7.52516
7.53537
7.42657
7.42989
7.40272
7.3828
7.39929
7.37774
7.48072
7.49939
7.52812
7.49609
7.51624
7.39083
7.36285
7.40809
7.38841
7.36786
7.49421
7.47233
7.49677
7.51031
7.49394
7.34893
7.36145
7.35312
7.38685
7.40861
7.35324
7.38791
7.41197
7.43951
7.46523
7.45365
7.46327
7.46541
7.48576
7.47844
7.4858
7.50057
7.44527
7.46728
7.47084
7.46679
7.48725
7.48923
7.48488
7.46591
7.4745
7.48607
7.49092
7.49727
7.49475
7.52507
7.52306
7.54104
7.52726
7.52191
7.5387
7.52166
7.52114
7.53672
7.54419
7.5546
7.53545
7.54608
7.55065
7.55271
7.38244
7.37481
7.48642
7.419
7.42486
7.4657
7.49057
7.4116
7.42082
7.54298
7.51045
7.52854
7.53911
7.54672
7.51548
7.53634
7.54291
7.54554
7.32667
7.36738
7.34952
7.31282
7.35465
7.3374
7.51538
7.53504
7.54113
7.52914
7.54359
7.38998
7.38055
7.40261
7.3992
7.39613
7.5261
7.51703
7.53763
7.53089
7.54481
7.38518
7.41506
7.42279
7.43866
7.46472
7.42919
7.44348
7.46105
7.48319
7.5074
7.49867
7.51187
7.51171
7.52708
7.52303
7.53756
7.54297
7.49039
7.51258
7.50857
7.50923
7.53315
7.53382
7.53479
7.51711
7.52065
7.53079
7.53644
7.54194
7.54489
7.51785
7.54516
7.53675
7.51967
7.52067
7.5581
7.53953
7.54033
7.53299
7.54561
7.57239
7.54704
7.56265
7.55493
7.57731
7.38641
7.42365
7.49082
7.42936
7.42145
7.52331
7.51367
7.4552
7.44785
7.55216
7.51746
7.53895
7.55611
7.56972
7.52443
7.55056
7.54797
7.56237
7.328
7.36789
7.35236
7.3677
7.40899
7.39408
7.53335
7.54205
7.55195
7.54158
7.55005
7.41299
7.41792
7.42715
7.42769
7.43546
7.53417
7.54649
7.54367
7.54462
7.54851
7.44031
7.45804
7.46215
7.47761
7.50221
7.47217
7.47746
7.49797
7.52976
7.54041
7.54383
7.54588
7.53021
7.54814
7.56247
7.55347
7.55382
7.53337
7.55881
7.55598
7.55627
7.5807
7.57859
7.57593
7.55339
7.56133
7.57029
7.57704
7.57922
7.57942
7.53281
7.55914
7.53381
7.54032
7.54747
7.56062
7.56644
7.44145
7.51035
7.45864
7.45425
7.51055
7.46814
7.48505
7.53066
7.49985
7.50687
7.55827
7.52712
7.5436
7.55647
7.38778
7.42584
7.41354
7.42722
7.41898
7.4304
7.46453
7.44814
7.46029
7.49179
7.47759
7.48449
7.52921
7.50189
7.52096
7.53628
7.5489
7.43369
7.4418
7.44135
7.44236
7.45743
7.46306
7.46434
7.4725
7.48161
7.47931
7.48889
7.51582
7.5084
7.51904
7.54528
7.54301
7.46373
7.48404
7.50594
7.5343
7.50011
7.5105
7.5186
7.5101
7.51478
7.52551
7.54213
7.55078
7.54754
7.56417
7.58669
7.58676
7.57371
7.57787
102.609
124.92
86.084
83.9279
54.4906
70.0077
52.7511
45.283
49.9708
46.5214
46.3035
47.5265
47.4482
48.6218
72.1415
63.899
67.095
60.1451
59.708
59.8222
60.1303
70.0069
66.9918
69.9267
61.0709
55.008
59.5693
59.7647
50.3936
56.3037
56.415
52.1681
51.0776
57.3715
54.855
46.6731
50.2186
48.7599
49.5832
49.5639
50.1086
49.8814
71.3805
82.9661
108.297
59.8023
59.7012
60.4366
67.0372
74.9683
129.715
109.122
61.7075
62.3247
75.8002
73.1591
63.4804
80.0826
79.1279
61.6567
60.1973
67.3222
68.3132
51.5858
69.3146
56.7954
53.7289
52.6782
61.1945
57.4153
168.163
206.305
201.655
116.144
110.4
152.668
156.74
107.85
184.548
152.612
90.3223
93.5659
141.645
124.067
44.6498
57.7673
46.2772
40.773
40.1801
45.8425
41.7057
45.3725
46.0239
45.2364
43.7669
42.6875
43.6757
41.5944
60.2803
60.7777
61.3749
54.8988
57.726
55.7307
58.6634
61.0948
61.0385
61.9839
56.7941
58.7711
53.8531
53.4754
34.362
26.4365
35.2182
8.00755
24.5915
10.8614
29.244
40.6196
40.8744
39.233
37.9999
39.2338
39.3462
38.203
39.8384
27.4709
43.4264
6.41891
8.01266
6.60141
7.98355
38.6788
14.6162
13.8272
5.93888
6.95627
5.80758
6.02018
12.0944
7.46958
16.6094
7.16442
6.71724
7.26547
7.85106
38.7354
35.9644
38.2411
26.5858
38.7479
29.572
39.1052
7.41091
7.72023
7.23034
7.99784
8.08024
7.97427
8.13954
7.28469
7.69736
7.54231
7.93668
7.72622
7.40555
7.18228
6.19318
7.24782
6.83205
6.89819
6.89501
7.31926
7.4952
36.6254
9.84595
35.6348
6.27921
22.1606
6.70388
16.4955
7.83891
7.7467
7.79835
7.68189
7.67721
7.64226
7.59954
7.62754
7.39425
7.26599
7.61103
7.52595
7.47013
7.34441
7.19037
7.40253
7.37684
7.10873
7.19551
7.37812
7.30361
6.63215
7.57045
6.58205
7.27481
6.29652
7.40231
6.97128
7.56402
7.58495
7.55258
7.56232
7.48836
7.53914
7.54471
7.50605
7.48987
7.37442
7.54199
7.5193
7.49033
7.41219
7.15802
7.34068
7.28651
7.23343
7.12862
7.29754
7.25416
7.21201
7.27185
7.42447
7.18382
7.17664
7.21026
7.23718
7.44536
7.52321
7.55207
7.47121
7.45771
7.52893
7.63172
7.54398
7.46696
7.42764
7.50722
7.59186
7.40617
7.4117
7.09223
7.22818
7.20712
7.19122
7.04229
7.147
7.14752
7.11352
7.14541
7.10645
7.06289
7.08555
7.08954
7.05315
7.41149
7.45439
7.61257
7.251
7.25594
7.34533
7.38883
7.55131
7.32668
7.35164
7.31699
7.37434
7.23917
7.25418
7.00596
7.07731
7.09079
7.06439
7.00087
7.02875
7.03929
7.05392
7.04528
7.01793
6.97011
7.00973
6.99951
6.97769
7.12519
7.23854
7.21173
7.10357
7.03846
7.15647
7.08878
7.25913
7.146
7.16698
7.13435
7.16133
7.07544
7.0881
6.99898
6.98666
6.98571
6.99583
6.97205
6.94789
6.93913
6.96524
6.95593
6.95081
6.92034
6.9222
6.92144
6.94244
6.99061
7.09987
7.02227
7.05275
6.95921
7.07197
6.9871
7.0942
7.01356
7.04183
7.04471
7.05291
6.98979
7.01578
6.93434
6.92438
6.90495
6.9415
6.89553
6.91263
6.88523
6.92241
6.9003
6.95079
6.88614
6.94926
6.89987
6.96246
6.95174
7.06631
6.98289
7.05272
6.94896
7.07331
6.99196
7.03334
6.969
7.0078
7.04327
7.03064
6.97913
7.01235
6.87844
6.90922
6.88042
6.93428
6.89174
6.91616
6.89907
6.99308
6.92193
6.98149
6.92708
7.03234
6.9603
7.01027
6.96013
7.09237
7.01238
7.09786
6.98146
7.12089
7.04239
7.04224
7.00019
7.02881
7.09235
7.06677
7.03102
7.05745
6.93349
6.94381
6.94047
7.02074
6.99315
7.006
6.99933
7.07259
7.00744
7.05058
7.04477
7.10947
7.05789
7.09718
7.01469
7.15401
7.08067
7.18184
7.06364
7.19012
7.12449
7.09287
7.06964
7.08921
7.15329
7.12379
7.09911
7.11762
7.06371
7.08252
7.06125
7.14689
7.13229
7.16939
7.12238
7.14497
7.11358
7.15855
7.16057
7.20063
7.17865
7.22279
7.12101
7.22672
7.17394
7.26955
7.18365
7.25431
7.21251
7.15357
7.13436
7.14966
7.2
7.17854
7.1558
7.16495
7.18658
7.2399
7.19414
7.2585
7.22301
7.29623
7.25786
7.25453
7.25021
7.27219
7.24911
7.28811
7.30853
7.30603
7.23706
7.28358
7.25506
7.32002
7.28435
7.29319
7.27861
7.20241
7.17949
7.18359
7.23211
7.21772
7.19613
7.1981
7.24793
7.33147
7.29304
7.32108
7.2595
7.34435
7.31248
7.32519
7.33422
7.3226
7.30946
7.34894
7.33812
7.33515
7.31617
7.30522
7.29608
7.3376
7.33521
7.31024
7.30621
7.23148
7.21299
7.21329
7.25392
7.24126
7.22789
7.22822
7.28866
7.34422
7.31419
7.34519
7.32629
7.34146
7.30764
7.34524
7.32219
7.31619
7.33763
7.33716
7.29629
7.28221
7.34515
7.31572
7.3127
7.34435
7.34907
7.32002
7.31594
7.25062
7.2448
7.24427
7.27236
7.25978
7.26081
7.25961
7.34849
7.33618
7.30058
7.35314
7.35595
7.32799
7.29456
7.32895
7.27222
7.25429
7.35824
7.32333
7.26399
7.25172
7.35101
7.32476
7.31856
7.35033
7.35153
7.32983
7.3215
7.27002
7.27728
7.27484
7.29159
7.28009
7.29192
7.28585
7.352
7.32669
7.29687
7.3403
7.3441
7.33074
7.30263
7.32141
7.2753
7.26863
7.34792
7.32285
7.29256
7.29111
7.35133
7.33568
7.32534
7.35719
7.35173
7.34184
7.33102
7.2936
7.3066
7.29443
7.3132
7.30598
7.31979
7.30451
7.33843
7.33829
7.31474
7.34396
7.33566
7.3463
7.32804
7.32974
7.31524
7.31806
7.34489
7.34089
7.33258
7.34437
7.35131
7.34863
7.33651
7.36477
7.35455
7.35528
7.34397
7.3182
7.33301
7.31405
7.33419
7.33018
7.34563
7.32481
7.33386
7.35261
7.33767
7.3589
7.33529
7.35604
7.33966
7.35111
7.33922
7.35839
7.34666
7.3587
7.34519
7.36654
7.3588
7.36174
7.35108
7.37303
7.36414
7.3677
7.35749
7.34122
7.35701
7.33725
7.35457
7.35043
7.36783
7.34868
7.34096
7.361
7.34213
7.3722
7.34887
7.36699
7.34695
7.36566
7.3526
7.37232
7.35707
7.37164
7.35773
7.37463
7.37157
7.37306
7.36412
7.38012
7.37618
7.37768
7.36682
7.35927
7.37865
7.36101
7.37482
7.36647
7.38864
7.3693
7.35819
7.37419
7.35593
7.38154
7.36638
7.3792
7.36512
7.3767
7.36414
7.37571
7.37048
7.38074
7.37144
7.37656
7.38065
7.38216
7.36914
7.38618
7.38302
7.3862
7.3694
7.37413
7.39701
7.37726
7.3908
7.37952
7.40403
7.38244
7.3724
7.38417
7.37407
7.38439
7.37651
7.38876
7.38374
7.38428
7.37783
7.3792
7.38121
7.38726
7.38339
7.38213
7.3847
7.38937
7.36948
7.38957
7.38573
7.39161
7.36986
7.38316
7.4094
7.38667
7.39937
7.38609
7.4127
7.3918
7.37969
7.391
7.39
7.38462
7.37958
7.39087
7.39251
7.38883
7.3876
7.3851
7.38876
7.3895
7.39075
7.38752
7.38505
7.39329
7.37012
7.38937
7.38471
7.39448
7.37153
7.38922
7.413
7.39556
7.40058
7.38984
7.41107
7.39599
7.38312
7.3868
7.38783
7.38557
7.38495
7.38281
7.3845
7.38997
7.39246
7.38925
7.39189
7.38958
7.39329
7.38973
7.3841
7.39514
7.37317
7.38803
7.38387
7.39512
7.37561
7.38806
7.40758
7.39455
7.39837
7.38678
7.40356
7.39316
7.3852
7.38025
7.38325
7.38785
7.38541
7.3807
7.38294
7.38826
7.39314
7.38922
7.39127
7.38651
7.39104
7.38806
7.38371
7.39406
7.37742
7.38667
7.38391
7.39187
7.37774
7.38618
7.39943
7.39083
7.39447
7.38634
7.39586
7.38903
7.38563
7.38245
7.3817
7.38969
7.38579
7.38419
7.38097
7.38451
7.38837
7.3862
7.38857
7.38303
7.38547
7.38384
7.38464
7.38956
7.37883
7.38484
7.38433
7.38775
7.37953
7.38583
7.39268
7.38697
7.38977
7.38504
7.38979
7.38531
7.38593
7.38534
7.38155
7.38899
7.38623
7.38518
7.38168
7.38217
7.3832
7.38179
7.38536
7.38165
7.38115
7.38032
7.38406
7.38604
7.38018
7.38658
7.38403
7.38413
7.38
7.38353
7.38759
7.3833
7.38445
7.38204
7.38559
7.3814
7.38623
7.38448
7.38174
7.38777
7.3865
7.38478
7.38304
7.38126
7.3796
7.3792
7.383
7.38079
7.379
7.37865
7.38455
7.38275
7.37889
7.39112
7.38702
7.38211
7.37915
7.38106
7.38343
7.37954
7.37993
7.37945
7.38079
7.37744
7.38639
7.38472
7.38397
7.38644
7.38598
7.3835
7.38359
7.38035
7.37841
7.37786
7.3816
7.37991
7.3781
7.37713
7.39045
7.38179
7.38034
7.39358
7.39265
7.38245
7.38299
7.37681
7.37803
7.37576
7.37634
7.37356
7.37549
7.37388
7.38502
7.38309
7.38341
7.38369
7.38415
7.38186
7.38331
7.37958
7.37752
7.37617
7.38036
7.37922
7.3774
7.37545
7.39131
7.38399
7.38444
7.38807
7.38862
7.38317
7.38521
7.3728
7.37466
7.37324
7.37467
7.37528
7.37628
7.37482
7.38349
7.38077
7.38294
7.38307
7.38266
7.38005
7.38182
7.37888
7.37748
7.37474
7.37988
7.37831
7.377
7.37378
7.38634
7.3813
7.38635
7.38365
7.3854
7.38092
7.38787
7.38182
7.37702
7.37687
7.38057
7.38621
7.37799
7.38126
7.38164
7.37973
7.38072
7.3837
7.38095
7.37959
7.38043
7.37754
7.37646
7.3732
7.37869
7.37663
7.37572
7.37244
7.38553
7.38211
7.38973
7.3855
7.38647
7.38645
7.39208
7.394
7.38057
7.38483
7.3891
7.40592
7.38552
7.39186
7.38077
7.37794
7.37969
7.38274
7.38034
7.37618
7.37927
7.37571
7.3748
7.37178
7.37663
7.37467
7.37353
7.37096
7.38759
7.3899
7.39135
7.38288
7.39219
7.38992
7.39097
7.40845
7.3905
7.39716
7.39844
7.40088
7.39371
7.39296
7.37931
7.37342
7.37842
7.37716
7.37794
7.372
7.37743
7.3736
7.37191
7.37049
7.37398
7.37244
7.37011
7.36988
7.39486
7.38723
7.38927
7.38796
7.3915
7.38521
7.38534
7.39118
7.391
7.38527
7.38503
7.37997
7.38584
7.37537
7.37621
7.37201
7.37572
7.37124
7.37435
7.37201
7.37307
7.37105
7.368
7.36898
7.36935
7.36932
7.36579
7.36808
7.38646
7.38273
7.38148
7.37988
7.37918
7.37864
7.37824
7.37002
7.37806
7.36602
7.36918
7.36344
7.36727
7.35727
7.3721
7.37202
7.36986
7.36875
7.36998
7.37145
7.36689
7.36763
7.36366
7.36688
7.36501
7.36634
7.36125
7.36597
7.37679
7.37359
7.37315
7.36981
7.37402
7.36914
7.36994
7.35904
7.35529
7.35004
7.35289
7.35596
7.34326
7.34379
7.36828
7.37068
7.36466
7.36981
7.36743
7.36951
7.36288
7.36455
7.35954
7.36497
7.3624
7.36236
7.35841
7.36329
7.37216
7.36592
7.36874
7.36524
7.37095
7.36432
7.36759
7.35339
7.33565
7.34052
7.34375
7.35193
7.33365
7.33905
7.36608
7.36955
7.36232
7.3712
7.36466
7.36898
7.362
7.36099
7.35741
7.36307
7.36025
7.35911
7.35716
7.36291
7.37074
7.3647
7.36681
7.36948
7.37036
7.36735
7.36619
7.35294
7.33611
7.34
7.34649
7.35542
7.34225
7.34054
7.36248
7.36711
7.36046
7.37018
7.35722
7.36272
7.35577
7.35553
7.35487
7.35941
7.35052
7.34787
7.35092
7.35399
7.36943
7.37023
7.36533
7.37163
7.36661
7.3706
7.36293
7.35823
7.34874
7.34095
7.35991
7.36071
7.35323
7.34165
7.3473
7.35615
7.34816
7.35101
7.33183
7.34583
7.3371
7.33763
7.34502
7.34714
7.32167
7.32437
7.3362
7.33837
7.36248
7.36806
7.36075
7.36429
7.35649
7.36259
7.35716
7.3605
7.35479
7.33869
7.36439
7.35276
7.35216
7.33312
7.30852
7.33164
7.32276
7.31115
7.28005
7.31647
7.30727
7.30865
7.32571
7.32912
7.27159
7.29599
7.31634
7.32078
7.34708
7.35468
7.35059
7.34686
7.3351
7.34573
7.34233
7.34753
7.34434
7.33
7.35076
7.34189
7.33513
7.32382
7.25268
7.29811
7.29055
7.26401
7.23056
7.28222
7.27696
7.29
7.30607
7.31373
7.25821
7.28965
7.30204
7.3094
7.32108
7.33464
7.33118
7.31948
7.30367
7.32125
7.31654
7.33142
7.32403
7.31531
7.32487
7.31717
7.31038
7.3045
7.22356
7.26968
7.26421
7.24458
7.23399
7.25737
7.26116
7.29055
7.30095
7.30579
7.30258
7.29599
7.30188
7.30471
7.28431
7.30643
7.29927
7.28988
7.2672
7.29168
7.27988
7.29892
7.29419
7.28987
7.28452
7.2751
7.27752
7.26946
7.26575
7.25178
7.27148
7.25942
7.31526
7.25263
7.29171
7.30417
7.30192
7.30533
7.2973
7.30861
7.30378
7.30545
7.25638
7.27777
7.26209
7.27139
7.25135
7.26659
7.24985
7.24887
7.26279
7.24695
7.24712
7.23093
7.25189
7.22734
7.36297
7.25595
7.30605
7.29649
7.3808
7.26322
7.30676
7.30978
7.30578
7.30666
7.3167
7.30807
7.30936
7.30739
7.24841
7.25849
7.24497
7.26343
7.24643
7.25349
7.24377
7.22627
7.24562
7.2176
7.24694
7.23804
7.24465
7.22546
7.36009
7.2797
7.3001
7.36796
7.329
7.29623
7.29173
7.30449
7.31314
7.30832
7.33309
7.30123
7.3158
7.30712
7.24583
7.25414
7.24335
7.26457
7.24706
7.25497
7.2407
7.25148
7.24601
7.24116
7.2639
7.26231
7.24635
7.2639
7.3121
7.30482
7.29237
7.34813
7.31251
7.29481
7.29907
7.29855
7.31827
7.30637
7.33195
7.29737
7.31784
7.30552
7.24721
7.2578
7.23826
7.28166
7.24737
7.26689
7.24154
7.27548
7.25058
7.28849
7.2669
7.28305
7.26357
7.30295
7.31858
7.27736
7.30479
7.30242
7.32222
7.25462
7.31049
7.29673
7.31812
7.30605
7.32918
7.29539
7.31824
7.30641
7.25224
7.27891
7.25648
7.30046
7.27386
7.2891
7.27648
7.28453
7.27801
7.31545
7.28615
7.29444
7.29563
7.32099
7.32571
7.23688
7.31529
7.27133
7.32881
7.25503
7.32022
7.29251
7.31836
7.30597
7.32665
7.28796
7.31855
7.30344
7.30317
7.29973
7.29472
7.3108
7.32609
7.31405
7.3084
7.31315
7.31743
7.34179
7.32305
7.32606
7.3355
7.36262
7.33203
7.28873
7.32551
7.31522
7.33315
7.3132
7.33012
7.28526
7.31694
7.29991
7.32026
7.28097
7.31315
7.29499
7.33748
7.32306
7.31895
7.34949
7.3438
7.32956
7.3295
7.34211
7.34435
7.35295
7.33722
7.35886
7.33121
7.33978
7.3324
7.32697
7.33179
7.33435
7.33033
7.33235
7.328
7.27478
7.30712
7.28916
7.30538
7.26794
7.29897
7.2829
7.34513
7.32855
7.34311
7.36095
7.34747
7.32601
7.35824
7.35879
7.31094
7.34971
7.31368
7.37099
7.30088
7.36404
7.32737
7.33294
7.32365
7.33519
7.32239
7.32792
7.31819
7.261
7.29062
7.27703
7.28287
7.25495
7.28181
7.27301
7.35075
7.33065
7.366
7.34498
7.3514
7.34443
7.36192
7.38775
7.303
7.36429
7.35978
7.38583
7.3191
7.36288
7.31414
7.32081
7.31172
7.32827
7.30344
7.31419
7.30458
7.24978
7.2733
7.26927
7.25931
7.24369
7.26692
7.26996
7.35119
7.34552
7.36041
7.31565
7.35052
7.34764
7.36103
7.38578
7.35671
7.3712
7.38704
7.38518
7.39012
7.3818
7.29224
7.30969
7.29935
7.31733
7.28149
7.30642
7.29455
7.24021
7.26111
7.27001
7.24466
7.23922
7.25877
7.27196
7.35346
7.36509
7.36445
7.35453
7.35616
7.38242
7.36709
7.38428
7.40719
7.38899
7.40327
7.38236
7.41015
7.39086
7.27352
7.30335
7.29199
7.30164
7.26726
7.30058
7.29006
7.23899
7.25756
7.26967
7.23928
7.23991
7.2578
7.26875
7.35758
7.39265
7.36852
7.38069
7.35635
7.39373
7.36652
7.37905
7.4067
7.38989
7.3925
7.37487
7.40063
7.38696
7.25912
7.29646
7.28865
7.28715
7.25353
7.29289
7.28842
7.24043
7.25966
7.26969
7.23328
7.23944
7.26319
7.2738
7.35188
7.38836
7.3623
7.37534
7.34446
7.37954
7.35515
7.37092
7.39304
7.38351
7.3783
7.36644
7.38749
7.37932
7.25187
7.29217
7.29011
7.27756
7.25535
7.29254
7.29597
7.24318
7.27024
7.28189
7.24672
7.24998
7.28091
7.28645
7.33833
7.36777
7.34733
7.35399
7.33254
7.3549
7.33982
7.36188
7.3832
7.37753
7.35903
7.35463
7.37872
7.37509
7.2632
7.29508
7.30086
7.28196
7.27846
7.30053
7.30304
7.25758
7.28504
7.28159
7.26918
7.26217
7.28318
7.26879
7.32657
7.3405
7.33335
7.33257
7.32057
7.32422
7.32482
7.34666
7.37158
7.37278
7.333
7.34026
7.36393
7.37114
7.2891
7.3018
7.30282
7.29565
7.2928
7.30138
7.29555
7.26149
7.27744
7.24879
7.27446
7.25732
7.26737
7.2267
7.3124
7.30964
7.31386
7.30976
7.30438
7.29919
7.30317
7.33131
7.35899
7.36456
7.32082
7.32435
7.35304
7.35351
7.29306
7.30243
7.28842
7.30723
7.29353
7.30106
7.28348
7.24914
7.25937
7.20968
7.26822
7.24149
7.25279
7.19676
7.29422
7.29281
7.29011
7.29486
7.28417
7.28563
7.27644
7.30745
7.32794
7.3326
7.29147
7.26566
7.26754
7.27787
7.29774
7.30164
7.28269
7.32056
7.30831
7.30742
7.28451
7.23896
7.25003
7.19039
7.28097
7.24667
7.25351
7.19581
7.27758
7.27882
7.25738
7.30841
7.27812
7.28084
7.23924
7.20523
7.17138
7.18986
7.21817
7.14479
7.08672
7.0969
7.32544
7.32073
7.2937
7.35539
7.35019
7.3379
7.3117
7.26503
7.26314
7.20882
7.33193
7.29736
7.28089
7.22734
7.28405
7.29854
7.24209
7.38265
7.30291
7.34843
7.27519
7.11967
7.07355
7.08085
7.23914
7.14076
7.13867
7.14657
7.38256
7.35613
7.33406
7.41739
7.4228
7.37886
7.37161
7.3468
7.30911
7.25667
7.42582
7.40577
7.35332
7.31485
7.33243
7.41315
7.32268
7.51263
7.37258
7.49857
7.40123
7.22071
7.24798
7.21502
7.44956
7.36219
7.35988
7.29666
7.46641
7.39617
7.40153
7.48505
7.50639
7.40539
7.4257
7.47066
7.39562
7.37674
7.52934
7.52583
7.43603
7.4337
7.34476
7.52014
7.40548
7.37568
7.2033
7.47286
7.32664
7.41339
7.43296
7.35152
7.48704
7.37324
7.45615
7.36199
7.52826
7.40381
7.44265
7.56056
7.55522
7.42877
7.46146
7.54576
7.45883
7.46441
7.55271
7.53537
7.47586
7.48187
7.10383
7.41802
7.20126
7.27113
7.08978
7.39859
7.18123
7.35136
7.47104
7.38287
7.46482
7.3475
7.47544
7.39853
7.60484
7.46835
7.49255
7.63587
7.61408
7.50507
7.52049
7.53613
7.49508
7.48761
7.5471
7.52291
7.51911
7.49878
7.27007
7.40617
7.29336
7.39264
7.37672
7.41883
7.36553
7.37868
7.47539
7.41624
7.46241
7.39441
7.46379
7.41489
7.56991
7.51983
7.52574
7.57845
7.55309
7.51926
7.51405
7.51513
7.53961
7.50581
7.52863
7.51684
7.525
7.49493
7.43301
7.42659
7.39642
7.4524
7.43445
7.42913
7.40622
7.39012
7.44305
7.40194
7.43014
7.38247
7.4147
7.38082
7.53289
7.50774
7.49689
7.52857
7.51951
7.48887
7.47065
7.51135
7.51026
7.4874
7.51288
7.50755
7.48179
7.47464
7.42556
7.41347
7.38725
7.43352
7.40399
7.39279
7.37273
7.35397
7.38245
7.34146
7.37722
7.34081
7.34731
7.31554
7.50739
7.47195
7.45448
7.49859
7.50021
7.45627
7.44612
7.50508
7.47543
7.48052
7.50344
7.50605
7.47222
7.48364
7.38598
7.37294
7.36059
7.39332
7.37512
7.36073
7.35542
7.33121
7.32586
7.3057
7.35432
7.33123
7.31686
7.31984
7.49645
7.45361
7.45254
7.48264
7.49564
7.45603
7.45863
7.51044
7.47703
7.49174
7.50259
7.51304
7.47993
7.49391
7.37365
7.35288
7.3545
7.35859
7.37479
7.34205
7.35921
7.33702
7.32958
7.34415
7.36185
7.35592
7.34884
7.37126
7.50014
7.46344
7.47102
7.48559
7.50347
7.46978
7.4767
7.51877
7.48704
7.49962
7.51083
7.52205
7.49108
7.50307
7.37483
7.33399
7.36511
7.34278
7.37252
7.34041
7.37772
7.37745
7.37175
7.3957
7.38502
7.39414
7.39428
7.41323
7.50273
7.4574
7.48112
7.48925
7.50535
7.46061
7.48162
7.52315
7.49327
7.49938
7.5115
7.52845
7.49658
7.50331
7.38709
7.37455
7.39634
7.40296
7.41443
7.40546
7.41911
7.4547
7.42774
7.44004
7.4435
7.45832
7.44166
7.45177
7.4856
7.4662
7.47478
7.48423
7.48811
7.47399
7.47882
7.51969
7.49335
7.51074
7.50745
7.52569
7.49895
7.51687
7.41652
7.41799
7.43427
7.42299
7.43107
7.4371
7.44925
7.44792
7.44465
7.4574
7.44604
7.45574
7.45819
7.4657
7.47166
7.46887
7.48062
7.46846
7.47457
7.47459
7.48382
7.50798
7.49629
7.51088
7.49609
7.51316
7.5071
7.52034
7.48973
7.48901
7.49904
7.48933
7.4958
7.51236
7.51822
7.509
7.49965
7.51359
7.49753
7.50762
7.52064
7.53221
)
;

boundaryField
{
    fbOut
    {
        type            fixedValue;
        value           uniform 0;
    }
    CAD_patch1
    {
        type            zeroGradient;
    }
    fbGasin
    {
        type            zeroGradient;
    }
    CAD_patch3
    {
        type            zeroGradient;
    }
    fbBioin
    {
        type            zeroGradient;
    }
}


// ************************************************************************* //
