/*--------------------------------*- C++ -*----------------------------------*\
| =========                 |                                                 |
| \\      /  F ield         | OpenFOAM: The Open Source CFD Toolbox           |
|  \\    /   O peration     | Version:  5.x                                   |
|   \\  /    A nd           | Web:      www.OpenFOAM.org                      |
|    \\/     M anipulation  |                                                 |
\*---------------------------------------------------------------------------*/
FoamFile
{
    version     2.0;
    format      ascii;
    class       volScalarField;
    location    "8.05";
    object      p;
}
// * * * * * * * * * * * * * * * * * * * * * * * * * * * * * * * * * * * * * //

dimensions      [0 2 -2 0 0 0 0];

internalField   nonuniform List<scalar> 
10571
(
100.673
137.914
120.109
99.0745
108.547
82.5441
98.0848
116.802
113.531
128.883
103.986
97.3735
122.325
147.472
167.976
198.035
75.108
130.234
148.812
163.832
179.704
52.6613
72.4739
134.578
77.7894
64.8568
73.2902
75.4971
90.6833
64.5176
53.2057
62.2038
90.7562
98.7066
20.3501
43.2342
31.8377
29.2982
56.9978
98.1614
16.2606
16.1228
13.9382
79.6817
99.227
16.9087
16.7761
25.8728
51.9788
25.1827
41.4466
55.1596
57.5392
24.3147
30.3425
39.6156
55.2502
74.7965
17.7641
17.2095
17.6273
16.8667
21.5459
33.0745
16.8299
18.2646
19.9235
18.7344
33.8236
17.3947
17.8737
16.8593
47.1694
23.7489
28.3552
43.9433
46.9454
18.4414
22.2666
26.8429
24.8313
41.7168
16.0131
14.995
14.8711
15.7575
15.5741
19.2979
16.0662
16.5263
18.6426
15.9617
15.3416
16.6634
17.0556
16.2248
39.7648
18.3466
24.6869
37.0184
35.0722
14.2103
17.2039
15.0316
14.2199
16.0615
14.9027
14.2335
13.971
14.3779
14.4562
14.4239
15.2538
15.1354
16.3139
15.0174
14.6983
15.8602
15.5145
15.5581
25.9957
13.3421
17.1045
33.5676
14.3865
13.3376
12.9461
12.7658
13.4755
13.7869
13.698
13.9565
13.6629
13.81
13.864
13.7664
13.8606
13.7091
14.5467
14.2275
13.9661
14.4261
14.2234
14.9557
14.1568
14.1212
13.6117
13.2789
13.3683
13.1567
13.7747
13.1576
13.2223
13.5021
13.6248
13.6757
13.6909
13.7178
13.3779
13.7077
13.694
13.4508
13.8565
13.7078
14.0499
13.7705
13.2843
13.3007
14.3866
13.7015
14.3212
13.6643
13.3756
13.6061
13.1918
13.4633
13.5704
13.6137
12.95
13.2997
13.4359
13.5887
13.5957
13.6516
13.7115
13.4275
13.5401
13.5525
13.4616
13.496
13.6543
13.7698
13.6371
13.3875
13.3152
13.2246
13.7775
13.9869
13.4893
13.3447
13.598
13.3005
13.5171
13.5756
13.5955
13.1235
13.3637
13.4823
13.6227
13.6234
13.6541
13.6023
13.4723
13.4437
13.4555
13.4733
13.5402
13.5844
13.6667
13.5929
13.2622
13.2523
13.3679
13.8675
13.4391
13.2724
13.6256
13.5414
13.6012
13.6034
13.6233
13.3059
13.4315
13.5307
13.6839
13.6693
13.6122
13.4161
13.4323
13.4263
13.4746
13.6456
13.6898
13.5876
13.1748
13.2074
13.5035
13.8405
13.3741
13.2536
13.6849
13.781
13.683
13.662
13.6868
13.5639
13.5161
13.5605
13.7389
13.7337
13.8748
13.507
13.4802
13.4617
13.5184
13.7172
13.8746
13.7093
13.2901
13.3246
13.6406
13.9533
13.479
13.4046
13.7427
13.8883
13.7585
13.7174
13.7615
13.7817
13.6048
13.6172
13.7757
13.7887
14.0608
13.7125
13.5736
13.59
13.5951
13.7918
14.1103
13.8012
13.5629
13.573
13.7768
14.1255
13.8587
13.7658
13.7947
13.927
13.8192
13.7635
13.8169
13.8483
13.6805
13.7293
13.7981
13.8275
14.0576
13.8455
13.6948
13.7083
13.708
13.8549
14.3017
13.9322
13.8024
13.7791
13.8756
14.4434
14.2455
14.0573
13.8439
13.9668
13.8713
13.7948
13.8517
13.8786
13.721
13.8264
13.8174
13.8654
13.9754
13.8761
13.7728
13.7689
13.7961
13.8988
14.0367
13.8438
13.8266
13.8837
13.9347
14.254
14.2611
14.0777
13.9086
13.9993
13.9103
13.8454
13.8879
13.9319
13.7526
13.8882
13.8431
13.9035
13.9074
13.8671
13.7787
13.8214
13.8402
13.9276
13.9028
13.8107
13.8532
13.9199
13.965
14.0175
14.0486
14.012
13.9815
13.9875
13.9442
13.9309
13.9376
13.9159
13.8098
13.9382
13.8756
13.9403
13.8702
13.7796
13.7954
13.8378
13.8582
13.9543
13.9005
14.0664
13.9251
13.9365
13.9863
13.9138
13.9466
14.0026
14.0291
14.0009
13.9885
13.9922
13.976
13.8808
13.901
13.9994
13.912
13.9832
13.8377
13.705
13.7583
13.9041
13.8933
13.9854
13.826
14.2241
13.9353
13.9584
13.9998
13.99
13.9529
14.0181
14.0634
14.0712
14.0468
14.0284
14.0003
13.9858
14.0134
14.012
13.9556
14.0095
13.9567
13.8269
13.9762
13.9921
13.963
14.0112
13.8135
14.1167
13.9583
13.9561
14.0029
14.0363
13.9812
14.0175
14.0785
14.1416
14.0914
14.0484
14.0098
14.1141
14.1021
13.9949
13.9565
14.0016
14.1085
14.0506
14.2033
14.0341
13.9946
14.0021
13.8725
14.0322
13.9692
13.958
13.9982
14.044
14
13.999
14.068
14.1316
14.0869
14.0371
14.0061
14.1104
14.0646
13.9661
13.9436
13.9864
14.0962
14.0829
14.2209
14.0087
13.9957
13.9806
13.9777
14.0287
13.9554
13.958
13.9869
14.042
14.0105
13.9803
14.0431
14.0889
14.05
14.0077
13.9989
14.0849
14.0205
13.9702
13.9636
13.9911
14.0917
14.0426
14.1323
14.0063
14.0202
14.0068
14.0581
14.0222
13.9568
13.9679
13.9872
14.034
14.0146
13.9769
14.0264
14.0521
14.0241
14.0184
13.9956
14.0764
13.9888
13.9907
13.9921
14.0063
14.111
14.0668
14.0805
14.0226
14.0414
14.0122
14.0536
14.0042
13.9749
13.9845
13.9941
14.0132
14.0127
13.9838
14.0223
14.0309
14.01
14.0325
13.992
14.0804
13.9868
14.0045
13.9924
14.0185
14.0989
14.0778
14.0531
14.0194
14.0502
13.9837
14.015
13.9843
13.9976
14.002
14.011
13.9885
14.0017
13.9921
14.0158
14.0006
13.9939
14.0138
13.977
14.0178
13.982
13.9917
13.9752
14.0092
14.0313
14.0328
14.0154
13.9937
14.0218
13.9958
13.9609
13.9454
14.0051
14.0025
14.0312
13.9468
13.9707
13.9865
13.9991
13.9686
13.9711
13.9776
13.954
13.9696
13.966
13.9565
13.9471
13.9823
13.9707
13.9734
13.9715
13.9475
13.9611
13.9767
13.917
13.8935
13.9768
13.965
13.9835
13.8924
13.9207
13.9534
13.9681
13.9342
13.946
13.9366
13.9281
13.9212
13.9292
13.9126
13.915
13.9445
13.9187
13.9185
13.9343
13.9028
13.9232
13.942
13.8922
13.8372
13.9359
13.9516
13.9468
13.8371
13.8638
13.9311
13.9346
13.8879
13.9162
13.9057
13.9014
13.8654
13.8906
13.8638
13.8858
13.9121
13.8648
13.8642
13.9121
13.8678
13.8845
13.9126
13.8878
13.7856
13.877
13.9291
13.9255
13.8312
13.8323
13.9014
13.9041
13.8334
13.885
13.8814
13.8844
13.7993
13.8511
13.8239
13.8698
13.9051
13.8128
13.8116
13.8974
13.8472
13.8483
13.8953
13.9015
13.7737
13.8295
13.895
13.9093
13.8785
13.8566
13.8462
13.8822
13.8171
13.8634
13.8602
13.8886
13.762
13.812
13.8352
13.8761
13.916
13.7767
13.7707
13.8926
13.8649
13.8483
13.8911
13.9291
13.8695
13.8403
13.8661
13.9035
13.9821
13.9309
13.8583
13.8773
13.8329
13.8521
13.8425
13.9095
13.7702
13.8028
13.8658
13.9004
13.9154
13.7715
13.7551
13.8856
13.9068
13.8884
13.9048
13.9479
13.9507
13.9163
13.872
13.9178
14.028
14.0267
13.9231
13.9285
13.869
13.8457
13.8656
13.922
13.7898
13.8095
13.9005
13.9283
13.917
13.804
13.7715
13.8757
13.9358
13.9239
13.9258
13.9646
13.9707
13.9694
13.9131
13.9437
14.03
14.0782
13.9847
13.9656
13.9229
13.8698
13.9264
13.962
13.8441
13.8314
13.9423
13.9575
13.9017
13.8922
13.8324
13.8785
13.9561
13.9426
13.9476
13.9939
13.9831
14.0064
13.9501
13.9554
14.0211
14.036
14.0035
13.9992
14.097
13.9853
13.9661
13.9867
13.9774
13.9115
13.9766
13.9666
13.9416
14.0151
13.9431
13.9296
13.9737
13.9649
13.9714
14.0356
14.008
14.0111
13.9511
13.9687
14.0249
14.0198
14.0158
14.0509
14.1327
14.0851
14.0165
13.9888
14.1062
13.9874
13.9956
13.9905
14.0065
14.0987
14.0595
13.9998
13.995
13.996
13.9951
14.0705
14.033
14.0097
13.9589
13.9961
14.0414
14.0289
14.0395
14.0439
14.1198
14.0424
14.0141
14.0025
14.127
14.0465
14.0187
13.9966
14.0723
14.1124
14.1019
14.047
14.025
14.0256
14.0067
14.0841
14.0506
14.0003
13.948
13.9974
14.0595
14.0332
14.0306
14.0409
14.0679
13.9939
14.0234
14.0392
14.0726
14.0623
14.0386
14.0037
14.0594
14.1064
14.0864
14.0615
14.0486
14.0272
14.0208
14.0844
14.0611
14.0177
13.9145
13.9916
14.0754
14.0379
13.9771
14.052
14.044
14.0174
14.0507
14.0701
14.0377
14.0346
14.0526
14.0258
14.0426
14.1012
14.08
14.0601
14.0595
14.0298
14.0538
14.083
14.0732
14.0455
14.0035
14.0505
14.0897
14.0569
14.0073
14.0667
14.0676
14.0539
14.0678
14.0881
14.0536
14.032
14.0598
14.0454
14.0756
14.1014
14.0811
14.0617
14.0628
14.0489
14.0592
14.0825
14.0834
14.0678
14.0567
14.0511
14.1019
14.0786
14.0545
14.0968
14.0905
14.0787
14.1004
14.1194
14.0725
14.0567
14.0613
14.0432
14.0867
14.1011
14.0844
14.07
14.0721
14.0589
14.0646
14.0816
14.0849
14.0745
14.0643
14.0648
14.1074
14.0896
14.0746
14.0941
14.0938
14.0835
14.0938
14.1184
14.0712
14.0374
14.0316
14.0129
14.0308
14.0916
14.0735
14.0532
14.0688
14.0544
14.0569
14.076
14.0726
14.0659
14.0593
14.0681
14.0996
14.0884
14.0778
14.0621
14.0869
14.0704
14.0598
14.0574
14.0545
14.0072
14.0003
13.9656
13.9706
14.0713
14.0475
14.0258
14.0595
14.0396
14.0383
14.0648
14.0544
14.0526
14.0487
14.0596
14.0813
14.0776
14.0717
14.0234
14.0751
14.0472
14.0246
14.0078
14.0454
13.9883
13.9959
13.9607
13.9448
14.0421
14.0149
14.0078
14.0465
14.0351
14.0295
14.0494
14.037
14.0431
14.0386
14.0473
14.0624
14.0636
14.0612
13.988
14.0547
14.0149
13.9884
13.9967
14.0363
13.9809
13.9963
13.9917
13.9706
14.0101
13.9813
14.0046
14.0367
14.0368
14.0262
14.0349
14.0234
14.0347
14.0376
14.0403
14.0478
14.0473
14.0491
13.957
14.0267
13.9753
13.9527
13.9977
14.003
13.9713
13.9941
14.0239
14.0103
13.9817
13.9546
14.016
14.0214
14.0347
14.025
14.0208
14.0125
14.0203
14.0344
14.036
14.0355
14.0298
14.0381
13.9331
13.9947
13.9299
13.9256
13.9935
13.9574
13.9481
13.9873
14.0377
14.025
13.9639
13.9448
14.0313
14.0016
14.0306
14.0209
14.0078
14.0007
14.0121
14.0268
14.0296
14.0228
14.0129
14.026
13.9299
13.9599
13.8975
13.9211
13.9865
13.9246
13.9191
13.9738
14.0185
14.0246
13.9564
13.9467
14.0232
13.9934
14.0196
14.0121
13.9944
13.9843
14.0119
14.0152
14.0205
14.0087
14.0038
14.0135
13.9438
13.9359
13.8929
13.9249
13.9821
13.9173
13.8904
13.9599
13.9969
14.0158
13.9539
13.9512
13.9961
13.9876
14.0072
14.003
13.9801
13.9657
14.0086
14.0013
14.0082
13.9933
13.9997
14.0018
13.9598
13.9414
13.9096
13.936
13.9842
13.9286
13.875
13.9526
13.9861
14.0058
13.9518
13.9524
13.9548
13.9774
13.9945
13.9928
13.972
13.9641
14
13.9773
13.9915
13.9791
13.9985
13.9855
13.9785
13.9599
13.9413
13.9615
13.9921
13.9429
13.8779
13.9559
13.9818
14.0009
13.9543
13.9546
13.9328
13.9672
13.9822
13.9799
13.967
13.9622
13.9837
13.9516
13.9712
13.9667
13.9885
13.9678
14.0011
13.9904
13.9819
13.9899
13.9981
13.9653
13.8928
13.9673
13.9769
13.997
13.9657
13.9629
13.935
13.9658
13.9844
13.9736
13.9661
13.952
13.9618
13.955
13.9629
13.9623
13.9761
13.9755
14.0184
14.027
14.0246
14.012
13.9967
14.0057
13.9281
13.9824
13.9718
13.9979
13.9915
13.9845
13.9516
13.9743
13.9908
13.9776
13.9771
13.9507
13.9607
13.9786
13.9777
13.9693
13.9718
13.987
14.0251
14.0601
14.0477
14.0241
13.9872
14.0388
13.9738
13.9931
13.9573
13.994
14.0184
14.0087
13.9626
13.9854
13.9963
13.9869
13.9964
13.9692
13.9828
14.0017
14.003
13.9856
13.9898
14.0106
14.0245
14.0666
14.048
14.0274
13.9725
14.0569
14.0061
13.9969
13.9327
13.9829
14.0354
14.0235
13.9669
13.993
13.9947
13.991
14.012
14.0026
14.0058
14.0186
14.0192
14.0198
14.0235
14.0342
14.0217
14.065
14.0451
14.0227
13.9657
14.0702
14.0302
13.999
13.9102
13.9695
14.053
14.0384
13.9724
13.9968
13.9798
13.9817
14.0246
14.0074
14.0165
14.0119
14.0164
14.0357
14.0382
14.0356
14.0212
14.0647
14.0446
14.0189
13.9788
14.0752
14.0456
13.992
13.9005
13.9595
14.0748
14.0541
13.9774
13.9937
13.959
13.9651
14.0336
13.9982
14.0241
14.0018
14.0079
14.031
14.0397
14.039
14.0228
14.0684
14.0466
14.0196
14.0018
14.0789
14.0507
13.9815
13.9079
13.9532
14.1041
14.0808
13.9928
13.9818
13.9275
13.9475
14.0374
13.9857
14.0144
13.9832
13.991
14.0226
14.0359
14.0371
14.0233
14.0719
14.0473
14.019
14.0205
14.0842
14.041
13.9717
13.9052
13.9553
14.1378
14.1228
14.0161
13.96
13.8883
13.9266
14.0525
13.9749
13.9992
13.9578
13.9641
14.0176
14.0322
14.022
14.0213
14.0725
14.0453
14.0143
14.0155
14.09
14.0197
13.9672
13.9133
13.9719
14.1548
14.1357
14.0145
13.9329
13.8497
13.8894
14.0838
13.9821
13.9832
13.9272
13.9217
14.0278
14.0278
14.0003
14.0183
14.0806
14.0441
14.0058
13.9937
14.0942
14.0104
13.9547
13.884
13.9407
14.1437
14.1129
14.0054
13.9016
13.7956
13.8298
14.1049
14.0131
13.9805
13.899
13.8638
14.0517
14.0298
13.9843
14.018
14.0843
14.0431
13.996
13.9616
14.0908
14.013
13.9309
13.7809
13.8163
14.1055
14.074
13.9894
13.8768
13.7294
13.6677
14.1065
14.0606
13.9916
13.8693
13.7725
14.1045
14.0479
13.9813
14.0255
14.0793
14.0523
13.9928
13.9272
14.0458
14.0103
13.8797
13.6038
13.5482
14.0403
14.0015
13.9785
13.8765
13.6169
13.2463
14.1146
14.1508
14.0319
13.847
13.6057
14.1833
14.1024
14.0039
14.0454
14.0755
14.0728
14.0022
13.8945
14.0147
14.0161
13.8298
13.3158
12.7955
13.9493
13.9136
14.0017
13.8675
13.4249
12.2611
14.1482
14.285
14.1093
13.8153
13.2617
14.3205
14.2071
14.0565
14.0746
14.0943
14.096
14.0189
13.8648
14.0084
14.0238
13.779
13.0707
11.0013
13.9482
13.9187
14.0576
13.876
13.321
10.7498
-9.00724
14.2923
14.4923
14.2489
13.831
12.4739
14.5617
14.3729
14.1728
14.1176
14.1568
14.1329
14.047
13.8501
14.0979
14.0609
13.7995
12.976
9.34653
0.503959
14.1261
14.1073
14.1665
14.0163
13.4113
10.796
1.17066
14.4675
14.6279
14.3992
13.9355
11.3825
14.816
14.5469
14.3351
14.165
14.246
14.1962
14.0906
13.866
14.2385
14.1373
13.9176
13.2337
10.2842
2.48871
14.3139
14.2642
14.2134
14.2139
13.6409
10.969
3.29061
14.5131
14.5989
14.4927
14.1982
12.0311
3.91272
14.802
14.6695
14.5567
14.2434
14.3548
14.2765
14.1766
14.0855
14.3711
14.2052
13.9623
13.5683
11.3557
3.52047
14.4238
14.3444
14.1635
14.2602
13.9012
11.3452
2.04228
14.3701
14.4005
14.4646
14.3251
12.3821
14.5843
14.7134
14.6244
14.3676
14.4466
14.3655
14.3225
14.4023
14.5022
14.25
13.9736
13.8942
13.0585
14.5292
14.403
14.0651
14.024
13.974
11.8443
-5.69076
14.0385
14.1419
14.3322
14.3152
13.5099
14.396
14.53
14.5394
14.4644
14.5082
14.4402
14.4335
14.4662
14.589
14.3316
14.1612
14.1442
14.0606
14.6367
14.4346
13.9856
14.025
14.1312
13.5561
13.7347
14.0308
14.3335
14.3451
14.1599
14.2951
14.4241
14.473
14.5092
14.5275
14.4808
14.4818
14.4952
14.5938
14.4119
14.3242
14.3484
14.4661
14.6367
14.4945
14.2635
14.2123
14.3198
14.272
14.1549
14.2266
14.4075
14.4304
14.4275
14.3505
14.4482
14.5034
14.5271
14.5048
14.4887
14.5063
14.5333
14.5733
14.4965
14.4677
14.5084
14.5943
14.5972
14.5665
14.4721
14.3975
14.466
14.514
14.5335
14.4262
14.4695
14.5142
14.5462
14.4909
14.5084
14.5601
14.5121
14.5344
14.4929
14.5
14.5564
14.5719
14.5275
14.4915
14.5502
14.6151
14.6283
14.6002
14.5767
14.4939
14.5266
14.5828
14.6139
14.5019
14.5027
14.5618
14.5752
14.5741
14.5357
14.5912
14.4974
14.5632
14.5113
14.4838
14.5654
14.5649
14.5116
14.508
14.5704
14.6124
14.6233
14.5669
14.5148
14.5215
14.5667
14.5919
14.6005
14.4795
14.5092
14.5823
14.588
14.5641
14.5543
14.5989
14.5552
14.5976
14.5448
14.5262
14.5833
14.5612
14.5032
14.5468
14.5888
14.6138
14.5928
14.525
14.4836
14.5342
14.5811
14.5968
14.5458
14.4718
14.535
14.5852
14.5989
14.5547
14.5734
14.6029
14.616
14.6304
14.5876
14.57
14.6063
14.5596
14.5282
14.5441
14.5882
14.6247
14.5475
14.467
14.4753
14.5316
14.5828
14.609
14.4775
14.4772
14.5428
14.5894
14.6115
14.561
14.5979
14.6098
14.6452
14.6472
14.6149
14.591
14.6177
14.5748
14.5437
14.5555
14.5948
14.6303
14.5298
14.4407
14.4865
14.5365
14.5869
14.6219
14.4653
14.5071
14.5577
14.5943
14.6257
14.6308
14.6268
14.624
155.423
112.054
136.868
120.001
112.171
119.779
121.458
122.59
183.131
182.48
181.566
198.218
200.603
171.931
127.714
189.607
147.778
110.566
113.817
134.274
128.868
118.349
120.161
121.286
127.29
140.323
152.955
133.59
126.014
120.057
138.103
108.018
111.633
165.61
168.278
130.608
142.131
156.233
157.874
151.666
164.994
149.479
148.42
181.982
206.599
183.988
231.358
228.637
149.709
158.474
169.617
136.19
134.798
165.966
160.146
146.855
156.317
160.962
165.699
163.207
171.931
170.306
176.49
183.659
210.415
180.723
201.49
246.196
238.064
231.845
151.438
159.315
166.307
134.413
148.2
166.876
169.568
156.555
158.773
171.536
175.932
166.039
172.146
172.051
199.578
180.972
192.97
214.217
129.002
138.636
143.074
125.199
151.131
154.992
128.299
164.227
120.474
100.425
99.1131
109.499
101.893
95.6683
98.4375
95.4628
103.045
107.688
95.0215
92.0405
95.5878
108.28
101.302
117.882
76.2048
135.544
117.712
111.035
98.4872
100.168
78.7277
70.0693
107.9
104.832
108.617
105.59
106.976
98.7516
103.392
112.082
103.16
97.8291
95.0392
93.9103
69.7445
70.888
74.6483
168.313
174.064
109.644
129.076
130.333
107.046
105.493
56.572
57.5827
31.923
190.101
190.223
143.8
139.075
145.151
78.7965
20.4809
104.163
55.7044
60.1834
22.443
32.7003
18.4719
18.9827
171.453
156.259
164.549
147.011
147.439
117.482
130.788
145.074
50.3532
17.5204
57.7975
46.5305
17.3721
18.0162
16.7923
105.518
52.4925
19.2225
28.1367
17.219
79.5871
83.1053
60.6038
86.9459
87.1522
85.1787
68.4399
70.4907
69.5311
73.6733
64.4542
57.5334
58.0314
55.0571
76.0677
59.767
40.4605
24.1952
69.9604
53.8386
54.0041
35.7137
46.9813
29.9711
40.479
98.3343
91.6616
97.1864
68.374
83.3054
82.6244
91.0433
97.6103
92.5406
37.8043
27.5066
36.5578
21.9764
19.1722
19.8254
102.588
100.596
88.8581
80.2404
78.3614
22.1267
16.4974
17.6978
17.345
17.0068
98.2301
98.233
64.3407
67.6694
62.9515
16.1316
17.5241
17.6554
17.0423
16.9017
17.2392
16.8869
17.7466
17.7731
97.0613
50.9516
80.8023
32.7831
54.7946
22.7581
44.2484
60.922
17.0384
17.7311
16.9156
17.1923
17.7234
17.7509
17.5951
15.359
16.9323
18.021
18.293
17.8565
16.8711
37.6099
31.6934
51.7397
48.2847
53.0127
47.2908
39.7474
46.792
52.1833
53.1455
49.7297
49.4532
50.4354
55.7502
52.7255
22.233
21.7408
31.2759
23.6262
31.3417
24.5073
26.593
23.6427
28.0176
66.0234
70.6784
82.1257
52.6088
56.1098
58.8177
68.9843
83.6837
68.7364
20.2501
19.4688
18.2829
18.7955
18.0631
17.018
58.4388
56.6058
57.4758
38.208
36.7502
17.1081
16.7753
16.8975
16.4319
16.3086
39.9135
35.7253
22.5806
25.2673
19.4377
16.9491
16.5061
16.643
17.0587
17.2418
16.4254
16.4022
16.5642
16.6163
28.6374
17.2521
24.7013
16.0938
16.3063
16.0614
16.4417
17.7907
17.2258
16.8842
17.674
17.191
17.048
17.3351
17.4941
18.647
17.3668
17.5084
17.779
17.3324
16.503
30.389
28.4692
45.2826
37.0895
44.1355
41.9685
34.0475
40.9261
47.1417
47.361
43.9096
44.6055
43.2034
47.9072
43.112
18.7044
16.706
25.8556
21.2578
26.7533
21.8838
24.8655
17.9544
25.3633
47.3328
46.2651
50.2979
40.9016
37.9549
37.4259
34.3396
49.7251
32.7241
16.6212
16.6363
16.0243
15.7222
15.947
15.4921
27.0675
25.8625
28.2377
21.948
20.8686
15.8414
15.9545
15.4554
15.3461
15.5979
20.2149
16.1157
16.8589
17.7428
14.6304
16.1588
15.7866
16.1826
16.1388
16.1914
15.7066
15.7467
15.7831
15.7676
15.1004
15.5717
15.2997
15.5659
15.1145
15.286
15.4014
15.0058
16.5486
16.2646
16.7715
16.8369
16.3177
16.1867
16.3952
17.3081
17.1741
16.4663
17.0395
16.8301
15.9663
25.6348
20.4418
37.0651
29.4694
35.7652
30.9214
24.4621
29.8321
40.6928
37.5742
33.9841
34.9454
31.0381
36.4834
27.1487
15.2608
14.2191
23.2546
14.9543
22.9556
14.1072
17.4685
13.4198
15.3293
26.9464
29.3235
21.7341
25.7659
15.8103
16.9584
14.1182
17.9463
14.1193
15.066
15.2347
14.8065
14.3603
14.4033
14.0259
15.6989
15.0125
13.9487
13.9676
13.7986
14.7448
15.191
14.317
14.1729
14.8498
14.5788
13.9308
14.0003
13.8743
13.8542
15.3326
14.9462
15.0963
15.3735
15.3634
14.8597
14.5328
15.0373
14.9599
14.9116
15.0606
15.1266
14.704
14.6314
14.8173
14.876
14.4152
15.8343
15.4028
15.5829
15.7883
15.3931
15.0555
15.2043
16.1429
15.918
14.6767
14.7165
15.1249
14.9953
15.185
13.6298
23.5898
18.6615
22.9581
16.3174
13.8529
15.4365
27.2409
21.3626
16.7798
15.6172
13.9558
15.6603
13.7087
13.6121
13.3611
13.5283
13.3768
13.2196
13.365
13.4271
13.3414
13.5584
13.8215
13.8666
13.785
13.5971
13.6904
13.6844
13.7298
13.805
13.7371
13.7516
13.8302
13.5639
13.4549
13.5644
13.3482
13.7928
13.6516
13.8706
13.7112
13.7562
13.5993
13.7499
13.6895
13.7209
13.7097
13.7
13.7076
13.7059
13.7076
13.8681
14.5721
13.8177
13.7576
14.3151
13.8008
13.7961
13.593
13.8194
13.7616
13.9397
13.6664
13.727
13.6938
13.7328
13.7423
13.7447
13.7209
13.7872
14.621
14.3635
14.1502
14.7186
14.5968
14.275
13.8654
14.4429
14.2923
14.3705
14.5236
14.602
13.9138
14.3458
13.7718
14.5172
14.1998
14.9765
14.6139
14.6166
14.6783
14.5985
14.2832
14.3025
13.8268
14.487
13.8687
13.6981
14.0351
13.5443
13.4917
13.4673
13.5864
13.5424
13.5324
13.58
13.4842
13.5245
13.5601
13.6661
13.6106
13.6106
13.6723
13.7627
13.684
13.185
13.0272
13.4378
13.175
13.4377
13.1945
13.3999
13.0501
13.348
13.6843
13.6999
13.6516
13.6707
13.6431
13.613
13.6239
13.6735
13.7481
13.629
13.7191
13.6932
13.689
13.6682
13.6732
13.3119
13.436
13.2441
13.2133
13.3287
13.2276
13.7302
13.5383
13.724
13.6265
13.6996
13.5079
13.6417
13.6877
13.6989
13.6882
13.6688
13.6811
13.6832
13.6818
13.695
14.1221
13.697
13.6857
13.9731
13.7769
14.1569
13.7218
13.5297
13.6504
13.7701
13.6823
13.7028
13.714
13.7438
13.7003
13.701
13.7054
13.713
14.1777
14.0255
13.698
14.2051
14.0593
13.8839
13.6015
14.0235
13.9024
14.2779
13.1412
13.99
13.2196
13.4632
13.1774
13.2411
13.3897
13.9298
13.6865
13.759
13.8236
13.7823
14.3212
14.1113
14.0481
14.056
14.1228
13.9006
13.902
13.6107
13.768
13.5399
13.5345
13.6085
13.3516
13.4611
13.4755
13.572
13.5267
13.5556
13.5624
13.5229
13.5509
13.6111
13.6474
13.5963
13.601
13.6234
13.6225
13.5889
13.0155
13.1274
13.404
13.0019
13.3357
13.2212
13.4332
13.0021
13.3637
13.6196
13.5822
13.6165
13.5852
13.6036
13.5702
13.6145
13.6199
13.7025
13.6075
13.6976
13.6669
13.6644
13.6633
13.6614
13.1861
13.4291
13.3164
13.2801
13.5439
13.4291
13.6817
13.529
13.5979
13.6097
13.6846
13.5758
13.6057
13.6574
13.6354
13.6566
13.6456
13.663
13.6049
13.6431
13.6953
13.8333
13.6617
13.6605
13.7261
13.6062
13.4643
13.5854
13.544
13.5998
13.5642
13.5927
13.6727
13.6749
13.6923
13.6319
13.6665
13.6429
13.6866
13.9027
13.8182
13.5428
13.9001
13.8012
13.7025
13.5274
13.8384
13.7546
13.1951
13.244
13.2224
13.3284
13.383
13.2178
13.2795
13.6363
13.3869
13.6081
13.759
13.6838
13.7367
13.9705
13.8806
13.8117
13.8081
13.9067
13.7627
13.7476
13.4888
13.5163
13.4549
13.4448
13.4643
13.3169
13.51
13.5539
13.5776
13.5455
13.5751
13.5988
13.5766
13.5955
13.602
13.612
13.6094
13.6104
13.6148
13.6044
13.6185
13.2518
13.3844
13.472
13.1061
13.3936
13.4139
13.5238
13.2546
13.4295
13.6017
13.5809
13.6012
13.6073
13.5989
13.6083
13.587
13.5989
13.6027
13.3542
13.538
13.4673
13.4271
13.5045
13.4772
13.7013
13.5743
13.6043
13.6463
13.7246
13.6101
13.6213
13.6639
13.5837
13.6533
13.6748
13.6716
13.6279
13.677
13.6121
13.6485
13.5682
13.5751
13.621
13.6022
13.5298
13.5852
13.5823
13.624
13.5568
13.5924
13.6697
13.5829
13.6977
13.6436
13.6743
13.6156
13.6907
13.7722
13.7608
13.5255
13.8062
13.7366
13.6624
13.5456
13.7922
13.7429
13.3623
13.1514
13.2527
13.2005
13.3766
13.1281
13.2846
13.4371
13.8437
13.8316
13.7386
13.7278
13.8456
13.7081
13.7201
13.399
13.4512
13.4121
13.3622
13.4511
13.2435
13.6072
13.6637
13.6266
13.6151
13.6243
13.661
13.6594
13.6627
13.6272
13.633
13.6539
13.6558
13.6569
13.6368
13.6621
13.5428
13.7006
13.5919
13.405
13.4844
13.6762
13.664
13.5808
13.5641
13.6048
13.6435
13.6086
13.649
13.6399
13.6782
13.6415
13.6268
13.6616
13.5498
13.5646
13.5183
13.6894
13.6905
13.6124
13.6213
13.6677
13.6972
13.6307
13.5834
13.5994
13.6537
13.729
13.692
13.7512
13.6729
13.6128
13.6716
13.665
13.6489
13.7909
13.8738
13.5882
13.8258
13.7823
13.7541
13.6502
13.9026
13.8519
13.4101
13.1466
13.3509
13.2503
13.4701
13.1952
13.4286
13.5673
13.863
13.9346
13.6813
13.717
13.8608
13.7101
13.7501
13.3396
13.4296
13.377
13.3508
13.4371
13.2891
13.7205
13.7701
13.6985
13.7047
13.704
13.7352
13.7454
13.7426
13.686
13.6859
13.715
13.716
13.7153
13.696
13.7298
13.8364
13.9327
13.7312
13.7294
13.6532
13.8467
13.7849
13.828
13.7293
13.6898
13.7149
13.6845
13.725
13.7328
13.7506
13.7276
13.7029
13.7399
13.8253
13.834
13.7319
13.924
13.948
13.8343
13.6727
13.6737
13.7643
13.7119
13.7149
13.8102
13.8773
13.9974
13.9238
14.0144
13.7174
13.6964
13.7545
13.7313
13.7396
13.9927
14.118
13.7293
14.0003
13.9823
13.998
13.8358
14.0989
14.1566
13.5467
13.3035
13.5291
13.4454
13.6321
13.4693
13.638
13.7111
14.0482
14.2265
13.8077
13.8774
14.0787
13.9236
14.0029
13.4434
13.5518
13.6617
13.601
13.7535
13.5746
13.8092
13.8396
13.7676
13.7816
13.7766
13.7953
13.8132
13.8058
13.7436
13.7433
13.7695
13.7691
13.7688
13.763
13.7912
13.9657
13.9704
13.8253
13.8865
13.788
13.9115
13.8541
13.9109
13.8241
13.7713
13.781
13.767
13.7922
13.8015
13.8052
13.7989
13.7738
13.8011
13.9716
14.0124
13.9086
13.9834
14.034
13.9421
13.7498
13.7552
13.807
13.7796
13.7849
14.0106
14.1464
14.0783
14.0492
14.1968
13.7627
13.7778
13.8242
13.7893
13.8122
14.2427
14.3369
13.9275
14.2373
14.2437
14.2438
13.9798
14.3182
14.2605
13.7194
13.6407
13.746
13.6891
13.7906
13.7923
13.8365
13.8287
14.3019
14.285
14.0314
14.0803
14.2863
14.1853
14.1854
13.7913
13.9723
14.0744
14.0296
14.1889
13.9405
13.8645
13.8872
13.8183
13.8412
13.8303
13.8376
13.8652
13.8515
13.7916
13.7917
13.819
13.8123
13.8147
13.8148
13.8349
13.9681
13.9654
13.8757
13.9182
13.8477
13.9439
13.8955
13.9235
13.8675
13.8258
13.8215
13.8253
13.8357
13.845
13.8316
13.8463
13.8257
13.8455
13.9776
14.0213
13.9425
13.9657
13.9986
13.9335
13.8104
13.8173
13.8461
13.835
13.8413
14.0277
14.1448
14.0177
13.9589
14.052
13.8243
13.843
13.8787
13.8491
13.8691
14.2991
14.1685
13.9665
14.2963
14.1952
14.1781
13.9049
14.1748
14.0882
13.8465
13.8948
13.8998
13.8414
13.882
13.9382
13.9264
13.9092
14.2605
14.1949
14.2866
14.2811
14.4055
14.327
14.3719
14.1945
14.3399
14.3136
14.2412
14.3895
14.0957
13.9083
13.9271
13.8594
13.8866
13.871
13.8825
13.9067
13.8924
13.8339
13.8413
13.8733
13.8593
13.873
13.8555
13.8787
13.9667
13.973
13.9158
13.941
13.8898
13.9887
13.9343
13.9714
13.9099
13.8622
13.8418
13.8636
13.8683
13.8788
13.8552
13.8807
13.8639
13.8822
13.9575
13.9805
13.9336
13.954
13.9696
13.9416
13.8588
13.8643
13.884
13.8789
13.8823
13.9123
13.9941
13.9359
13.9013
13.9671
13.8773
13.8926
13.9135
13.8964
13.9106
14.0555
13.9944
13.8461
14.0604
14.0303
13.9309
13.9255
13.9953
14.0054
13.9067
13.9538
13.9416
13.9088
13.9186
13.9535
13.9503
13.9529
14.1243
14.0822
14.2964
14.3571
14.128
14.1999
14.2425
14.185
14.3077
14.1552
14.1016
14.1846
14.0414
13.9438
13.9603
13.9069
13.9272
13.9145
13.9341
13.9481
13.9386
13.892
13.9084
13.9468
13.9287
13.9441
13.9068
13.9371
13.9806
13.9829
13.949
14.0059
13.9262
13.9949
13.961
14.0197
13.9418
13.898
13.8715
13.8977
13.9124
13.9186
13.8941
13.9167
13.9019
13.9233
13.9479
13.9544
13.9447
13.9366
13.9323
13.9288
13.8992
13.8988
13.9208
13.919
13.9186
13.8922
13.9334
13.8902
13.8767
13.9013
13.9161
13.9282
13.941
13.9312
13.9444
13.9616
13.9334
14.0676
13.9606
13.9659
13.9121
14.1082
13.9383
13.9278
13.9322
13.952
13.9659
13.925
13.9432
13.9544
13.9831
13.9778
14.0328
13.9766
14.0843
14.1299
13.9443
14.0039
14.0582
14.0268
14.0767
13.9729
13.9877
14.0026
13.9983
13.9789
14
13.964
13.9707
13.9646
13.9957
13.9958
13.9916
13.9636
13.9762
14.0084
13.9944
14.0023
13.9648
13.986
13.9766
13.9704
13.974
14.002
13.9566
13.9881
13.9914
13.9803
13.9736
13.94
13.9192
13.9375
13.959
13.9589
13.9478
13.9595
13.9465
13.9695
13.9254
13.9048
13.9029
13.9267
13.8839
13.8814
13.9399
13.9423
13.9611
13.9606
13.9635
13.8594
13.8684
13.8476
13.8393
13.8448
13.9481
13.9609
13.9699
13.9653
13.9795
13.9058
13.8877
14.018
13.9256
13.891
13.8598
13.9371
13.9013
13.8727
13.9571
13.9697
14.0012
13.9511
13.9664
13.9835
14.0127
13.9944
13.934
13.9208
13.9471
14.0344
13.9314
13.9285
14.0428
13.9904
13.9698
13.9364
13.9863
13.9603
14.0052
14.0242
14.0516
14.0273
14.0244
14.0204
14.0599
14.0554
14.0498
14.0193
14.0223
14.048
14.0377
14.0337
14.0015
14.0132
13.9789
14.0054
14.0125
13.9719
13.9933
14.029
14.0379
13.9867
14.0083
13.975
13.9715
13.9774
13.9896
13.9875
13.9876
13.9905
13.9889
14.0017
13.9437
13.8859
13.8833
13.9784
13.9167
13.911
13.979
13.9838
14
13.99
14.0003
13.8284
13.8299
13.8832
13.8528
13.8551
13.9833
13.9987
14.0012
13.9933
14.0142
13.8739
13.8825
13.8801
13.8694
13.8879
13.8165
13.8207
13.8505
13.8906
13.9761
13.9971
14.0108
13.9548
13.9841
13.9973
14.0085
14.0019
13.9341
13.9398
13.9602
14.0551
14.0135
13.9706
14.0613
13.9993
13.9692
13.9643
14.0024
13.9813
14.0213
14.0812
14.1092
14.0933
14.0869
14.0786
14.122
14.1126
14.1017
14.0537
14.042
14.0742
14.0657
14.0476
14.0234
14.031
14.0474
14.0923
14.0677
14.0288
14.0306
14.1147
14.0987
14.0777
14.0667
13.9977
13.9964
13.9994
14.0072
14.0036
14.0001
14.0018
14.0088
14.0097
14.0342
13.9691
13.9614
14.091
14.0348
14.0251
13.9981
14.0138
14.0084
14.0012
14.0118
13.9113
13.9163
14.0431
13.9936
13.9881
14.0045
14.0287
14.0103
14.0188
14.0242
13.9145
13.9635
13.776
13.8565
13.8946
13.8376
13.773
13.8879
13.9241
13.9915
13.9866
14.0033
13.956
13.9953
13.9748
13.9976
14.0025
13.9462
13.9635
13.9971
14.0586
14.0429
14.0129
14.0609
14.0102
13.9946
13.9905
14.0137
14.0033
14.0109
14.1275
14.1308
14.1377
14.1272
14.1153
14.1374
14.1277
14.1146
14.0707
14.0501
14.0761
14.0694
14.0502
14.0344
14.0337
14.1253
14.1377
14.1201
14.1117
14.1017
14.1452
14.1247
14.1268
14.1121
14.0054
14.0006
14.0021
14.0092
14.0043
13.9966
13.9998
14.0066
14.0019
14.132
14.0928
14.0846
14.1509
14.1185
14.1136
13.9994
14.0159
13.9916
13.9875
14.0081
14.0657
14.0366
14.119
14.0954
14.0468
14.0183
14.0126
13.9862
14.0017
13.9934
13.9995
14.005
13.833
13.9273
13.9554
13.9218
13.9016
13.9689
13.9901
13.9961
13.9657
13.9901
13.9588
13.9932
13.9606
13.9832
13.9917
13.976
13.9998
14.0267
14.0538
14.0434
14.0361
14.0516
14.0112
14.007
14.007
14.0056
14.011
13.9894
14.1199
14.1001
14.1233
14.1156
14.1031
14.1023
14.0977
14.0864
14.0622
14.048
14.056
14.0512
14.0436
14.0303
14.0253
14.1305
14.1108
14.1133
14.118
14.101
14.1111
14.0946
14.0993
14.083
14.0024
13.9935
13.9987
14.0022
14.0001
13.9908
13.9965
13.9993
13.9997
14.1448
14.1119
14.1121
14.1287
14.0993
14.105
13.9743
13.9848
13.9849
13.9728
13.9761
14.0876
14.046
14.0852
14.077
14.0587
13.9869
13.9874
13.9946
13.9906
13.9898
14.0193
14.0606
13.9573
14.0054
14.0144
14.0306
14.0017
14.0343
14.0325
13.9877
13.9558
13.9769
13.961
13.9827
13.9577
13.9757
13.9863
14.0201
14.0334
14.0412
14.0461
14.0387
14.0423
14.0444
13.9985
14.0101
14.0131
13.9939
14.0115
13.9763
14.0782
14.0604
14.0803
14.0775
14.0663
14.0607
14.0591
14.048
14.0394
14.0371
14.0327
14.0296
14.0299
14.0197
14.0149
14.0975
14.0958
14.0746
14.085
14.0661
14.0681
14.0566
14.0763
14.0512
13.9993
13.9826
13.9978
13.9974
14.0011
13.9793
14.0021
14.004
14.0063
14.1144
14.0951
14.105
14.1062
14.0946
14.0997
13.9864
13.9767
14.0004
14.0148
13.9944
14.0839
14.0842
14.098
14.09
14.1104
13.9997
13.991
14.0173
14.0066
13.9981
14.0961
14.1011
14.0242
14.045
14.0392
14.0629
14.0307
14.0432
14.0357
13.9831
13.9639
13.9815
13.9769
13.9817
13.9748
13.9866
13.9885
14.0381
14.0337
14.041
14.0393
14.0249
14.0367
14.035
13.9898
14.0115
14.0159
13.987
14.0105
13.9807
14.0451
14.0322
14.044
14.044
14.0345
14.0316
14.0318
14.0255
14.0234
14.0238
14.0228
14.0202
14.018
14.0111
14.008
14.0852
14.0623
14.04
14.065
14.0376
14.0411
14.0267
14.0505
14.0265
14.001
13.9773
13.9991
13.995
13.9997
13.9761
13.9925
14.0056
14.0021
14.0908
14.0868
14.0853
14.0684
14.0856
14.0803
14.043
14.0192
14.0169
14.0534
14.0312
14.1052
14.1156
14.1179
14.1124
14.1013
14.0107
13.9994
14
14.0067
13.9964
14.0869
14.0676
14.0272
14.0309
14.0231
14.0373
14.0173
14.0101
13.9998
13.9793
13.9838
13.9917
13.9968
13.9888
13.9957
13.9995
13.9986
14.0245
14.0053
14.027
14.0261
14.0037
14.0163
14.017
13.9841
14.0121
14.009
13.981
14.0129
13.9864
14.0226
14.0132
14.0224
14.0218
14.0183
14.0127
14.013
14.0108
14.0185
14.0129
14.0193
14.0165
14.0081
14.005
14.0002
14.0494
14.0284
14.0158
14.0404
14.0185
14.0186
14.0057
14.0293
14.0109
13.9967
13.9761
13.9891
13.986
13.9914
13.9742
13.9832
13.9986
13.9932
14.0571
14.0826
14.0737
14.0397
14.0606
14.0494
14.036
14.0255
14.0161
14.0178
14.0242
14.0857
14.0789
14.0651
14.057
14.0511
14.0009
14.0074
13.9873
14.0065
14.0358
14.0438
14.0159
14.0007
13.9822
13.9709
13.9891
13.9782
13.9596
13.9423
14.0072
14.0058
14.0067
14.0073
14.0282
14.0076
14.0143
14.0247
13.9852
13.962
14.0018
14.0042
13.9687
13.9824
13.988
13.9787
14.0091
13.9889
13.9736
14.0018
13.9932
14.0024
13.989
14.0019
14.0038
14.0025
13.9903
13.9947
13.9918
14.0123
14.0026
14.0088
14.0057
13.9961
13.9938
13.9859
14.0085
13.9947
13.9933
14.0109
14.0009
13.982
13.9787
13.9941
13.9906
13.9826
13.9716
13.9766
13.9659
13.9713
13.966
13.9667
13.9858
13.9771
14.0211
14.0249
14.0194
14.0083
13.9986
13.9965
14.0011
14.0102
13.9982
13.9822
13.9899
14.0274
14.0223
14
13.9985
13.9959
14.0081
14.0445
13.9896
14.0062
14.0283
13.9873
13.9607
13.9535
13.9401
13.9169
13.9368
13.9277
13.9221
13.8935
14.0201
13.9993
14.0069
13.9769
13.9883
13.9767
13.9828
14.0084
13.94
13.9171
13.957
13.9641
13.92
13.9269
13.9371
13.9671
13.9887
13.9469
13.9518
13.9728
13.9707
13.9763
13.9651
13.9772
13.9844
13.9788
13.9636
13.9732
13.9644
13.9948
13.9865
13.9848
13.9786
13.9739
13.9752
13.9621
13.9828
13.967
13.9651
13.981
13.9843
13.9518
13.9532
13.9648
13.9811
13.9601
13.9582
13.9582
13.9414
13.9482
13.9472
13.9484
13.9663
13.9536
13.9967
13.9771
13.9783
13.9777
13.9551
13.9545
13.9645
13.9706
13.9634
13.949
13.9546
13.9709
13.9731
13.9442
13.9444
13.9518
13.9948
14.0067
13.9592
13.9782
13.9819
13.9372
13.9191
13.9037
13.9049
13.8706
13.9023
13.8815
13.8904
13.8479
13.9613
13.9535
13.9521
13.9594
13.9405
13.9384
13.9292
13.9648
13.8926
13.8686
13.8918
13.9045
13.864
13.8587
13.8734
13.9304
13.9542
13.8927
13.9048
13.9278
13.9398
13.9527
13.9373
13.9496
13.9598
13.9495
13.9358
13.9448
13.9349
13.9602
13.9591
13.9511
13.942
13.9434
13.9477
13.9325
13.9459
13.9175
13.9408
13.942
13.9746
13.9143
13.9249
13.9143
13.9548
13.9354
13.9347
13.9371
13.9145
13.9246
13.9211
13.9258
13.9406
13.9274
13.9501
13.9272
13.923
13.9162
13.891
13.8848
13.9348
13.9391
13.9254
13.9203
13.9246
13.9185
13.9311
13.8922
13.8915
13.9111
13.9602
13.9601
13.925
13.9417
13.9444
13.9056
13.8963
13.8649
13.881
13.8307
13.8882
13.8527
13.878
13.8208
13.9301
13.941
13.9204
13.9426
13.922
13.9493
13.9256
13.9361
13.848
13.8382
13.8356
13.852
13.8261
13.8255
13.8418
13.8764
13.8978
13.8446
13.853
13.8767
13.9209
13.9186
13.8996
13.9228
13.9301
13.9215
13.9114
13.9165
13.9093
13.9244
13.9268
13.9191
13.9079
13.9104
13.917
13.9036
13.8836
13.8467
13.9036
13.8806
13.9205
13.8573
13.8805
13.839
13.8833
13.9121
13.9067
13.915
13.8905
13.9025
13.8929
13.9042
13.9156
13.9068
13.8785
13.851
13.8438
13.8426
13.8133
13.8071
13.9088
13.9133
13.9047
13.901
13.9047
13.8644
13.8928
13.8382
13.839
13.8767
13.9249
13.9259
13.9023
13.9116
13.9109
13.8909
13.8891
13.8484
13.8813
13.8214
13.8922
13.8536
13.89
13.839
13.9107
13.928
13.9238
13.9122
13.9035
13.8797
13.9035
13.9168
13.8401
13.8567
13.824
13.838
13.8501
13.8398
13.8503
13.8289
13.8629
13.8351
13.8167
13.8602
13.8738
13.8843
13.8738
13.9012
13.905
13.8987
13.8927
13.8969
13.8904
13.8938
13.8963
13.8904
13.8826
13.8858
13.8945
13.8894
13.8114
13.7831
13.8612
13.7953
13.8526
13.82
13.8491
13.7663
13.8261
13.9052
13.8847
13.8999
13.8842
13.9061
13.8802
13.8962
13.9032
13.9029
13.8148
13.7787
13.7765
13.7925
13.7532
13.7557
13.8961
13.8996
13.9128
13.8927
13.8966
13.8175
13.864
13.7905
13.7983
13.856
13.9015
13.898
13.8919
13.895
13.8876
13.8907
13.8963
13.8655
13.9073
13.873
13.915
13.8832
13.9267
13.918
13.8989
13.8254
13.8767
13.8786
13.8921
13.7924
13.8618
13.9048
13.8904
13.9359
13.8714
13.8864
13.9292
13.918
13.9368
13.8233
13.8771
13.8901
13.8551
13.9076
13.8417
13.8678
13.8669
13.8895
13.8923
13.8828
13.8878
13.8912
13.8778
13.8751
13.8798
13.8812
13.872
13.8781
13.8873
13.8908
13.7644
13.759
13.8426
13.7565
13.8101
13.8224
13.8415
13.7596
13.8096
13.8976
13.8849
13.8886
13.8981
13.8956
13.8949
13.8884
13.9028
13.9048
13.7775
13.7403
13.7421
13.7731
13.7392
13.7371
13.8895
13.8948
13.9143
13.8926
13.8976
13.7855
13.8519
13.7702
13.7785
13.853
13.8939
13.8809
13.8975
13.8989
13.8818
13.9029
13.9096
13.9019
13.9465
13.954
13.9398
13.9153
13.9588
13.9722
13.8885
13.8006
13.8441
13.8606
13.8899
13.8377
13.8677
13.9089
13.9772
13.9988
13.9751
13.9981
14.013
14.0293
14.0438
13.9019
13.943
13.9806
13.9617
13.985
13.8869
13.8709
13.881
13.8835
13.8906
13.873
13.8831
13.8896
13.8727
13.8757
13.8868
13.8966
13.8917
13.9004
13.9005
13.9056
13.7669
13.7858
13.8442
13.7752
13.8228
13.8472
13.8577
13.7935
13.8377
13.9024
13.9042
13.9
13.9174
13.9191
13.9178
13.9267
13.912
13.9256
13.7794
13.747
13.7407
13.7946
13.7612
13.7504
13.9
13.9048
13.9167
13.9089
13.9133
13.7778
13.8609
13.782
13.7843
13.8746
13.9065
13.8873
13.9143
13.9169
13.8946
13.919
13.9321
13.9275
13.9667
13.9795
13.9543
13.9375
13.972
13.9822
13.8973
13.8745
13.9035
13.8879
13.9048
13.8963
13.9118
13.9308
14.0086
14.0095
14.0574
14.0649
14.0311
14.0616
14.0673
14.0118
14.0247
14.067
14.0394
14.0618
13.956
13.8974
13.9169
13.8951
13.9002
13.8902
13.914
13.9184
13.9145
13.9158
13.9177
13.9479
13.9392
13.9374
13.9243
13.9629
13.8116
13.8446
13.8759
13.8149
13.8453
13.8892
13.8908
13.844
13.8482
13.9429
13.9311
13.9593
13.9381
13.9597
13.9486
13.9902
13.9448
13.9631
13.8156
13.787
13.7702
13.8434
13.8292
13.8067
13.92
13.9243
13.9086
13.9318
13.9368
13.8005
13.8958
13.8408
13.8284
13.9251
13.9287
13.9048
13.9372
13.9405
13.9182
13.9488
13.969
13.946
13.9784
13.9838
13.9766
13.9577
13.9873
13.9875
13.9133
13.9219
13.9189
13.9361
13.917
13.9509
13.9332
13.9521
14.0082
14.0072
14.0572
14.0602
14.0243
14.048
14.0484
14.058
14.0783
14.0588
14.0631
14.0655
13.9986
13.9607
14.0292
13.937
13.9502
13.9332
13.9607
13.9965
13.9671
13.9622
13.9804
13.9843
13.9965
14.0283
13.9928
14.0084
13.8916
13.9607
13.9414
13.8816
13.8685
14.0122
14.0224
13.952
13.9227
13.9757
13.9633
14.0076
13.9782
13.9868
13.9799
14.0024
13.9788
13.9796
13.8861
13.8906
13.8626
13.954
13.9676
13.9354
13.9463
13.9489
13.9196
13.956
13.9584
13.8697
13.9608
13.954
13.9232
13.9999
13.9512
13.9317
13.9571
13.9599
13.9451
13.9937
14.0202
13.9735
13.9995
13.9928
14.0141
13.9912
14.0137
14.0039
13.9243
13.9837
13.9492
13.9541
13.9414
14.0094
13.9702
13.96
14.0084
14.0148
14.0422
14.0394
14.0195
14.0355
14.0353
14.0672
14.0442
14.0216
14.056
14.0291
14.0093
14.1016
14.1464
14.0295
14.072
14.0364
14.1037
14.1513
14.0989
14.0288
14.0357
14.033
14.0375
14.0298
14.0082
14.0054
14.0422
14.0872
14.0745
14.0452
13.9822
14.1206
14.0879
14.078
14.0257
13.9902
13.989
13.994
13.9891
13.9869
13.9912
13.9799
13.9774
13.9759
14.0317
14.0471
14.02
14.1028
14.1127
14.1005
13.9649
13.9697
13.968
13.9778
13.9818
13.9815
14.0375
14.0665
14.0344
14.0683
13.9719
13.9599
13.9854
13.9836
13.9769
14.046
14.0674
14.0103
14.0301
14.0158
14.0551
14.0304
14.0453
14.0288
13.9551
14.0274
13.9923
13.9537
13.9698
14.031
13.9995
13.9827
14.0238
14.0347
14.0348
14.0366
14.0317
14.0375
14.0392
14.0408
14.0242
14.0229
14.0346
14.026
14.0221
14.1272
14.1041
14.1163
14.1563
14.1154
14.0952
14.1215
14.0949
14.043
14.0256
14.0493
14.0418
14.0264
14.0039
14.01
14.1264
14.1665
14.0966
14.0891
14.0404
14.1329
14.0993
14.1303
14.0495
13.9713
13.9923
13.9607
13.9948
13.9552
13.9964
13.9374
13.9652
13.9682
14.1742
14.1525
14.1467
14.1925
14.1577
14.1513
13.9943
13.9931
14.0466
14.0065
14.0027
14.0722
14.0892
14.1108
14.0897
14.101
13.9942
13.9878
14.002
14.0038
13.9929
14.0829
14.092
14.0464
14.058
14.0405
14.0796
14.0579
14.0678
14.0507
13.9864
14.0312
14.0006
13.9638
13.9949
14.021
13.9944
13.9987
14.046
14.0572
14.0435
14.0435
14.05
14.0485
14.0483
14.0417
14.0292
14.0327
14.0473
14.034
14.0468
14.0864
14.0654
14.0708
14.0861
14.0732
14.0544
14.0561
14.0569
14.0414
14.0297
14.0383
14.041
14.0385
14.0176
14.0293
14.1724
14.1376
14.0883
14.1488
14.0489
14.0926
14.0656
14.131
14.0338
13.9758
14.0039
13.9546
14.0196
14.0046
14.0147
13.99
13.9997
14.0322
14.1695
14.1406
14.1318
14.1322
14.1206
14.1135
14.0056
14.0072
14.0672
14.0116
14.0148
14.0959
14.1071
14.11
14.0971
14.1089
14.0143
13.9997
14.0101
14.0266
14.009
14.0962
14.0971
14.065
14.0742
14.0592
14.0849
14.0679
14.0777
14.0657
13.9827
13.9833
13.9771
13.9188
13.9592
13.9404
13.9487
13.9973
14.0666
14.0756
14.0545
14.0541
14.0678
14.0592
14.0589
14.0464
14.0374
14.0324
14.0446
14.0399
13.9978
14.0451
14.0347
14.0461
14.0379
14.0455
14.043
14.0272
14.0399
14.042
14.0436
14.045
14.0449
14.0487
14.0414
14.0526
14.1064
14.082
14.0403
14.0924
14.0167
14.0502
14.0236
14.0506
14.005
14.0288
14.0284
14.0205
14.0567
14.0637
14.0446
14.0465
14.0488
14.0532
14.1058
14.1067
14.1014
14.0911
14.1008
14.0948
14.0237
14.0289
14.0484
14.0379
14.0457
14.0966
14.1082
14.1034
14.0957
14.1072
14.0446
14.014
14.0434
14.0593
14.0333
14.0976
14.099
14.0689
14.0797
14.0708
14.0832
14.0682
14.0809
14.0742
13.962
13.9154
13.9264
13.9541
13.991
13.93
13.9475
14.0178
14.0821
14.0887
14.0637
14.0643
14.0831
14.0699
14.0711
14.0422
14.0466
14.0462
14.0457
14.0562
13.9836
14.0358
14.0448
14.0443
14.0257
14.0391
14.0501
14.037
14.0447
14.0504
14.0588
14.0605
14.0594
14.0698
14.0636
14.0746
14.0689
14.0677
14.0198
14.0195
14.0074
14.0542
14.0342
14.0161
14.0179
14.0951
14.0599
14.0836
14.0783
14.1021
14.0677
14.1037
14.0611
14.0918
14.0844
14.097
14.091
14.0828
14.0956
14.0883
14.0488
14.0539
14.0637
14.0537
14.0603
14.0948
14.1068
14.1006
14.0942
14.1072
14.0547
14.0473
14.0502
14.0584
14.0457
14.0999
14.1007
14.067
14.0824
14.0773
14.0831
14.0645
14.0837
14.0795
14.0354
13.973
13.9896
14.0404
14.0603
14.0169
14.0288
14.0517
14.0934
14.0987
14.0769
14.079
14.0963
14.0845
14.087
14.0511
14.0673
14.069
14.0616
14.0782
14.0341
14.0595
14.0767
14.0609
14.0537
14.0564
14.072
14.0743
14.0722
14.0699
14.0783
14.0784
14.0819
14.0901
14.0852
14.0947
14.073
14.0848
14.0522
14.034
14.0251
14.0795
14.069
14.0558
14.0412
14.1077
14.0878
14.1208
14.0978
14.1173
14.1057
14.1322
14.114
14.1296
14.0845
14.0974
14.0885
14.0881
14.1004
14.0895
14.066
14.067
14.0894
14.0775
14.0721
14.0941
14.1082
14.102
14.0939
14.1086
14.0642
14.0477
14.0643
14.0668
14.055
14.1012
14.1015
14.0639
14.0846
14.0816
14.0823
14.0623
14.0848
14.0824
14.065
14.0426
14.052
14.0621
14.0652
14.0565
14.0608
14.058
14.1022
14.1056
14.0911
14.0939
14.1058
14.0959
14.0989
14.0727
14.0869
14.0852
14.0816
14.0934
14.0679
14.0898
14.0964
14.0853
14.0901
14.0843
14.0951
14.0958
14.0892
14.0961
14.1024
14.1027
14.1031
14.1112
14.1093
14.1243
14.0969
14.1048
14.0815
14.0753
14.0743
14.0947
14.0885
14.0866
14.0916
14.1257
14.113
14.1281
14.133
14.1206
14.1322
14.1129
14.1287
14.1147
14.0911
14.1028
14.09
14.0911
14.1035
14.0884
14.0826
14.0742
14.0622
14.078
14.0709
14.0924
14.1076
14.0977
14.0883
14.1048
14.0683
14.0618
14.0622
14.0677
14.066
14.1007
14.0982
14.061
14.0838
14.0819
14.0795
14.0572
14.0813
14.0788
14.0661
14.0643
14.0659
14.0619
14.0638
14.0702
14.0718
14.0677
14.1056
14.1042
14.0986
14.1014
14.1051
14.0972
14.1007
14.0871
14.0974
14.0903
14.0882
14.0989
14.0779
14.0964
14.0886
14.0915
14.0935
14.0862
14.0771
14.0842
14.0748
14.0944
14.1049
14.0796
14.0792
14.0883
14.1195
14.096
14.1089
14.1052
14.0891
14.0883
14.0905
14.0906
14.0854
14.084
14.0812
14.0949
14.1336
14.0799
14.091
14.0554
14.0916
14.0222
14.088
14.0351
14.0874
14.101
14.0845
14.08
14.0957
14.0784
14.0651
14.0597
13.9977
14.0443
14.0425
14.081
14.0996
14.0827
14.0709
14.0921
14.0627
14.0672
14.0474
14.0546
14.0639
14.0938
14.0874
14.053
14.0769
14.0743
14.0712
14.0463
14.0714
14.0677
14.0641
14.0699
14.072
14.054
14.061
14.0669
14.0684
14.0649
14.0985
14.0918
14.093
14.0963
14.0913
14.0858
14.0897
14.0869
14.0967
14.0837
14.0828
14.0922
14.0753
14.078
14.0677
14.0602
14.0706
14.0591
14.0418
14.0576
14.0428
14.0605
14.0681
14.0425
14.0406
14.0472
14.0673
14.04
14.0938
14.082
14.0802
14.0763
14.0679
14.0821
14.0749
14.0671
14.0522
14.0075
14.0291
13.9483
14.0273
13.9728
13.9779
13.9098
13.9723
13.9276
14.0716
14.0881
14.0705
14.0648
14.0799
14.0612
14.0219
14.022
13.9481
13.999
14.0021
14.0581
14.0831
14.0575
14.0433
14.0731
14.0455
14.0561
14.0331
14.0375
14.0502
14.0796
14.071
14.0393
14.0643
14.0599
14.0572
14.0313
14.0565
14.0517
14.0574
14.0631
14.0639
14.0435
14.0521
14.0595
14.0594
14.0531
14.0821
14.0729
14.0769
14.0811
14.0718
14.0676
14.0718
14.0777
14.0857
14.0712
14.0724
14.079
14.0669
14.0594
14.0505
14.0253
14.0454
14.0274
14.0094
14.0318
14.0117
14.022
14.0274
14.0052
14.0046
14.0098
14.018
14.0028
14.0712
14.0626
14.0655
14.0593
14.0402
14.0661
14.0539
14.0533
14.0309
13.9619
13.9452
13.9075
13.9977
13.9671
13.9339
13.9264
13.9249
13.9388
14.0601
14.0706
14.0504
14.0562
14.0598
14.0376
13.9831
13.9892
13.9509
13.9841
13.988
14.0268
14.0626
14.026
14.0101
14.0522
14.0307
14.0458
14.0272
14.0272
14.0398
14.0619
14.0529
14.0225
14.0482
14.0433
14.042
14.0154
14.0402
14.034
14.047
14.0546
14.0539
14.0381
14.0455
14.0498
14.0495
14.0431
14.0622
14.0523
14.0578
14.0623
14.0552
14.0494
14.0536
14.0664
14.0713
14.0556
14.0599
14.0638
14.0547
14.0392
14.025
13.9936
14.0159
13.995
13.976
13.9984
13.9767
13.9881
13.9954
13.9722
13.9726
13.9829
13.9946
13.9903
14.0543
14.0447
14.0403
14.0478
14.0235
14.0414
14.0248
14.0401
14.0131
13.9825
13.9529
13.9579
13.9973
13.998
13.9756
13.985
13.9636
13.9885
14.049
14.0459
14.0224
14.0369
14.0279
14.0045
13.9935
13.9995
13.9938
14.0024
14.008
13.994
14.0413
13.9949
13.9797
14.03
14.0261
14.0368
14.0249
14.027
14.0338
14.044
14.0349
14.009
14.0324
14.0257
14.0278
14.0016
14.0252
14.0183
14.043
14.046
14.0457
14.0371
14.042
14.0417
14.0425
14.0383
14.0426
14.0346
14.0414
14.0454
14.0418
14.035
14.0382
14.0525
14.0554
14.0387
14.0442
14.047
14.0437
14.0079
13.99
13.9568
13.9798
13.9574
13.9377
13.9607
13.939
13.9585
13.9723
13.9431
13.9458
13.9636
13.9875
13.9844
14.0317
14.0146
14.0075
14.0291
14
14.0115
13.9891
14.0137
13.9821
14.0118
13.9943
14.0117
13.9966
14.0178
14.0024
14.0282
14.0073
14.0198
14.0189
14.0061
13.9841
13.9969
13.9842
13.9641
14.0103
14.0137
14.0207
14.0157
14.0182
13.9686
14.0187
13.9713
13.9612
14.008
14.0284
14.0319
14.0238
14.0293
14.0288
14.0256
14.0165
13.9966
14.0183
14.0116
14.0147
13.991
14.0123
14.0062
14.0393
14.037
14.0388
14.0306
14.036
14.0322
14.0348
14.0331
14.027
14.0204
14.0286
14.0316
14.0293
14.0227
14.0255
14.0348
14.0379
14.0201
14.0232
14.029
14.0322
13.9746
13.962
13.9224
13.9419
13.9254
13.9142
13.9263
13.9166
13.9362
13.9573
13.9285
13.9316
13.9541
13.9811
13.9784
13.9946
13.9736
13.9707
13.9953
13.9616
13.9775
13.9528
13.9757
13.941
14.0182
14.006
14.0323
13.99
14.0154
14.005
14.0313
14.0274
14.0297
13.9737
13.9665
13.947
13.9523
13.9537
13.935
14.0179
14.021
14.0279
14.0204
14.0225
13.9566
13.9981
13.9593
13.9546
13.9895
14.0274
14.025
14.017
14.0229
14.021
14.0077
13.9989
13.9879
14.0064
14.0013
14.0017
13.985
14.0012
13.9973
14.0329
14.0268
14.0305
14.0205
14.0275
14.0202
14.0251
14.0257
14.014
14.008
14.0171
14.0196
14.0159
14.0114
14.0138
14.0133
14.0212
14.0077
14.0053
14.0152
14.0196
13.9523
13.9473
13.9139
13.9173
13.9147
13.9185
13.9154
13.9187
13.9331
13.9545
13.9358
13.9389
13.9581
13.977
13.977
13.9541
13.9384
13.9405
13.9566
13.9236
13.9451
13.9338
13.9421
13.9122
14.0111
13.9992
14.0277
13.9838
14.0076
13.9953
14.0256
14.0292
14.0273
13.935
13.9432
13.9294
13.9243
13.9377
13.9283
14.0189
14.0205
14.0205
14.0166
14.0173
13.954
13.9829
13.9548
13.9541
13.9772
14.017
14.0156
14.0079
14.012
14.0108
13.9925
13.9869
13.9807
13.9957
13.993
13.9866
13.9765
13.9902
13.9883
14.0212
14.0133
14.0195
14.0085
14.0138
14.0055
14.0136
14.0149
14.0023
13.9963
14.0054
14.0074
14.0011
13.999
14.0009
13.9989
14.011
14.0025
13.9964
14.0079
14.0076
13.9472
13.9505
13.925
13.9194
13.9264
13.9341
13.9282
13.9369
13.9449
13.9629
13.9516
13.9494
13.968
13.9779
13.9801
13.9286
13.9248
13.9313
13.9338
13.9067
13.9364
13.9327
13.9312
13.9101
14.005
13.9904
14.0218
13.9823
14.0038
13.9882
14.0182
14.0237
14.0187
13.9211
13.9356
13.9292
13.9215
13.9359
13.9313
14.0121
14.0121
14.0107
14.007
14.0066
13.9541
13.9724
13.9531
13.9542
13.9684
14.0074
14.005
13.9988
14.0023
13.9991
13.9825
13.9788
13.9736
13.9851
13.9841
13.9756
13.9711
13.9805
13.9813
14.0061
13.9959
14.0067
13.9899
13.9971
13.984
13.9983
14.0004
13.9904
13.9849
13.9921
13.9939
13.9852
13.9848
13.9873
13.9938
14.0049
13.9994
13.994
14.0027
13.9954
13.9557
13.9624
13.9463
13.9403
13.9504
13.9607
13.9542
13.9633
13.954
13.9737
13.9688
13.9621
13.9805
13.984
13.9891
13.9276
13.9364
13.9366
13.9354
13.9172
13.9486
13.9454
13.9416
13.928
14.0036
13.9869
14.0146
13.9878
14.004
13.9886
14.012
14.0141
14.0121
13.9267
13.9387
13.9344
13.935
13.9406
13.9384
14.0012
14.0004
14.0019
13.9953
13.9948
13.9539
13.9648
13.9517
13.9531
13.9624
13.9957
13.9914
13.9856
13.9899
13.983
13.9752
13.9732
13.966
13.9766
13.9779
13.969
13.9618
13.9734
13.9741
13.9874
13.9703
13.9873
13.9616
13.9776
13.9576
13.9758
13.9814
13.9796
13.9748
13.9788
13.9813
13.9718
13.9712
13.9752
13.9944
14.0001
13.9934
13.9971
13.9958
13.9754
13.9711
13.9813
13.9745
13.9707
13.9745
13.988
13.9872
13.9857
13.9732
13.988
13.9897
13.9858
13.9956
13.9947
13.9993
13.9464
13.9573
13.9585
13.95
13.9406
13.9737
13.9725
13.9627
13.9541
14.0042
13.9903
14.008
13.9958
14.0039
13.9929
14.0042
14.0082
14.0037
13.9395
13.942
13.9417
13.9481
13.9481
13.9472
13.9911
13.9908
13.9982
13.9884
13.9889
13.9547
13.9614
13.9571
13.9573
13.9627
13.9859
13.9743
13.9757
13.9848
13.9665
13.9723
13.9727
13.9627
13.9709
13.9696
13.9659
13.9615
13.9688
13.9639
13.968
13.9525
13.9664
13.9481
13.9566
13.9594
13.9619
13.9644
13.9709
13.968
13.9655
13.9702
13.9644
13.9636
13.9671
13.9982
13.9907
13.9824
13.989
13.9851
13.9729
13.9985
14.0182
14.0018
14.0016
13.9993
14.0148
14.0159
14.0146
13.9972
14.0036
14.0104
14.0074
14.0089
14.0032
14.0044
13.9729
13.9919
13.9884
13.9797
13.9687
14.0085
14.0073
13.9984
13.9856
14.0027
13.9951
14.0009
13.9986
14.0007
13.997
13.9975
14.0022
14.002
13.9612
13.9603
13.9591
13.9818
13.9772
13.9761
13.9868
13.9886
13.9975
13.9863
13.9903
13.9648
13.9663
13.9786
13.9769
13.973
13.9862
13.9633
13.9745
13.9903
13.9655
13.9745
13.9785
13.959
13.9677
13.9594
13.9699
13.957
13.9686
13.9572
13.9535
13.9698
13.964
13.9668
13.96
13.9783
13.9703
13.9683
13.9661
13.9659
13.961
13.965
13.9637
13.9632
13.9659
13.9798
13.9789
13.9716
13.9745
13.9747
13.9775
14.0351
14.0495
14.0253
14.0298
14.0278
14.0325
14.041
14.0362
14.0155
14.0126
14.0231
14.0208
14.0143
14.0044
14.0027
14.0139
14.0319
14.0278
14.0172
14.0043
14.0457
14.0475
14.0364
14.027
13.9965
13.9972
13.992
13.993
13.9887
13.994
13.9825
13.9995
13.995
14.0063
13.9957
13.9931
14.028
14.0163
14.014
13.9869
13.9929
13.9968
13.9863
13.996
13.9905
13.9825
14.0051
14.0033
13.9934
13.995
13.9718
13.9828
14.0006
13.9823
13.9841
13.9911
13.9595
13.9733
13.9597
13.9865
13.9647
13.9793
13.9662
13.971
13.9828
13.9784
13.9904
13.9859
13.9995
13.9935
13.99
13.9689
13.9759
13.9685
13.9705
13.9788
13.977
13.9771
13.9802
13.9746
13.9772
13.9899
13.9795
13.9993
14.0581
14.0604
14.037
14.0467
14.0403
14.0396
14.0484
14.0416
14.0234
14.0141
14.0254
14.0238
14.0125
13.999
13.994
14.0526
14.0665
14.06
14.0583
14.0494
14.0659
14.0648
14.0718
14.0611
13.9766
13.9881
13.9696
13.9802
13.9624
13.9787
13.9556
13.9875
13.9788
14.045
14.0335
14.0333
14.0569
14.0447
14.0461
13.9842
13.9959
13.989
13.9789
13.9933
14.0153
14.0039
14.0282
14.0251
14.0131
14.0058
13.9937
13.9889
14.0109
14.004
13.9987
14.0057
13.9708
13.9885
13.9741
14.0052
13.9764
13.9956
13.9795
14.0035
14.0257
14.009
14.0114
14.0196
14.042
14.0233
14.0148
13.9832
13.9908
13.9848
13.9861
14.0005
14.0092
14.0104
13.9992
13.987
14.007
14.0083
14.0076
14.025
14.0588
14.057
14.0409
14.0478
14.041
14.0407
14.0465
14.04
14.0229
14.0105
14.023
14.0213
14.0089
13.9886
13.9846
14.0699
14.0695
14.0644
14.0754
14.0625
14.0662
14.062
14.073
14.0606
13.9488
13.968
13.9447
13.966
13.9408
13.9571
13.9348
13.9705
13.9638
14.0617
14.0516
14.0535
14.066
14.0575
14.0592
13.972
13.9865
13.9761
13.9633
13.9792
14.0331
14.0205
14.0431
14.041
14.0278
14.009
14.01
13.9874
14.0069
14.0065
14.0118
14.0206
13.9825
14.0015
13.989
14.0184
13.9872
14.0132
13.9971
14.028
14.0485
14.0339
14.0165
14.0299
14.0457
14.0386
14.0178
14.0082
14.0166
14.031
14.0339
14.033
14.0393
14.0448
14.017
14.0287
14.0332
14.0234
14.036
14.0373
14.0549
14.0538
14.0401
14.0445
14.0394
14.0389
14.0439
14.0389
14.0199
14.0081
14.0213
14.0194
14.0093
13.9837
13.9853
14.0695
14.0704
14.0596
14.0704
14.0594
14.0641
14.0581
14.0689
14.0595
13.9406
13.9496
13.9297
13.9701
13.9483
13.9472
13.9323
13.9592
13.958
14.0695
14.0639
14.0648
14.0757
14.0718
14.073
13.9537
13.9707
13.9631
13.9435
13.9621
14.0513
14.0354
14.064
14.0621
14.0435
14.0013
14.0034
13.9737
13.995
13.9982
14.0288
14.0351
13.9863
14.0227
14.0008
14.0304
13.9866
14.0264
14.0012
14.026
14.04
14.0383
14.0069
14.0203
14.0308
14.0364
14.0145
14.0183
14.0156
14.0371
14.0432
14.0334
14.033
14.0365
14.0349
14.0354
14.0404
14.0447
14.0372
14.0354
14.0538
14.0542
14.0377
14.0442
14.0386
14.0366
14.0445
14.0382
14.0191
14.0116
14.022
14.0203
14.0136
13.9904
13.9976
14.0745
14.0791
14.0572
14.0694
14.0602
14.0663
14.0575
14.0708
14.0618
13.9611
13.9506
13.9368
13.9894
13.976
13.9598
13.9461
13.9606
13.9664
14.0825
14.081
14.0799
14.0873
14.0892
14.0882
13.9341
13.9538
13.9567
13.926
13.9464
14.0722
14.0521
14.0886
14.0871
14.0633
13.9864
13.9897
13.9565
13.9779
13.9778
14.0414
14.0464
13.9849
14.0272
13.9951
14.034
13.9883
14.0277
13.9949
14.0132
14.0283
14.0319
13.9931
14.0035
14.0286
14.0277
13.9999
14.01
14.0057
14.0326
14.033
14.0247
14.0307
14.031
14.0489
14.0407
14.0359
14.0529
14.0402
14.0401
14.0547
14.0556
14.036
14.0446
14.0375
14.0358
14.0444
14.0365
14.0213
14.0157
14.0231
14.0223
14.0172
14.0056
14.0123
14.084
14.0891
14.0591
14.0726
14.0637
14.0704
14.0614
14.0749
14.066
13.9973
13.9711
13.9754
14.0124
14.0189
13.9862
14.0058
13.9776
13.9928
14.0954
14.1007
14.1042
14.1006
14.1141
14.117
13.9203
13.9402
13.9571
13.9172
13.935
14.1049
14.0789
14.1201
14.1216
14.098
13.9669
13.9647
13.9368
13.9552
13.9484
14.0528
14.0631
13.9881
14.0284
13.9938
14.0441
13.992
14.0309
13.9959
13.9939
14.0251
14.0208
13.9715
13.9825
14.0165
14.0113
13.9796
14.003
14.0028
14.0341
14.0325
14.0182
14.0386
14.0372
14.0513
14.0389
14.0336
14.0467
14.0364
14.0309
14.0559
14.0585
14.035
14.0441
14.0354
14.034
14.0442
14.0343
14.023
14.0177
14.0227
14.0222
14.0174
14.016
14.018
14.092
14.0936
14.0635
14.0777
14.0685
14.0724
14.066
14.0808
14.0705
14.0288
13.9999
14.0215
14.0204
14.0313
14.0076
14.0289
13.9949
14.0105
14.1047
14.1257
14.1201
14.1086
14.1277
14.122
13.9122
13.9287
13.9615
13.911
13.9222
14.1362
14.1165
14.1499
14.1489
14.1336
13.9411
13.9299
13.911
13.9232
13.9069
14.0777
14.0952
14.0046
14.0324
13.9989
14.0676
14.0282
14.0363
14.0024
13.9674
14.0031
13.9967
13.9425
13.9504
13.9862
13.9801
13.9453
14.0066
14.0134
14.0437
14.0453
14.02
14.0489
14.0516
14.0415
14.0324
14.03
14.0337
14.0326
14.011
14.0604
14.0603
14.0333
14.0453
14.0332
14.0327
14.0459
14.0328
14.0204
14.0155
14.0197
14.018
14.0124
14.0153
14.0097
14.0946
14.0984
14.0661
14.0828
14.0701
14.0755
14.066
14.0879
14.0687
14.0292
14.0015
14.0358
14.0068
14.0165
13.9901
14.0278
14.0339
14.0309
14.1108
14.128
14.1227
14.1122
14.1273
14.1216
13.9132
13.9195
13.9705
13.9011
13.9047
14.1523
14.1463
14.1529
14.1462
14.1524
13.8952
13.8798
13.8718
13.8739
13.8524
14.1136
14.1259
14.0513
14.0457
14.0146
14.096
14.0714
14.0613
14.0372
13.9296
13.9697
13.9611
13.9125
13.9089
13.9542
13.9416
13.897
14.0244
14.0397
14.0578
14.0615
14.0368
14.0661
14.0718
14.028
14.033
14.0269
14.0244
14.0342
13.9914
14.0612
14.0629
14.0328
14.0463
14.0326
14.0331
14.0468
14.0325
14.0154
14.0084
14.0174
14.0128
14.004
14.0024
13.9941
14.1037
14.105
14.0677
14.0942
14.0712
14.0838
14.0692
14.0966
14.0746
13.9979
13.9725
13.9959
13.979
13.976
13.9494
13.9594
13.9916
13.9483
14.1136
14.1243
14.1174
14.1099
14.1165
14.1076
13.8724
13.8672
13.8882
13.8238
13.8138
14.1325
14.1487
14.1279
14.1133
14.1357
13.8273
13.8117
13.7683
13.7601
13.7573
14.1315
14.1304
14.08
14.0802
14.0642
14.1086
14.0841
14.0985
14.0896
13.8856
13.941
13.9227
13.8857
13.8582
13.9331
13.9042
13.8236
14.0628
14.0872
14.0749
14.0825
14.0763
14.0844
14.0929
14.0235
14.0384
14.0359
14.0266
14.0459
13.9797
14.0649
14.0678
14.0346
14.0482
14.0331
14.0384
14.052
14.0362
14.0114
14.0005
14.0205
14.0115
13.9985
13.9857
13.9782
14.0973
14.0827
14.0707
14.0927
14.0763
14.0824
14.0738
14.0836
14.0737
13.9511
13.9219
13.9142
13.9451
13.9245
13.8899
13.8697
13.8962
13.8359
14.0965
14.1015
14.0909
14.0772
14.0799
14.0696
13.748
13.7137
13.7076
13.6024
13.5526
14.0901
14.1141
14.0759
14.0632
14.091
13.6438
13.6848
13.4997
13.4648
13.5726
14.1236
14.1168
14.0877
14.1148
14.1123
14.1072
14.0894
14.1324
14.1337
13.8227
13.9272
13.8848
13.8581
13.7829
13.929
13.8666
13.7083
14.1182
14.1523
14.103
14.1107
14.137
14.1329
14.1352
14.0333
14.0597
14.0713
14.0504
14.0821
13.9881
14.0718
14.0776
14.0457
14.0581
14.0424
14.0563
14.0677
14.0513
14.0141
13.9986
14.0337
14.0199
14.0018
13.9714
13.967
14.0635
14.0465
14.0773
14.0719
14.0709
14.0761
14.0815
14.0609
14.0715
13.8928
13.8519
13.8105
13.9108
13.8593
13.812
13.7446
13.7455
13.6459
14.0546
14.0534
14.0443
14.0329
14.0251
14.0163
13.3819
13.2649
13.2467
12.9728
12.7002
14.0305
14.0599
13.992
13.9868
14.0119
13.1408
13.3847
12.8377
12.5527
13.0879
14.1094
14.096
14.101
14.1559
14.1676
14.128
14.1218
14.1924
14.2194
13.7284
13.9356
13.8485
13.831
13.6559
13.9428
13.828
13.4697
14.1951
14.2481
14.174
14.1707
14.2452
14.2278
14.2235
14.0754
14.1163
14.1476
14.113
14.1641
14.0225
14.086
14.0977
14.0696
14.0799
14.0628
14.085
14.0941
14.0763
14.0292
14.0085
14.0593
14.0406
14.0181
13.9656
13.9683
14.0387
14.0418
14.0882
14.0537
14.0731
14.0806
14.0972
14.0537
14.0767
13.823
13.7656
13.6519
13.8799
13.7865
13.7174
13.5401
13.469
13.2548
14.0172
13.9932
13.9888
14.013
13.9711
13.9753
12.4218
11.0222
12.0101
11.5834
7.40526
13.9424
13.9635
13.9313
13.9082
13.9352
10.596
12.6105
11.4629
7.00901
11.7867
14.0874
14.1077
14.1548
14.2414
14.2966
14.2045
14.2222
14.3077
14.3965
13.5571
13.9534
13.8034
13.8188
13.4424
13.9782
13.7815
12.9899
14.3309
14.4371
14.296
14.2983
14.4357
14.3983
14.3911
14.1607
14.2302
14.2825
14.2284
14.3069
14.0991
14.1134
14.1349
14.1028
14.1104
14.0924
14.1233
14.1302
14.1114
14.0538
14.0303
14.0934
14.0694
14.0461
13.9757
13.9896
14.0595
14.098
14.1101
14.066
14.0822
14.1189
14.1302
14.0931
14.0999
13.7445
13.6654
13.4032
13.8564
13.6969
13.6044
13.2264
12.8888
12.0289
14.0265
13.9945
13.9901
14.0676
14.0499
14.0389
10.6713
4.46368
8.76132
-0.844914
9.9874
4.76404
-9.54555
-3.08463
-2.94162
-0.00201672
-1.89782
0.0701242
13.9155
13.9567
14.0184
13.9921
14.0738
4.4156
10.518
10.1991
4.78049
8.24962
-2.42695
-2.27857
-2.04825
0.403438
-3.25624
0.00213577
14.1683
14.268
14.3246
14.4187
14.5245
14.3885
14.4377
14.5273
14.6509
13.3186
14.0155
13.7681
13.8568
13.2109
14.0685
13.7777
11.6227
14.582
14.7369
14.5113
14.5071
14.6908
14.6221
14.6125
14.3166
14.4027
14.4585
14.3965
14.4964
14.2541
14.1622
14.1943
14.1462
14.155
14.1342
14.1695
14.1826
14.1584
14.0923
14.0658
14.1416
14.1158
14.0854
14.0085
14.0218
14.1539
14.2171
14.158
14.1378
14.1296
14.2005
14.1932
14.1912
14.1685
13.6894
13.5575
13.0929
13.8494
13.5729
13.5454
12.7735
11.6392
11.1812
3.29016
2.2826
3.58757
14.1322
14.1287
14.1149
14.2072
14.2142
14.1989
2.71878
10.3897
6.19393
9.72817
5.10585
10.5172
6.78733
0.597506
0.909956
-0.436538
1.67434
0.911795
1.74883
0.196533
14.1123
14.2147
14.2293
14.2229
14.3054
6.50363
9.29615
2.20372
11.0808
7.58269
10.0084
5.14408
-0.252122
0.406005
0.705903
2.24097
0.50521
1.47377
0.809835
14.3706
14.4458
14.5462
14.5946
14.742
14.5109
14.6452
14.6079
14.773
13.1681
14.1355
13.7831
14.1069
13.0521
14.2289
13.8638
10.952
2.17658
2.09366
2.98795
14.8388
14.8497
14.7543
14.7368
14.8654
14.8258
14.7982
14.4789
14.6035
14.627
14.5793
14.6836
14.4403
14.2311
14.276
14.1982
14.2147
14.1891
14.2345
14.2501
14.2272
14.1436
14.1082
14.197
14.1793
14.1443
14.0308
14.0706
14.2799
14.3403
14.2319
14.2467
14.2135
14.2994
14.2792
14.3049
14.2643
13.5741
13.5778
12.7171
13.9261
13.7155
13.6756
12.8748
11.437
4.75775
12.1714
5.44336
2.70732
2.00909
3.36274
4.52466
14.2808
14.2919
14.275
14.3499
14.3584
14.341
6.3923
10.4636
7.1759
10.8094
6.96615
10.5912
7.34927
0.76938
2.41784
0.455249
3.00472
1.68628
2.40155
0.529092
14.3108
14.3621
14.3714
14.3667
14.3806
8.13622
10.8899
7.21242
11.2549
8.24237
10.9232
6.38518
0.917867
3.53247
1.56969
3.15711
0.825224
2.53332
1.46795
14.4845
14.4861
14.6493
14.5801
14.7108
14.472
14.5247
14.4897
14.5576
13.1813
14.33
14.0087
14.3183
13.4827
14.4562
14.2176
5.5013
11.6675
3.61785
4.69056
2.78668
3.63808
14.7645
14.6617
14.7444
14.7817
14.6958
14.671
14.71
14.6459
14.7087
14.7257
14.6877
14.71
14.6189
14.3217
14.365
14.2779
14.291
14.2713
14.3275
14.3354
14.319
14.2282
14.2114
14.3031
14.2907
14.3066
14.179
14.3244
14.3984
14.4535
14.329
14.3647
14.3226
14.4042
14.3744
14.4216
14.3781
14.0593
13.8469
13.417
14.28
14.3797
14.0779
14.1668
12.9396
5.75637
13.9158
3.03533
4.90824
14.4158
14.4218
14.4055
14.479
14.4843
14.4714
6.98683
10.8595
7.16028
11.8446
5.31428
10.8532
6.67584
2.33535
1.76175
0.206717
1.66108
2.88243
1.35359
0.361346
14.4116
14.3696
14.4761
14.4584
14.3618
7.63487
11.0253
4.82538
10.9701
6.36379
10.4328
2.17629
0.0843032
1.96288
1.56053
-0.557343
0.624525
-0.736489
1.57468
14.4142
14.3095
14.3352
14.3506
14.4065
14.2251
14.1162
14.1846
14.2084
13.9783
14.5138
14.3765
14.3155
14.0342
14.4995
14.3575
12.7661
14.5107
14.3427
14.5957
14.6274
14.4874
14.5017
14.5352
14.6794
14.7426
14.6344
14.6312
14.68
14.599
14.4056
14.4425
14.3824
14.3793
14.3703
14.4335
14.4196
14.4194
14.3569
14.3996
14.4296
14.4251
14.4648
14.4316
14.4881
14.5052
14.5509
14.4151
14.4727
14.4281
14.4821
14.4509
14.5127
14.4692
14.4938
14.244
14.27
14.4585
14.508
14.3246
14.3509
14.2805
14.3511
14.5385
14.5485
14.5396
14.587
14.6028
14.5971
11.7092
7.3423
13.7239
12.841
10.9619
-5.16614
-1.46436
14.5097
14.3541
14.5906
14.5753
14.3674
6.9372
12.2
12.8054
9.9142
13.2973
-0.991933
14.1951
14.097
13.9401
14.0121
14.0269
13.8501
13.7705
13.8771
13.8814
14.1204
14.4727
14.3442
14.3225
14.2044
14.4413
14.3468
13.9296
14.1624
14.0458
14.4056
14.4363
14.3322
14.3472
14.3874
14.551
14.567
14.4565
14.4894
14.4882
14.4937
14.4715
14.4919
14.4687
14.4516
14.4558
14.4993
14.4766
14.4828
14.4588
14.4912
14.491
14.4826
14.5084
14.5007
14.5121
14.5806
14.5759
14.4793
14.5436
14.5
14.521
14.4978
14.56
14.513
14.4939
14.3553
14.3767
14.4729
14.5035
14.3953
14.4335
14.3736
14.4407
14.6182
14.6335
14.6209
14.6254
14.6338
14.6126
13.6228
13.2512
14.3331
14.1357
14.1306
14.6316
14.4031
14.6639
14.6455
14.4511
12.7408
13.8704
13.9839
13.9038
14.1715
14.0638
14.1392
13.6577
13.7985
13.8075
13.8579
13.7977
13.8654
13.8967
14.2898
14.4355
14.3738
14.3777
14.363
14.4452
14.4109
14.3081
14.0089
14.1001
14.3378
14.3795
14.3024
14.3638
14.4257
14.468
14.4496
14.4218
14.469
14.4493
14.4772
14.5076
14.5169
14.5152
14.4965
14.5024
14.522
14.513
14.515
14.5003
14.5193
14.519
14.5092
14.5256
14.5263
14.5346
14.5743
14.5743
14.5085
14.5515
14.5172
14.5204
14.5043
14.5408
14.5187
14.5267
14.4343
14.4828
14.5145
14.5431
14.478
14.5244
14.5073
14.5476
14.6153
14.6276
14.6076
14.6161
14.6211
14.6192
14.3356
14.3731
14.5494
14.4747
14.4835
14.603
14.5019
14.5882
14.5571
14.5608
14.2931
14.3503
14.4213
14.4333
14.4706
14.3507
14.545
14.0479
14.0918
14.0984
14.3924
14.2794
14.335
14.3076
14.4409
14.4819
14.4694
14.4772
14.494
14.5193
14.5042
14.4971
14.24
14.3792
14.4159
14.4789
14.4173
14.4678
14.5224
14.4911
14.4778
14.4731
14.5163
14.5022
14.5291
14.5158
14.5047
14.5285
14.5129
14.5188
14.5264
14.5116
14.5181
14.5136
14.5304
14.5255
14.5123
14.5362
14.5443
14.5577
14.5718
14.5751
14.4831
14.5402
14.5003
14.5176
14.4937
14.5451
14.5038
14.5602
14.5182
14.5576
14.5481
14.5737
14.5382
14.574
14.5793
14.6006
14.6197
14.6283
14.6277
14.6104
14.6278
14.6235
14.5451
14.5684
14.6105
14.5936
14.6003
14.5771
14.6516
14.6186
14.6059
14.7101
14.5346
14.5395
14.5603
14.5698
14.5721
14.6419
14.6563
14.4501
14.4891
14.4532
14.5965
14.5275
14.5708
14.527
14.5377
14.5444
14.5437
14.539
14.56
14.5541
14.5586
14.5676
14.5078
14.5914
14.5218
14.5987
14.5447
14.5494
14.6226
14.5431
14.5478
14.524
14.5639
14.5648
14.5769
14.5148
14.5293
14.5288
14.5168
14.5142
14.5116
14.5256
14.5117
14.5017
14.5342
14.4895
14.4872
14.5297
14.5614
14.5587
14.5802
14.5866
14.5048
14.5503
14.5137
14.5487
14.5193
14.5565
14.5227
14.585
14.5501
14.5871
14.5628
14.5947
14.5613
14.6071
14.6187
14.6331
14.606
14.6315
14.6214
14.6013
14.6313
14.6145
14.6177
14.6129
14.6214
14.6258
14.6187
14.6127
14.6842
14.6282
14.6124
14.6642
14.5837
14.5799
14.5961
14.5908
14.5883
14.671
14.6608
14.5589
14.6258
14.5773
14.6148
14.5639
14.6471
14.6007
14.5708
14.5611
14.5714
14.5854
14.5843
14.5733
14.5812
14.5868
14.6531
14.6578
14.5649
14.6404
14.6012
14.5703
14.6454
14.5844
14.5777
14.5446
14.5879
14.587
14.5963
14.546
14.5678
14.5039
14.5373
14.5026
14.5271
14.5546
14.5186
14.4867
14.5236
14.5183
14.505
14.5217
14.5503
14.5516
14.5928
14.5996
14.5354
14.5651
14.5318
14.5797
14.5529
14.5742
14.5424
14.5977
14.5647
14.6262
14.5724
14.6017
14.5627
14.6284
14.6375
14.6388
14.5994
14.6303
14.6075
14.5968
14.6247
14.5977
14.614
14.6118
14.6157
14.6147
14.6154
14.604
14.6436
14.6112
14.5891
14.6224
14.5953
14.5822
14.5958
14.6025
14.587
14.6488
14.6301
14.5488
14.6376
14.5938
14.5779
14.528
14.6191
14.5821
14.5853
14.5748
14.5826
14.5964
14.5952
14.5818
14.59
14.5966
14.6367
14.6209
14.5608
14.6396
14.5728
14.5772
14.6486
14.5927
14.5964
14.5659
14.5966
14.6086
14.6013
14.5904
14.6132
14.5552
14.5771
14.5433
14.5843
14.6001
14.5691
14.5432
14.5559
14.5897
14.5734
14.5828
14.5787
14.6057
14.6078
14.6163
14.5725
14.5849
14.5557
14.6155
14.5928
14.596
14.5691
14.611
14.5742
14.6249
14.5978
14.6226
14.5904
14.6221
14.6297
14.6317
14.5947
14.6159
14.5849
14.5936
14.6061
14.5705
14.6088
14.6137
14.6209
14.6127
14.6194
14.5682
14.5917
14.5759
14.5495
14.5677
14.6053
14.5879
14.6036
14.6147
14.5968
14.6018
14.5745
14.5
14.589
14.5631
14.516
14.4769
14.5584
14.5389
14.5937
14.5859
14.5921
14.5926
14.6025
14.5914
14.5999
14.6072
14.5963
14.5722
14.5636
14.6281
14.5603
14.573
14.6132
14.598
14.6096
14.5889
14.6014
14.6136
14.6054
14.6347
14.6673
14.6099
14.6214
14.5929
14.638
14.65
14.6214
14.5956
14.5983
14.6428
14.6196
14.6206
14.6201
14.6385
14.622
14.6501
14.6115
14.6051
14.5822
14.6652
14.6413
14.6314
14.6007
14.629
14.6027
14.626
14.6229
14.6369
14.6075
14.6291
14.6357
14.6452
14.5873
14.5883
14.5466
14.6028
14.5977
14.5511
14.6159
14.6228
14.6331
14.6231
14.6334
14.5144
14.5261
14.5486
14.5073
14.5057
14.6181
14.6083
14.6202
14.6244
14.6211
14.5355
14.5139
14.4522
14.5174
14.4999
14.4527
14.4456
14.4845
14.5101
14.6032
14.5954
14.6045
14.5943
14.6109
14.605
14.615
14.6218
14.5446
14.5686
14.5818
14.6009
14.6011
14.6073
14.6133
14.6043
14.6166
14.615
14.6177
14.6287
14.6228
14.6574
14.6462
14.6394
14.6136
14.6162
14.6213
14.6325
14.631
14.6331
14.6212
14.604
14.6022
14.5835
14.5737
14.5928
14.5748
14.5857
14.6313
14.6058
14.6213
14.6425
14.5867
14.5718
14.5157
14.5542
14.4971
14.506
14.545
14.512
14.5276
14.5698
14.5472
14.5664
14.6083
14.5898
14.6012
14.625
14.6383
14.4745
14.4855
14.4736
14.4314
14.4477
14.51
14.4735
14.5043
14.5562
14.5393
14.5564
14.594
14.5904
14.5962
14.627
14.6271
14.4962
14.4633
14.4842
14.5148
14.5234
14.5079
14.5294
14.571
14.5661
14.5768
14.6123
14.6006
14.6163
14.5978
14.6309
14.6406
14.6215
14.6382
102.416
116.599
105.34
94.442
89.7306
78.5706
85.3975
105.629
98.2925
101.92
88.8086
98.0576
83.0754
89.6813
71.9541
84.4392
79.0084
73.7671
61.237
75.902
66.8593
116.818
94.0093
112.155
72.8535
83.3292
73.1118
84.1933
116.575
131.704
142.554
89.8143
94.5338
98.634
104.67
113.27
145.051
146.664
103.057
106.413
111.332
113.831
99.8167
109.119
122.242
68.0827
59.4654
50.683
65.7435
137.433
137.875
148.406
79.4144
95.2457
84.4161
99.308
159.055
154.697
164.194
107.696
121.775
104.586
125.132
179.351
170.246
179.958
133.471
133.38
148.328
151.072
141.548
78.0343
104.689
43.3167
56.2554
22.331
29.6127
159.656
124.76
142.66
59.9617
96.2993
30.1368
56.1855
77.6079
57.9092
71.0446
56.9969
67.6616
45.002
61.6582
77.947
71.8996
79.698
64.5942
60.0529
62.516
69.6134
57.5571
62.5901
52.3536
36.8356
42.9065
37.2702
37.1373
42.1396
22.38
32.7507
24.7327
34.6734
16.3532
20.1526
56.1149
34.8754
50.2186
32.7562
46.6225
28.9915
40.4849
52.0745
54.5817
59.9248
48.8252
47.0689
48.0016
50.3598
32.208
24.1928
31.6251
22.2214
28.0789
19.594
29.6394
26.508
15.5375
16.6193
15.4006
19.7846
15.556
15.5986
39.6675
25.9761
34.0513
25.9699
34.7578
24.4078
29.6828
42.7186
43.7483
42.1362
39.6975
39.5879
41.0863
37.4296
26.5862
16.0372
27.2428
16.1806
26.2784
14.5994
24.2626
17.4362
15.4999
15.1874
14.7284
15.9499
15.2464
14.9129
32.3272
24.0061
26.5973
23.3232
31.379
22.209
24.259
37.6422
37.9497
34.2621
36.7535
35.8665
32.2315
28.0571
23.0684
13.635
16.643
13.2599
13.8516
13.4661
13.0296
13.9727
14.8457
14.5598
13.865
13.6414
14.3765
14.1879
25.4584
14.9038
18.4736
13.4799
13.975
13.0886
13.4143
24.1471
17.7085
15.0941
14.4572
13.3147
13.0925
13.0703
12.9755
13.4232
13.659
13.3351
13.5398
13.1828
13.6139
13.7498
14.0227
13.8546
13.4924
13.6103
13.8034
13.5561
13.3774
13.5216
13.4787
13.4392
13.585
13.3579
13.4729
13.6605
13.5767
13.7548
13.6235
13.8929
13.5353
13.6501
13.4826
13.0703
13.2708
13.0022
13.2734
13.0161
13.1918
13.4594
13.7152
13.4282
13.3512
13.4082
13.6561
13.3345
13.5325
13.4078
13.4895
13.4849
13.5397
13.4372
13.5082
13.7266
13.535
13.6207
13.5593
13.6392
13.5468
13.5969
13.1859
13.0631
13.2214
12.9867
13.2494
13.2226
13.272
13.4126
13.5882
13.2816
13.4818
13.437
13.5347
13.2664
13.5589
13.4718
13.5328
13.5571
13.5743
13.5113
13.5576
13.6048
13.5671
13.592
13.5831
13.5852
13.5806
13.5937
13.2927
13.3367
13.3123
13.2336
13.3242
13.3569
13.3474
13.4357
13.4888
13.2643
13.4363
13.4282
13.4572
13.2747
13.6008
13.5515
13.5793
13.642
13.6328
13.5945
13.6103
13.5957
13.5968
13.6155
13.6318
13.6172
13.6226
13.6428
13.3557
13.3454
13.384
13.4111
13.4118
13.3998
13.4109
13.4167
13.474
13.3053
13.4472
13.4228
13.548
13.3481
13.6685
13.6457
13.6522
13.722
13.7013
13.6922
13.6915
13.6506
13.6501
13.6709
13.6904
13.6844
13.6793
13.7039
13.5058
13.5086
13.4563
13.697
13.6081
13.6043
13.5218
13.4568
13.6673
13.4107
13.6088
13.514
13.7731
13.52
13.7329
13.7357
13.7308
13.7896
13.7604
13.7731
13.7642
13.716
13.7069
13.7345
13.7415
13.7431
13.7365
13.7602
13.6938
13.6875
13.5847
13.8292
13.7505
13.7549
13.6249
13.5878
13.8726
13.6547
13.7998
13.6692
13.9467
13.7783
13.785
13.8063
13.7901
13.8465
13.8039
13.8338
13.8123
13.7671
13.7688
13.7799
13.7797
13.7887
13.7874
13.79
13.7882
13.7818
13.641
13.8541
13.8081
13.8006
13.6408
13.7234
13.9229
13.8441
13.8664
13.7497
13.8888
13.8698
13.8247
13.8577
13.8331
13.8922
13.8469
13.8787
13.8568
13.8135
13.792
13.8067
13.8148
13.8422
13.7978
13.8216
13.8283
13.8438
13.6713
13.9115
13.8398
13.8903
13.7203
13.7611
13.9118
13.8676
13.8834
13.7715
13.9312
13.8799
13.8689
13.8949
13.8702
13.9264
13.8946
13.9134
13.886
13.8771
13.8221
13.8487
13.8859
13.9122
13.8637
13.8777
13.8499
13.9054
13.7796
13.9327
13.8767
13.8839
13.832
13.7942
13.8984
13.8801
13.8266
13.8299
13.819
13.8838
13.9249
13.926
13.9014
13.9636
13.9526
13.9398
13.9217
13.9471
13.9167
13.9191
13.9688
13.9792
13.9578
13.9646
13.9019
13.8534
13.873
13.892
13.9164
13.8259
13.8905
13.8363
13.7414
13.8324
13.7305
13.8132
13.6881
13.767
13.9815
13.9593
13.9433
14.0161
14.0071
13.9795
13.965
13.9962
13.9774
13.9818
14.0089
14.006
13.9812
13.9895
13.9465
13.8163
13.9178
13.9135
13.9786
13.8508
13.9499
13.8174
13.6768
13.7094
13.7293
13.8654
13.6926
13.6719
14.0351
14.0076
13.9896
14.0744
14.0573
14.0419
14.0181
14.0144
13.9845
13.9988
14.0428
14.0194
13.9936
14.0053
14.0172
13.9188
13.9849
14.0613
14.0713
14.0083
14.0507
13.9438
13.7593
13.7282
13.9466
14.0293
13.847
13.8876
14.0694
14.0658
14.0414
14.094
14.0701
14.0676
14.0433
14.0212
13.9984
14.0073
14.0462
14.0205
13.9973
14.0077
14.1185
14.0875
14.1235
14.1237
14.1296
14.1
14.1414
14.1226
13.9277
14.0291
14.0944
14.1592
13.9697
14.068
14.0639
14.0701
14.0391
14.0713
14.0477
14.0664
14.029
14.0173
13.9922
14.0039
14.0219
14.0145
13.9889
14.0042
14.1104
14.0836
14.1117
14.0973
14.0835
14.0698
14.0694
14.1232
13.9815
14.0636
14.058
14.0684
13.9952
14.0416
14.0252
14.0534
14.0113
14.0347
14.0082
14.0343
13.9929
14.0148
13.9865
13.9999
14.0072
14.0151
13.9865
13.9879
14.0581
14.0589
14.042
14.0763
14.0299
14.0574
14.0193
14.0289
14.0309
14.0356
14.0505
14.007
14.0556
14.0491
13.9985
14.0157
13.9833
14.0166
13.9988
14.0061
13.9852
14.0179
13.9912
13.9801
14.0296
14.015
13.9969
13.9752
14.0148
14.0701
14.011
14.0871
14.0131
14.0819
14.0192
14.0146
14.0695
14.0564
14.0778
14.0347
14.0742
14.0556
14.0018
14.0009
13.9862
14.0039
13.9991
13.9994
13.9867
14.0047
13.9994
13.9744
14.0277
13.9922
13.9954
13.9725
14.0107
14.0748
14.027
14.0477
14.0046
14.0557
14.0205
14.0414
14.0641
14.0426
14.062
14.0363
14.0396
14.0198
13.9904
13.9937
13.9815
13.9823
13.9781
13.987
13.9767
13.9791
13.9863
13.9682
13.9972
13.9661
13.9765
13.9616
13.9949
14.0305
14.0037
13.994
13.9807
13.9996
13.9882
14.0299
14.0114
13.9913
14.0032
14.0198
13.9847
13.9681
13.9668
13.9781
13.9714
13.9593
13.957
13.9672
13.9671
13.953
13.965
13.953
13.9565
13.9412
13.9541
13.9427
13.963
13.9672
13.9896
13.9454
13.9553
13.94
13.9973
14.0033
13.9597
13.9475
13.9454
13.9754
13.9377
13.9273
13.9465
13.9531
13.9608
13.9313
13.934
13.9382
13.9516
13.9286
13.9423
13.9295
13.9201
13.9149
13.9293
13.9153
13.9464
13.9139
13.9824
13.8955
13.9247
13.882
13.944
13.9445
13.9179
13.9076
13.892
13.914
13.9009
13.8895
13.9183
13.9246
13.9368
13.9009
13.9042
13.9077
13.9164
13.8987
13.9123
13.9004
13.8931
13.8822
13.8944
13.8852
13.8848
13.8438
13.8859
13.8316
13.8407
13.8021
13.8285
13.8854
13.8864
13.8758
13.8372
13.8593
13.8747
13.8662
13.8911
13.8867
13.9013
13.8718
13.876
13.8661
13.8798
13.8678
13.88
13.8717
13.8703
13.8558
13.8659
13.8608
13.8066
13.7617
13.7806
13.776
13.788
13.73
13.7433
13.8365
13.8662
13.8611
13.7886
13.8177
13.8615
13.8595
13.8704
13.8496
13.8647
13.8579
13.864
13.8384
13.8499
13.8469
13.8553
13.8571
13.8515
13.8406
13.8484
13.8625
13.7857
13.7123
13.7224
13.7622
13.792
13.7085
13.714
13.8027
13.8593
13.8619
13.7592
13.7878
13.8593
13.8653
13.8466
13.8336
13.8412
13.8479
13.8346
13.8317
13.8398
13.8439
13.844
13.8623
13.8438
13.8573
13.8496
13.8685
13.8037
13.716
13.7188
13.7804
13.8036
13.727
13.7258
13.7759
13.863
13.871
13.759
13.7669
13.8675
13.8777
13.8386
13.8362
13.8468
13.8529
13.8575
13.8507
13.8627
13.8764
13.8622
13.8832
13.8967
13.9103
13.8807
13.907
13.8045
13.7428
13.7392
13.8056
13.8055
13.7695
13.7559
13.7687
13.8774
13.8872
13.7955
13.7762
13.8972
13.9046
13.8811
13.8536
13.8805
13.92
13.9075
13.8756
13.9016
13.9489
13.9039
13.9395
13.9463
13.9701
13.9296
13.9677
13.8166
13.8157
13.7854
13.9029
13.8755
13.8786
13.8386
13.8018
13.9261
13.923
13.8812
13.8434
13.9613
13.9483
13.9559
13.9323
13.9283
14.0573
14.0139
13.9956
13.9769
13.9819
13.9625
13.9845
13.9975
13.9949
13.9907
13.9895
13.9525
13.9458
13.8992
14.0361
14.0062
14.0153
13.9659
13.9004
14.0005
13.9782
14.0066
13.9568
14.0365
14.0101
14.0465
14.0192
14.0089
14.0726
14.0484
14.0147
14.0109
14.0015
14.001
13.9919
14.0172
14.0049
14.0063
13.9973
14.0281
14.0863
14.0225
14.1391
14.0594
14.1146
14.0528
14.0029
14.0642
14.0381
14.0896
14.0389
14.0817
14.0567
14.037
14.0243
14.0146
14.0148
14.0299
14.0328
14.0216
14.0113
14.0105
14.0061
14.015
14.0204
14.0187
14.0184
14.0502
14.1183
14.0584
14.1027
14.0309
14.1128
14.0507
14.062
14.0879
14.0674
14.0945
14.0764
14.0892
14.0729
14.0321
14.0326
14.0262
13.9902
14.0383
14.0184
14.0271
14.0354
14.0281
14.0304
14.0377
14.0488
14.0393
14.0424
14.0199
14.0876
14.0494
14.0474
14.0285
14.0668
14.0699
14.0836
14.0884
14.0747
14.0823
14.0809
14.0881
14.0756
14.0518
14.0124
14.035
14.0431
14.0532
13.9936
14.0437
14.063
14.0492
14.0543
14.063
14.0785
14.0659
14.0718
14.0461
14.0622
14.0827
14.0431
14.0527
14.0645
14.0784
14.0762
14.0884
14.0755
14.0797
14.0759
14.0891
14.075
14.055
14.0114
14.0788
14.0649
14.0693
14.1006
14.1283
14.085
14.0842
14.0874
14.0779
14.0946
14.1048
14.097
14.0514
14.0675
14.0679
14.0641
14.0576
14.069
14.0642
14.0785
14.0893
14.0765
14.0833
14.0791
14.0892
14.0777
14.0864
14.1581
14.133
14.0842
14.0877
14.1466
14.126
14.1127
14.1175
14.1045
14.1064
14.1225
14.1257
14.125
14.0672
14.072
14.0678
14.0747
14.0631
14.0718
14.0661
14.0796
14.0879
14.0797
14.0814
14.0737
14.0847
14.0773
14.0821
14.1183
14.1089
14.0789
14.0746
14.0921
14.0871
14.1085
14.1158
14.1311
14.0776
14.0877
14.0923
14.1005
14.0556
14.067
14.0601
14.0635
14.0458
14.0591
14.0476
14.064
14.0783
14.0724
14.0619
14.0484
14.0699
14.0649
14.0619
14.0678
14.0629
14.0603
14.0475
14.0446
14.0388
14.0636
14.058
14.0555
14.0421
14.042
14.03
14.0212
14.035
14.0494
14.0341
14.048
14.0269
14.038
14.0211
14.0312
14.0595
14.0564
14.0316
14.0128
14.0483
14.0466
14.0301
14.0289
14.0209
14.032
14.0103
14.0149
14.0037
14.0232
14.0102
13.9984
14.0065
14.0069
13.9937
13.9807
14.0236
14.0248
14.0074
14.0426
14.0216
14.0076
13.9889
13.9941
14.0365
14.0369
13.9979
13.978
14.0244
14.0268
13.9886
14.0035
13.9907
13.9962
13.9644
13.9883
13.9752
13.9941
13.9878
13.9784
13.9709
13.984
13.9806
13.9798
14.0163
13.9872
13.9704
14.0221
14.004
13.9652
13.9535
13.9658
14.0125
14.0171
13.9666
13.9603
14.0016
14.0078
13.9388
13.9714
13.9575
13.9524
13.9132
13.9522
13.9384
13.9742
13.9734
13.983
13.9357
13.9665
13.9631
13.9822
13.9884
13.9422
13.9414
13.9802
13.9676
13.9231
13.9326
13.9596
13.9931
14.0004
13.9483
13.9629
13.9858
13.9964
13.892
13.9314
13.9204
13.9102
13.8826
13.9094
13.9057
13.9601
13.9468
13.9791
13.9218
13.9552
13.9326
13.9749
13.9471
13.9124
13.9266
13.9384
13.9265
13.9095
13.9182
13.9672
13.9802
13.9941
13.9449
13.9701
13.9757
13.9903
13.8835
13.8889
13.8923
13.8924
13.8887
13.8705
13.8866
13.9513
13.9214
13.9707
13.922
13.95
13.915
13.9676
13.9113
13.9105
13.9118
13.9178
13.8995
13.913
13.9032
13.9718
13.9717
13.9875
13.9493
13.9683
13.9689
13.981
13.8969
13.8601
13.8893
13.8991
13.9074
13.8579
13.8975
13.9506
13.912
13.9654
13.9297
13.953
13.9148
13.9623
13.8947
13.9147
13.8963
13.9216
13.8974
13.9168
13.894
13.9636
13.9657
13.9746
13.9522
13.957
13.9628
13.9666
13.9179
13.8646
13.9042
13.9244
13.9247
13.8758
13.9121
13.9577
13.922
13.9616
13.9457
13.9647
13.933
13.9646
13.9037
13.9192
13.8941
13.9349
13.9169
13.9248
13.8976
13.9483
13.9597
13.9566
13.953
13.9385
13.9567
13.9446
13.933
13.8908
13.9226
13.9603
13.9486
13.9112
13.9382
13.9743
13.9446
13.9702
13.9774
13.9844
13.9573
13.9785
13.9278
13.933
13.9031
13.9524
13.9392
13.9437
13.9134
13.931
13.9551
13.9357
13.9577
13.928
13.9563
13.9323
13.97
13.9334
13.956
14.0038
13.9919
13.9582
13.9774
13.9938
13.9718
13.9868
14.0017
14.0008
13.9873
13.9938
13.9509
13.9566
13.9227
13.9841
13.9678
13.974
13.9375
13.93
13.9601
13.9315
13.9712
13.9387
13.9669
13.9374
14.011
13.985
13.9988
14.0401
14.0229
14.0118
14.0188
14.0054
14.0009
13.9978
14.0191
14.0075
14.0116
13.9996
13.9884
13.9936
13.956
14.0243
14.0113
14.011
13.9783
13.9498
13.9764
13.9465
13.9975
13.9648
13.9871
13.9576
14.0312
14.0328
14.034
14.0489
14.0378
14.0477
14.0447
14.0073
14.0194
13.9993
14.027
14.0062
14.0231
13.9967
14.0316
14.0263
14.0005
14.05
14.0461
14.0382
14.0182
13.9792
13.9981
13.9671
14.0166
13.9922
14.0076
13.976
14.0436
14.0547
14.0489
14.0463
14.0457
14.0561
14.0493
14.0048
14.0236
13.9935
14.0258
14.0047
14.0216
13.9899
14.0545
14.0472
14.0307
14.064
14.0604
14.0535
14.0409
14.0019
14.0155
13.982
14.0307
14.0114
14.0226
13.9893
14.0447
14.0542
14.0464
14.044
14.0428
14.0536
14.0436
14.003
14.0193
13.9886
14.0201
14.0033
14.017
13.9872
14.0634
14.0608
14.0533
14.0732
14.0653
14.0712
14.0692
14.0219
14.028
13.9955
14.0471
14.0347
14.0333
13.9986
14.0398
14.0538
14.0407
14.0457
14.0376
14.0525
14.0376
14.0046
14.0166
13.9894
14.0192
14.0077
14.0174
13.9946
14.0664
14.0798
14.0785
14.0763
14.0656
14.0855
14.0791
14.0446
14.0387
14.0052
14.0621
14.0549
14.0452
14.0127
14.0361
14.0514
14.0364
14.0473
14.0347
14.049
14.0344
14.0113
14.0187
14.001
14.02
14.0147
14.02
14.0074
14.068
14.0912
14.0821
14.0831
14.0704
14.0958
14.0818
14.0662
14.0552
14.025
14.1023
14.081
14.0689
14.0447
14.0324
14.0472
14.0317
14.0463
14.0298
14.0447
14.0286
14.016
14.0179
14.0103
14.0173
14.0147
14.0152
14.0105
14.0772
14.0993
14.0861
14.088
14.0809
14.1024
14.0854
14.0936
14.0826
14.0636
14.1328
14.0997
14.104
14.0758
14.0271
14.0412
14.0244
14.0447
14.0248
14.0373
14.0194
14.0108
14.0092
14.0042
14.0106
14.0057
14.0017
13.9962
14.0801
14.1026
14.0818
14.0923
14.0738
14.1024
14.076
14.0942
14.1173
14.0847
14.1263
14.0777
14.1233
14.091
14.0227
14.0366
14.0123
14.0433
14.0199
14.0374
14.0052
13.9981
13.9928
13.9837
14.0009
13.9902
13.9842
13.9705
14.0669
14.1005
14.0675
14.0975
14.0628
14.0936
14.0563
14.0601
14.122
14.0903
14.0965
14.0438
14.1081
14.0821
14.0179
14.0389
14.0007
14.0455
14.0191
14.0434
14.002
13.9804
13.9744
13.954
13.9931
13.9718
13.9638
13.9341
14.058
14.0797
14.0457
14.07
14.0491
14.0542
14.0319
14.0317
14.0827
14.0695
14.0417
14.0172
14.0548
14.0494
14.0246
14.0537
14.0089
14.062
14.0344
14.07
14.0166
13.9625
13.9577
13.9166
13.9959
13.956
13.96
13.9023
14.0503
14.0219
14.0215
14.0278
14.0605
13.9917
14.0125
14.0065
14.0269
14.0321
13.957
13.9921
13.9983
14.0147
14.0449
14.0815
14.025
14.0839
14.0566
14.0832
14.0349
13.953
13.9653
13.8918
14.0098
13.9533
13.9669
13.8814
14.0585
13.9673
13.9931
14.0037
14.0468
13.9562
13.9695
13.9729
13.9754
14.0046
13.8874
13.9542
13.9819
14.0137
14.0706
14.0829
14.0461
14.1108
14.0865
14.0874
14.058
13.9544
13.967
13.875
14.0297
13.9568
13.9687
13.8688
14.0297
13.9645
13.9591
14.0394
14.0382
14.0114
13.9778
13.9594
14.04
14.0683
13.9958
14.0156
14.1458
14.1706
14.1064
14.1081
14.0774
14.1592
14.1257
14.1306
14.0971
13.9645
13.9788
13.8615
14.0676
13.9767
14
13.8468
14.0771
14.0849
14.0432
14.1677
14.1302
14.1687
14.1269
14.1023
14.2517
14.2687
14.2026
14.1901
14.3206
14.3532
14.1521
14.1743
14.1303
14.233
14.1885
14.2104
14.1635
13.9915
14.0398
13.8589
14.1178
14.0249
14.077
13.9028
14.1843
14.2441
14.1953
14.3038
14.2403
14.2981
14.239
14.2506
14.349
14.3877
14.3079
14.2687
14.3659
14.3529
14.2318
14.2595
14.2085
14.3202
14.2779
14.3102
14.2574
14.1292
14.145
13.9984
14.2476
14.2529
14.2226
14.1163
14.309
14.3568
14.2866
14.4383
14.3707
14.4182
14.3221
14.2546
14.3365
14.2318
14.3795
14.2156
14.262
14.0457
14.3292
14.3555
14.3039
14.4082
14.3827
14.4042
14.3519
14.3535
14.2841
14.2272
14.3903
14.4292
14.337
14.3193
14.4259
14.4789
14.3479
14.5541
14.4753
14.5361
14.3678
14.1944
14.1874
13.9207
14.4161
14.1782
14.1407
13.8678
14.425
14.4375
14.3879
14.4637
14.4592
14.4743
14.4326
14.4544
14.3729
14.3672
14.4594
14.4725
14.4068
14.395
14.517
14.5738
14.3952
14.6078
14.5504
14.5948
14.4322
14.1813
14.1574
13.8498
14.4565
14.2455
14.227
13.9666
14.4859
14.4943
14.4638
14.4895
14.4999
14.4952
14.4833
14.4918
14.4345
14.4256
14.4973
14.5047
14.461
14.4663
14.5748
14.5904
14.4699
14.5692
14.5652
14.5813
14.5115
14.3506
14.3502
14.1848
14.5243
14.4513
14.4628
14.3615
14.5062
14.4838
14.4909
14.4832
14.5088
14.4803
14.4853
14.5152
14.4822
14.498
14.5067
14.5197
14.4926
14.5143
14.5557
14.6054
14.5466
14.5736
14.5544
14.6014
14.5758
14.5192
14.5532
14.4782
14.6016
14.5638
14.6062
14.5443
14.5071
14.4832
14.475
14.5022
14.492
14.4856
14.4766
14.5203
14.4905
14.5168
14.4862
14.5189
14.4937
14.5191
14.55
14.5801
14.6077
14.567
14.535
14.5717
14.5864
14.5888
14.6152
14.576
14.5812
14.5785
14.605
14.5738
14.4821
14.4874
14.4799
14.5257
14.4984
14.5051
14.4956
14.5137
14.4931
14.5185
14.4944
14.514
14.4929
14.5168
14.54
14.5659
14.5701
14.5621
14.5353
14.5586
14.5405
14.568
14.5812
14.5612
14.5526
14.5374
14.5581
14.5351
14.5249
14.5251
14.5117
14.5675
14.5514
14.544
14.5296
14.5382
14.5125
14.5379
14.5511
14.5605
14.5331
14.5582
14.5342
14.5434
14.5246
14.5623
14.5382
14.5269
14.5127
14.507
14.5233
14.5006
14.4977
14.4835
14.4899
14.4779
14.5744
14.5615
14.5507
14.6105
14.5953
14.5781
14.5662
14.5755
14.5564
14.575
14.587
14.5924
14.5693
14.5833
14.5389
14.5066
14.5022
14.5757
14.5482
14.5024
14.5036
14.5273
14.5025
14.5149
14.5348
14.537
14.5083
14.5238
14.5612
14.5404
14.5598
14.5501
14.5679
14.5433
14.5643
14.6035
14.5838
14.5922
14.5941
14.609
14.5883
14.5996
14.4654
14.4465
14.4459
14.4489
14.465
14.4254
14.4363
14.5007
14.451
14.4862
14.4788
14.5044
14.4639
14.495
14.5491
14.5245
14.5425
14.5336
14.5529
14.5352
14.5523
14.5809
14.5857
14.586
14.5839
14.5898
14.5879
14.593
14.5036
14.4669
14.486
14.499
14.5124
14.501
14.5185
14.5565
14.5426
14.5637
14.5532
14.5662
14.5608
14.5752
)
;

boundaryField
{
    fbOut
    {
        type            fixedValue;
        value           uniform 0;
    }
    CAD_patch1
    {
        type            zeroGradient;
    }
    fbGasin
    {
        type            zeroGradient;
    }
    CAD_patch3
    {
        type            zeroGradient;
    }
    fbBioin
    {
        type            zeroGradient;
    }
}


// ************************************************************************* //
