/*--------------------------------*- C++ -*----------------------------------*\
| =========                 |                                                 |
| \\      /  F ield         | OpenFOAM: The Open Source CFD Toolbox           |
|  \\    /   O peration     | Version:  5.x                                   |
|   \\  /    A nd           | Web:      www.OpenFOAM.org                      |
|    \\/     M anipulation  |                                                 |
\*---------------------------------------------------------------------------*/
FoamFile
{
    version     2.0;
    format      ascii;
    class       volScalarField;
    location    "6.3";
    object      p;
}
// * * * * * * * * * * * * * * * * * * * * * * * * * * * * * * * * * * * * * //

dimensions      [0 2 -2 0 0 0 0];

internalField   nonuniform List<scalar> 
10571
(
129.607
129.832
128.665
129.815
128.671
127.795
127.096
127.391
126.108
125.296
124.193
124.398
124.619
125.948
125.716
125.824
123.893
124.485
125.792
126.278
126.032
123.927
126.071
126.393
124.033
125.549
124.756
123.517
121.109
125.206
124.417
124.918
120.82
118.905
123.252
122.121
124.247
123.455
118.525
118.444
121.69
123.109
119.262
119.48
116.831
121.367
120.238
118.939
114.403
115.31
117.66
113.168
105.488
119.662
114.199
105.724
45.0297
85.6825
118.786
117.203
117.525
102.312
35.3564
70.7502
118.38
111.833
67.5214
83.3274
57.5753
118.581
101.187
75.5293
60.1003
61.1457
96.0776
85.8325
8.84618
94.4853
67.7405
15.5088
5.84626
5.29621
84.5889
108.028
50.1283
9.32101
5.69393
5.5653
110.568
12.3379
7.00427
6.54508
5.80458
32.9738
7.39794
6.20707
6.67702
6.61831
9.33122
7.75502
7.38836
7.70762
7.70549
6.11334
7.1094
7.24481
6.80188
16.4067
7.36017
6.03026
7.03121
7.03243
8.74082
5.42288
6.45952
6.93588
6.94633
6.3779
6.95517
6.9585
7.06121
7.00153
7.00157
7.11487
7.10696
7.02711
6.52322
7.06007
7.16702
7.15447
7.10274
7.07943
7.17293
6.80745
7.22074
7.13347
7.07138
7.0822
7.22949
7.42455
6.90128
6.92195
7.02378
6.96429
6.93077
6.94477
7.02048
7.01164
6.98874
7.0132
7.08552
6.99803
7.16955
6.9738
7.05747
7.15176
7.09699
6.98935
7.1039
7.16128
7.05058
7.01716
7.05103
7.05751
7.00083
7.04003
6.97996
6.94855
7.0107
7.04242
6.93326
6.94935
6.9457
7.01921
7.02362
7.01695
7.00048
7.01738
7.00829
7.05853
6.93667
7.03869
7.0546
7.05745
7.09011
7.03531
7.05502
6.99847
7.01944
7.02694
7.03814
7.01518
6.94697
7.01471
6.94979
6.99822
7.03514
6.97749
6.99397
6.97589
7.00743
7.01181
7.01016
6.97494
6.96997
7.00157
7.00998
6.96796
7.03158
7.00413
7.03635
6.99849
6.96835
7.00901
7.00791
7.07367
7.00212
7.03617
6.97757
6.98007
7.03895
6.98525
7.00317
6.98241
7.00506
6.99797
6.99325
7.00613
7.00452
6.97231
6.9771
6.98311
7.01365
6.96884
7.00834
6.98066
6.97249
6.93924
7.02399
6.99775
7.11674
7.00189
6.95557
6.96726
7.04344
7.04866
7.02319
6.97502
6.99706
7.00822
6.99427
7.00786
7.00343
6.98213
7.00294
6.97801
7.00905
6.95932
6.99112
6.97114
6.99147
6.9515
7.03488
6.98173
7.10809
7.01121
6.94965
6.96277
7.03076
7.04466
7.02859
6.97073
6.9849
7.00221
6.99264
7.01589
7.00376
6.99062
7.01079
6.98404
7.00405
6.95502
6.9656
6.9634
7.03658
6.98858
7.03684
6.98958
7.02645
7.00344
6.97115
6.98222
6.98684
7.01024
7.01837
6.9874
6.96684
6.99131
6.98878
7.02653
7.00346
6.99346
6.99597
6.9991
7.00373
6.95026
6.93718
6.95751
7.07426
7.02645
7.04469
6.99141
6.98559
6.98926
7.01002
7.03121
6.94486
6.99527
7.00873
7.01213
6.96602
6.99464
6.9954
7.03295
7.00746
6.99584
6.98254
7.02
7.00422
6.95396
6.91691
6.95721
7.09026
7.05395
7.06311
6.98354
6.97084
6.98181
7.04341
7.07089
6.95498
7.00043
7.00665
7.03794
6.9925
7.01853
7.00988
7.03536
7.01197
6.99765
6.9863
7.02839
7.00099
6.97171
6.93107
6.97102
7.08868
7.06011
7.05435
6.98514
6.97265
6.98832
7.06418
7.07271
6.98847
7.01399
7.01232
7.04469
7.02576
7.04614
7.02912
7.03857
7.02122
7.00835
7.01161
7.02673
6.99505
7.00825
6.98536
7.00367
7.08431
7.05287
7.0535
7.02369
6.99804
7.00747
7.06906
7.05453
7.02245
7.02649
7.02491
7.04783
7.05738
7.05671
7.06068
7.04872
7.03987
7.03168
7.05383
7.02757
7.01325
7.06061
7.04337
7.04314
7.08104
7.04869
7.06319
7.06213
7.02724
7.03026
7.0728
7.04548
7.04987
7.03643
7.03904
7.04977
7.06254
7.05886
7.09176
7.0604
7.06378
7.06431
7.08913
7.03461
7.06283
7.12167
7.07854
7.07223
7.07328
7.03592
7.03715
7.0689
7.03976
7.04615
7.05803
7.02594
7.05119
7.04064
7.04883
7.03256
7.05621
7.05697
7.11516
7.06689
7.07582
7.09027
7.09545
7.0374
7.06599
7.11581
7.07869
7.0794
7.05491
7.01635
7.01002
7.05844
7.04095
7.05316
7.03156
7.00138
7.03671
7.03946
7.05201
7.01175
7.04794
7.05209
7.11242
7.06243
7.06177
7.07945
7.08786
7.0273
7.01474
7.07059
7.06526
7.07378
7.03708
7.00912
6.99106
7.04348
7.03895
7.05489
7.0132
6.98893
7.02367
7.03455
7.051
6.99857
7.04441
7.0469
7.0737
7.05097
7.03025
7.04924
7.07585
7.01809
6.95444
7.02703
7.0519
7.06637
7.03862
7.00967
6.98328
7.03279
7.03756
7.05437
7.00753
6.99209
7.0133
7.02763
7.04856
6.99177
7.02321
7.04329
7.02099
7.0439
7.00454
7.01288
7.05946
7.02315
6.92277
6.99964
7.04271
7.06182
7.07235
7.04227
6.99461
7.03181
7.03862
7.05376
7.00508
6.98822
7.00878
7.02494
7.04788
7.02717
7.03321
7.03789
6.99067
7.04532
7.00725
6.99589
7.04834
7.04268
6.95495
6.99242
7.03998
7.06375
7.09552
7.06102
7.03187
7.03621
7.04007
7.05309
7.03457
7.01612
7.01989
7.02982
7.04972
7.03981
7.03857
7.03681
6.98978
7.04991
7.02546
7
7.04942
7.05233
7.00312
7.00403
7.04282
7.06483
7.05929
7.06261
7.05839
7.04252
7.04201
7.05273
7.06467
7.04509
7.03228
7.03795
7.05369
7.04196
7.04466
7.04052
7.03536
7.05545
7.04183
7.00441
7.05445
7.07539
7.05991
7.0229
7.04501
7.06138
7.06201
7.09078
7.06153
7.04278
7.04316
7.05397
7.02092
7.04808
7.04071
7.04815
7.05717
7.06506
7.05189
7.04626
7.046
7.06104
7.05932
7.01311
7.06012
7.0523
7.10575
7.03783
7.04282
7.05465
7.03488
7.06004
7.04502
7.04049
7.0454
7.05261
6.97809
7.05275
7.04521
7.05588
7.05847
7.04788
7.0547
7.05141
7.0508
7.05681
7.06101
7.02252
7.06297
7.00975
7.09281
7.04655
7.04114
7.04917
7.01157
7.01895
7.0349
7.04088
7.04966
7.05138
6.97415
7.05216
7.05494
7.06012
7.05831
7.01197
7.05816
7.05745
7.05005
7.06045
7.04659
7.02863
7.06161
7.01621
7.06365
7.05338
7.04184
7.04783
7.03036
7.01729
7.03929
7.04517
7.05232
7.05115
7.03
7.04414
7.05886
7.06104
7.05745
6.9968
7.06482
7.06382
7.042
7.06145
7.01297
7.03276
7.05903
7.05093
7.0619
7.06087
7.04262
7.05428
7.0645
7.05437
7.04873
7.04987
7.05373
7.05317
7.09381
7.06296
7.05754
7.06193
7.058
7.09291
7.0728
7.06717
7.045
7.04001
6.95793
7.0341
7.05772
7.08671
7.06607
7.06891
7.04301
7.05729
7.0895
7.08173
7.04909
7.05503
7.05528
7.05561
7.09752
7.06936
7.05576
7.06136
7.05877
7.09764
7.06947
7.06658
7.05163
7.00614
6.91714
7.03063
7.05538
7.09918
7.05524
7.06858
7.04396
7.05703
7.097
7.09254
7.04654
7.05611
7.05539
7.05693
7.08668
7.06319
7.05566
7.05996
7.05948
7.0805
7.06468
7.06456
7.0518
6.99749
6.97081
7.02696
7.0444
7.12007
7.04671
7.05013
7.04219
7.05274
7.08537
7.08535
7.04663
7.05528
7.05444
7.05683
7.07455
7.05762
7.05516
7.05824
7.05971
7.06879
7.06286
7.06315
7.05103
7.00953
7.01555
7.01259
7.03182
7.06973
7.02253
7.02936
7.03586
7.0443
7.06034
7.0638
7.04815
7.0596
7.05374
7.05461
7.06364
7.05584
7.05754
7.05842
7.06015
7.06274
7.06327
7.06366
7.04215
7.01133
7.02503
7.00767
7.03997
6.99517
6.99281
7.01061
7.04002
7.04148
7.04153
7.04318
7.05254
7.06311
7.05587
7.05787
7.05598
7.05666
7.06485
7.06098
7.06304
7.06234
7.06576
7.06609
7.03562
6.99593
6.99896
7.02257
7.0431
6.98963
6.97744
7.0246
7.05216
7.05482
7.0329
7.0322
7.06082
7.06476
7.05924
7.06981
7.05495
7.0602
7.07117
7.065
7.06878
7.06715
7.06996
7.0704
7.05491
7.01289
7.0342
7.08993
7.07486
6.94586
7.01665
7.06322
7.06668
7.06412
7.03896
7.03412
7.07381
7.07264
7.0746
7.08858
7.06243
7.0677
7.07629
7.07251
7.07844
7.0752
7.07649
7.07669
7.08168
7.04558
7.07898
7.10769
7.08028
6.9539
7.04557
7.07855
7.07029
7.06131
7.05355
7.05001
7.08267
7.08282
7.08376
7.08049
7.07494
7.07754
7.08312
7.07904
7.08064
7.08591
7.08514
7.08404
7.08218
7.06541
7.06558
7.08903
7.0831
7.05078
7.06019
7.08515
7.07688
7.07251
7.08058
7.07615
7.08705
7.08891
7.08738
7.08431
7.08657
7.08749
7.08887
7.09025
7.0844
7.09174
7.09267
7.09144
7.08502
7.09788
7.05246
7.08747
7.09266
7.11443
7.08499
7.09205
7.08944
7.08848
7.10384
7.09709
7.09031
7.09203
7.09195
7.09184
7.09521
7.09402
7.08995
7.10281
7.10391
7.09472
7.09708
7.09894
7.09572
7.1441
7.08745
7.09788
7.10236
7.14012
7.10463
7.09664
7.09775
7.10049
7.11592
7.10985
7.09354
7.09252
7.09684
7.09596
7.10258
7.09837
7.08936
7.10161
7.10355
7.09718
7.10002
7.10247
7.10581
7.15947
7.11525
7.10609
7.10687
7.14146
7.10806
7.0995
7.1012
7.10216
7.12006
7.11477
7.09749
7.09457
7.09772
7.09666
7.10709
7.10166
7.08489
7.08965
7.09723
7.10052
7.10071
7.09964
7.1108
7.14258
7.11885
7.10906
7.1076
7.13083
7.10752
7.10116
7.10319
7.10213
7.12047
7.11545
7.10185
7.09585
7.09614
7.09609
7.10838
7.10063
7.0822
7.07931
7.09348
7.10218
7.09854
7.09248
7.11305
7.12936
7.11524
7.10943
7.10762
7.12281
7.10591
7.10437
7.10232
7.10193
7.11845
7.11425
7.10242
7.09545
7.09365
7.09578
7.10777
7.10033
7.08579
7.07725
7.09095
7.1028
7.09318
7.08585
7.11371
7.12163
7.11098
7.10988
7.10698
7.11762
7.10526
7.107
7.10083
7.10199
7.11576
7.11239
7.10226
7.09537
7.09243
7.09566
7.10711
7.10126
7.09263
7.08444
7.0909
7.10137
7.09041
7.08297
7.11314
7.11685
7.10825
7.10914
7.10556
7.11419
7.10539
7.10494
7.0997
7.10213
7.11329
7.11037
7.10109
7.09854
7.09332
7.09624
7.1075
7.09974
7.09948
7.09052
7.09145
7.10034
7.09262
7.08291
7.11072
7.113
7.10744
7.10716
7.10396
7.11156
7.10524
7.10165
7.10027
7.10249
7.11153
7.10924
7.10147
7.1025
7.09697
7.09815
7.10833
7.10108
7.10045
7.09003
7.09276
7.10361
7.09779
7.08489
7.1077
7.1107
7.10738
7.10361
7.10206
7.10999
7.10629
7.09931
7.10213
7.10322
7.1105
7.10878
7.10393
7.1048
7.10222
7.10137
7.10913
7.10434
7.10203
7.09142
7.09856
7.11064
7.10793
7.09382
7.10448
7.10944
7.10655
7.09957
7.09919
7.10929
7.10508
7.09832
7.10147
7.10369
7.11036
7.10931
7.10747
7.10697
7.10759
7.10535
7.11014
7.10778
7.10913
7.10668
7.10697
7.1155
7.11915
7.10928
7.10369
7.10862
7.10533
7.09832
7.09537
7.10891
7.10433
7.09717
7.1012
7.10465
7.11089
7.11034
7.11238
7.10744
7.10988
7.10843
7.11139
7.11024
7.11274
7.11288
7.11141
7.11706
7.11987
7.12192
7.10539
7.10894
7.10715
7.10012
7.09592
7.10771
7.10229
7.09931
7.10315
7.10596
7.1114
7.11008
7.11324
7.10602
7.10909
7.10867
7.11226
7.11457
7.11069
7.11196
7.11098
7.11808
7.11691
7.11795
7.11573
7.1101
7.10924
7.11129
7.10791
7.10493
7.10035
7.10267
7.10449
7.10582
7.11093
7.10835
7.11027
7.10312
7.10613
7.10652
7.11202
7.114
7.10754
7.10869
7.10791
7.11761
7.11303
7.11264
7.11693
7.11346
7.11594
7.11091
7.10711
7.10176
7.10429
7.10207
7.1021
7.1033
7.10921
7.10563
7.10699
7.10027
7.10173
7.10222
7.10996
7.10858
7.10431
7.10405
7.10339
7.11396
7.10887
7.10796
7.11055
7.11486
7.11514
7.10539
7.10079
7.10181
7.10343
7.09906
7.09617
7.09846
7.10701
7.105
7.1021
7.09609
7.0959
7.09684
7.10817
7.10095
7.09995
7.09843
7.09769
7.10803
7.10392
7.10218
7.0973
7.1171
7.11706
7.09579
7.09285
7.10255
7.09731
7.09376
7.08879
7.0927
7.1037
7.10086
7.09611
7.09003
7.0889
7.09043
7.1069
7.0955
7.09423
7.09146
7.09093
7.10248
7.09826
7.09592
7.0877
7.11927
7.11106
7.08509
7.08525
7.10313
7.0954
7.08612
7.07978
7.0861
7.10061
7.09627
7.09129
7.08352
7.08019
7.08264
7.1047
7.09283
7.08739
7.08389
7.08318
7.09828
7.0921
7.08929
7.08627
7.13846
7.10855
7.07972
7.07807
7.11569
7.09453
7.07789
7.06906
7.07761
7.09925
7.09628
7.08574
7.07781
7.06919
7.07308
7.10281
7.09032
7.08173
7.07596
7.07416
7.09348
7.08547
7.08231
7.09021
7.13424
7.1067
7.08063
7.07296
7.12078
7.09303
7.0704
7.05588
7.06565
7.09923
7.09581
7.07965
7.07234
7.05642
7.05927
7.09961
7.08569
7.07793
7.06804
7.06288
7.08858
7.07856
7.07473
7.09748
7.12295
7.10679
7.08676
7.07065
7.11172
7.09081
7.06401
7.0398
7.04752
7.09808
7.09094
7.07382
7.06593
7.03978
7.03742
7.09526
7.08142
7.07155
7.05716
7.04613
7.08341
7.07217
7.06578
7.10574
7.11862
7.11017
7.09711
7.07194
7.10846
7.0896
7.0617
7.01879
7.01438
7.09683
7.08732
7.06927
7.05809
7.01426
6.99779
7.09214
7.08037
7.06491
7.04243
7.01876
7.07994
7.06672
7.05475
7.11557
7.1205
7.11757
7.10729
7.07661
7.10004
7.09109
7.06142
6.99353
6.95248
7.09869
7.08907
7.06817
7.04541
6.97079
6.91546
7.09354
7.08068
7.05844
7.02074
6.97061
7.0787
7.06211
7.04156
7.12954
7.12475
7.1303
7.11989
7.09006
7.08544
7.09614
7.05885
6.95898
6.81464
7.10537
7.09231
7.06737
7.02889
6.89988
6.71762
7.10124
7.08665
7.0512
6.98876
6.88218
7.08281
7.0608
7.028
7.14963
7.13161
7.14867
7.1361
7.09902
7.06816
7.10527
7.05049
6.90219
6.48196
7.12684
7.10333
7.07023
7.00359
6.80203
6.22665
7.11995
7.10096
7.05022
6.94666
6.70607
7.10086
7.0678
7.0187
7.17606
7.1592
7.17323
7.15606
7.09747
7.09878
7.12495
7.03786
6.82383
5.56269
7.17633
7.14021
7.07363
6.98332
6.70144
5.52754
-4.51517
7.15127
7.12351
7.05676
6.89721
6.28399
7.12815
7.08346
7.02219
7.20638
7.21233
7.2022
7.17922
7.10387
7.20146
7.15487
7.04828
6.77873
5.0943
0.311465
7.2696
7.21027
7.09677
7.00161
6.67882
5.39112
0.525515
7.20054
7.15485
7.07681
6.88657
5.72874
7.16306
7.11794
7.05944
7.23438
7.26332
7.23099
7.20106
7.13048
7.28492
7.17619
7.0803
6.79555
5.58192
1.4535
7.36495
7.29401
7.14765
7.03815
6.80393
5.32165
1.52396
7.26356
7.20203
7.12857
6.97571
6.07649
1.84919
7.21305
7.17646
7.15178
7.24564
7.29441
7.25082
7.21634
7.17459
7.32196
7.20124
7.13356
6.90203
5.70349
1.40486
7.44011
7.37547
7.20697
7.10161
6.98886
5.86216
1.13665
7.32683
7.25572
7.22299
7.08162
6.36846
7.27452
7.24802
7.25971
7.25599
7.30335
7.2745
7.229
7.20619
7.33341
7.23942
7.20322
7.0984
6.24034
7.41313
7.34439
7.27172
7.19687
7.15269
6.23203
-3.0683
7.36268
7.30933
7.29913
7.24414
7.02534
7.33018
7.30717
7.33295
7.27329
7.28473
7.29973
7.25922
7.23117
7.31498
7.26023
7.27699
7.25704
7.16424
7.43035
7.39913
7.2982
7.28637
7.28802
7.07144
7.50033
7.37864
7.33803
7.33567
7.31967
7.38706
7.33509
7.36156
7.28638
7.31989
7.29759
7.24178
7.27264
7.32258
7.29293
7.30057
7.33829
7.38581
7.43195
7.40631
7.32426
7.34456
7.36481
7.37188
7.52385
7.42498
7.38202
7.39349
7.4329
7.44219
7.36275
7.41748
7.31136
7.34366
7.31094
7.26096
7.31171
7.33861
7.29088
7.29888
7.36707
7.42841
7.4137
7.38514
7.33997
7.35609
7.39422
7.43674
7.471
7.43343
7.41034
7.41964
7.4686
7.49015
7.43035
7.46895
7.34549
7.36155
7.32051
7.29538
7.34082
7.34295
7.29665
7.31522
7.36698
7.41797
7.39515
7.36042
7.32927
7.35466
7.39051
7.43081
7.41502
7.39149
7.40238
7.41924
7.45683
7.45582
7.43264
7.46603
7.38236
7.37962
7.3455
7.3348
7.37354
7.3486
7.31061
7.33322
7.37374
7.41577
7.38336
7.34785
7.33174
7.35824
7.38952
7.4267
7.37548
7.37091
7.39036
7.41136
7.44201
7.41795
7.41895
7.44254
7.41589
7.40591
7.376
7.37193
7.40207
7.36331
7.33337
7.35718
7.38939
7.42607
7.37854
7.34736
7.34463
7.36777
7.39627
7.43141
7.35688
7.36011
7.38644
7.40301
7.43608
7.3886
7.40805
7.42553
7.44048
7.43291
7.40534
7.39699
7.41952
7.38323
7.36157
7.3685
7.39965
7.43938
7.37536
7.34838
7.34848
7.36622
7.39555
7.44985
7.34962
7.35272
7.38312
7.40066
7.45167
7.37916
7.4052
7.42219
7.45428
7.44866
7.42184
7.40882
7.42773
7.39905
7.37466
7.37735
7.40697
7.45672
7.37824
7.34886
7.35234
7.37283
7.41009
7.47457
7.34875
7.36085
7.387
7.41748
7.48411
7.38472
7.40937
7.42916
138.649
136.88
139.358
139.889
138.737
139.534
145.091
143.165
138.51
138.884
136.262
137.415
132.247
134.667
133.776
130.887
134.347
141.326
138.807
149.064
134.37
141.397
136.991
133.836
132.768
131.329
138.879
133.847
137.476
135.886
131.678
140.487
146.996
133.022
145.88
149.697
149.772
138.789
131.905
134.439
130.675
130.687
129.502
129.543
128.482
130.059
130.276
129.306
133.158
134.492
133.45
133.398
133.836
128.596
127.632
132.99
133.69
128.129
129.154
132.532
130.522
130.258
130.81
129.317
128.412
129.45
130.963
129.819
130.309
130.738
132.138
131.365
128.034
131.113
130.015
127.745
128.707
128.143
128.732
129.001
129.931
128.603
131.48
130.936
134.305
133.611
136.115
134.784
128.649
128.436
130.494
128.487
130.355
133.552
131.123
135.458
129.857
127.873
128.858
129.97
130.272
128.858
128.058
128.8
130.962
130.252
129.303
130.606
128.068
129.928
125.542
129.5
127.514
129.229
129.216
128.252
127.735
128.234
127.717
127.637
127.296
127.051
126.287
124.871
124.248
125.942
124.899
125.695
124.308
128.684
125.778
127.74
127.273
126.866
127.46
125.777
124.827
123.716
124.215
124.012
125.977
124.435
126.569
126.984
125.001
125.057
125.804
123.398
122.551
123.875
124.163
123.869
124.176
123.678
123.932
123.353
124.613
123.25
123.629
126.659
126.506
126.476
125.014
124.328
125.398
124.033
123.116
123.737
123.603
124.901
123.266
123.717
123.805
123.471
126.478
124.885
124.365
124.274
123.073
124.002
125.764
123.124
125.083
125.57
124.979
121.972
122.588
121.689
123.777
122.518
120.572
119.976
119.249
121.617
118.231
125.095
122.74
125.932
125.378
125.494
122.746
123.053
122.792
123.177
120.705
123.257
121.469
118.097
116.27
118.813
115.565
120.069
112.985
124.997
123.873
123.734
123.051
122.138
121.761
119.305
118.268
111.921
110.741
107.884
122.799
122.304
121.35
120.645
120.856
117.356
117.609
108.493
105.917
106.066
121.943
120.492
122.955
121.69
122.099
120.165
121.203
120.07
120.48
117.677
118.91
117.596
110.567
105.927
108.394
105.853
103.313
121.57
119.834
121.078
121.069
119.611
119.626
119.87
119.7
119.82
117.009
112.423
117.674
109.843
116.467
97.464
116.089
117.295
116.912
102.489
103.908
106.646
114.385
110.921
98.1262
99.6874
83.9663
104.921
59.5014
116.764
98.1504
117.996
118.05
119.909
95.7104
104.426
104.587
113.854
94.386
102.366
88.9139
57.4751
20.2698
57.4656
17.4892
84.6185
12.1099
118.777
119.19
118.666
104.595
109.032
109.8
79.8105
75.1778
12.7924
9.30201
11.7921
118.157
118.697
111.536
113.087
114.684
68.1723
63.5882
8.40336
10.8031
8.46663
118.501
115.288
117.6
118.152
117.953
116.412
111.431
115.978
112.931
63.9938
73.3528
64.5793
17.8428
8.67452
11.8311
8.72968
8.48909
118.146
112.57
116.028
115.793
108.48
88.6687
74.2333
82.8093
104.776
36.0123
16.2769
37.4063
10.0214
61.3522
12.2242
71.8411
72.7892
82.1861
25.336
22.0939
35.1097
63.6006
26.169
13.5113
14.9983
6.94693
9.12721
6.08417
59.7594
10.7606
73.4155
71.7131
97.8575
12.4953
22.0905
19.6648
56.4224
6.50434
9.56785
6.44939
6.11237
6.91605
6.08243
7.05154
5.75989
7.22402
66.9823
72.2221
82.3315
13.8886
14.0083
22.7454
5.59867
5.3442
7.30302
7.32724
7.16861
97.9616
103.824
25.8287
49.2315
63.4422
5.33728
5.59694
7.31762
7.15654
7.3134
106.033
66.8583
97.9664
104.837
90.8292
79.8729
64.5471
42.1878
19.2179
6.01391
6.26933
6.09531
6.92397
7.07585
7.05171
7.14263
7.22702
70.7407
8.91088
9.78927
8.09159
6.50575
5.73463
5.87873
6.26897
6.68331
6.45132
6.82662
6.25356
7.05694
6.47395
6.92558
7.25459
6.97433
7.80518
6.66598
6.70811
6.68431
6.818
6.65765
6.90709
6.85992
6.99884
7.37325
7.16851
6.38944
6.91052
7.01399
6.89775
9.23948
6.85427
6.68007
6.71446
6.80994
7.25617
7.42993
7.13699
7.13368
7.17299
7.1498
7.11946
7.21143
7.14819
6.37431
6.28872
6.69214
6.80641
6.81419
6.58134
7.04143
7.21769
7.13327
7.09081
6.80614
7.87
9.27457
6.35549
6.17536
5.94642
7.17032
7.06751
7.08051
6.76641
7.07169
8.54193
5.66397
8.45
6.9396
6.48248
5.72637
5.92093
6.11956
6.48191
6.86382
6.94128
6.90182
6.92391
6.91722
6.93103
6.93604
6.98405
6.04228
6.88742
7.07737
7.24269
6.90844
6.96711
6.96428
6.96177
7.03423
6.91677
6.89916
7.01732
6.95894
7.04805
7.0211
7.07341
6.9525
7.0626
7.04047
6.9667
7.01747
7.02273
7.02842
7.02506
7.02679
7.04433
7.10532
7.10516
7.01695
7.01451
6.9219
6.93905
7.14006
6.99249
6.98739
6.98745
7.07604
7.14134
7.09554
7.11282
7.10875
7.11926
7.08906
7.10907
7.14068
7.12147
7.01041
7.03992
6.89147
6.99873
6.93786
6.90809
7.06104
7.10825
7.28866
7.17275
7.09947
7.08311
7.05328
7.08545
7.0946
7.08025
7.09026
7.09216
7.06386
7.0744
7.08128
7.22818
6.99334
6.9259
7.0863
7.2242
7.06015
7.06383
7.05739
7.03739
7.04642
7.05857
7.06459
7.04068
7.05901
7.05081
7.05919
7.03693
7.06434
7.24034
7.08725
7.24407
7.18055
6.9769
7.03289
7.03517
7.05405
6.99614
6.95459
6.92386
6.94658
6.93927
6.97777
6.94913
6.98347
7.01309
7.05917
6.9949
7.01714
6.95697
6.94388
7.06304
7.10413
6.89845
6.97707
6.93099
6.91016
6.93462
6.93528
7.04499
7.05704
7.01098
6.99491
7.01198
7.00946
7.01658
7.01477
7.02851
7.05325
7.02567
7.02776
7.03196
7.07473
7.04501
7.02218
7.02272
7.01889
7.00828
7.03548
7.02757
7.03376
7.01588
7.02575
7.08852
7.06068
7.08786
7.05337
7.04886
7.02904
7.04973
7.08724
7.11495
7.04824
7.0828
7.0916
7.09016
7.06994
7.07833
7.00579
7.05544
6.97808
7.02617
7.1403
7.04466
7.13028
7.07444
7.08903
7.09883
7.08222
7.05377
7.06497
7.08665
7.0789
7.07126
7.06573
7.07471
7.0508
7.06476
6.95977
7.03006
7.07941
7.02975
7.032
7.06534
7.04274
7.07438
7.03945
7.06051
7.03413
7.06482
7.05886
7.04635
7.05924
7.04167
7.05816
7.04278
7.06246
7.00111
7.02
6.99624
7.00822
7.02018
7.01984
7.00941
7.02074
7.02508
6.98512
6.95466
6.98188
6.94993
6.98644
6.9712
6.99196
7.06747
7.00622
7.06226
7.05628
7.03845
7.05639
7.00446
7.02543
7.00059
7.06329
6.96176
6.9862
7.02054
6.94011
6.9677
6.97494
6.9667
6.98956
6.96663
7.03215
7.01858
7.0151
7.01469
7.01069
7.01989
7.01385
7.01108
7.01994
7.01619
7.0152
7.0114
7.00579
7.01666
6.99576
7.01365
7.00471
7.02714
7.00968
7.01457
7.01739
7.01861
7.00289
7.00017
7.01116
6.98729
7.00179
6.98445
6.98144
6.94216
6.96536
7.0139
7.07628
6.98773
7.06627
7.0622
7.07182
7.04614
7.0624
7.0209
7.08672
7.03859
7.01118
7.03428
7.01695
7.07289
7.0326
7.05933
7.02709
7.06494
7.01499
7.05795
7.06925
7.04893
7.06344
7.03814
7.06054
7.03792
7.05832
7.04149
7.02922
7.0336
7.01556
7.00983
7.06187
7.02677
7.0626
7.01075
7.06009
7.01078
7.06116
7.05813
7.04302
7.06152
7.03229
7.05642
7.03482
7.05875
7.02942
7.01166
6.99634
7.01324
7.0092
6.99495
6.9787
6.99869
7.00152
6.98237
6.97402
6.99575
6.96055
6.98412
6.98641
7.00236
7.05885
6.99246
7.05429
7.05622
7.03029
7.05335
7.01337
6.99815
7.00306
7.00977
6.97985
7.01324
7.01323
6.98388
7.00671
7.00262
6.99462
7.02002
6.98864
7.01028
7.00541
7.01986
7.01513
7.01079
7.01311
7.01286
7.00851
7.00071
6.99828
6.99749
6.99243
6.99348
6.98574
6.98334
7.00002
6.99956
7.01101
6.99805
6.98992
7.00769
7.0059
6.99747
6.98716
6.96656
6.91272
6.94091
6.96667
6.95511
6.9149
6.90728
6.97816
6.95655
7.0023
7.00216
6.99939
6.99401
6.98754
6.98615
7.0565
6.99895
7.05195
6.99335
7.04841
6.99307
7.04158
7.0597
7.0372
7.05902
7.03278
7.05526
7.03299
7.05388
6.98948
6.9849
6.98123
6.97212
6.97079
7.05856
6.99939
7.05501
7.00144
7.05264
6.99492
7.05065
7.05857
7.03559
7.05631
7.03102
7.05389
7.02902
7.05302
6.991
6.9769
6.96688
6.99037
6.99831
6.96519
6.95701
6.98333
6.98943
7.00221
6.99509
7.01342
7.02159
7.0231
7.00301
7.02228
7.0136
6.99164
6.98437
7.01192
7.01272
6.98152
7.00406
7.0046
6.99835
7.02533
7.00201
6.998
7.02412
7.00513
7.00299
7.00311
7.00859
7.01038
7.00679
7.00601
7.0084
7.00621
6.99064
6.99282
6.99317
6.99207
6.99347
6.98908
6.99611
7.00205
7.00501
7.00399
7.00021
6.99119
7.00628
7.00403
7.00373
6.99608
6.96365
6.94955
6.91693
6.98972
6.97727
6.97172
6.93858
6.95469
6.9543
6.99113
6.98085
6.9796
6.99167
6.98069
6.97883
6.9857
7.02936
6.972
6.97981
6.98948
6.96223
6.96917
6.97537
6.96307
6.98055
7.05061
6.99729
7.00314
7.03136
7.01064
6.97106
6.97111
6.94637
6.97666
6.98066
6.94948
6.94196
6.9714
6.97514
7.03756
7.00426
7.02525
7.05815
7.04375
7.00201
7.02698
7.02982
6.97602
6.96961
6.99306
6.9926
6.96954
6.98289
6.98267
6.99622
7.01274
6.99125
6.99295
6.99995
7.00733
7.00462
7.00682
7.00487
7.00714
7.00621
7.00439
7.00669
7.00653
6.99414
6.99274
6.99477
6.99494
6.99042
7.0021
7.00424
7.00808
7.01306
7.00545
7.00743
6.99839
7.01119
7.00811
7.01237
7.00669
6.99673
6.99092
6.96484
7.01109
7.01008
6.99355
6.98429
6.96299
6.97115
6.99504
6.98515
6.98324
7.00184
6.99443
6.99256
6.98338
6.99129
6.96509
6.97994
6.98355
6.97521
6.99824
7.0129
6.99294
7.01717
7.02649
7.01771
7.00957
7.01933
7.01524
6.97659
6.9863
6.94197
6.9613
6.96177
6.95548
6.94185
6.9598
6.95013
7.03715
6.99874
7.02312
7.02632
7.03438
6.99344
7.0215
7.02506
6.96715
6.96629
6.97674
6.97783
6.97801
6.97461
6.97597
6.98941
6.98737
6.97606
6.9832
6.97923
6.99588
7.00902
7.01087
7.00359
7.00648
7.00636
7.00306
7.00613
7.00619
6.99271
6.98584
6.98972
6.98907
6.98143
7.00059
6.99435
7.02067
7.02846
7.01082
7.01747
7.01601
7.02124
7.01402
7.02199
7.01993
7.01162
6.98728
6.99274
7.00461
7.00795
6.97804
6.99278
6.97858
6.97993
7.01107
7.00765
7.00472
7.02202
7.02163
7.01761
6.97699
6.9769
6.95987
6.9728
6.97258
7.01282
7.03393
7.0576
7.0318
7.04808
7.0086
7.00847
6.99702
6.99894
7.00181
7.00121
7.01741
6.95833
6.97412
6.96077
6.98906
6.9869
6.99497
6.98468
7.02293
6.99013
7.01659
7.00105
7.01876
6.99029
7.0155
7.01315
6.9761
6.99158
6.97432
6.97743
6.99673
6.97959
6.98605
6.97672
6.97034
6.96274
6.97501
6.96845
6.99036
7.01304
7.01612
7.00329
7.00551
7.0067
7.00446
7.00622
7.00741
6.98739
6.97855
6.99102
6.98988
6.97889
6.98852
6.98582
7.03591
7.04217
7.01781
7.02542
7.02304
7.03029
7.0215
7.02732
7.02621
6.9998
6.96815
6.98881
6.98807
6.99326
6.96126
6.98579
6.98027
6.98016
7.03288
7.03462
7.0295
7.0427
7.04495
7.03902
6.96886
6.96888
6.95564
6.96628
6.96629
7.04814
7.06031
7.08508
7.06045
7.07027
6.99015
6.99629
6.9841
6.985
6.99356
7.03242
7.04426
7.01136
7.01825
7.01077
7.02788
7.02083
7.03681
7.02758
7.01435
6.99459
7.01566
6.99676
7.01358
7.00368
7.01899
7.00654
7.00963
7.02615
6.99216
7.00558
7.02545
7.00645
7.02708
6.98002
6.97342
6.97786
6.99225
6.98452
7.00402
7.01969
7.02328
7.00667
7.00867
7.00913
7.00959
7.01232
7.012
6.9954
6.98365
7.00184
7.00208
6.99196
6.98559
6.98909
7.04638
7.04856
7.02485
7.02835
7.02883
7.03459
7.02797
7.02975
7.02848
6.98882
6.95861
6.98435
6.9815
6.98944
6.96321
6.98739
6.98189
6.98646
7.0502
7.05216
7.04496
7.05468
7.05572
7.04725
6.9654
6.96817
6.96064
6.96785
6.97144
7.06797
7.07485
7.09048
7.07113
7.07767
6.98302
6.99305
6.98294
6.98411
6.99515
7.05985
7.07118
7.02767
7.05134
7.03903
7.05721
7.0494
7.06213
7.05032
7.01464
7.0167
7.02454
7.00683
7.01629
7.03218
7.03061
7.00799
7.03706
7.04728
7.02225
7.05244
7.04256
7.03756
7.06728
7.00686
7.00163
7.00886
7.02345
7.01994
7.0331
7.02732
7.03239
7.01407
7.01618
7.01674
7.02166
7.02227
7.02466
7.01047
7.00237
7.01891
7.0192
7.01381
6.99707
7.00905
7.04935
7.04974
7.03085
7.0315
7.02743
7.03622
7.03394
7.03338
7.02823
6.99526
6.97297
6.99385
6.99638
7.00627
6.98653
7.00566
6.99439
7.00632
7.0561
7.05604
7.04666
7.05623
7.0543
7.04463
6.97472
6.98191
6.98383
6.98495
6.99315
7.07072
7.07879
7.08705
7.06955
7.07945
6.99032
7.00113
6.99529
6.99783
7.00747
7.07624
7.07502
7.05894
7.06591
7.05685
7.0662
7.05721
7.06757
7.06269
7.01945
7.04493
7.03723
7.0202
7.02227
7.05213
7.04121
7.01654
7.05669
7.06201
7.04785
7.06715
7.04662
7.05327
7.06625
7.04101
7.03597
7.04387
7.05257
7.05034
7.05318
7.03852
7.04606
7.03064
7.03008
7.03389
7.04216
7.03956
7.04328
7.02818
7.02661
7.04382
7.03939
7.04222
7.02613
7.04605
7.04991
7.05013
7.03806
7.03595
7.03077
7.043
7.04352
7.03981
7.03576
7.02254
7.00247
7.02109
7.03109
7.04064
7.02264
7.03898
7.0223
7.0394
7.05539
7.05194
7.04258
7.05401
7.04972
7.04148
7.00128
7.01271
7.02259
7.0184
7.03073
7.06785
7.08169
7.08229
7.06626
7.08332
7.01071
7.01894
7.01849
7.023
7.02748
7.07571
7.07909
7.05508
7.0689
7.06539
7.07218
7.0544
7.07035
7.06543
7.02714
7.05567
7.04607
7.03137
7.03137
7.05741
7.04939
7.03136
7.06438
7.06459
7.05695
7.06428
7.04993
7.05897
7.06615
7.05831
7.05973
7.06155
7.0598
7.06616
7.05811
7.05455
7.06264
7.05573
7.05116
7.05521
7.06923
7.064
7.06757
7.05109
7.06075
7.07654
7.06401
7.07988
7.06744
7.08637
7.05137
7.05364
7.04986
7.04402
7.04173
7.05473
7.05664
7.04756
7.04856
7.05965
7.04554
7.05649
7.07449
7.07539
7.06866
7.07167
7.05623
7.07031
7.05293
7.04832
7.04135
7.05439
7.04795
7.04217
7.0373
7.05
7.05974
7.05222
7.06453
7.06548
7.08401
7.07848
7.06277
7.08084
7.03523
7.03842
7.03941
7.04517
7.04683
7.08078
7.07867
7.05542
7.07039
7.0641
7.0686
7.05203
7.06712
7.0582
7.03608
7.05833
7.05334
7.03921
7.03907
7.05889
7.05576
7.04445
7.06263
7.05693
7.058
7.06348
7.04119
7.05126
7.05688
7.0601
7.06751
7.05996
7.05697
7.06519
7.05846
7.06917
7.07385
7.08184
7.07442
7.07842
7.09216
7.08144
7.08794
7.0789
7.09606
7.10627
7.09205
7.10605
7.09805
7.10211
7.05509
7.05519
7.06302
7.05098
7.05638
7.06476
7.06765
7.05463
7.06079
7.08682
7.08657
7.08186
7.09555
7.09284
7.0948
7.08765
7.08005
7.08525
7.05532
7.04812
7.04394
7.05484
7.04798
7.04565
7.06392
7.07417
7.07858
7.06994
7.07888
7.05696
7.07348
7.06483
7.04924
7.06287
7.05244
7.0535
7.05082
7.05726
7.05746
7.07126
7.0587
7.04334
7.0585
7.04766
7.04456
7.02876
7.04656
7.03496
7.04047
7.05881
7.05743
7.04083
7.04068
7.05794
7.05827
7.05091
7.04723
7.03603
7.04509
7.05278
7.02242
7.03736
7.04592
7.05174
7.06301
7.05039
7.04713
7.05332
7.0548
7.07603
7.07471
7.09812
7.08433
7.09426
7.09768
7.082
7.09429
7.09804
7.10734
7.11882
7.09694
7.10105
7.10018
7.09554
7.05445
7.0527
7.06932
7.05603
7.06041
7.06598
7.06728
7.0549
7.05599
7.09377
7.09572
7.08884
7.09205
7.09137
7.09134
7.08701
7.0865
7.0848
7.05242
7.04656
7.04568
7.04791
7.04415
7.045
7.07112
7.07851
7.07801
7.0707
7.07681
7.04019
7.04849
7.04561
7.03168
7.03266
7.05965
7.05904
7.05461
7.06065
7.05955
7.04531
7.0354
7.01364
7.03387
7.02119
7.02147
7.00356
7.02108
7.00069
7.03911
7.05593
7.0578
7.03747
7.03779
7.05321
7.05527
7.05174
7.02194
7.00634
7.02416
7.03444
7.00488
7.01168
7.02671
7.04205
7.0466
7.04922
7.04017
7.04391
7.04955
7.0698
7.06142
7.09016
7.07452
7.08635
7.07525
7.0628
7.06925
7.09154
7.09087
7.09555
7.08077
7.08115
7.08917
7.08407
7.05
7.04731
7.06193
7.05227
7.04811
7.05712
7.05359
7.04935
7.03719
7.08692
7.08554
7.08332
7.08273
7.08119
7.07896
7.07864
7.08148
7.07745
7.04202
7.04199
7.04375
7.03724
7.04114
7.0417
7.06774
7.07282
7.07046
7.06486
7.0693
7.02627
7.02117
7.03397
7.02736
7.01819
7.06046
7.05893
7.05482
7.05991
7.05823
7.02639
7.01836
6.99848
7.00827
6.97922
7.00788
6.99415
6.99778
6.96492
7.03575
7.04968
7.05117
7.03087
7.03421
7.04528
7.04618
7.04966
6.99417
6.99167
7.01197
7.02428
6.99529
7.03704
7.02367
7.04086
7.04069
7.0314
7.04244
7.03339
7.04449
7.05022
7.03808
7.05429
7.04833
7.04617
7.03036
7.03372
7.02183
7.06118
7.07066
7.04708
7.0365
7.0564
7.07713
7.06707
7.04636
7.0477
7.04318
7.04634
7.02462
7.046
7.03326
7.04554
7.01409
7.07499
7.07147
7.07349
7.06776
7.06904
7.06383
7.06898
7.07281
7.06924
7.03587
7.04151
7.04073
7.0379
7.04453
7.04434
7.06106
7.06552
7.06354
7.05813
7.06325
7.03674
7.02356
7.04984
7.04902
7.03768
7.05919
7.05761
7.05393
7.0585
7.05718
7.02095
7.02559
6.9908
6.99251
6.96677
7.00791
6.99462
6.99676
6.98287
7.03268
7.04012
7.04194
7.02555
7.03279
7.03555
7.03864
7.04785
6.99932
7.01188
7.0651
7.03516
7.00451
7.0767
7.05067
7.04186
7.0285
7.02607
7.04208
7.02943
7.04077
7.02814
7.02312
7.00854
7.02238
7.00146
6.99382
7.01703
6.98836
7.01349
7.04153
7.00022
6.99606
7.03005
7.05621
7.04704
7.04987
7.05386
7.02706
7.04685
7.01066
7.04337
7.02543
7.04961
7.01032
7.06321
7.05744
7.06539
7.05262
7.05933
7.05258
7.06333
7.06678
7.06644
7.04332
7.05414
7.05251
7.05184
7.05971
7.05905
7.05568
7.06139
7.062
7.05381
7.06041
7.06832
7.05612
7.08924
7.08965
7.08505
7.05805
7.05767
7.05321
7.05755
7.05783
7.03078
7.04265
7.00183
7.00919
7.00568
7.0109
7.00812
7.02492
7.03766
7.03303
7.03332
7.03803
7.02626
7.03513
7.0321
7.03821
7.04848
7.02521
7.03929
7.06872
7.04901
7.04099
7.04262
7.0389
7.03632
7.0307
7.03599
7.03346
7.03245
7.03663
7.02276
7.02622
6.98822
7.01767
6.9843
6.99231
7.02214
6.98995
6.9894
7.02369
6.9894
6.9943
7.02336
7.04056
7.04018
7.0586
7.06199
7.02676
7.05503
7.01662
7.04877
7.0311
7.05841
7.03038
7.05736
7.05129
7.06425
7.04776
7.05647
7.05301
7.06515
7.06701
7.0677
7.06004
7.05826
7.06095
7.06534
7.06017
7.06497
7.05377
7.06079
7.06436
7.05381
7.06133
7.09438
7.10707
7.08198
7.08035
7.0995
7.05736
7.05884
7.05254
7.05723
7.05882
7.06849
7.07996
7.01816
7.04115
7.05871
7.0595
7.04398
7.0579
7.07317
7.03779
7.03446
7.04029
7.03356
7.04126
7.03594
7.04285
7.05152
7.05047
7.05342
7.02081
7.02659
7.03458
7.00267
7.01719
7.03284
7.03575
7.04126
7.03316
7.03778
7.03789
7.03123
7.03743
6.99833
7.02805
7.0011
7.0088
7.03494
7.00997
6.99911
7.02527
7.00712
7.00362
7.02927
7.04346
7.04405
7.06808
7.07342
7.03675
7.06202
7.04045
7.05234
7.04091
7.06598
7.04368
7.05642
7.05523
7.06568
7.05199
7.05692
7.05486
7.06546
7.06903
7.07019
7.06701
7.07119
7.08331
7.0714
7.09189
7.10184
7.05518
7.06139
7.06334
7.05559
7.06021
7.05967
7.07346
7.05446
7.0517
7.05169
7.05713
7.05928
7.05322
7.0572
7.05919
7.06866
7.04788
7.06067
7.06183
7.06526
7.04918
7.04509
7.05165
7.04605
7.04494
7.03942
7.04631
7.04294
7.0489
7.04239
7.0495
7.05567
7.05361
7.04784
7.00764
7.02078
7.05511
7.02618
7.03011
7.03592
7.0412
7.04856
7.03968
7.04589
7.04335
7.04344
7.05083
7.02403
7.04074
7.02114
7.05054
7.04794
7.04426
7.01879
7.03565
7.04671
7.03293
7.04132
7.04615
7.05082
7.07481
7.06159
7.04265
7.0718
7.04637
7.05785
7.04898
7.06902
7.04887
7.05819
7.05416
7.06531
7.05707
7.06117
7.0532
7.06484
7.07117
7.07128
7.07187
7.11059
7.09652
7.04966
7.09577
7.06758
7.05682
7.05861
7.05785
7.0589
7.05609
7.04981
7.03522
7.05301
7.04239
7.0198
7.05741
7.05893
7.0539
7.05658
7.05877
7.02226
6.99761
7.01054
7.03755
7.0311
6.99607
6.97419
7.02601
7.01894
7.05231
7.04569
7.05284
7.05226
7.05505
7.04839
7.05579
7.05801
7.0392
7.02858
7.04307
7.04215
7.06234
7.05177
7.0489
7.04352
7.04982
7.05367
7.04699
7.05239
7.04875
7.057
7.06632
7.07974
7.06671
7.07482
7.08789
7.08143
7.08952
7.04038
7.04811
7.04891
7.04445
7.05259
7.05514
7.05748
7.03864
7.0234
7.05346
7.06062
7.04922
7.05975
7.05724
7.05196
7.04328
7.06424
7.0514
7.06426
7.06211
7.06568
7.04956
7.06341
7.07108
7.07043
7.01101
7.04764
7.02315
6.97948
7.01175
6.9904
7.06173
7.05445
7.05197
7.06368
7.05415
7.02948
6.99978
7.01873
7.0181
6.97129
7.05499
7.05803
7.05195
7.05366
7.05735
6.9757
6.95396
6.95507
7.01155
7.00372
6.96517
6.95889
6.99385
6.98734
7.05686
7.05099
7.05839
7.05797
7.05786
7.05333
7.06008
7.05859
7.01305
7.00136
7.05247
7.05082
7.02966
7.05107
7.05063
7.04988
7.05439
7.0559
7.05338
7.05587
7.05409
7.07323
7.08072
7.0846
7.08834
7.08198
7.07846
7.09536
7.06853
7.04751
7.05437
7.05205
7.04845
7.05459
7.05896
7.05939
7.0207
7.01996
7.05602
7.04954
7.0405
7.05796
7.05533
7.05164
7.04277
7.06677
7.04586
7.06168
7.06256
7.06642
7.04358
7.06039
7.0692
7.06806
6.96261
6.99567
6.97816
6.95433
6.99832
6.98394
7.06419
7.05437
7.04828
7.06471
7.05502
7.01301
6.95122
7.01634
7.0201
6.98921
7.0528
7.05637
7.05116
7.05226
7.05608
6.96981
7.01146
6.99529
6.98554
6.98576
6.99286
7.04001
6.99111
7.01583
7.05837
7.0562
7.06112
7.05991
7.05768
7.05826
7.06128
7.05773
6.99637
7.00584
7.05223
7.05194
6.99678
7.05966
7.05643
7.05746
7.05848
7.06119
7.06208
7.06159
7.06072
7.07714
7.06721
7.06659
7.08583
7.05574
7.05072
7.05956
7.04186
7.04543
7.05448
7.04519
7.04054
7.05291
7.05945
7.05838
7.02542
7.03679
7.05333
7.05549
7.04606
7.06253
7.04996
7.05862
7.04964
7.06536
7.04105
7.05852
7.06027
7.06338
7.04103
7.05725
7.06646
7.06594
6.96388
7.01694
7.0059
6.99393
7.04617
7.04067
7.06318
7.05582
7.05075
7.06205
7.0559
7.03595
7.03145
7.04733
7.05187
7.05913
7.05182
7.05598
7.05202
7.05211
7.05632
7.04817
7.07307
7.0723
7.04053
7.08013
7.07019
7.09304
7.09446
7.12757
7.05736
7.06097
7.06112
7.06193
7.05768
7.06261
7.06093
7.0576
7.06304
7.11978
7.06959
7.06413
7.04804
7.08175
7.07369
7.066
7.06557
7.06992
7.06922
7.06952
7.06598
7.06469
7.05802
7.03683
7.03347
7.02979
7.02899
7.01633
7.0225
7.03726
7.05172
7.04202
7.03641
7.05085
7.05654
7.05391
7.05345
7.06908
7.05136
7.06126
7.05349
7.05796
7.04883
7.06244
7.05553
7.06133
7.0394
7.05568
7.0581
7.0595
7.03761
7.05432
7.06504
7.06277
7.03386
7.07693
7.07589
7.07082
7.10216
7.10338
7.06049
7.05497
7.05691
7.05954
7.05463
7.06891
7.07759
7.07895
7.08359
7.08756
7.05301
7.05673
7.05448
7.05443
7.05715
7.08796
7.09411
7.09957
7.11746
7.13821
7.09999
7.0986
7.11781
7.13186
7.05807
7.06288
7.06095
7.06203
7.05859
7.06329
7.06101
7.05843
7.13835
7.13125
7.08771
7.08031
7.10274
7.08499
7.08076
7.07125
7.07176
7.07168
7.07116
7.07085
7.06727
7.03697
7.00941
7.02477
6.99754
7.01772
7.02325
6.97462
7.01422
7.03709
7.04985
7.04895
7.04084
7.04983
7.0522
7.05248
7.07974
7.08345
7.0272
7.05954
7.04983
7.01762
6.99846
7.05429
7.04513
7.05764
7.03506
7.05338
7.05725
7.0556
7.03291
7.05301
7.05949
7.05612
7.09923
7.11942
7.11888
7.11927
7.12462
7.12183
7.05881
7.05437
7.05691
7.05881
7.05494
7.09474
7.09216
7.09562
7.10155
7.09207
7.05588
7.05749
7.05663
7.05664
7.05838
7.09487
7.09255
7.09584
7.10935
7.12004
7.09231
7.09051
7.09899
7.10614
7.05896
7.06281
7.06109
7.06099
7.05924
7.06263
7.06112
7.05915
7.11643
7.10195
7.08168
7.07904
7.08826
7.07634
7.07533
7.07013
7.06881
7.06668
7.06819
7.06609
7.06559
6.98628
6.97334
7.02251
6.95861
7.00972
7.02064
6.95569
7.00534
7.04714
7.05226
7.05247
7.05065
7.05519
7.0534
7.05383
7.08402
7.0776
6.97512
7.05356
7.04038
6.99949
6.96282
7.04676
7.03492
7.05261
7.03082
7.05223
7.05088
7.05009
7.03073
7.04925
7.05353
7.05088
7.14556
7.11915
7.11475
7.16256
7.10408
7.09676
7.05875
7.05491
7.05542
7.05805
7.05429
7.10297
7.08806
7.09356
7.09932
7.08191
7.05676
7.05923
7.05753
7.05821
7.05946
7.08849
7.08247
7.08464
7.09003
7.09445
7.08057
7.07723
7.08273
7.08468
7.05937
7.06183
7.06096
7.05929
7.05917
7.06145
7.06088
7.05957
7.09041
7.08177
7.07095
7.07083
7.07379
7.06578
7.06628
7.06657
7.0638
7.06337
7.06512
7.062
7.06377
6.96641
6.99757
7.02614
6.9704
7.01638
7.03836
7.00691
7.0383
7.05248
7.05595
7.05173
7.05542
7.05323
7.05191
7.0473
7.06896
7.04897
6.96242
7.03651
7.03681
7.00096
6.98212
7.02252
7.03651
7.04833
7.03293
7.04535
7.03787
7.04472
7.02955
7.03977
7.04798
7.04469
7.13444
7.08338
7.07448
7.09148
7.06245
7.05537
7.05641
7.05373
7.04883
7.05336
7.05128
7.09086
7.07451
7.0725
7.0771
7.06669
7.057
7.05943
7.05515
7.05544
7.05876
7.07583
7.06964
7.07042
7.07622
7.0767
7.06903
7.06371
7.07058
7.0701
7.05884
7.06093
7.06072
7.05808
7.05886
7.06089
7.06085
7.05968
7.07537
7.07008
7.06212
7.06266
7.06497
7.0595
7.06027
7.06412
7.06124
7.06307
7.06378
7.06132
7.06308
7.04012
7.06451
7.05208
7.04312
7.06239
7.05607
7.06723
7.06833
7.05747
7.04806
7.04605
7.05349
7.04014
7.04279
7.03738
7.02507
7.00395
7.01041
7.00641
7.02522
7.01346
7.02344
6.99098
6.99559
7.03963
7.03068
7.03281
7.03318
7.03711
7.04083
7.03401
7.04094
7.03974
7.04609
7.04351
7.03718
7.02159
7.02521
7.0178
7.04962
7.04856
7.04132
7.04691
7.04737
7.06419
7.05939
7.0499
7.05404
7.05319
7.05539
7.0587
7.05553
7.05617
7.05962
7.06389
7.0592
7.05865
7.06599
7.06562
7.05916
7.05462
7.06254
7.06216
7.05958
7.06144
7.06171
7.05956
7.0611
7.06266
7.06312
7.06126
7.06618
7.06356
7.05899
7.05975
7.06175
7.05944
7.06047
7.06376
7.06169
7.06409
7.06477
7.06267
7.06472
7.05787
7.04679
7.04793
7.07159
7.05978
7.04119
7.07022
7.04214
7.0456
7.03106
7.03815
7.03512
7.02055
7.03561
7.03715
6.98627
6.96464
7.02296
6.96745
6.95329
7.00047
7.01721
6.94415
6.91415
7.0394
7.04094
7.04145
7.04155
7.04545
7.03596
7.05075
7.04238
7.05005
7.02641
7.00764
6.99633
7.03362
6.99379
6.97813
7.04808
7.04886
7.0471
7.05042
7.05216
7.04638
7.04918
7.03548
7.04063
7.0482
7.05796
7.06213
7.06186
7.06171
7.06414
7.05604
7.05493
7.05282
7.06032
7.05989
7.05451
7.05212
7.05933
7.05811
7.0631
7.06413
7.06464
7.06268
7.06581
7.06586
7.06654
7.06547
7.06245
7.06295
7.06101
7.0621
7.06408
7.06297
7.06398
7.06656
7.065
7.06727
7.06852
7.06776
7.06788
7.04199
7.04593
7.03392
7.06626
7.026
7.03476
7.04962
7.02191
7.02578
7.01612
7.03839
7.02055
7.03619
7.04404
7.05939
6.95603
6.96644
7.01436
6.95004
6.91055
7.0015
7.01923
6.97683
6.94377
7.05546
7.04979
7.06187
7.06113
7.06744
7.06532
7.07072
7.06052
7.06691
7.01954
6.99085
6.97932
6.99291
6.99464
6.99067
7.06085
7.06264
7.06253
7.07132
7.07175
7.0373
7.04903
7.03474
7.03656
7.05187
7.06823
7.06712
7.08233
7.07597
7.07372
7.05532
7.0585
7.05388
7.06014
7.0581
7.05786
7.05788
7.06299
7.06064
7.06886
7.06858
7.0692
7.06841
7.07175
7.07188
7.0721
7.0737
7.06508
7.06847
7.06538
7.06681
7.07105
7.06885
7.0703
7.07141
7.07115
7.07275
7.07403
7.07466
7.0734
7.05234
7.05252
7.04765
7.03897
7.03517
7.06359
7.05621
7.05785
7.04193
7.06055
7.07466
7.07022
7.07589
7.07209
7.07844
6.97224
6.99466
7.01934
7.0102
6.98818
7.02739
7.02492
7.04239
7.02383
7.07665
7.07294
7.07252
7.07822
7.07665
7.07805
7.06725
7.06792
7.06504
6.96552
7.00507
7.00498
6.93709
7.01899
7.02123
7.07494
7.0778
7.06144
7.07387
7.07784
7.037
7.0576
7.04385
7.04264
7.06401
7.08831
7.08047
7.08548
7.09005
7.08233
7.06286
7.06807
7.06268
7.06729
7.06563
7.06832
7.06864
7.07243
7.07231
7.07497
7.07541
7.07582
7.07616
7.07892
7.07874
7.07968
7.07978
7.07247
7.0766
7.07252
7.07424
7.08056
7.07664
7.07869
7.07725
7.07868
7.08052
7.0808
7.08304
7.08028
7.04854
7.04207
7.06994
7.06737
7.06787
7.07037
7.06143
7.06775
7.08003
7.08219
7.08284
7.08097
7.08561
7.08125
7.08409
7.02766
7.06101
7.02472
7.06386
7.04299
7.05685
7.02524
7.07352
7.04675
7.07453
7.07967
7.06272
7.08109
7.07584
7.07918
7.0655
7.06432
7.06794
6.95345
7.03733
7.03915
7.00688
7.05882
7.06102
7.07379
7.07638
7.06534
7.07623
7.07674
7.0531
7.07173
7.06646
7.06692
7.07993
7.08554
7.0836
7.08107
7.08421
7.08716
7.07425
7.08053
7.07513
7.07883
7.07834
7.08178
7.08175
7.08419
7.08327
7.08131
7.0824
7.08293
7.08451
7.08511
7.08575
7.08653
7.08048
7.08038
7.08376
7.08241
7.0838
7.08902
7.08789
7.08858
7.08472
7.08699
7.08975
7.08819
7.09059
7.08781
7.03383
7.02656
7.06981
7.05238
7.0671
7.07134
7.042
7.06876
7.08132
7.08811
7.08215
7.08211
7.08942
7.08402
7.08799
7.08677
7.11003
7.02788
7.08292
7.04554
7.07956
7.03946
7.09656
7.04814
7.08185
7.08023
7.07417
7.08722
7.08933
7.0845
7.08334
7.0764
7.08537
7.05504
7.08054
7.08439
7.09633
7.09993
7.10581
7.08106
7.08095
7.08069
7.08673
7.08597
7.08071
7.08811
7.0935
7.09357
7.09595
7.08588
7.08765
7.08852
7.08878
7.08841
7.08676
7.09268
7.08796
7.08735
7.08698
7.09097
7.09294
7.09116
7.09077
7.08952
7.08915
7.09017
7.09682
7.09697
7.09225
7.09389
7.09454
7.08793
7.09095
7.09132
7.09191
7.09329
7.09316
7.09341
7.09105
7.09353
7.09469
7.0931
7.09487
7.09548
7.04093
7.06968
7.07636
7.03499
7.07552
7.08588
7.05815
7.08601
7.08509
7.09224
7.08951
7.08968
7.0965
7.0945
7.09824
7.14347
7.17147
7.05868
7.12172
7.07781
7.12105
7.08738
7.1491
7.12169
7.09443
7.09087
7.09068
7.09809
7.0956
7.09686
7.09742
7.09308
7.09972
7.1325
7.11509
7.12119
7.15403
7.12483
7.1308
7.09232
7.09146
7.09566
7.09673
7.09566
7.10361
7.10258
7.11082
7.11095
7.10768
7.09213
7.09214
7.09434
7.09477
7.09573
7.09812
7.10273
7.09704
7.09495
7.09446
7.0992
7.09965
7.09862
7.09755
7.1041
7.09622
7.09787
7.10489
7.10513
7.10029
7.10097
7.10596
7.09381
7.09671
7.09427
7.09484
7.09581
7.09499
7.09613
7.0947
7.09625
7.09886
7.09627
7.09745
7.1015
7.10222
7.12318
7.09608
7.08533
7.09716
7.10455
7.10352
7.10612
7.09575
7.10023
7.10144
7.10106
7.10373
7.10158
7.10463
7.1781
7.17015
7.12172
7.16997
7.14536
7.1609
7.13911
7.17313
7.15274
7.10211
7.10096
7.10286
7.1054
7.10755
7.10337
7.106
7.10371
7.10524
7.15776
7.12921
7.13394
7.15237
7.13049
7.13356
7.09953
7.09849
7.10203
7.10083
7.09993
7.11539
7.11131
7.11844
7.11742
7.11378
7.09657
7.09716
7.09648
7.09744
7.09737
7.10645
7.10892
7.10207
7.10154
7.10064
7.10526
7.10374
7.10365
7.10274
7.10277
7.10091
7.10198
7.09561
7.09819
7.09942
7.10037
7.09997
7.1
7.1016
7.0961
7.09654
7.09897
7.09691
7.09719
7.09702
7.0985
7.10053
7.09724
7.09871
7.10164
7.13214
7.13365
7.11039
7.11381
7.11184
7.11396
7.11856
7.11499
7.10494
7.10648
7.1088
7.10735
7.10843
7.10671
7.10799
7.16005
7.14956
7.1437
7.16537
7.15034
7.15152
7.14054
7.15415
7.14332
7.1078
7.10425
7.10636
7.10742
7.10724
7.10499
7.10618
7.10538
7.1051
7.14487
7.12972
7.13127
7.1388
7.12783
7.12875
7.10118
7.10053
7.10203
7.10132
7.10077
7.11848
7.11472
7.12067
7.11872
7.11499
7.09767
7.09756
7.09633
7.09743
7.09739
7.11043
7.11111
7.10508
7.10529
7.10429
7.10802
7.10636
7.1062
7.10539
7.09527
7.09568
7.0971
7.08389
7.09294
7.09238
7.09399
7.09503
7.10262
7.10371
7.09774
7.09889
7.10134
7.09786
7.09984
7.09692
7.09893
7.10004
7.09594
7.09848
7.09667
7.1316
7.1284
7.11586
7.12006
7.11624
7.11651
7.11983
7.11615
7.10888
7.1098
7.11215
7.11003
7.11073
7.10884
7.10937
7.14103
7.13436
7.13501
7.14335
7.13561
7.13507
7.12964
7.13487
7.12908
7.107
7.10549
7.10594
7.10761
7.10696
7.10539
7.10595
7.10482
7.10491
7.13374
7.1257
7.12625
7.12938
7.12354
7.12382
7.10158
7.10089
7.10173
7.10145
7.10076
7.11843
7.11474
7.11966
7.11773
7.11401
7.09703
7.09698
7.09585
7.09664
7.09634
7.11103
7.11039
7.10682
7.10645
7.10544
7.1082
7.10717
7.10637
7.1054
7.09155
7.08858
7.09181
7.0756
7.09027
7.08415
7.08934
7.09182
7.10422
7.10437
7.09751
7.09997
7.10253
7.09681
7.09964
7.09486
7.09737
7.09563
7.09272
7.09551
7.08847
7.12554
7.1228
7.11645
7.11875
7.11541
7.11593
7.11725
7.11448
7.11091
7.11133
7.11354
7.11159
7.11171
7.10962
7.10965
7.12927
7.12523
7.12498
7.12844
7.12389
7.125
7.12112
7.1237
7.11963
7.10708
7.10513
7.10579
7.1074
7.10698
7.10434
7.10484
7.10469
7.10435
7.12584
7.12144
7.12153
7.12294
7.11946
7.11943
7.10138
7.1005
7.10197
7.10118
7.10024
7.1167
7.113
7.11712
7.11548
7.1119
7.09625
7.09596
7.09578
7.09572
7.09564
7.10964
7.10903
7.1065
7.10625
7.10493
7.10729
7.10637
7.10616
7.10482
7.08844
7.08198
7.0862
7.08037
7.08743
7.07949
7.08389
7.09078
7.10432
7.10416
7.09629
7.0992
7.10221
7.09583
7.09894
7.09038
7.09377
7.09105
7.08744
7.09253
7.08406
7.11996
7.11757
7.11534
7.11572
7.11359
7.11526
7.1144
7.11277
7.11208
7.11174
7.11342
7.1116
7.11139
7.10957
7.10931
7.12207
7.11961
7.11794
7.12016
7.1162
7.1191
7.11516
7.11744
7.11347
7.10674
7.10349
7.10438
7.10643
7.1065
7.10244
7.10411
7.10415
7.10399
7.12053
7.11764
7.11754
7.11851
7.11603
7.11589
7.10113
7.10018
7.10214
7.10119
7.10017
7.11427
7.11094
7.11444
7.11316
7.11015
7.09575
7.09579
7.09579
7.09609
7.09593
7.10862
7.10848
7.10635
7.10626
7.10492
7.10716
7.10636
7.10637
7.10509
7.08711
7.07816
7.08337
7.08799
7.08661
7.07652
7.08183
7.09117
7.1041
7.10424
7.09554
7.09909
7.10102
7.09572
7.09874
7.08574
7.09252
7.09108
7.08619
7.09322
7.08263
7.11571
7.11382
7.11532
7.11286
7.11288
7.11453
7.11145
7.11306
7.11125
7.11081
7.11218
7.11042
7.10999
7.1089
7.10838
7.11765
7.11603
7.11285
7.11521
7.11136
7.11482
7.11096
7.11328
7.1097
7.10605
7.1019
7.10385
7.10477
7.10556
7.10128
7.10388
7.10375
7.10365
7.1168
7.11461
7.11444
7.11531
7.11337
7.11316
7.10107
7.10013
7.10237
7.10123
7.10034
7.11222
7.10967
7.11235
7.11144
7.10931
7.09666
7.09638
7.09694
7.09748
7.09701
7.10861
7.10867
7.10719
7.10665
7.10562
7.10796
7.10782
7.10705
7.10613
7.08653
7.0754
7.0809
7.09105
7.08677
7.07569
7.0818
7.09188
7.10475
7.10573
7.09707
7.09947
7.1013
7.10173
7.1025
7.08797
7.09502
7.09611
7.09257
7.09862
7.08367
7.11216
7.11073
7.11319
7.11019
7.11247
7.11159
7.10939
7.1116
7.10917
7.10887
7.10919
7.10784
7.10765
7.10753
7.1064
7.11448
7.11316
7.10944
7.1117
7.1084
7.11166
7.10854
7.11065
7.10759
7.10519
7.10102
7.10419
7.10287
7.10448
7.10043
7.10297
7.10353
7.10315
7.11396
7.1123
7.11207
7.1129
7.11144
7.11122
7.10144
7.10075
7.10289
7.10209
7.10145
7.11077
7.10907
7.11089
7.11029
7.109
7.09871
7.09791
7.09957
7.10018
7.09884
7.10871
7.10899
7.10828
7.10765
7.10684
7.10862
7.10841
7.1082
7.10764
7.08785
7.07752
7.08348
7.08842
7.09087
7.0817
7.08709
7.09503
7.10699
7.10856
7.10527
7.1047
7.10697
7.10717
7.10498
7.09679
7.09887
7.09935
7.1005
7.09693
7.08865
7.10971
7.10897
7.10983
7.10913
7.1103
7.10846
7.10885
7.109
7.10645
7.10629
7.10603
7.1049
7.10479
7.10517
7.10376
7.1122
7.1114
7.10807
7.11002
7.10709
7.10999
7.10763
7.1095
7.10671
7.10374
7.10042
7.10318
7.10098
7.10311
7.09996
7.10347
7.1032
7.10317
7.11214
7.11083
7.1106
7.1115
7.11045
7.11025
7.10291
7.10236
7.10354
7.10381
7.10331
7.11008
7.10903
7.11037
7.1101
7.10919
7.10194
7.10061
7.10331
7.10388
7.1028
7.10934
7.10967
7.10916
7.10893
7.10877
7.10966
7.11013
7.10967
7.10987
7.09599
7.08834
7.09282
7.09984
7.1019
7.09747
7.09956
7.10297
7.11045
7.11195
7.10934
7.10624
7.11365
7.11268
7.11263
7.10357
7.10812
7.11599
7.10659
7.11878
7.1018
7.10843
7.10814
7.10747
7.10818
7.10785
7.10674
7.10744
7.10685
7.10352
7.10327
7.10371
7.10273
7.10226
7.10205
7.10069
7.11075
7.11033
7.10723
7.10896
7.10649
7.10896
7.10692
7.10848
7.10634
7.10144
7.09853
7.1017
7.09774
7.0991
7.09665
7.09932
7.10238
7.10171
7.11099
7.11021
7.11
7.11076
7.11013
7.1099
7.10485
7.10433
7.10417
7.10577
7.1053
7.11018
7.10951
7.11056
7.11049
7.10983
7.10572
7.10501
7.10715
7.1074
7.10716
7.11012
7.11059
7.11088
7.11047
7.11109
7.11073
7.11118
7.11125
7.11211
7.10688
7.10632
7.10605
7.11016
7.11013
7.11421
7.11144
7.10983
7.11312
7.11402
7.1152
7.11642
7.11711
7.11759
7.11822
7.11438
7.12073
7.1202
7.12047
7.12115
7.11745
7.10812
7.10821
7.10657
7.10703
7.10647
7.10716
7.10733
7.10736
7.10266
7.10196
7.10362
7.10296
7.1025
7.09937
7.09897
7.10998
7.10966
7.10691
7.10801
7.10586
7.10859
7.10719
7.10749
7.10455
7.09729
7.09585
7.09839
7.09172
7.09634
7.09643
7.09888
7.10162
7.10268
7.11081
7.11028
7.10998
7.1109
7.11043
7.1101
7.10694
7.1061
7.10524
7.10844
7.10751
7.11086
7.11033
7.11127
7.11129
7.11079
7.10848
7.10883
7.10894
7.10918
7.10984
7.11113
7.11163
7.1118
7.112
7.11318
7.11201
7.11247
7.11266
7.11404
7.11222
7.11852
7.11336
7.11298
7.11219
7.11861
7.11377
7.11169
7.11464
7.11521
7.11821
7.1186
7.11708
7.11836
7.1187
7.1223
7.12041
7.11848
7.12127
7.11893
7.12058
7.1088
7.11043
7.10732
7.10849
7.10763
7.1103
7.10918
7.10972
7.10496
7.10443
7.11166
7.11051
7.10783
7.10154
7.10711
7.10939
7.10898
7.10777
7.10681
7.10333
7.10949
7.10882
7.10625
7.10304
7.09659
7.09755
7.10025
7.10323
7.10087
7.10081
7.10277
7.10441
7.10675
7.1108
7.11038
7.10999
7.1104
7.11016
7.10964
7.10949
7.1082
7.10585
7.1095
7.10831
7.11131
7.11112
7.11137
7.11115
7.1113
7.10882
7.10973
7.10794
7.10824
7.10911
7.11195
7.1121
7.11251
7.1131
7.11455
7.11226
7.11183
7.11322
7.11417
7.11128
7.11683
7.11308
7.11044
7.10983
7.1143
7.11167
7.10972
7.11578
7.11586
7.11894
7.11887
7.11785
7.11792
7.11871
7.11923
7.11731
7.115
7.11649
7.11552
7.11508
7.11275
7.11465
7.11496
7.11023
7.11526
7.11485
7.11456
7.11512
7.11476
7.11245
7.11763
7.11682
7.1169
7.11229
7.11342
7.10848
7.1084
7.1113
7.10574
7.10419
7.11142
7.11491
7.1059
7.10543
7.10586
7.10361
7.10469
7.10939
7.10905
7.10492
7.10542
7.10759
7.10721
7.10955
7.10972
7.10921
7.10845
7.10908
7.10853
7.1088
7.10728
7.10512
7.10707
7.10583
7.11073
7.11121
7.11015
7.10994
7.11066
7.10663
7.10752
7.1046
7.10505
7.10559
7.11202
7.11151
7.11195
7.11304
7.11381
7.11115
7.11159
7.11227
7.11267
7.10809
7.11186
7.10969
7.10634
7.10629
7.10942
7.10777
7.10586
7.11567
7.11449
7.1169
7.11769
7.11593
7.11461
7.11615
7.11417
7.11342
7.11102
7.11183
7.11139
7.11093
7.11711
7.11638
7.11803
7.11889
7.1179
7.12338
7.11747
7.12198
7.11576
7.11562
7.11502
7.11209
7.1103
7.11088
7.10664
7.10869
7.10925
7.11641
7.1077
7.10799
7.11506
7.11552
7.11051
7.10912
7.10678
7.10379
7.10463
7.10443
7.10335
7.10181
7.10167
7.10561
7.10243
7.10726
7.10823
7.10768
7.10606
7.10705
7.10639
7.10428
7.10324
7.10098
7.10104
7.10066
7.10895
7.10985
7.10821
7.10787
7.10905
7.10251
7.10297
7.09967
7.10056
7.10026
7.11054
7.10959
7.11059
7.11088
7.11083
7.10895
7.11042
7.10948
7.10941
7.10406
7.10653
7.10531
7.10142
7.10174
7.10364
7.10277
7.10075
7.11261
7.11063
7.1125
7.11408
7.11102
7.1097
7.11167
7.10979
7.10913
7.1064
7.1073
7.10679
7.1048
7.11598
7.11321
7.12013
7.11794
7.11753
7.11414
7.1191
7.11339
7.10713
7.10399
7.104
7.10118
7.09839
7.10236
7.09742
7.10996
7.11088
7.11588
7.11223
7.11155
7.11581
7.11652
7.1134
7.11328
7.10022
7.09958
7.09902
7.09678
7.09669
7.09665
7.09604
7.099
7.0959
7.10565
7.10572
7.10509
7.10622
7.10467
7.10443
7.09756
7.09725
7.09561
7.09423
7.09437
7.10646
7.10819
7.10545
7.10481
7.10698
7.0975
7.09728
7.09381
7.09543
7.09417
7.10879
7.10801
7.11045
7.1082
7.10829
7.10758
7.1115
7.10716
7.10816
7.09871
7.10084
7.09985
7.09492
7.09564
7.09757
7.09685
7.09451
7.10876
7.10763
7.10697
7.10881
7.10515
7.10434
7.106
7.10492
7.10425
7.10116
7.1018
7.10178
7.09918
7.12076
7.12641
7.10953
7.11527
7.11013
7.10638
7.11508
7.1066
7.09506
7.09393
7.09196
7.08992
7.09035
7.09327
7.08968
7.11165
7.11249
7.12273
7.11341
7.11724
7.11736
7.12626
7.11012
7.11929
7.09289
7.09342
7.09252
7.08903
7.08919
7.08966
7.0883
7.09281
7.08933
7.10667
7.10352
7.10378
7.10716
7.10302
7.10369
7.0904
7.09054
7.08963
7.08673
7.08729
7.10304
7.10544
7.10199
7.1013
7.10375
7.0918
7.09078
7.08671
7.0893
7.08696
7.10706
7.1057
7.11141
7.10646
7.10767
7.10565
7.10939
7.10581
7.10735
7.09202
7.09419
7.09342
7.08752
7.08835
7.09054
7.08995
7.08728
7.10669
7.10569
7.10173
7.10313
7.1004
7.09952
7.10053
7.09893
7.09907
7.09535
7.09596
7.09645
7.09264
7.12504
7.12252
7.10254
7.1139
7.10357
7.09984
7.11139
7.10069
7.08645
7.0871
7.08608
7.08467
7.08471
7.08652
7.08392
7.11395
7.11925
7.12427
7.10856
7.11672
7.13041
7.12372
7.12422
7.11544
7.08547
7.08501
7.08428
7.08161
7.08207
7.08027
7.07979
7.08598
7.08235
7.10906
7.10364
7.10464
7.11178
7.10496
7.10608
7.08241
7.08289
7.08228
7.07791
7.07892
7.10006
7.10169
7.09984
7.09921
7.09982
7.08489
7.08282
7.07814
7.08156
7.07831
7.10419
7.10251
7.10583
7.10508
7.10598
7.10374
7.10195
7.10447
7.104
7.08421
7.08675
7.08592
7.08
7.07991
7.08269
7.08184
7.07898
7.10445
7.10278
7.09723
7.09795
7.09597
7.09513
7.09558
7.09287
7.09364
7.0889
7.08989
7.09084
7.08591
7.11981
7.11737
7.09853
7.10979
7.09885
7.0984
7.10889
7.09817
7.08458
7.0831
7.08778
7.08614
7.08281
7.08193
7.08079
7.1272
7.13164
7.12373
7.1433
7.11478
7.13854
7.12146
7.14854
7.11329
7.07853
7.07578
7.07503
7.07522
7.07555
7.07099
7.06978
7.07796
7.07302
7.11351
7.10639
7.10727
7.11705
7.10814
7.10926
7.07253
7.07336
7.07216
7.06646
7.06786
7.09831
7.098
7.09902
7.0979
7.09621
7.07586
7.07327
7.06688
7.07087
7.06741
7.10077
7.09904
7.09769
7.1037
7.10143
7.10146
7.09422
7.1027
7.09881
7.07509
7.07837
7.07723
7.07212
7.07049
7.07351
7.07261
7.06908
7.1007
7.09814
7.09277
7.09312
7.09091
7.08997
7.09064
7.08677
7.08797
7.08217
7.08382
7.08505
7.07862
7.11552
7.1143
7.09934
7.10849
7.0987
7.10106
7.10869
7.10019
7.08902
7.08366
7.09356
7.09264
7.08551
7.0803
7.08057
7.13225
7.12692
7.11914
7.14462
7.11008
7.12867
7.11682
7.13192
7.10745
7.07238
7.06634
7.06438
7.07156
7.06966
7.06223
7.05856
7.06714
7.06047
7.11829
7.10964
7.11093
7.11701
7.10933
7.11082
7.05876
7.06004
7.05783
7.04973
7.05131
7.09788
7.0947
7.09894
7.09761
7.09342
7.06254
7.06042
7.04965
7.054
7.0516
7.09722
7.09557
7.0907
7.10128
7.09562
7.09756
7.08715
7.09957
7.09269
7.06474
7.06813
7.06738
7.06326
7.0583
7.06238
7.06151
7.05559
7.09517
7.0921
7.08715
7.08804
7.08586
7.08383
7.08548
7.08044
7.08192
7.07543
7.07732
7.07886
7.07047
7.11375
7.11413
7.10353
7.1095
7.10254
7.10669
7.11112
7.10574
7.09641
7.0905
7.10145
7.10044
7.09709
7.08163
7.0838
7.12114
7.1187
7.11486
7.12048
7.10643
7.11969
7.11393
7.11595
7.10653
7.06676
7.05914
7.05229
7.07064
7.06422
7.05664
7.04538
7.05234
7.04257
7.11526
7.10712
7.10858
7.11194
7.10443
7.10588
7.03748
7.03874
7.03279
7.02081
7.02241
7.09677
7.09316
7.09719
7.09586
7.0929
7.04082
7.04081
7.021
7.0253
7.02598
7.09384
7.09282
7.08535
7.09766
7.09021
7.0932
7.08422
7.09587
7.08792
7.05011
7.05604
7.05443
7.05008
7.04053
7.04941
7.04613
7.03449
7.08931
7.08706
7.08073
7.08291
7.08151
7.07809
7.08086
7.07374
7.07576
7.06946
7.07044
7.07312
7.06039
7.11564
7.11834
7.11055
7.11362
7.10948
7.11508
7.11725
7.11416
7.10447
7.10238
7.11037
7.10917
7.10717
7.08735
7.0914
7.11643
7.11478
7.11437
7.11471
7.10739
7.11902
7.11646
7.11413
7.10933
7.06137
7.05403
7.03779
7.07384
7.05804
7.05207
7.02844
7.03047
7.01463
7.1069
7.10258
7.10403
7.10497
7.10156
7.10292
6.99723
6.99814
6.9885
6.96417
6.9652
7.09538
7.09314
7.09723
7.09587
7.0943
7.00062
7.00655
6.96421
6.96925
6.9779
7.09263
7.09342
7.08429
7.09473
7.08681
7.09215
7.0846
7.09454
7.08611
7.02858
7.04174
7.03639
7.03214
7.01316
7.03313
7.02433
6.99877
7.0857
7.0852
7.07602
7.07994
7.07886
7.07488
7.07955
7.06678
7.07077
7.06427
7.06335
7.06867
7.04817
7.12227
7.12763
7.12061
7.12202
7.11983
7.12736
7.12816
7.12669
7.11439
7.11225
7.1218
7.12048
7.11758
7.09588
7.10072
7.11396
7.11122
7.11985
7.11399
7.11216
7.12258
7.12442
7.11307
7.1156
7.05468
7.05057
7.01813
7.0822
7.05001
7.04845
7.00453
6.99339
6.96383
7.10268
7.1012
7.10217
7.09929
7.10132
7.10247
6.91682
6.91304
6.89792
6.84094
6.83688
7.09742
7.09652
7.10149
7.09997
7.10019
6.91654
6.93941
6.83904
6.83969
6.87984
7.09542
7.09914
7.08622
7.09531
7.08665
7.09632
7.08846
7.09726
7.08821
6.99343
7.02379
7.00965
7.00547
6.96762
7.0131
6.99227
6.9348
7.08577
7.08799
7.07495
7.08013
7.08045
7.07686
7.08147
7.06011
7.06683
7.06072
7.05734
7.06581
7.03445
7.13438
7.14278
7.13536
7.13585
7.13481
7.14476
7.14514
7.14433
7.12785
7.12359
7.13872
7.1365
7.1305
7.10621
7.11236
7.10663
7.09977
7.13024
7.11094
7.12001
7.12724
7.13778
7.10856
7.12579
7.04416
7.04629
6.9883
7.09713
7.03935
7.04373
6.96987
6.92037
6.86366
7.09858
7.10308
7.10386
7.09684
7.10936
7.10871
6.73141
6.68791
6.68096
6.55365
6.42601
7.10418
7.10599
7.1123
7.11127
7.1148
6.69145
6.79892
6.51426
6.42533
6.65602
7.10466
7.11287
7.09164
7.10138
7.09206
7.10893
7.0977
7.10842
7.09876
6.93516
7.00131
6.97116
6.96785
6.89034
6.99058
6.947
6.81327
7.09203
7.09871
7.07944
7.08451
7.0907
7.08628
7.08941
7.05597
7.06614
7.06308
7.05762
7.06862
7.02209
7.15309
7.16565
7.15604
7.15596
7.15522
7.16859
7.16822
7.16744
7.1466
7.13864
7.16212
7.15778
7.14831
7.11875
7.12495
7.09616
7.10772
7.14746
7.10815
7.13435
7.14108
7.15995
7.11689
7.14532
7.0364
7.03884
6.94248
7.09736
7.036
7.03154
6.90947
6.7737
6.65451
7.09356
7.12028
7.12026
7.09891
7.13853
7.13798
6.33243
5.57795
6.11989
5.97845
3.86613
7.12324
7.128
7.14659
7.14282
7.1441
5.53812
6.44622
5.8609
3.75673
6.03665
7.12518
7.14017
7.10746
7.11744
7.10763
7.1334
7.11919
7.13017
7.11922
6.83488
6.98013
6.91871
6.91955
6.76326
6.97024
6.88987
6.5554
7.10841
7.12066
7.09574
7.09825
7.11376
7.10813
7.10889
7.06184
7.07406
7.07406
7.06781
7.08212
7.01762
7.18013
7.19698
7.18249
7.18162
7.18108
7.19715
7.19605
7.19589
7.17014
7.15957
7.19118
7.18321
7.1718
7.1327
7.14326
7.13369
7.16707
7.17497
7.1352
7.16045
7.18377
7.19319
7.16295
7.17915
7.03439
7.01885
6.86476
7.09841
7.03106
7.01721
6.81989
6.4194
6.06916
7.12452
7.17213
7.17008
7.17593
7.21644
7.21029
5.69813
2.67728
4.51736
-0.638222
5.35362
2.62629
-3.94096
-1.26552
-1.57583
-0.203231
-1.14904
-0.480133
7.1717
7.16993
7.21985
7.21023
7.2041
2.33297
5.42568
5.24389
2.34951
4.27923
-1.01831
-1.39898
-1.07668
-0.0403766
-1.75464
-0.0664855
7.16122
7.18837
7.13245
7.14743
7.13499
7.17409
7.15153
7.16858
7.15475
6.68558
6.96417
6.86006
6.87413
6.61453
6.96658
6.84544
5.84384
7.13611
7.15484
7.12173
7.12247
7.1436
7.13686
7.13758
7.07858
7.09338
7.09748
7.09471
7.10889
7.03397
7.21495
7.23305
7.21246
7.21086
7.21175
7.22734
7.22541
7.22762
7.19695
7.18409
7.22118
7.21081
7.19693
7.15652
7.17336
7.2074
7.25412
7.21332
7.20019
7.20211
7.23948
7.23364
7.23744
7.22569
7.02325
7.02874
6.78756
7.11572
7.00951
7.05246
6.66988
6.04585
5.87845
1.63302
1.01374
1.49575
7.24047
7.27335
7.26069
7.30211
7.3445
7.32454
1.49036
5.48233
3.38925
5.3288
2.74233
5.50032
3.79104
0.27329
0.508547
-0.0499627
0.763779
0.426896
1.13426
0.216101
7.25864
7.23873
7.32284
7.30867
7.28117
3.25266
4.8372
1.00226
5.34755
3.61605
5.11755
2.35128
-0.177907
0.203389
0.463587
0.976255
0.203442
0.642588
0.451364
7.21925
7.25419
7.17333
7.19369
7.1777
7.23126
7.19988
7.22256
7.20577
6.57099
6.987
6.84254
6.93364
6.50213
7.02673
6.89106
5.51737
0.891218
1.0914
1.67589
7.17649
7.20246
7.1567
7.1572
7.18592
7.18047
7.17906
7.11855
7.13045
7.14408
7.14886
7.15673
7.09748
7.25009
7.26395
7.24544
7.23811
7.24574
7.24788
7.24544
7.25028
7.22427
7.21084
7.2444
7.2345
7.22327
7.18831
7.19865
7.2952
7.32133
7.25227
7.26844
7.24626
7.28014
7.26782
7.28888
7.2634
7.03169
7.06125
6.69693
7.15086
7.0593
7.07933
6.74034
6.16678
2.66938
6.38681
2.71641
1.50814
1.12854
1.72552
2.14789
7.34445
7.39046
7.37883
7.36631
7.39288
7.39265
3.50353
5.41359
3.94969
5.72253
3.61447
5.4319
3.95535
0.515337
1.51217
0.377246
1.4882
0.774059
1.40165
0.36895
7.3607
7.32405
7.40358
7.41032
7.35551
3.80032
5.44584
3.30679
5.4663
3.86367
5.38527
3.0066
0.42977
1.53922
0.798503
1.26977
0.326906
1.17024
0.738989
7.29154
7.32746
7.22822
7.25333
7.23489
7.29404
7.25644
7.28468
7.26352
6.60103
7.08545
6.9734
7.02638
6.75259
7.16191
7.07808
2.61783
6.20547
2.1515
2.36615
1.42405
1.56919
7.23116
7.26141
7.20896
7.20707
7.24296
7.23869
7.23451
7.1849
7.18892
7.21134
7.21941
7.22109
7.20611
7.2734
7.28328
7.24795
7.25076
7.24836
7.25533
7.26064
7.25626
7.23727
7.23015
7.24902
7.24217
7.23399
7.21138
7.22253
7.33676
7.34654
7.2808
7.30383
7.27725
7.3002
7.28949
7.31097
7.28445
7.09341
7.1069
6.8305
7.19348
7.12759
7.11392
6.96974
6.20331
1.95905
6.49382
1.13945
1.98717
7.372
7.39526
7.39064
7.37605
7.40361
7.39129
3.19271
5.77916
4.01977
5.30122
1.3614
5.88666
3.51709
1.06137
1.27594
0.138003
0.0237274
1.16695
0.123775
0.472856
7.42952
7.36713
7.42821
7.39333
7.3838
3.9712
5.48416
2.39228
5.78981
3.59804
5.39669
1.16133
0.112824
0.972288
0.711809
0.195134
0.418938
-0.209339
0.807121
7.35308
7.36174
7.29059
7.32084
7.29528
7.34648
7.32116
7.35059
7.32837
6.98267
7.23323
7.19675
7.17676
7.14425
7.29234
7.26035
6.64142
7.293
7.32532
7.26781
7.26357
7.30113
7.29393
7.28934
7.25709
7.25497
7.27946
7.29189
7.28571
7.30694
7.29991
7.32159
7.27012
7.28606
7.27321
7.28682
7.31102
7.29168
7.25307
7.24501
7.26605
7.26981
7.25565
7.23119
7.2401
7.3502
7.34265
7.29738
7.31124
7.28816
7.29476
7.29606
7.29558
7.28289
7.1681
7.15783
7.06019
7.21605
7.21619
7.18504
7.16353
6.90681
7.15889
7.38092
7.40325
7.3922
7.38154
7.40423
7.39975
6.40917
3.98889
6.87763
6.83737
5.59959
-2.86702
-0.649134
7.39151
7.41868
7.41792
7.41607
7.41888
3.79998
6.34912
6.7628
5.54959
6.89362
-0.875571
7.36596
7.42394
7.34564
7.38817
7.36021
7.41559
7.37433
7.44233
7.39747
7.2195
7.3237
7.30318
7.2901
7.27468
7.34153
7.33528
7.2035
7.35761
7.38863
7.32106
7.31719
7.35932
7.34488
7.34025
7.31838
7.3153
7.32829
7.3342
7.33612
7.34478
7.32509
7.31962
7.2939
7.32289
7.29655
7.2998
7.31545
7.29867
7.27784
7.2554
7.27814
7.27822
7.25585
7.25397
7.27224
7.32059
7.31943
7.29908
7.2755
7.26841
7.29721
7.2956
7.28476
7.26912
7.28348
7.23452
7.2773
7.24768
7.30974
7.27163
7.32724
7.29023
7.36718
7.3723
7.40684
7.40575
7.36182
7.40365
7.40214
7.11278
6.80397
7.31151
7.2665
7.24017
7.43366
7.4373
7.43613
7.44012
7.48167
6.83398
7.18038
7.26658
7.27507
7.32694
7.513
7.55213
7.41661
7.48851
7.43969
7.53922
7.45983
7.51947
7.46526
7.33445
7.36838
7.37168
7.36378
7.37392
7.36955
7.39383
7.37717
7.42736
7.45613
7.36612
7.36238
7.41728
7.39488
7.38746
7.34533
7.34563
7.34135
7.36437
7.35749
7.38022
7.32445
7.33211
7.3041
7.31985
7.29906
7.30828
7.32484
7.30094
7.27874
7.26682
7.2968
7.28126
7.28032
7.29455
7.31278
7.33428
7.34618
7.30815
7.309
7.28895
7.33411
7.31829
7.32661
7.30194
7.34297
7.30023
7.36048
7.29404
7.34643
7.31517
7.36605
7.40291
7.41444
7.36234
7.40188
7.39432
7.3634
7.40057
7.38789
7.36124
7.37195
7.41818
7.41105
7.42462
7.43023
7.47039
7.42381
7.41792
7.45708
7.4043
7.39901
7.42437
7.45459
7.44274
7.51495
7.49629
7.48741
7.52359
7.48285
7.49895
7.49005
7.5055
7.5087
7.41214
7.4011
7.43272
7.40509
7.43162
7.40783
7.44418
7.45653
7.48024
7.51434
7.42125
7.41609
7.47578
7.45263
7.44391
7.38945
7.38014
7.39525
7.42142
7.4086
7.44347
7.34039
7.34888
7.31534
7.33072
7.30405
7.32678
7.33865
7.3124
7.29012
7.29529
7.32856
7.30525
7.31238
7.33008
7.34568
7.35683
7.36453
7.32654
7.33926
7.31425
7.35251
7.33488
7.34652
7.32145
7.36254
7.32598
7.37139
7.32393
7.36243
7.32778
7.36665
7.42202
7.41941
7.36583
7.39775
7.38108
7.36734
7.39559
7.37551
7.41939
7.43313
7.42987
7.42248
7.43671
7.40421
7.43837
7.40404
7.39165
7.42072
7.46572
7.45676
7.44455
7.46789
7.45782
7.47043
7.44674
7.45558
7.49244
7.50181
7.44287
7.42332
7.47092
7.47827
7.44728
7.4298
7.46382
7.42154
7.44778
7.43547
7.4648
7.46634
7.51949
7.49637
7.47119
7.47004
7.47375
7.4677
7.48407
7.45304
7.45165
7.43787
7.46566
7.47083
7.47338
7.35831
7.37059
7.33981
7.34996
7.3253
7.35612
7.36347
7.34047
7.32461
7.33111
7.36491
7.34494
7.35208
7.36081
7.37747
7.37029
7.37568
7.3434
7.35342
7.32684
7.37014
7.35323
7.35997
7.33465
7.36512
7.33467
7.36296
7.35776
7.37789
7.34905
7.37234
7.40926
7.40914
7.36888
7.39251
7.37071
7.37063
7.39107
7.36731
7.4078
7.42222
7.41981
7.40903
7.42351
7.38081
7.40565
7.38829
7.37229
7.3936
7.44887
7.44328
7.43076
7.44501
7.43684
7.42466
7.40632
7.39473
7.44373
7.44411
7.39242
7.36872
7.4226
7.41783
7.44195
7.43015
7.45073
7.41708
7.43576
7.42648
7.44322
7.44931
7.46693
7.44065
7.45703
7.47336
7.43572
7.43999
7.45598
7.46546
7.46604
7.42619
7.45593
7.45343
7.45519
7.38444
7.3998
7.3723
7.37861
7.35723
7.38964
7.39425
7.37414
7.3643
7.37129
7.39973
7.38202
7.38815
7.39144
7.40505
7.38269
7.39173
7.36437
7.36738
7.34454
7.39159
7.37719
7.37634
7.35614
7.38758
7.35806
7.37835
7.38851
7.40069
7.37318
7.39073
7.40731
7.41365
7.37322
7.39166
7.36559
7.37746
7.39323
7.36585
7.40549
7.42072
7.42095
7.4098
7.42337
7.36638
7.38522
7.3802
7.36298
7.37926
7.43762
7.43148
7.42775
7.43622
7.43152
7.39261
7.38277
7.35615
7.40101
7.39663
7.36401
7.34506
7.38392
7.37995
7.42938
7.41819
7.43356
7.409
7.42331
7.41598
7.42743
7.43694
7.41631
7.39727
7.42224
7.43642
7.40104
7.40759
7.4204
7.44368
7.4379
7.41256
7.43135
7.42622
7.43195
7.41536
7.43045
7.40498
7.40958
7.39039
7.4195
7.42375
7.40537
7.39843
7.40337
7.43005
7.41269
7.41696
7.41732
7.42793
7.40292
7.4157
7.3917
7.38817
7.36975
7.42052
7.40653
7.40205
7.38281
7.41325
7.38648
7.40289
7.41333
7.42352
7.39722
7.41554
7.42208
7.43119
7.38365
7.39663
7.36869
7.39038
7.40116
7.36961
7.41709
7.43006
7.43339
7.42779
7.44011
7.36202
7.37651
7.37749
7.36025
7.37272
7.43804
7.43424
7.44027
7.44454
7.44469
7.37615
7.37178
7.3424
7.37036
7.36827
7.35508
7.3432
7.36429
7.36217
7.42032
7.41352
7.42473
7.40199
7.42375
7.41393
7.42611
7.4408
7.38324
7.37513
7.39768
7.40791
7.38207
7.39252
7.40094
7.42313
7.4177
7.40555
7.41686
7.41285
7.42234
7.44374
7.46562
7.43225
7.43545
7.41873
7.44902
7.45253
7.43518
7.42171
7.42509
7.45379
7.43568
7.43766
7.43397
7.44656
7.42489
7.45769
7.4206
7.41241
7.39474
7.46307
7.4427
7.43685
7.40836
7.42782
7.40413
7.42265
7.43282
7.44131
7.41275
7.43516
7.43955
7.45461
7.39688
7.40532
7.3681
7.41913
7.42282
7.38651
7.43864
7.45124
7.45485
7.45498
7.46612
7.35714
7.36661
7.38722
7.36407
7.3675
7.45321
7.45873
7.46679
7.46789
7.47833
7.36424
7.36464
7.34792
7.35793
7.35564
7.3518
7.35183
7.35863
7.35999
7.432
7.41306
7.43024
7.41047
7.45007
7.42454
7.4449
7.47314
7.36968
7.37194
7.39064
7.39669
7.3817
7.39424
7.3981
7.41352
7.41088
7.40872
7.41458
7.41207
7.42611
7.45655
7.45161
7.44353
7.42745
7.43036
7.43528
7.44146
7.4423
7.43527
7.43088
7.41199
7.41462
7.39751
7.3895
7.4096
7.39178
7.39752
7.43489
7.41272
7.42883
7.45444
7.41501
7.40486
7.37391
7.38353
7.36039
7.35966
7.3721
7.35637
7.36075
7.38639
7.37097
7.38145
7.4202
7.40484
7.42096
7.46018
7.47272
7.35123
7.35726
7.34902
7.34268
7.35043
7.36088
7.34885
7.36466
7.38216
7.37687
7.38427
7.4339
7.41273
7.43991
7.48017
7.48679
7.35818
7.35451
7.35655
7.35786
7.37448
7.36274
7.37776
7.39347
7.39306
7.40038
7.45887
7.42812
7.45078
7.37141
7.39596
7.40022
7.41485
7.41132
128.669
127.66
127.867
127.88
129.23
127.527
128.585
128.165
128.906
126.602
130.902
128.42
128.969
127.691
127.423
127.441
128.33
127.558
127.951
128.827
127.938
129.227
128.569
128.627
129.119
129.642
127.864
128.329
126.412
126.491
126.391
128.856
127.527
128.211
127.223
125.724
125.956
125.771
125.88
125.151
125.852
125.252
124.167
123.707
124.066
125.719
125.35
124.427
125.081
125.355
124.615
125.308
126.143
126.677
125.724
126.068
126.127
125.85
126.388
127.349
126.352
126.611
126.176
125.599
125.955
126.324
125.165
124.481
125.281
124.426
125.233
124.677
125.445
125.366
125.519
124.524
124.72
126.214
125.981
126.59
125.857
126.002
125.089
125.232
124.576
125.207
124.79
121.687
120.597
123.001
121.758
122.501
124.001
124.625
118.443
118.884
120.157
120.264
126.034
123.681
123.97
123.128
124.459
120.532
121.152
122.821
121.678
123.24
119.77
120.813
119.913
121.302
116.124
120.353
119.18
110.974
110.607
115.441
113.884
112.769
114.771
111.705
105.416
93.8675
104.911
91.6926
121.523
117.151
117.216
112.824
116.175
112.563
111.507
118.285
118.294
118.189
114.062
113.333
116.119
112.821
100.433
104.407
101.514
60.4616
73.2812
78.5171
73.6193
45.9038
82.8057
48.2122
37.706
8.2652
38.9292
8.57126
103.937
101.262
100.19
47.4901
71.46
66.8296
72.3713
103.572
112.306
104.432
87.2725
81.9803
95.3699
84.4401
12.9414
19.0724
17.8039
6.63854
6.79431
6.88362
6.91453
6.39407
8.087
6.40876
6.72633
6.99069
6.6807
7.03835
13.3938
9.65214
14.3849
6.61103
6.78349
6.60487
6.61783
16.4073
18.3653
15.0131
6.32185
6.12036
6.3911
5.96283
7.05983
6.84367
6.85717
6.97616
7.07024
7.00504
7.01751
7.03294
7.11471
7.03375
7.02945
7.03602
7.04544
7.03275
7.01001
7.15051
6.97144
6.97686
7.05067
7.0585
7.01881
6.97309
7.09647
7.07391
7.20891
7.05979
7.15716
7.09966
7.04093
7.02576
7.03053
7.01373
7.03538
7.02231
7.03085
7.02751
7.01699
7.01699
7.00825
7.01013
7.00968
6.99896
7.04183
7.03163
7.01489
7.01131
7.0244
7.03122
6.99662
7.02027
7.07152
7.0394
7.07024
7.00089
7.04897
7.01925
7.02833
7.02169
7.02808
7.01287
7.01598
7.01763
7.01715
6.99357
6.99665
6.97877
6.98725
6.98033
6.97966
6.96401
7.01279
7.01261
6.9789
7.00762
7.00224
6.99512
6.96836
6.98271
7.02123
6.98617
6.99824
6.97131
6.98978
6.95062
7.00604
7.0129
7.00265
7.007
7.00055
7.01062
6.99682
6.97337
6.96927
6.96037
6.97011
6.97294
6.96544
6.96301
6.99409
6.97814
6.96528
6.99113
6.98894
6.96576
6.96381
6.96549
6.96015
6.93468
6.94946
6.96348
6.93579
6.93372
6.99859
7.00929
6.99588
7.00339
6.99952
7.00936
6.99495
6.98096
6.97033
6.97105
6.97688
6.98906
6.97842
6.97651
6.98614
6.95606
6.96355
6.97987
6.98275
6.94945
6.96244
6.96172
6.93544
6.93986
6.93972
6.96101
6.94607
6.94872
7.00107
7.01096
6.99248
7.00367
7.00174
7.01151
6.99389
6.99522
6.98643
6.98008
6.98741
6.99847
6.99288
6.97667
6.97995
6.95017
6.96529
6.97875
6.98185
6.95935
6.97196
6.96765
6.96408
6.96058
6.96906
6.97815
6.98353
6.9726
7.00166
7.01275
6.99542
7.00341
7.00085
7.01371
6.99651
6.99642
6.99639
6.96981
6.99234
6.99136
6.99661
6.96357
6.98919
6.97522
6.97918
6.99055
6.99567
6.994
6.99326
6.99106
7.0019
6.98589
7.00786
7.00513
7.02168
7.00524
6.99994
7.0121
6.99575
7.00495
6.99917
7.0124
6.99873
6.98536
6.99706
6.96094
6.99486
6.98039
6.99789
6.9628
6.99909
7.01484
7.00876
7.0097
7.00749
7.03171
7.02469
7.02172
7.03737
7.01974
7.04253
7.03837
7.04965
7.03183
6.99974
7.01112
7.00206
7.00973
7.001
7.00816
7.0051
6.97945
7.00005
6.96804
6.99675
6.98223
7.00211
6.97621
7.01677
7.0439
7.03323
7.02645
7.02375
7.04891
7.03554
7.04694
7.05916
7.04387
7.05955
7.05127
7.06449
7.05528
7.00362
7.00601
7.00804
7.01547
7.00901
7.00683
7.01463
6.9882
7.00379
6.98425
7.00107
6.99577
7.0099
6.9944
7.02555
7.04911
7.03265
7.02759
7.02662
7.04594
7.02667
7.04654
7.06658
7.05656
7.05702
7.04087
7.06615
7.0548
7.01763
7.01455
7.02657
7.02939
7.029
7.02372
7.03735
7.00615
7.01947
7.00761
7.01786
7.0199
7.033
7.02504
7.02714
7.04082
7.02121
7.02663
7.02449
7.03553
7.01429
7.03773
7.06627
7.05272
7.04983
7.03771
7.06707
7.05187
7.04269
7.03659
7.05199
7.05195
7.05671
7.05364
7.07061
7.03827
7.04935
7.04622
7.04693
7.05832
7.06314
7.06846
7.02738
7.03233
7.00459
7.03038
7.03712
7.03036
7.00754
7.03801
7.06725
7.05453
7.04433
7.03317
7.06401
7.05382
7.06971
7.06644
7.08033
7.07252
7.08157
7.07215
7.08528
7.07827
7.07564
7.0911
7.08103
7.0934
7.08616
7.1013
7.04523
7.03093
7.01646
7.03699
7.04507
7.03135
7.02029
7.02552
7.05363
7.04658
7.02572
7.0122
7.04001
7.03114
7.08571
7.07201
7.08496
7.07211
7.0834
7.06327
7.07582
7.09991
7.08965
7.10259
7.08862
7.0995
7.08458
7.09954
7.04567
7.03016
7.02347
7.03377
7.03619
7.02663
7.0182
7.00016
7.02589
7.01527
7.01092
6.98947
7.01234
7.00223
7.07413
7.04779
7.05933
7.0469
7.05626
7.02822
7.03481
7.09242
7.07296
7.09336
7.06633
7.0818
7.05721
7.08247
7.02407
7.02214
7.01084
7.02175
7.00837
7.01964
6.99853
6.97869
7.00094
6.99524
7.00807
6.96929
6.99712
6.99504
7.02939
7.00934
7.00306
7.01491
7.00156
6.99673
6.9741
7.0692
7.03946
7.06694
7.0299
7.0558
7.02154
7.05079
6.9923
7.01599
6.98352
7.01748
6.98095
7.01498
6.9717
6.96165
6.99726
6.99481
7.02343
6.95805
7.00101
6.9975
6.97906
6.99293
6.95386
7.00191
6.96328
7.00079
6.94764
7.04246
7.00646
7.03716
7.00073
7.03148
6.99697
7.02643
6.9796
7.02229
6.96919
7.03362
6.99113
7.03348
6.98075
6.96867
7.01562
7.00634
7.06118
6.99417
7.03674
7.01999
6.95558
7.01125
6.94833
7.01715
6.95423
7.02353
6.95721
7.02418
6.99108
7.02125
6.9956
7.02068
6.98854
7.01977
7.00517
7.03904
6.99882
7.04561
7.02017
7.04183
7.02063
7.01951
7.05372
7.03109
7.0503
7.03689
7.0534
7.04136
6.96006
7.03474
6.96637
7.03154
6.96979
7.0422
6.97441
7.02028
6.98722
7.02174
7.00235
7.02163
6.98628
7.02497
7.03244
7.0623
7.04386
7.06784
7.04382
7.09904
7.06442
7.06245
7.05561
7.05189
7.08586
7.09011
7.06245
7.0531
6.98607
7.043
6.98658
7.05119
7.0071
7.04777
7.00187
7.02721
6.98782
7.02978
7.00893
7.03566
6.99042
7.03486
7.05079
7.10386
7.06883
7.06821
7.05526
7.06533
7.05696
7.1024
7.05683
7.04961
7.07826
7.09832
7.03981
7.03255
7.02831
7.05477
7.01922
7.06359
7.03878
7.05286
7.02812
7.04393
6.995
7.03869
7.01734
7.05033
7.0037
7.04038
7.05704
7.02243
7.04167
7.02981
7.0486
6.99759
7.02036
7.08076
7.01744
7.0067
7.03921
7.05289
6.98684
6.97878
7.0396
7.04891
7.03471
7.0566
7.03553
7.04432
7.03722
7.05438
7.01396
7.04024
7.02655
7.05596
7.02244
7.03928
7.03793
6.98309
7.00747
7.00663
7.03089
6.98874
7.01168
7.0266
6.95771
6.985
7.00979
7.01588
6.97182
7.01738
7.02607
7.03483
7.03568
7.03033
7.01714
7.02106
7.02624
7.05552
7.02766
7.03781
7.03047
7.05433
7.02899
7.03676
7.02884
7.01533
7.03377
7.0322
7.03352
7.05107
7.06589
7.02384
7.01196
7.04827
7.03466
7.04069
7.0476
7.06917
7.01039
7.0105
7.01553
6.98813
7.00687
6.99863
7.00737
7.05262
7.02923
7.03383
7.03393
7.05206
7.02903
7.03184
7.04696
7.08632
7.09857
7.0717
7.0688
7.11831
7.13032
7.06074
7.07148
7.08137
7.07064
7.08015
7.08399
7.08695
7.00518
6.98456
7.00276
6.92775
7.00651
6.9808
7.00064
7.05225
7.02803
7.02975
7.03251
7.05094
7.0286
7.02905
7.09558
7.14554
7.15844
7.09151
7.13067
7.158
7.15686
7.09666
7.0894
7.08876
7.08879
7.10843
7.08847
7.08704
7.01359
6.99537
7.00519
6.94045
7.0259
6.99961
7.00924
7.04834
7.02964
7.02757
7.02986
7.04518
7.02885
7.02214
7.17628
7.14434
7.12321
7.12069
7.20031
7.11619
7.08764
7.10965
7.08384
7.08065
7.09146
7.10502
7.07724
7.0708
7.02802
7.00018
7.00962
6.99855
7.02633
6.99779
7.00842
7.04006
7.02313
7.01049
7.0208
7.03034
7.01599
6.99186
7.17037
7.08527
7.06984
7.09815
7.10403
7.05995
7.05465
7.09242
7.06951
7.063
7.07562
7.07591
7.06197
7.05625
7.01885
6.99333
6.99754
7.02651
7.00214
6.98219
6.98525
7.01811
7.00408
6.98553
7.00634
7.00659
6.99206
6.98863
7.06024
7.03992
7.04029
7.02983
7.02582
7.02211
7.02482
7.06039
7.05575
7.05149
7.05253
7.04601
7.05095
7.04764
6.98695
6.96927
6.97958
7.01713
6.9911
6.97515
6.97837
6.99597
6.99434
6.99489
7.01504
6.99669
7.01136
7.00883
6.99197
7.00624
7.01141
6.98761
6.96306
6.99565
7.00233
7.03633
7.04772
7.0462
7.03604
7.02832
7.04694
7.04572
7.0004
6.99049
6.98657
6.99066
7.02316
7.03083
7.02968
7.0251
7.02914
7.04219
7.04357
7.06191
7.06449
7.06802
6.93278
6.99389
6.99868
6.97287
6.9129
7.00037
7.00538
7.02317
7.0482
7.04782
7.03189
7.02233
7.05175
7.05292
7.08199
7.08054
7.07036
7.07968
7.10984
7.10113
7.0851
7.08521
7.09595
7.07695
7.11292
7.08998
7.10309
7.07707
6.91228
7.01298
7.02107
6.92967
6.93034
7.0265
7.03614
7.02334
7.05764
7.06116
7.03909
7.03422
7.0645
7.06791
7.09711
7.09101
7.07831
7.06777
7.07835
7.07606
7.06088
7.08974
7.09846
7.08254
7.09728
7.0894
7.09014
7.08577
6.96633
7.03896
7.04879
7.00531
7.01021
7.05397
7.05939
7.04806
7.07207
7.07514
7.06302
7.06307
7.07985
7.08293
7.07151
7.0691
7.06316
7.05708
7.07328
7.05058
7.06982
7.09035
7.08435
7.088
7.08602
7.09214
7.08222
7.08974
7.04541
7.07108
7.06976
7.08632
7.07968
7.08931
7.0854
7.07657
7.08629
7.0882
7.0873
7.08823
7.09235
7.09348
7.08028
7.04348
7.07908
7.0632
7.0894
7.06924
7.09025
7.09403
7.08469
7.09217
7.09214
7.0965
7.09039
7.09586
7.10984
7.10459
7.10054
7.13152
7.12913
7.11554
7.11129
7.09799
7.09768
7.09812
7.10463
7.10494
7.10226
7.10178
7.09908
7.09748
7.10116
7.10594
7.10719
7.11543
7.10982
7.10013
7.09635
7.09984
7.10277
7.10361
7.10165
7.10345
7.13969
7.12293
7.11897
7.14372
7.14303
7.12586
7.12126
7.10941
7.10593
7.10441
7.11311
7.11179
7.10852
7.10634
7.11141
7.12309
7.11252
7.11879
7.11341
7.12418
7.11294
7.10579
7.1043
7.10506
7.10812
7.107
7.10521
7.1056
7.1398
7.12601
7.12134
7.13595
7.13453
7.12455
7.11932
7.1128
7.11024
7.10755
7.11549
7.11304
7.11106
7.10829
7.11379
7.12206
7.11207
7.11737
7.11305
7.11831
7.10995
7.10774
7.10535
7.10628
7.10934
7.10817
7.10453
7.10624
7.12874
7.12252
7.11834
7.1264
7.12396
7.12046
7.11662
7.11269
7.11118
7.1085
7.115
7.11198
7.11084
7.10838
7.11196
7.11485
7.10861
7.11303
7.11109
7.11151
7.10753
7.1085
7.10439
7.10634
7.10946
7.10856
7.10457
7.10615
7.12016
7.11852
7.11508
7.11991
7.11692
7.11669
7.11334
7.11112
7.11017
7.10796
7.11333
7.11005
7.10947
7.10735
7.11068
7.10912
7.107
7.10929
7.1103
7.10733
7.10704
7.10838
7.10521
7.10662
7.10991
7.10816
7.10636
7.10681
7.11464
7.11508
7.1121
7.11574
7.11277
7.11367
7.11125
7.10916
7.10868
7.10685
7.11141
7.10886
7.10773
7.1068
7.1101
7.10608
7.10706
7.10772
7.10994
7.10539
7.10714
7.10729
7.10723
7.10608
7.10838
7.10594
7.10708
7.10411
7.11174
7.1124
7.11049
7.1128
7.1106
7.11121
7.10919
7.10899
7.10707
7.1071
7.10975
7.10834
7.10685
7.10677
7.10912
7.10519
7.10693
7.10744
7.10794
7.10546
7.10682
7.10476
7.10546
7.10269
7.10553
7.10338
7.10332
7.10112
7.10968
7.11028
7.10858
7.11063
7.10887
7.10968
7.10801
7.108
7.10683
7.10709
7.10884
7.10764
7.10708
7.10741
7.10713
7.10536
7.10649
7.10711
7.10621
7.10446
7.10555
7.10177
7.10205
7.10009
7.10141
7.10024
7.09886
7.09855
7.10836
7.10934
7.10775
7.10958
7.10779
7.10912
7.10755
7.10807
7.1075
7.10796
7.10894
7.10844
7.10798
7.10844
7.10508
7.10318
7.10461
7.10583
7.10395
7.10167
7.10294
7.09854
7.09579
7.09639
7.09845
7.09738
7.09371
7.09423
7.10741
7.10893
7.10736
7.1091
7.10765
7.10882
7.10801
7.10901
7.10867
7.10903
7.1099
7.11001
7.10942
7.10991
7.10338
7.1012
7.1016
7.10572
7.10387
7.09998
7.1003
7.09752
7.09341
7.09325
7.09843
7.09812
7.09412
7.094
7.10772
7.10863
7.10859
7.10856
7.10745
7.10821
7.10854
7.11088
7.11009
7.1105
7.11058
7.11134
7.1104
7.11054
7.10408
7.09869
7.10012
7.10889
7.10528
7.10044
7.09943
7.09978
7.09478
7.09658
7.10555
7.10292
7.09784
7.1002
7.10628
7.10765
7.10812
7.10647
7.1042
7.10705
7.1071
7.11129
7.1102
7.11026
7.1092
7.10988
7.11011
7.10956
7.10878
7.1011
7.10095
7.11228
7.11032
7.10349
7.10628
7.10863
7.10168
7.10334
7.1126
7.11215
7.10447
7.10551
7.10091
7.10633
7.10634
7.10301
7.09802
7.10533
7.10424
7.10888
7.10979
7.10992
7.10701
7.10666
7.10887
7.10927
7.1133
7.10677
7.10889
7.11293
7.1175
7.10747
7.11021
7.11137
7.10551
7.10526
7.10845
7.10772
7.10598
7.10353
7.09782
7.10457
7.10315
7.10082
7.09979
7.10417
7.10251
7.10463
7.10779
7.10749
7.10532
7.10445
7.10708
7.10746
7.11371
7.11408
7.10779
7.11988
7.11024
7.12032
7.10646
7.10318
7.10511
7.10102
7.1012
7.09822
7.10215
7.09745
7.1025
7.10322
7.10112
7.10329
7.10596
7.10053
7.1001
7.10409
7.10636
7.10827
7.10293
7.10386
7.10554
7.10875
7.10706
7.11653
7.10437
7.11332
7.10297
7.11173
7.10076
7.09355
7.09803
7.09395
7.09009
7.08878
7.09262
7.08912
7.10773
7.09708
7.10072
7.10189
7.1087
7.09514
7.10128
7.10267
7.10501
7.10751
7.09847
7.10078
7.10332
7.10462
7.09912
7.10911
7.09686
7.10968
7.0961
7.10825
7.09314
7.08418
7.08768
7.08409
7.08118
7.08037
7.08258
7.07826
7.10874
7.09587
7.10064
7.10803
7.10782
7.09873
7.09872
7.09864
7.10161
7.10043
7.09561
7.0969
7.10055
7.09612
7.09382
7.10802
7.09048
7.10757
7.09282
7.10743
7.08786
7.07758
7.07864
7.07255
7.0794
7.07579
7.07602
7.06572
7.10695
7.10167
7.09727
7.12097
7.10559
7.10516
7.09613
7.09408
7.09976
7.09214
7.09662
7.08833
7.09848
7.08769
7.0932
7.10625
7.08718
7.10638
7.09471
7.10427
7.08747
7.07539
7.07554
7.06163
7.08304
7.07617
7.07659
7.0596
7.10294
7.10635
7.09494
7.11617
7.09954
7.10323
7.09328
7.08415
7.09656
7.08383
7.09354
7.08073
7.09447
7.07962
7.09725
7.10307
7.08886
7.10802
7.1007
7.1031
7.09095
7.07861
7.07894
7.0593
7.09182
7.08231
7.08217
7.06175
7.09727
7.09754
7.09076
7.10993
7.09615
7.09405
7.08856
7.079
7.09195
7.07795
7.08869
7.07775
7.08985
7.07689
7.10457
7.10415
7.09408
7.1133
7.10908
7.10652
7.09836
7.08739
7.08558
7.06613
7.10221
7.09433
7.08963
7.07137
7.09579
7.09293
7.08709
7.1049
7.09619
7.09174
7.08671
7.07785
7.08885
7.07739
7.08778
7.0794
7.08922
7.07903
7.11437
7.11025
7.10407
7.12319
7.12085
7.11535
7.11071
7.10218
7.09375
7.07586
7.11315
7.10867
7.09935
7.08098
7.09739
7.09001
7.08829
7.09361
7.09929
7.0884
7.09022
7.08145
7.09079
7.08112
7.09001
7.08275
7.09288
7.08325
7.12849
7.12151
7.11839
7.13869
7.1374
7.12847
7.12656
7.11306
7.10576
7.08692
7.12751
7.11734
7.11211
7.09183
7.10099
7.08902
7.09136
7.07504
7.10202
7.09222
7.09465
7.08455
7.09697
7.08639
7.09641
7.08777
7.10362
7.09061
7.14779
7.13652
7.13598
7.16012
7.15864
7.14602
7.1454
7.12229
7.11829
7.0951
7.14537
7.12752
7.12464
7.1
7.10284
7.09696
7.09931
7.07305
7.10914
7.10831
7.11149
7.09379
7.11298
7.09659
7.11771
7.10551
7.12702
7.10556
7.17096
7.15799
7.15635
7.18744
7.18322
7.17232
7.16842
7.13373
7.13105
7.10555
7.16739
7.14167
7.13795
7.11077
7.12206
7.12867
7.12767
7.14642
7.14677
7.15513
7.14748
7.12252
7.14674
7.11777
7.17016
7.14405
7.173
7.13741
7.19643
7.18987
7.18335
7.21683
7.20895
7.20668
7.19384
7.15247
7.14548
7.11582
7.18962
7.16566
7.15406
7.1227
7.17849
7.20736
7.17272
7.24656
7.21056
7.27762
7.21364
7.1677
7.20473
7.16154
7.25282
7.20107
7.24351
7.19081
7.22115
7.2243
7.20982
7.243
7.22811
7.23835
7.21942
7.17921
7.16383
7.13515
7.21029
7.19152
7.17231
7.14452
7.23918
7.32411
7.24454
7.30969
7.25942
7.32485
7.25198
7.23166
7.27845
7.21268
7.33972
7.26002
7.30343
7.22234
7.23003
7.25545
7.23256
7.2585
7.22295
7.26301
7.23861
7.20219
7.19315
7.16411
7.21292
7.21275
7.19874
7.16881
7.27312
7.32879
7.26824
7.3284
7.28265
7.34381
7.28965
7.28265
7.3248
7.23701
7.36634
7.28101
7.34408
7.26981
7.24543
7.27254
7.25001
7.28503
7.27146
7.27829
7.25928
7.2307
7.21727
7.19531
7.24833
7.23782
7.23455
7.20905
7.2888
7.3525
7.30391
7.32808
7.28681
7.36308
7.31582
7.26845
7.37047
7.31139
7.36642
7.28397
7.39525
7.34327
7.28656
7.28062
7.26784
7.30019
7.28891
7.28911
7.27407
7.24552
7.25389
7.23725
7.25122
7.23822
7.26198
7.25534
7.27434
7.37139
7.32455
7.31203
7.26375
7.36456
7.32352
7.32838
7.414
7.39582
7.4142
7.37611
7.45824
7.43254
7.27971
7.29078
7.26327
7.30719
7.27933
7.30013
7.26889
7.25002
7.26147
7.26731
7.24931
7.26219
7.26419
7.27722
7.28304
7.36063
7.32574
7.33114
7.29499
7.35787
7.32816
7.39308
7.45301
7.44614
7.39722
7.37052
7.43405
7.43352
7.27867
7.30469
7.27074
7.31322
7.28452
7.30703
7.26864
7.27795
7.27096
7.28971
7.27773
7.29163
7.27461
7.29509
7.3076
7.35377
7.32952
7.34125
7.31122
7.34793
7.32358
7.35895
7.41072
7.4037
7.37147
7.34245
7.39044
7.37959
7.29783
7.31082
7.27723
7.33194
7.31497
7.31858
7.28946
7.3078
7.28923
7.30859
7.3142
7.32456
7.30363
7.32131
7.3169
7.34394
7.32369
7.34497
7.32133
7.34196
7.32558
7.33523
7.3729
7.36344
7.35269
7.329
7.36049
7.34955
7.33396
7.32991
7.30882
7.36025
7.35277
7.34291
7.32574
7.34391
7.32088
7.33671
7.35416
7.36148
7.33778
7.35052
7.32981
7.34182
7.33133
7.3544
7.33913
7.34385
7.33703
7.3318
7.35221
7.34794
7.34539
7.33263
7.34613
7.34557
7.37061
7.35973
7.34469
7.39135
7.3861
7.37306
7.3597
7.37869
7.35455
7.36656
7.38629
7.39203
7.3694
7.38135
7.35023
7.34799
7.34274
7.37218
7.36066
7.34988
7.34629
7.33776
7.34542
7.34796
7.3477
7.34241
7.34603
7.34996
7.39969
7.38365
7.37436
7.41912
7.41085
7.39384
7.3849
7.40108
7.3791
7.38787
7.40712
7.41125
7.38854
7.39477
7.36917
7.35295
7.35057
7.3968
7.37948
7.35831
7.35707
7.35733
7.34639
7.34528
7.3691
7.36712
7.35294
7.35664
7.37825
7.36248
7.37035
7.37431
7.38323
7.36908
7.37898
7.41197
7.39203
7.40806
7.40419
7.42044
7.40178
7.41909
7.3458
7.34316
7.34853
7.35005
7.34827
7.34644
7.34844
7.35146
7.34418
7.35538
7.35098
7.35762
7.3452
7.36096
7.3715
7.37052
7.37588
7.37109
7.37896
7.37453
7.38092
7.41617
7.39618
7.42133
7.40467
7.42699
7.40762
7.43624
7.3671
7.35852
7.36833
7.35811
7.37102
7.36235
7.37423
7.38696
7.38701
7.39252
7.38593
7.38886
7.39216
7.39852
)
;

boundaryField
{
    fbOut
    {
        type            fixedValue;
        value           uniform 0;
    }
    CAD_patch1
    {
        type            zeroGradient;
    }
    fbGasin
    {
        type            zeroGradient;
    }
    CAD_patch3
    {
        type            zeroGradient;
    }
    fbBioin
    {
        type            zeroGradient;
    }
}


// ************************************************************************* //
